[0.8719877004623413, 0.05425984039902687, 0.3512340784072876]
[0.8719877004623413, 0.05425984039902687, 0.3512340784072876]
[0.8719877004623413, 0.05425984039902687, 0.3512340784072876]
[0.8719877004623413, 0.05425984039902687, 0.3512340784072876]
[0.8719877004623413, 0.05425984039902687, 0.3512340784072876]
[0.8719877004623413, 0.05425984039902687, 0.3512340784072876]
[0.8719877004623413, 0.05425984039902687, 0.3512340784072876]
[0.8719877004623413, 0.05425984039902687, 0.3512340784072876]
[0.8719877004623413, 0.05425984039902687, 0.3512340784072876]
[0.8719877004623413, 0.05425984039902687, 0.3512340784072876]
[0.8719877004623413, 0.05425984039902687, 0.3512340784072876]
[0.8719877004623413, 0.05425984039902687, 0.3512340784072876]
[0.8719877004623413, 0.05425984039902687, 0.3512340784072876]
[0.8719877004623413, 0.05425984039902687, 0.3512340784072876]
[0.8719877004623413, 0.05425984039902687, 0.3512340784072876]
[0.8719877004623413, 0.05425984039902687, 0.3512340784072876]
[0.8719877004623413, 0.05425984039902687, 0.3512340784072876]
[0.8719877004623413, 0.05425984039902687, 0.3512340784072876]
[0.8719877004623413, 0.05425984039902687, 0.3512340784072876]
[0.8719877004623413, 0.05425984039902687, 0.3512340784072876]
[0.8719877004623413, 0.05425984039902687, 0.3512340784072876]
[0.8719877004623413, 0.05425984039902687, 0.3512340784072876]
[0.8719877004623413, 0.05425984039902687, 0.3512340784072876]
[0.8719877004623413, 0.05425984039902687, 0.3512340784072876]
[0.8719877004623413, 0.05425984039902687, 0.3512340784072876]
[0.8719877004623413, 0.05425984039902687, 0.3512340784072876]
[0.8719877004623413, 0.05425984039902687, 0.3512340784072876]
[0.8719877004623413, 0.05425984039902687, 0.3512340784072876]
[0.8719877004623413, 0.05425984039902687, 0.3512340784072876]
[0.8719877004623413, 0.05425984039902687, 0.3512340784072876]
[0.8719877004623413, 0.05425984039902687, 0.3512340784072876]
[0.8719877004623413, 0.05425984039902687, 0.3512340784072876]
[0.8719877004623413, 0.05425984039902687, 0.3512340784072876]
[0.8719877004623413, 0.05425984039902687, 0.3512340784072876]
[0.8719877004623413, 0.05425984039902687, 0.3512340784072876]
[0.8719877004623413, 0.05425984039902687, 0.3512340784072876]
[0.8719877004623413, 0.05425984039902687, 0.3512340784072876]
[0.8719877004623413, 0.05425984039902687, 0.3512340784072876]
[0.8719877004623413, 0.05425984039902687, 0.3512340784072876]
[0.8719877004623413, 0.05425984039902687, 0.3512340784072876]
[0.8719877004623413, 0.05425984039902687, 0.3512340784072876]
[0.8719877004623413, 0.05425984039902687, 0.3512340784072876]
[0.8719877004623413, 0.05425984039902687, 0.3512340784072876]
[0.8719877004623413, 0.05425984039902687, 0.3512340784072876]
[0.8719877004623413, 0.05425984039902687, 0.3512340784072876]
[0.8719877004623413, 0.05425984039902687, 0.3512340784072876]
[0.8719877004623413, 0.05425984039902687, 0.3512340784072876]
[0.8719877004623413, 0.05425984039902687, 0.3512340784072876]
[0.8719877004623413, 0.05425984039902687, 0.3512340784072876]
[0.8719877004623413, 0.05425984039902687, 0.3512340784072876]
[0.8719877004623413, 0.05425984039902687, 0.3512340784072876]
[0.8719877004623413, 0.05425984039902687, 0.3512340784072876]
[0.8719877004623413, 0.05425984039902687, 0.3512340784072876]
[0.8719877004623413, 0.05425984039902687, 0.3512340784072876]
[0.8719877004623413, 0.05425984039902687, 0.3512340784072876]
[0.2793068289756775, 0.019105862826108932, 0.231003537774086]
[0.2793068289756775, 0.019105862826108932, 0.231003537774086]
[0.2793068289756775, 0.019105862826108932, 0.231003537774086]
[0.2793068289756775, 0.019105862826108932, 0.231003537774086]
[0.2793068289756775, 0.019105862826108932, 0.231003537774086]
[0.2793068289756775, 0.019105862826108932, 0.231003537774086]
[0.2793068289756775, 0.019105862826108932, 0.231003537774086]
[0.2793068289756775, 0.019105862826108932, 0.231003537774086]
[0.2793068289756775, 0.019105862826108932, 0.231003537774086]
[0.2793068289756775, 0.019105862826108932, 0.231003537774086]
[0.2793068289756775, 0.019105862826108932, 0.231003537774086]
[0.2793068289756775, 0.019105862826108932, 0.231003537774086]
[0.2793068289756775, 0.019105862826108932, 0.231003537774086]
[0.2793068289756775, 0.019105862826108932, 0.231003537774086]
[0.2793068289756775, 0.019105862826108932, 0.231003537774086]
[0.2793068289756775, 0.019105862826108932, 0.231003537774086]
[0.2793068289756775, 0.019105862826108932, 0.231003537774086]
[0.2793068289756775, 0.019105862826108932, 0.231003537774086]
[0.2793068289756775, 0.019105862826108932, 0.231003537774086]
[0.2793068289756775, 0.019105862826108932, 0.231003537774086]
[0.2793068289756775, 0.019105862826108932, 0.231003537774086]
[0.2793068289756775, 0.019105862826108932, 0.231003537774086]
[0.2793068289756775, 0.019105862826108932, 0.231003537774086]
[0.2793068289756775, 0.019105862826108932, 0.231003537774086]
[0.2793068289756775, 0.019105862826108932, 0.231003537774086]
[0.2793068289756775, 0.019105862826108932, 0.231003537774086]
[0.2793068289756775, 0.019105862826108932, 0.231003537774086]
[0.2793068289756775, 0.019105862826108932, 0.231003537774086]
[0.2793068289756775, 0.019105862826108932, 0.231003537774086]
[0.2793068289756775, 0.019105862826108932, 0.231003537774086]
[0.2793068289756775, 0.019105862826108932, 0.231003537774086]
[0.2793068289756775, 0.019105862826108932, 0.231003537774086]
[0.2793068289756775, 0.019105862826108932, 0.231003537774086]
[0.2793068289756775, 0.019105862826108932, 0.231003537774086]
[0.2793068289756775, 0.019105862826108932, 0.231003537774086]
[0.2793068289756775, 0.019105862826108932, 0.231003537774086]
[0.2793068289756775, 0.019105862826108932, 0.231003537774086]
[0.2793068289756775, 0.019105862826108932, 0.231003537774086]
[0.2793068289756775, 0.019105862826108932, 0.231003537774086]
[0.2793068289756775, 0.019105862826108932, 0.231003537774086]
[0.2793068289756775, 0.019105862826108932, 0.231003537774086]
[0.2793068289756775, 0.019105862826108932, 0.231003537774086]
[0.2793068289756775, 0.019105862826108932, 0.231003537774086]
[0.2793068289756775, 0.019105862826108932, 0.231003537774086]
[0.2793068289756775, 0.019105862826108932, 0.231003537774086]



None
[0.2793068289756775, 0.019105862826108932, 0.231003537774086]
[0.2793068289756775, 0.019105862826108932, 0.231003537774086]
[0.2793068289756775, 0.019105862826108932, 0.231003537774086]
[0.2793068289756775, 0.019105862826108932, 0.231003537774086]
[0.2793068289756775, 0.019105862826108932, 0.231003537774086]
[0.2793068289756775, 0.019105862826108932, 0.231003537774086]
[0.2793068289756775, 0.019105862826108932, 0.231003537774086]
[0.2793068289756775, 0.019105862826108932, 0.231003537774086]
[0.2793068289756775, 0.019105862826108932, 0.231003537774086]
[0.2793068289756775, 0.019105862826108932, 0.231003537774086]
[0.2793068289756775, 0.019105862826108932, 0.231003537774086]
[0.2793068289756775, 0.019105862826108932, 0.231003537774086]
[0.2793068289756775, 0.019105862826108932, 0.231003537774086]
[0.2793068289756775, 0.019105862826108932, 0.231003537774086]
[0.2793068289756775, 0.019105862826108932, 0.231003537774086]
[0.2793068289756775, 0.019105862826108932, 0.231003537774086]
[0.2793068289756775, 0.019105862826108932, 0.231003537774086]
[0.2793068289756775, 0.019105862826108932, 0.231003537774086]
[0.2793068289756775, 0.019105862826108932, 0.231003537774086]
[0.2793068289756775, 0.019105862826108932, 0.231003537774086]
[0.2793068289756775, 0.019105862826108932, 0.231003537774086]
[0.2793068289756775, 0.019105862826108932, 0.231003537774086]
[0.2793068289756775, 0.019105862826108932, 0.231003537774086]
[0.2793068289756775, 0.019105862826108932, 0.231003537774086]
[0.2793068289756775, 0.019105862826108932, 0.231003537774086]
[0.2793068289756775, 0.019105862826108932, 0.231003537774086]
[0.2793068289756775, 0.019105862826108932, 0.231003537774086]
[0.2793068289756775, 0.019105862826108932, 0.231003537774086]
[0.2793068289756775, 0.019105862826108932, 0.231003537774086]
[0.2793068289756775, 0.019105862826108932, 0.231003537774086]
[0.2793068289756775, 0.019105862826108932, 0.231003537774086]
[0.2793068289756775, 0.019105862826108932, 0.231003537774086]
[0.2793068289756775, 0.019105862826108932, 0.231003537774086]
[0.2793068289756775, 0.019105862826108932, 0.231003537774086]
[0.2793068289756775, 0.019105862826108932, 0.231003537774086]
[0.2793068289756775, 0.019105862826108932, 0.231003537774086]
[0.2793068289756775, 0.019105862826108932, 0.231003537774086]
[0.2793068289756775, 0.019105862826108932, 0.231003537774086]
[0.2793068289756775, 0.019105862826108932, 0.231003537774086]
[0.2793068289756775, 0.019105862826108932, 0.231003537774086]
[0.2793068289756775, 0.019105862826108932, 0.231003537774086]
[0.2793068289756775, 0.019105862826108932, 0.231003537774086]
[0.2793068289756775, 0.019105862826108932, 0.231003537774086]
[0.2793068289756775, 0.019105862826108932, 0.231003537774086]
[0.2793068289756775, 0.019105862826108932, 0.231003537774086]
[0.2793068289756775, 0.019105862826108932, 0.231003537774086]
[0.2793068289756775, 0.019105862826108932, 0.231003537774086]
[0.2793068289756775, 0.019105862826108932, 0.231003537774086]
[0.2793068289756775, 0.019105862826108932, 0.231003537774086]
[0.2793068289756775, 0.019105862826108932, 0.231003537774086]
[0.2793068289756775, 0.019105862826108932, 0.231003537774086]
[0.2793068289756775, 0.019105862826108932, 0.231003537774086]
[0.28869545459747314, 0.021239107474684715, 0.23255157470703125]
[0.28869545459747314, 0.021239107474684715, 0.23255157470703125]
[0.28869545459747314, 0.021239107474684715, 0.23255157470703125]
[0.28869545459747314, 0.021239107474684715, 0.23255157470703125]
[0.28869545459747314, 0.021239107474684715, 0.23255157470703125]
[0.28869545459747314, 0.021239107474684715, 0.23255157470703125]
[0.28869545459747314, 0.021239107474684715, 0.23255157470703125]
[0.28869545459747314, 0.021239107474684715, 0.23255157470703125]
[0.28869545459747314, 0.021239107474684715, 0.23255157470703125]
[0.28869545459747314, 0.021239107474684715, 0.23255157470703125]
[0.28869545459747314, 0.021239107474684715, 0.23255157470703125]
[0.28869545459747314, 0.021239107474684715, 0.23255157470703125]
[0.28869545459747314, 0.021239107474684715, 0.23255157470703125]
[0.28869545459747314, 0.021239107474684715, 0.23255157470703125]
[0.28869545459747314, 0.021239107474684715, 0.23255157470703125]
[0.28869545459747314, 0.021239107474684715, 0.23255157470703125]
[0.28869545459747314, 0.021239107474684715, 0.23255157470703125]
[0.28869545459747314, 0.021239107474684715, 0.23255157470703125]
[0.28869545459747314, 0.021239107474684715, 0.23255157470703125]
[0.28869545459747314, 0.021239107474684715, 0.23255157470703125]
[0.28869545459747314, 0.021239107474684715, 0.23255157470703125]
[0.28869545459747314, 0.021239107474684715, 0.23255157470703125]
[0.28869545459747314, 0.021239107474684715, 0.23255157470703125]
[0.28869545459747314, 0.021239107474684715, 0.23255157470703125]
[0.28869545459747314, 0.021239107474684715, 0.23255157470703125]
[0.28869545459747314, 0.021239107474684715, 0.23255157470703125]
[0.28869545459747314, 0.021239107474684715, 0.23255157470703125]
[0.28869545459747314, 0.021239107474684715, 0.23255157470703125]
[0.28869545459747314, 0.021239107474684715, 0.23255157470703125]
[0.28869545459747314, 0.021239107474684715, 0.23255157470703125]
[0.28869545459747314, 0.021239107474684715, 0.23255157470703125]
[0.28869545459747314, 0.021239107474684715, 0.23255157470703125]
[0.28869545459747314, 0.021239107474684715, 0.23255157470703125]
[0.28869545459747314, 0.021239107474684715, 0.23255157470703125]
[0.28869545459747314, 0.021239107474684715, 0.23255157470703125]
[0.28869545459747314, 0.021239107474684715, 0.23255157470703125]
[0.28869545459747314, 0.021239107474684715, 0.23255157470703125]
[0.28869545459747314, 0.021239107474684715, 0.23255157470703125]
[0.28869545459747314, 0.021239107474684715, 0.23255157470703125]
[0.28869545459747314, 0.021239107474684715, 0.23255157470703125]
[0.28869545459747314, 0.021239107474684715, 0.23255157470703125]
[0.28869545459747314, 0.021239107474684715, 0.23255157470703125]
[0.28869545459747314, 0.021239107474684715, 0.23255157470703125]
[0.28869545459747314, 0.021239107474684715, 0.23255157470703125]
[0.28869545459747314, 0.021239107474684715, 0.23255157470703125]
[0.28869545459747314, 0.021239107474684715, 0.23255157470703125]
[0.28869545459747314, 0.021239107474684715, 0.23255157470703125]
[0.28869545459747314, 0.021239107474684715, 0.23255157470703125]



None
[0.28869545459747314, 0.021239107474684715, 0.23255157470703125]
[0.28869545459747314, 0.021239107474684715, 0.23255157470703125]
[0.28869545459747314, 0.021239107474684715, 0.23255157470703125]
[0.28869545459747314, 0.021239107474684715, 0.23255157470703125]
[0.28869545459747314, 0.021239107474684715, 0.23255157470703125]
[0.28869545459747314, 0.021239107474684715, 0.23255157470703125]
[0.28869545459747314, 0.021239107474684715, 0.23255157470703125]
[0.28869545459747314, 0.021239107474684715, 0.23255157470703125]
[0.28869545459747314, 0.021239107474684715, 0.23255157470703125]
[0.28869545459747314, 0.021239107474684715, 0.23255157470703125]
[0.28869545459747314, 0.021239107474684715, 0.23255157470703125]
[0.28869545459747314, 0.021239107474684715, 0.23255157470703125]
[0.28869545459747314, 0.021239107474684715, 0.23255157470703125]
[0.28869545459747314, 0.021239107474684715, 0.23255157470703125]
[0.3102370798587799, 0.02707347832620144, 0.23937393724918365]
[0.3102370798587799, 0.02707347832620144, 0.23937393724918365]
[0.3102370798587799, 0.02707347832620144, 0.23937393724918365]
[0.3102370798587799, 0.02707347832620144, 0.23937393724918365]
[0.3102370798587799, 0.02707347832620144, 0.23937393724918365]
[0.3102370798587799, 0.02707347832620144, 0.23937393724918365]
[0.3102370798587799, 0.02707347832620144, 0.23937393724918365]
[0.3102370798587799, 0.02707347832620144, 0.23937393724918365]
[0.3102370798587799, 0.02707347832620144, 0.23937393724918365]
[0.3102370798587799, 0.02707347832620144, 0.23937393724918365]
[0.3102370798587799, 0.02707347832620144, 0.23937393724918365]
[0.3102370798587799, 0.02707347832620144, 0.23937393724918365]
[0.3102370798587799, 0.02707347832620144, 0.23937393724918365]
[0.3102370798587799, 0.02707347832620144, 0.23937393724918365]
[0.3102370798587799, 0.02707347832620144, 0.23937393724918365]
[0.3102370798587799, 0.02707347832620144, 0.23937393724918365]
[0.3102370798587799, 0.02707347832620144, 0.23937393724918365]
[0.3102370798587799, 0.02707347832620144, 0.23937393724918365]
[0.3102370798587799, 0.02707347832620144, 0.23937393724918365]
[0.3102370798587799, 0.02707347832620144, 0.23937393724918365]
[0.3102370798587799, 0.02707347832620144, 0.23937393724918365]
[0.3102370798587799, 0.02707347832620144, 0.23937393724918365]
[0.3102370798587799, 0.02707347832620144, 0.23937393724918365]
[0.3102370798587799, 0.02707347832620144, 0.23937393724918365]
[0.3102370798587799, 0.02707347832620144, 0.23937393724918365]
[0.3102370798587799, 0.02707347832620144, 0.23937393724918365]
[0.3102370798587799, 0.02707347832620144, 0.23937393724918365]
[0.3102370798587799, 0.02707347832620144, 0.23937393724918365]
[0.3102370798587799, 0.02707347832620144, 0.23937393724918365]
[0.3102370798587799, 0.02707347832620144, 0.23937393724918365]
[0.3102370798587799, 0.02707347832620144, 0.23937393724918365]
[0.3102370798587799, 0.02707347832620144, 0.23937393724918365]
[0.3102370798587799, 0.02707347832620144, 0.23937393724918365]
[0.2899981439113617, 0.021783575415611267, 0.23305927217006683]
[0.2899981439113617, 0.021783575415611267, 0.23305927217006683]
[0.2899981439113617, 0.021783575415611267, 0.23305927217006683]
[0.2899981439113617, 0.021783575415611267, 0.23305927217006683]
[0.2899981439113617, 0.021783575415611267, 0.23305927217006683]
[0.2899981439113617, 0.021783575415611267, 0.23305927217006683]
[0.2899981439113617, 0.021783575415611267, 0.23305927217006683]
[0.2899981439113617, 0.021783575415611267, 0.23305927217006683]
[0.2899981439113617, 0.021783575415611267, 0.23305927217006683]
[0.2899981439113617, 0.021783575415611267, 0.23305927217006683]
[0.2899981439113617, 0.021783575415611267, 0.23305927217006683]
[0.2899981439113617, 0.021783575415611267, 0.23305927217006683]
[0.2899981439113617, 0.021783575415611267, 0.23305927217006683]
[0.2899981439113617, 0.021783575415611267, 0.23305927217006683]
[0.2899981439113617, 0.021783575415611267, 0.23305927217006683]
[0.2899981439113617, 0.021783575415611267, 0.23305927217006683]
[0.2899981439113617, 0.021783575415611267, 0.23305927217006683]
[0.2899981439113617, 0.021783575415611267, 0.23305927217006683]
[0.2899981439113617, 0.021783575415611267, 0.23305927217006683]
[0.2899981439113617, 0.021783575415611267, 0.23305927217006683]
[0.2899981439113617, 0.021783575415611267, 0.23305927217006683]
[0.2899981439113617, 0.021783575415611267, 0.23305927217006683]
[0.2899981439113617, 0.021783575415611267, 0.23305927217006683]
[0.2899981439113617, 0.021783575415611267, 0.23305927217006683]
[0.2899981439113617, 0.021783575415611267, 0.23305927217006683]
[0.2899981439113617, 0.021783575415611267, 0.23305927217006683]
[0.2899981439113617, 0.021783575415611267, 0.23305927217006683]
[0.2899981439113617, 0.021783575415611267, 0.23305927217006683]
[0.2899981439113617, 0.021783575415611267, 0.23305927217006683]
[0.2899981439113617, 0.021783575415611267, 0.23305927217006683]
[0.2899981439113617, 0.021783575415611267, 0.23305927217006683]
[0.2899981439113617, 0.021783575415611267, 0.23305927217006683]
[0.2899981439113617, 0.021783575415611267, 0.23305927217006683]
[0.289742112159729, 0.022616850212216377, 0.23524701595306396]
[0.289742112159729, 0.022616850212216377, 0.23524701595306396]
[0.289742112159729, 0.022616850212216377, 0.23524701595306396]
[0.289742112159729, 0.022616850212216377, 0.23524701595306396]
[0.289742112159729, 0.022616850212216377, 0.23524701595306396]
[0.289742112159729, 0.022616850212216377, 0.23524701595306396]
[0.289742112159729, 0.022616850212216377, 0.23524701595306396]
[0.289742112159729, 0.022616850212216377, 0.23524701595306396]
[0.289742112159729, 0.022616850212216377, 0.23524701595306396]
[0.289742112159729, 0.022616850212216377, 0.23524701595306396]
[0.289742112159729, 0.022616850212216377, 0.23524701595306396]
[0.289742112159729, 0.022616850212216377, 0.23524701595306396]
[0.289742112159729, 0.022616850212216377, 0.23524701595306396]
[0.289742112159729, 0.022616850212216377, 0.23524701595306396]
[0.289742112159729, 0.022616850212216377, 0.23524701595306396]
[0.289742112159729, 0.022616850212216377, 0.23524701595306396]
[0.289742112159729, 0.022616850212216377, 0.23524701595306396]
[0.289742112159729, 0.022616850212216377, 0.23524701595306396]
[0.289742112159729, 0.022616850212216377, 0.23524701595306396]
[0.289742112159729, 0.022616850212216377, 0.23524701595306396]



None
[0.289742112159729, 0.022616850212216377, 0.23524701595306396]
[0.289742112159729, 0.022616850212216377, 0.23524701595306396]
[0.289742112159729, 0.022616850212216377, 0.23524701595306396]
[0.289742112159729, 0.022616850212216377, 0.23524701595306396]
[0.289742112159729, 0.022616850212216377, 0.23524701595306396]
[0.289742112159729, 0.022616850212216377, 0.23524701595306396]
[0.289742112159729, 0.022616850212216377, 0.23524701595306396]
[0.289742112159729, 0.022616850212216377, 0.23524701595306396]
[0.289742112159729, 0.022616850212216377, 0.23524701595306396]
[0.289742112159729, 0.022616850212216377, 0.23524701595306396]
[0.289742112159729, 0.022616850212216377, 0.23524701595306396]
[0.289742112159729, 0.022616850212216377, 0.23524701595306396]
[0.289742112159729, 0.022616850212216377, 0.23524701595306396]
[0.29541900753974915, 0.022860560566186905, 0.2360401153564453]
[0.29541900753974915, 0.022860560566186905, 0.2360401153564453]
[0.29541900753974915, 0.022860560566186905, 0.2360401153564453]
[0.29541900753974915, 0.022860560566186905, 0.2360401153564453]
[0.29541900753974915, 0.022860560566186905, 0.2360401153564453]
[0.29541900753974915, 0.022860560566186905, 0.2360401153564453]
[0.29541900753974915, 0.022860560566186905, 0.2360401153564453]
[0.29541900753974915, 0.022860560566186905, 0.2360401153564453]
[0.29541900753974915, 0.022860560566186905, 0.2360401153564453]
[0.29541900753974915, 0.022860560566186905, 0.2360401153564453]
[0.29541900753974915, 0.022860560566186905, 0.2360401153564453]
[0.29541900753974915, 0.022860560566186905, 0.2360401153564453]
[0.29541900753974915, 0.022860560566186905, 0.2360401153564453]
[0.29541900753974915, 0.022860560566186905, 0.2360401153564453]
[0.29541900753974915, 0.022860560566186905, 0.2360401153564453]
[0.29541900753974915, 0.022860560566186905, 0.2360401153564453]
[0.29541900753974915, 0.022860560566186905, 0.2360401153564453]
[0.29541900753974915, 0.022860560566186905, 0.2360401153564453]
[0.29541900753974915, 0.022860560566186905, 0.2360401153564453]
[0.29541900753974915, 0.022860560566186905, 0.2360401153564453]
[0.29541900753974915, 0.022860560566186905, 0.2360401153564453]
[0.29541900753974915, 0.022860560566186905, 0.2360401153564453]
[0.29541900753974915, 0.022860560566186905, 0.2360401153564453]
[0.29541900753974915, 0.022860560566186905, 0.2360401153564453]
[0.29541900753974915, 0.022860560566186905, 0.2360401153564453]
[0.29541900753974915, 0.022860560566186905, 0.2360401153564453]
[0.29541900753974915, 0.022860560566186905, 0.2360401153564453]
[0.29541900753974915, 0.022860560566186905, 0.2360401153564453]
[0.29541900753974915, 0.022860560566186905, 0.2360401153564453]
[0.29541900753974915, 0.022860560566186905, 0.2360401153564453]
[0.29541900753974915, 0.022860560566186905, 0.2360401153564453]
[0.29541900753974915, 0.022860560566186905, 0.2360401153564453]
[0.28187522292137146, 0.01991143263876438, 0.23328377306461334]
[0.28187522292137146, 0.01991143263876438, 0.23328377306461334]
[0.28187522292137146, 0.01991143263876438, 0.23328377306461334]
[0.28187522292137146, 0.01991143263876438, 0.23328377306461334]
[0.28187522292137146, 0.01991143263876438, 0.23328377306461334]
[0.28187522292137146, 0.01991143263876438, 0.23328377306461334]
[0.28187522292137146, 0.01991143263876438, 0.23328377306461334]
[0.28187522292137146, 0.01991143263876438, 0.23328377306461334]
[0.28187522292137146, 0.01991143263876438, 0.23328377306461334]
[0.28187522292137146, 0.01991143263876438, 0.23328377306461334]
[0.28187522292137146, 0.01991143263876438, 0.23328377306461334]
[0.28187522292137146, 0.01991143263876438, 0.23328377306461334]
[0.28187522292137146, 0.01991143263876438, 0.23328377306461334]
[0.28187522292137146, 0.01991143263876438, 0.23328377306461334]
[0.28187522292137146, 0.01991143263876438, 0.23328377306461334]
[0.28187522292137146, 0.01991143263876438, 0.23328377306461334]
[0.28187522292137146, 0.01991143263876438, 0.23328377306461334]
[0.28187522292137146, 0.01991143263876438, 0.23328377306461334]
[0.28187522292137146, 0.01991143263876438, 0.23328377306461334]
[0.28187522292137146, 0.01991143263876438, 0.23328377306461334]
[0.28187522292137146, 0.01991143263876438, 0.23328377306461334]
[0.28187522292137146, 0.01991143263876438, 0.23328377306461334]
[0.28187522292137146, 0.01991143263876438, 0.23328377306461334]
[0.28187522292137146, 0.01991143263876438, 0.23328377306461334]
[0.28187522292137146, 0.01991143263876438, 0.23328377306461334]
[0.28187522292137146, 0.01991143263876438, 0.23328377306461334]
[0.28187522292137146, 0.01991143263876438, 0.23328377306461334]
[0.28187522292137146, 0.01991143263876438, 0.23328377306461334]
[0.28187522292137146, 0.01991143263876438, 0.23328377306461334]
[0.28187522292137146, 0.01991143263876438, 0.23328377306461334]
[0.28187522292137146, 0.01991143263876438, 0.23328377306461334]
[0.31087175011634827, 0.022664465010166168, 0.23818917572498322]
[0.31087175011634827, 0.022664465010166168, 0.23818917572498322]
[0.31087175011634827, 0.022664465010166168, 0.23818917572498322]
[0.31087175011634827, 0.022664465010166168, 0.23818917572498322]
[0.31087175011634827, 0.022664465010166168, 0.23818917572498322]
[0.31087175011634827, 0.022664465010166168, 0.23818917572498322]
[0.31087175011634827, 0.022664465010166168, 0.23818917572498322]
[0.31087175011634827, 0.022664465010166168, 0.23818917572498322]
[0.31087175011634827, 0.022664465010166168, 0.23818917572498322]
[0.31087175011634827, 0.022664465010166168, 0.23818917572498322]
[0.31087175011634827, 0.022664465010166168, 0.23818917572498322]
[0.31087175011634827, 0.022664465010166168, 0.23818917572498322]
[0.31087175011634827, 0.022664465010166168, 0.23818917572498322]
[0.31087175011634827, 0.022664465010166168, 0.23818917572498322]
[0.31087175011634827, 0.022664465010166168, 0.23818917572498322]
[0.31087175011634827, 0.022664465010166168, 0.23818917572498322]
[0.31087175011634827, 0.022664465010166168, 0.23818917572498322]
[0.31087175011634827, 0.022664465010166168, 0.23818917572498322]
[0.31087175011634827, 0.022664465010166168, 0.23818917572498322]
[0.31087175011634827, 0.022664465010166168, 0.23818917572498322]
[0.31087175011634827, 0.022664465010166168, 0.23818917572498322]
[0.31087175011634827, 0.022664465010166168, 0.23818917572498322]
[0.31087175011634827, 0.022664465010166168, 0.23818917572498322]
[0.31087175011634827, 0.022664465010166168, 0.23818917572498322]



None
[0.31087175011634827, 0.022664465010166168, 0.23818917572498322]
[0.31087175011634827, 0.022664465010166168, 0.23818917572498322]
[0.31087175011634827, 0.022664465010166168, 0.23818917572498322]
[0.31087175011634827, 0.022664465010166168, 0.23818917572498322]
[0.31087175011634827, 0.022664465010166168, 0.23818917572498322]
[0.31087175011634827, 0.022664465010166168, 0.23818917572498322]
[0.31087175011634827, 0.022664465010166168, 0.23818917572498322]
[0.31087175011634827, 0.022664465010166168, 0.23818917572498322]
[0.31087175011634827, 0.022664465010166168, 0.23818917572498322]
[0.31087175011634827, 0.022664465010166168, 0.23818917572498322]
[0.31087175011634827, 0.022664465010166168, 0.23818917572498322]
[0.31087175011634827, 0.022664465010166168, 0.23818917572498322]
[0.31087175011634827, 0.022664465010166168, 0.23818917572498322]
[0.31087175011634827, 0.022664465010166168, 0.23818917572498322]
[0.31087175011634827, 0.022664465010166168, 0.23818917572498322]
[0.31087175011634827, 0.022664465010166168, 0.23818917572498322]
[0.31087175011634827, 0.022664465010166168, 0.23818917572498322]
[0.31087175011634827, 0.022664465010166168, 0.23818917572498322]
[0.31087175011634827, 0.022664465010166168, 0.23818917572498322]
[0.31087175011634827, 0.022664465010166168, 0.23818917572498322]
[0.31087175011634827, 0.022664465010166168, 0.23818917572498322]
[0.31087175011634827, 0.022664465010166168, 0.23818917572498322]
[0.31087175011634827, 0.022664465010166168, 0.23818917572498322]
[0.31087175011634827, 0.022664465010166168, 0.23818917572498322]
[0.31087175011634827, 0.022664465010166168, 0.23818917572498322]
[0.31087175011634827, 0.022664465010166168, 0.23818917572498322]
[0.31087175011634827, 0.022664465010166168, 0.23818917572498322]
[0.31087175011634827, 0.022664465010166168, 0.23818917572498322]
[0.31087175011634827, 0.022664465010166168, 0.23818917572498322]
[0.31087175011634827, 0.022664465010166168, 0.23818917572498322]
[0.31087175011634827, 0.022664465010166168, 0.23818917572498322]
[0.31087175011634827, 0.022664465010166168, 0.23818917572498322]
[0.31087175011634827, 0.022664465010166168, 0.23818917572498322]
[0.31087175011634827, 0.022664465010166168, 0.23818917572498322]
[0.31087175011634827, 0.022664465010166168, 0.23818917572498322]
[0.31892818212509155, 0.021801931783556938, 0.24169622361660004]
[0.31892818212509155, 0.021801931783556938, 0.24169622361660004]
[0.31892818212509155, 0.021801931783556938, 0.24169622361660004]
[0.31892818212509155, 0.021801931783556938, 0.24169622361660004]
[0.31892818212509155, 0.021801931783556938, 0.24169622361660004]
[0.31892818212509155, 0.021801931783556938, 0.24169622361660004]
[0.31892818212509155, 0.021801931783556938, 0.24169622361660004]
[0.31892818212509155, 0.021801931783556938, 0.24169622361660004]
[0.31892818212509155, 0.021801931783556938, 0.24169622361660004]
[0.31892818212509155, 0.021801931783556938, 0.24169622361660004]
[0.31892818212509155, 0.021801931783556938, 0.24169622361660004]
[0.31892818212509155, 0.021801931783556938, 0.24169622361660004]
[0.31892818212509155, 0.021801931783556938, 0.24169622361660004]
[0.31892818212509155, 0.021801931783556938, 0.24169622361660004]
[0.31892818212509155, 0.021801931783556938, 0.24169622361660004]
[0.31892818212509155, 0.021801931783556938, 0.24169622361660004]
[0.31892818212509155, 0.021801931783556938, 0.24169622361660004]
[0.31892818212509155, 0.021801931783556938, 0.24169622361660004]
[0.31892818212509155, 0.021801931783556938, 0.24169622361660004]
[0.31892818212509155, 0.021801931783556938, 0.24169622361660004]
[0.31892818212509155, 0.021801931783556938, 0.24169622361660004]
[0.31892818212509155, 0.021801931783556938, 0.24169622361660004]
[0.31892818212509155, 0.021801931783556938, 0.24169622361660004]
[0.31892818212509155, 0.021801931783556938, 0.24169622361660004]
[0.31892818212509155, 0.021801931783556938, 0.24169622361660004]
[0.31892818212509155, 0.021801931783556938, 0.24169622361660004]
[0.31892818212509155, 0.021801931783556938, 0.24169622361660004]
[0.31892818212509155, 0.021801931783556938, 0.24169622361660004]
[0.31892818212509155, 0.021801931783556938, 0.24169622361660004]
[0.31892818212509155, 0.021801931783556938, 0.24169622361660004]
[0.31892818212509155, 0.021801931783556938, 0.24169622361660004]
[0.31892818212509155, 0.021801931783556938, 0.24169622361660004]
[0.31892818212509155, 0.021801931783556938, 0.24169622361660004]
[0.31892818212509155, 0.021801931783556938, 0.24169622361660004]
[0.31892818212509155, 0.021801931783556938, 0.24169622361660004]
[0.31892818212509155, 0.021801931783556938, 0.24169622361660004]
[0.31892818212509155, 0.021801931783556938, 0.24169622361660004]
[0.31892818212509155, 0.021801931783556938, 0.24169622361660004]
[0.31892818212509155, 0.021801931783556938, 0.24169622361660004]
[0.31892818212509155, 0.021801931783556938, 0.24169622361660004]
[0.31892818212509155, 0.021801931783556938, 0.24169622361660004]
[0.31892818212509155, 0.021801931783556938, 0.24169622361660004]
[0.31892818212509155, 0.021801931783556938, 0.24169622361660004]
[0.31892818212509155, 0.021801931783556938, 0.24169622361660004]
[0.31892818212509155, 0.021801931783556938, 0.24169622361660004]
[0.31892818212509155, 0.021801931783556938, 0.24169622361660004]
[0.31892818212509155, 0.021801931783556938, 0.24169622361660004]
[0.31892818212509155, 0.021801931783556938, 0.24169622361660004]
[0.31892818212509155, 0.021801931783556938, 0.24169622361660004]
[0.31892818212509155, 0.021801931783556938, 0.24169622361660004]
[0.31892818212509155, 0.021801931783556938, 0.24169622361660004]
[0.31892818212509155, 0.021801931783556938, 0.24169622361660004]
[0.31892818212509155, 0.021801931783556938, 0.24169622361660004]
[0.31892818212509155, 0.021801931783556938, 0.24169622361660004]
[0.31892818212509155, 0.021801931783556938, 0.24169622361660004]
[0.31892818212509155, 0.021801931783556938, 0.24169622361660004]
[0.31892818212509155, 0.021801931783556938, 0.24169622361660004]
[0.31892818212509155, 0.021801931783556938, 0.24169622361660004]
[0.31892818212509155, 0.021801931783556938, 0.24169622361660004]
[0.31892818212509155, 0.021801931783556938, 0.24169622361660004]
[0.31892818212509155, 0.021801931783556938, 0.24169622361660004]
[0.31892818212509155, 0.021801931783556938, 0.24169622361660004]
[0.31892818212509155, 0.021801931783556938, 0.24169622361660004]
[0.31892818212509155, 0.021801931783556938, 0.24169622361660004]
[0.31892818212509155, 0.021801931783556938, 0.24169622361660004]



None
[0.31892818212509155, 0.021801931783556938, 0.24169622361660004]
[0.31892818212509155, 0.021801931783556938, 0.24169622361660004]
[0.31892818212509155, 0.021801931783556938, 0.24169622361660004]
[0.3090505599975586, 0.021831076592206955, 0.23973797261714935]
[0.3090505599975586, 0.021831076592206955, 0.23973797261714935]
[0.3090505599975586, 0.021831076592206955, 0.23973797261714935]
[0.3090505599975586, 0.021831076592206955, 0.23973797261714935]
[0.3090505599975586, 0.021831076592206955, 0.23973797261714935]
[0.3090505599975586, 0.021831076592206955, 0.23973797261714935]
[0.3090505599975586, 0.021831076592206955, 0.23973797261714935]
[0.3090505599975586, 0.021831076592206955, 0.23973797261714935]
[0.3090505599975586, 0.021831076592206955, 0.23973797261714935]
[0.3090505599975586, 0.021831076592206955, 0.23973797261714935]
[0.3090505599975586, 0.021831076592206955, 0.23973797261714935]
[0.3090505599975586, 0.021831076592206955, 0.23973797261714935]
[0.3090505599975586, 0.021831076592206955, 0.23973797261714935]
[0.3090505599975586, 0.021831076592206955, 0.23973797261714935]
[0.3090505599975586, 0.021831076592206955, 0.23973797261714935]
[0.3090505599975586, 0.021831076592206955, 0.23973797261714935]
[0.3090505599975586, 0.021831076592206955, 0.23973797261714935]
[0.3090505599975586, 0.021831076592206955, 0.23973797261714935]
[0.3090505599975586, 0.021831076592206955, 0.23973797261714935]
[0.3090505599975586, 0.021831076592206955, 0.23973797261714935]
[0.3090505599975586, 0.021831076592206955, 0.23973797261714935]
[0.3090505599975586, 0.021831076592206955, 0.23973797261714935]
[0.3090505599975586, 0.021831076592206955, 0.23973797261714935]
[0.3090505599975586, 0.021831076592206955, 0.23973797261714935]
[0.3090505599975586, 0.021831076592206955, 0.23973797261714935]
[0.3090505599975586, 0.021831076592206955, 0.23973797261714935]
[0.3090505599975586, 0.021831076592206955, 0.23973797261714935]
[0.3090505599975586, 0.021831076592206955, 0.23973797261714935]
[0.3090505599975586, 0.021831076592206955, 0.23973797261714935]
[0.3090505599975586, 0.021831076592206955, 0.23973797261714935]
[0.3090505599975586, 0.021831076592206955, 0.23973797261714935]
[0.3090505599975586, 0.021831076592206955, 0.23973797261714935]
[0.3090505599975586, 0.021831076592206955, 0.23973797261714935]
[0.3090505599975586, 0.021831076592206955, 0.23973797261714935]
[0.3090505599975586, 0.021831076592206955, 0.23973797261714935]
[0.3090505599975586, 0.021831076592206955, 0.23973797261714935]
[0.3090505599975586, 0.021831076592206955, 0.23973797261714935]
[0.3090505599975586, 0.021831076592206955, 0.23973797261714935]
[0.3090505599975586, 0.021831076592206955, 0.23973797261714935]
[0.3090505599975586, 0.021831076592206955, 0.23973797261714935]
[0.3090505599975586, 0.021831076592206955, 0.23973797261714935]
[0.3090505599975586, 0.021831076592206955, 0.23973797261714935]
[0.3090505599975586, 0.021831076592206955, 0.23973797261714935]
[0.3090505599975586, 0.021831076592206955, 0.23973797261714935]
[0.3090505599975586, 0.021831076592206955, 0.23973797261714935]
[0.3090505599975586, 0.021831076592206955, 0.23973797261714935]
[0.3090505599975586, 0.021831076592206955, 0.23973797261714935]
[0.3090505599975586, 0.021831076592206955, 0.23973797261714935]
[0.3090505599975586, 0.021831076592206955, 0.23973797261714935]
[0.3090505599975586, 0.021831076592206955, 0.23973797261714935]
[0.3090505599975586, 0.021831076592206955, 0.23973797261714935]
[0.3575378358364105, 0.028580807149410248, 0.2520502507686615]
[0.3575378358364105, 0.028580807149410248, 0.2520502507686615]
[0.3575378358364105, 0.028580807149410248, 0.2520502507686615]
[0.3575378358364105, 0.028580807149410248, 0.2520502507686615]
[0.3575378358364105, 0.028580807149410248, 0.2520502507686615]
[0.3575378358364105, 0.028580807149410248, 0.2520502507686615]
[0.3575378358364105, 0.028580807149410248, 0.2520502507686615]
[0.3575378358364105, 0.028580807149410248, 0.2520502507686615]
[0.3575378358364105, 0.028580807149410248, 0.2520502507686615]
[0.3575378358364105, 0.028580807149410248, 0.2520502507686615]
[0.3575378358364105, 0.028580807149410248, 0.2520502507686615]
[0.3575378358364105, 0.028580807149410248, 0.2520502507686615]
[0.3575378358364105, 0.028580807149410248, 0.2520502507686615]
[0.3575378358364105, 0.028580807149410248, 0.2520502507686615]
[0.3575378358364105, 0.028580807149410248, 0.2520502507686615]
[0.3575378358364105, 0.028580807149410248, 0.2520502507686615]
[0.3575378358364105, 0.028580807149410248, 0.2520502507686615]
[0.3575378358364105, 0.028580807149410248, 0.2520502507686615]
[0.3575378358364105, 0.028580807149410248, 0.2520502507686615]
[0.3575378358364105, 0.028580807149410248, 0.2520502507686615]
[0.3575378358364105, 0.028580807149410248, 0.2520502507686615]
[0.3575378358364105, 0.028580807149410248, 0.2520502507686615]
[0.3575378358364105, 0.028580807149410248, 0.2520502507686615]
[0.3575378358364105, 0.028580807149410248, 0.2520502507686615]
[0.3575378358364105, 0.028580807149410248, 0.2520502507686615]
[0.3575378358364105, 0.028580807149410248, 0.2520502507686615]
[0.3575378358364105, 0.028580807149410248, 0.2520502507686615]
[0.3575378358364105, 0.028580807149410248, 0.2520502507686615]
[0.3575378358364105, 0.028580807149410248, 0.2520502507686615]
[0.3575378358364105, 0.028580807149410248, 0.2520502507686615]
[0.3575378358364105, 0.028580807149410248, 0.2520502507686615]
[0.3575378358364105, 0.028580807149410248, 0.2520502507686615]
[0.3575378358364105, 0.028580807149410248, 0.2520502507686615]
[0.3575378358364105, 0.028580807149410248, 0.2520502507686615]
[0.3575378358364105, 0.028580807149410248, 0.2520502507686615]
[0.3575378358364105, 0.028580807149410248, 0.2520502507686615]
[0.3575378358364105, 0.028580807149410248, 0.2520502507686615]
[0.3575378358364105, 0.028580807149410248, 0.2520502507686615]
[0.3575378358364105, 0.028580807149410248, 0.2520502507686615]
[0.3575378358364105, 0.028580807149410248, 0.2520502507686615]
[0.3575378358364105, 0.028580807149410248, 0.2520502507686615]
[0.3575378358364105, 0.028580807149410248, 0.2520502507686615]
[0.3575378358364105, 0.028580807149410248, 0.2520502507686615]
[0.3575378358364105, 0.028580807149410248, 0.2520502507686615]
[0.3575378358364105, 0.028580807149410248, 0.2520502507686615]
[0.3575378358364105, 0.028580807149410248, 0.2520502507686615]



None
[INFO ] Stopping ALNetwork
[INFO ] Exit
