[0.27571606636047363, 0.020060431212186813, 0.23005206882953644]
[0.27571606636047363, 0.020060431212186813, 0.23005206882953644]
[0.27571606636047363, 0.020060431212186813, 0.23005206882953644]
[0.27571606636047363, 0.020060431212186813, 0.23005206882953644]
[0.27571606636047363, 0.020060431212186813, 0.23005206882953644]
[0.27571606636047363, 0.020060431212186813, 0.23005206882953644]
[0.27571606636047363, 0.020060431212186813, 0.23005206882953644]
[0.27571606636047363, 0.020060431212186813, 0.23005206882953644]
[0.27571606636047363, 0.020060431212186813, 0.23005206882953644]
[0.27571606636047363, 0.020060431212186813, 0.23005206882953644]
[0.27571606636047363, 0.020060431212186813, 0.23005206882953644]
[0.27571606636047363, 0.020060431212186813, 0.23005206882953644]
[0.27571606636047363, 0.020060431212186813, 0.23005206882953644]
[0.27571606636047363, 0.020060431212186813, 0.23005206882953644]
[0.27571606636047363, 0.020060431212186813, 0.23005206882953644]
[0.27571606636047363, 0.020060431212186813, 0.23005206882953644]
[0.27571606636047363, 0.020060431212186813, 0.23005206882953644]
[0.27571606636047363, 0.020060431212186813, 0.23005206882953644]
[0.27571606636047363, 0.020060431212186813, 0.23005206882953644]
[0.27571606636047363, 0.020060431212186813, 0.23005206882953644]
[0.27571606636047363, 0.020060431212186813, 0.23005206882953644]
[0.27571606636047363, 0.020060431212186813, 0.23005206882953644]
[0.27571606636047363, 0.020060431212186813, 0.23005206882953644]
[0.27571606636047363, 0.020060431212186813, 0.23005206882953644]
[0.27571606636047363, 0.020060431212186813, 0.23005206882953644]
[0.27571606636047363, 0.020060431212186813, 0.23005206882953644]
[0.27571606636047363, 0.020060431212186813, 0.23005206882953644]
[0.27571606636047363, 0.020060431212186813, 0.23005206882953644]
[0.27571606636047363, 0.020060431212186813, 0.23005206882953644]
[0.27571606636047363, 0.020060431212186813, 0.23005206882953644]
[0.27571606636047363, 0.020060431212186813, 0.23005206882953644]
[0.27571606636047363, 0.020060431212186813, 0.23005206882953644]
[0.27571606636047363, 0.020060431212186813, 0.23005206882953644]
[0.27571606636047363, 0.020060431212186813, 0.23005206882953644]
[0.27571606636047363, 0.020060431212186813, 0.23005206882953644]
[0.27571606636047363, 0.020060431212186813, 0.23005206882953644]
[0.27571606636047363, 0.020060431212186813, 0.23005206882953644]
[0.27571606636047363, 0.020060431212186813, 0.23005206882953644]
[0.27571606636047363, 0.020060431212186813, 0.23005206882953644]
[0.27571606636047363, 0.020060431212186813, 0.23005206882953644]
[0.27571606636047363, 0.020060431212186813, 0.23005206882953644]
[0.27571606636047363, 0.020060431212186813, 0.23005206882953644]
[0.27571606636047363, 0.020060431212186813, 0.23005206882953644]
[0.27571606636047363, 0.020060431212186813, 0.23005206882953644]
[0.27571606636047363, 0.020060431212186813, 0.23005206882953644]
[0.27571606636047363, 0.020060431212186813, 0.23005206882953644]
[0.27571606636047363, 0.020060431212186813, 0.23005206882953644]
[0.27571606636047363, 0.020060431212186813, 0.23005206882953644]
[0.27571606636047363, 0.020060431212186813, 0.23005206882953644]
[0.27571606636047363, 0.020060431212186813, 0.23005206882953644]
[0.27571606636047363, 0.020060431212186813, 0.23005206882953644]
[0.27571606636047363, 0.020060431212186813, 0.23005206882953644]
[0.27571606636047363, 0.020060431212186813, 0.23005206882953644]
[0.27571606636047363, 0.020060431212186813, 0.23005206882953644]
[0.27571606636047363, 0.020060431212186813, 0.23005206882953644]
[0.27571606636047363, 0.020060431212186813, 0.23005206882953644]
[0.27571606636047363, 0.020060431212186813, 0.23005206882953644]
[0.27571606636047363, 0.020060431212186813, 0.23005206882953644]
[0.27571606636047363, 0.020060431212186813, 0.23005206882953644]
[0.27571606636047363, 0.020060431212186813, 0.23005206882953644]
[0.27571606636047363, 0.020060431212186813, 0.23005206882953644]
[0.27571606636047363, 0.020060431212186813, 0.23005206882953644]
[0.27571606636047363, 0.020060431212186813, 0.23005206882953644]
[0.27571606636047363, 0.020060431212186813, 0.23005206882953644]
[0.27571606636047363, 0.020060431212186813, 0.23005206882953644]
[0.27571606636047363, 0.020060431212186813, 0.23005206882953644]
[0.27571606636047363, 0.020060431212186813, 0.23005206882953644]
[0.27571606636047363, 0.020060431212186813, 0.23005206882953644]
[0.27571606636047363, 0.020060431212186813, 0.23005206882953644]
[0.27571606636047363, 0.020060431212186813, 0.23005206882953644]
[0.27571606636047363, 0.020060431212186813, 0.23005206882953644]
[0.27571606636047363, 0.020060431212186813, 0.23005206882953644]
[0.27571606636047363, 0.020060431212186813, 0.23005206882953644]
[0.27571606636047363, 0.020060431212186813, 0.23005206882953644]
[0.27571606636047363, 0.020060431212186813, 0.23005206882953644]
[0.27571606636047363, 0.020060431212186813, 0.23005206882953644]
[0.27571606636047363, 0.020060431212186813, 0.23005206882953644]
[0.27571606636047363, 0.020060431212186813, 0.23005206882953644]
[0.27571606636047363, 0.020060431212186813, 0.23005206882953644]
[0.27571606636047363, 0.020060431212186813, 0.23005206882953644]
[0.27571606636047363, 0.020060431212186813, 0.23005206882953644]
[0.27571606636047363, 0.020060431212186813, 0.23005206882953644]
[0.27571606636047363, 0.020060431212186813, 0.23005206882953644]
[0.27571606636047363, 0.020060431212186813, 0.23005206882953644]
[0.27571606636047363, 0.020060431212186813, 0.23005206882953644]
[0.27571606636047363, 0.020060431212186813, 0.23005206882953644]
[0.5988478660583496, 0.058732885867357254, 0.29430142045021057]
[0.5988478660583496, 0.058732885867357254, 0.29430142045021057]
[0.5988478660583496, 0.058732885867357254, 0.29430142045021057]
[0.5988478660583496, 0.058732885867357254, 0.29430142045021057]
[0.5988478660583496, 0.058732885867357254, 0.29430142045021057]
[0.5988478660583496, 0.058732885867357254, 0.29430142045021057]
[0.5988478660583496, 0.058732885867357254, 0.29430142045021057]
[0.5988478660583496, 0.058732885867357254, 0.29430142045021057]
[0.5988478660583496, 0.058732885867357254, 0.29430142045021057]
[0.5988478660583496, 0.058732885867357254, 0.29430142045021057]
[0.5988478660583496, 0.058732885867357254, 0.29430142045021057]
[0.5988478660583496, 0.058732885867357254, 0.29430142045021057]
[0.5988478660583496, 0.058732885867357254, 0.29430142045021057]
[0.5988478660583496, 0.058732885867357254, 0.29430142045021057]
