[1.5170841217041016, 0.7240060567855835, -0.4019499719142914, -1.2777800559997559, -1.1597459316253662, 0.04145996272563934, 0.08160000294446945]	[0.04759034514427185, 0.11464790999889374, -0.05251908674836159, -2.217041015625, 0.892657995223999, -0.8438057899475098]	[0.25164198875427246, -0.10984618216753006, 0.08684446662664413]
[1.515550136566162, 0.7240060567855835, -0.4019499719142914, -1.2777800559997559, -1.1597459316253662, 0.04145996272563934, 0.08160000294446945]	[0.04758289083838463, 0.11478521674871445, -0.052627772092819214, -2.2161035537719727, 0.8939937949180603, -0.8426026105880737]	[0.25164198875427246, -0.10984618216753006, 0.08684446662664413]
[1.5170841217041016, 0.7240060567855835, -0.4019499719142914, -1.2777800559997559, -1.1597459316253662, 0.04145996272563934, 0.08160000294446945]	[0.04759034514427185, 0.11464790999889374, -0.05251908674836159, -2.217041015625, 0.892657995223999, -0.8438057899475098]	[0.25164198875427246, -0.10984618216753006, 0.08684446662664413]
[1.5170841217041016, 0.7240060567855835, -0.4019499719142914, -1.2762460708618164, -1.1597459316253662, 0.04299396276473999, 0.08160000294446945]	[0.04782424494624138, 0.11464790999889374, -0.0524459034204483, -2.2152163982391357, 0.8916376829147339, -0.842385470867157]	[0.25164198875427246, -0.10984618216753006, 0.08684446662664413]
[1.5170841217041016, 0.7240060567855835, -0.4019499719142914, -1.2777800559997559, -1.1597459316253662, 0.04145996272563934, 0.08160000294446945]	[0.04759034514427185, 0.11464790999889374, -0.05251908674836159, -2.217041015625, 0.892657995223999, -0.8438057899475098]	[0.25164198875427246, -0.10984618216753006, 0.08684446662664413]
[1.5170841217041016, 0.7240060567855835, -0.4019499719142914, -1.2762460708618164, -1.1597459316253662, 0.04299396276473999, 0.08160000294446945]	[0.04782424494624138, 0.11464790999889374, -0.0524459034204483, -2.2152163982391357, 0.8916376829147339, -0.842385470867157]	[0.25164198875427246, -0.10984618216753006, 0.08684446662664413]
[1.515550136566162, 0.7240060567855835, -0.4019499719142914, -1.2777800559997559, -1.1597459316253662, 0.04145996272563934, 0.08160000294446945]	[0.04759034514427185, 0.11464790999889374, -0.05251908674836159, -2.217041015625, 0.892657995223999, -0.8438057899475098]	[0.25164198875427246, -0.10984618216753006, 0.08684446662664413]
[1.515550136566162, 0.7240060567855835, -0.4019499719142914, -1.2777800559997559, -1.1597459316253662, 0.04299396276473999, 0.08160000294446945]	[0.04782424494624138, 0.11464790999889374, -0.0524459034204483, -2.2152163982391357, 0.8916376829147339, -0.842385470867157]	[0.25164198875427246, -0.10984618216753006, 0.08684446662664413]
[1.5170841217041016, 0.7240060567855835, -0.4019499719142914, -1.2777800559997559, -1.1597459316253662, 0.04452796280384064, 0.08160000294446945]	[0.04759034514427185, 0.11464790999889374, -0.05251908674836159, -2.217041015625, 0.892657995223999, -0.8438057899475098]	[0.25164198875427246, -0.10984618216753006, 0.08684446662664413]
[1.5170841217041016, 0.7240060567855835, -0.4019499719142914, -1.2777800559997559, -1.1597459316253662, 0.046061962842941284, 0.08160000294446945]	[0.04782424494624138, 0.11464790999889374, -0.0524459034204483, -2.2152163982391357, 0.8916376829147339, -0.842385470867157]	[0.25164198875427246, -0.10984618216753006, 0.08684446662664413]
[1.515550136566162, 0.7240060567855835, -0.4019499719142914, -1.2777800559997559, -1.1597459316253662, 0.046061962842941284, 0.08160000294446945]	[0.04782424494624138, 0.11464790999889374, -0.0524459034204483, -2.2152163982391357, 0.8916376829147339, -0.842385470867157]	[0.25164198875427246, -0.10984618216753006, 0.08684446662664413]
[1.5170841217041016, 0.7240060567855835, -0.4019499719142914, -1.2777800559997559, -1.1597459316253662, 0.046061962842941284, 0.08160000294446945]	[0.04759034514427185, 0.11464790999889374, -0.05251908674836159, -2.217041015625, 0.892657995223999, -0.8438057899475098]	[0.25164198875427246, -0.10984618216753006, 0.08684446662664413]
[1.5170841217041016, 0.7240060567855835, -0.4019499719142914, -1.2777800559997559, -1.1597459316253662, 0.046061962842941284, 0.08160000294446945]	[0.04759034514427185, 0.11464790999889374, -0.05251908674836159, -2.217041015625, 0.892657995223999, -0.8438057899475098]	[0.25164198875427246, -0.10984618216753006, 0.08684446662664413]
[1.5170841217041016, 0.7240060567855835, -0.4019499719142914, -1.2777800559997559, -1.1597459316253662, 0.04759596288204193, 0.08160000294446945]	[0.04759034514427185, 0.11464790999889374, -0.05251908674836159, -2.217041015625, 0.892657995223999, -0.8438057899475098]	[0.25164198875427246, -0.10984618216753006, 0.08684446662664413]
[1.515550136566162, 0.7240060567855835, -0.4019499719142914, -1.2777800559997559, -1.1597459316253662, 0.04759596288204193, 0.08160000294446945]	[0.04782424494624138, 0.11464790999889374, -0.0524459034204483, -2.2152163982391357, 0.8916376829147339, -0.842385470867157]	[0.25164198875427246, -0.10984618216753006, 0.08684446662664413]
[1.515550136566162, 0.7240060567855835, -0.4019499719142914, -1.2762460708618164, -1.1597459316253662, 0.04759596288204193, 0.08160000294446945]	[0.04759034514427185, 0.11464790999889374, -0.05251908674836159, -2.217041015625, 0.892657995223999, -0.8438057899475098]	[0.25164198875427246, -0.10984618216753006, 0.08684446662664413]
[1.5170841217041016, 0.7240060567855835, -0.4019499719142914, -1.2777800559997559, -1.1597459316253662, 0.04759596288204193, 0.0812000036239624]	[0.04759034514427185, 0.11464790999889374, -0.05251908674836159, -2.217041015625, 0.892657995223999, -0.8438057899475098]	[0.25164198875427246, -0.10984618216753006, 0.08684446662664413]
[1.5170841217041016, 0.7240060567855835, -0.4019499719142914, -1.2777800559997559, -1.1597459316253662, 0.04759596288204193, 0.08160000294446945]	[0.04759034514427185, 0.11464790999889374, -0.05251908674836159, -2.217041015625, 0.892657995223999, -0.8438057899475098]	[0.25164198875427246, -0.10984618216753006, 0.08684446662664413]
[1.5170841217041016, 0.7240060567855835, -0.4019499719142914, -1.2777800559997559, -1.1597459316253662, 0.04759596288204193, 0.08160000294446945]	[0.04782424494624138, 0.11464790999889374, -0.0524459034204483, -2.2152163982391357, 0.8916376829147339, -0.842385470867157]	[0.25164198875427246, -0.10984618216753006, 0.08684446662664413]
[1.515550136566162, 0.7240060567855835, -0.4019499719142914, -1.2777800559997559, -1.1597459316253662, 0.04759596288204193, 0.08160000294446945]	[0.04782424494624138, 0.11464790999889374, -0.0524459034204483, -2.2152163982391357, 0.8916376829147339, -0.842385470867157]	[0.25164198875427246, -0.10984618216753006, 0.08684446662664413]
[1.515550136566162, 0.7240060567855835, -0.4019499719142914, -1.2777800559997559, -1.1597459316253662, 0.04759596288204193, 0.08160000294446945]	[0.04759034514427185, 0.11464790999889374, -0.05251908674836159, -2.217041015625, 0.892657995223999, -0.8438057899475098]	[0.25164198875427246, -0.10984618216753006, 0.08684446662664413]
[1.5170841217041016, 0.7240060567855835, -0.4019499719142914, -1.2777800559997559, -1.1597459316253662, 0.04912996292114258, 0.08160000294446945]	[0.04759034514427185, 0.11464790999889374, -0.05251908674836159, -2.217041015625, 0.892657995223999, -0.8438057899475098]	[0.25164198875427246, -0.10984618216753006, 0.08684446662664413]
[1.515550136566162, 0.7240060567855835, -0.4019499719142914, -1.2777800559997559, -1.1597459316253662, 0.04759596288204193, 0.08160000294446945]	[0.04782424494624138, 0.11464790999889374, -0.0524459034204483, -2.2152163982391357, 0.8916376829147339, -0.842385470867157]	[0.25164198875427246, -0.10984618216753006, 0.08684446662664413]
[1.5170841217041016, 0.7240060567855835, -0.4019499719142914, -1.2777800559997559, -1.1597459316253662, 0.04912996292114258, 0.08160000294446945]	[0.04759034514427185, 0.11464790999889374, -0.05251908674836159, -2.217041015625, 0.892657995223999, -0.8438057899475098]	[0.25164198875427246, -0.10984618216753006, 0.08684446662664413]
[1.5170841217041016, 0.7240060567855835, -0.4019499719142914, -1.2777800559997559, -1.1597459316253662, 0.04912996292114258, 0.08160000294446945]	[0.04782424494624138, 0.11464790999889374, -0.0524459034204483, -2.2152163982391357, 0.8916376829147339, -0.842385470867157]	[0.25164198875427246, -0.10984618216753006, 0.08684446662664413]
[1.515550136566162, 0.7240060567855835, -0.4019499719142914, -1.2777800559997559, -1.1597459316253662, 0.04912996292114258, 0.08160000294446945]	[0.04759034514427185, 0.11464790999889374, -0.05251908674836159, -2.217041015625, 0.892657995223999, -0.8438057899475098]	[0.25164198875427246, -0.10984618216753006, 0.08684446662664413]
[1.515550136566162, 0.7240060567855835, -0.4019499719142914, -1.2777800559997559, -1.1597459316253662, 0.04912996292114258, 0.08160000294446945]	[0.047424037009477615, 0.11474011093378067, -0.0526762455701828, -2.2172505855560303, 0.8947153687477112, -0.8446446657180786]	[0.25164198875427246, -0.10984618216753006, 0.08684446662664413]
[1.5170841217041016, 0.7240060567855835, -0.40041595697402954, -1.2777800559997559, -1.1597459316253662, 0.04912996292114258, 0.08160000294446945]	[0.04743144288659096, 0.11460279673337936, -0.05256757140159607, -2.2181875705718994, 0.8933786749839783, -0.84584641456604]	[0.25164198875427246, -0.10984618216753006, 0.08684446662664413]
[1.5170841217041016, 0.7240060567855835, -0.40041595697402954, -1.2777800559997559, -1.1597459316253662, 0.04912996292114258, 0.08160000294446945]	[0.047424037009477615, 0.11474011093378067, -0.0526762455701828, -2.2172505855560303, 0.8947153687477112, -0.8446446657180786]	[0.25164198875427246, -0.10984618216753006, 0.08684446662664413]
[1.515550136566162, 0.7240060567855835, -0.4019499719142914, -1.2777800559997559, -1.1597459316253662, 0.04912996292114258, 0.08160000294446945]	[0.04759034514427185, 0.11464790999889374, -0.05251908674836159, -2.217041015625, 0.892657995223999, -0.8438057899475098]	[0.25164198875427246, -0.10984618216753006, 0.08684446662664413]
[1.5170841217041016, 0.7240060567855835, -0.40041595697402954, -1.2762460708618164, -1.1597459316253662, 0.04912996292114258, 0.08160000294446945]	[0.04743144288659096, 0.11460279673337936, -0.05256757140159607, -2.2181875705718994, 0.8933786749839783, -0.84584641456604]	[0.25164198875427246, -0.10984618216753006, 0.08684446662664413]
[1.5170841217041016, 0.7240060567855835, -0.40041595697402954, -1.2777800559997559, -1.1597459316253662, 0.04912996292114258, 0.08160000294446945]	[0.04759034514427185, 0.11464790999889374, -0.05251908674836159, -2.217041015625, 0.892657995223999, -0.8438057899475098]	[0.25164198875427246, -0.10984618216753006, 0.08684446662664413]
[1.5170841217041016, 0.7240060567855835, -0.40041595697402954, -1.2777800559997559, -1.1597459316253662, 0.04912996292114258, 0.08160000294446945]	[0.04743144288659096, 0.11460279673337936, -0.05256757140159607, -2.2181875705718994, 0.8933786749839783, -0.84584641456604]	[0.25164198875427246, -0.10984618216753006, 0.08684446662664413]
[1.5170841217041016, 0.7240060567855835, -0.4019499719142914, -1.2777800559997559, -1.1597459316253662, 0.04912996292114258, 0.08160000294446945]	[0.04759034514427185, 0.11464790999889374, -0.05251908674836159, -2.217041015625, 0.892657995223999, -0.8438057899475098]	[0.25164198875427246, -0.10984618216753006, 0.08684446662664413]
[1.5170841217041016, 0.7240060567855835, -0.40041595697402954, -1.2777800559997559, -1.1597459316253662, 0.04912996292114258, 0.08160000294446945]	[0.04743144288659096, 0.11460279673337936, -0.05256757140159607, -2.2181875705718994, 0.8933786749839783, -0.84584641456604]	[0.25164198875427246, -0.10984618216753006, 0.08684446662664413]
[1.5170841217041016, 0.7240060567855835, -0.40041595697402954, -1.2777800559997559, -1.1597459316253662, 0.04912996292114258, 0.08160000294446945]	[0.04743144288659096, 0.11460279673337936, -0.05256757140159607, -2.2181875705718994, 0.8933786749839783, -0.84584641456604]	[0.25164198875427246, -0.10984618216753006, 0.08684446662664413]
[1.515550136566162, 0.7240060567855835, -0.40041595697402954, -1.2777800559997559, -1.1597459316253662, 0.04912996292114258, 0.08160000294446945]	[0.04759034514427185, 0.11464790999889374, -0.05251908674836159, -2.217041015625, 0.892657995223999, -0.8438057899475098]	[0.25164198875427246, -0.10984618216753006, 0.08684446662664413]
[1.5170841217041016, 0.7240060567855835, -0.4019499719142914, -1.2777800559997559, -1.1597459316253662, 0.04912996292114258, 0.08160000294446945]	[0.04743144288659096, 0.11460279673337936, -0.05256757140159607, -2.2181875705718994, 0.8933786749839783, -0.84584641456604]	[0.3709295392036438, -0.10734107345342636, -0.07119816541671753]
[1.5170841217041016, 0.7240060567855835, -0.4019499719142914, -1.2777800559997559, -1.1597459316253662, 0.04912996292114258, 0.08160000294446945]	[0.04743144288659096, 0.11460279673337936, -0.05256757140159607, -2.2181875705718994, 0.8933786749839783, -0.84584641456604]	[0.3709295392036438, -0.10734107345342636, -0.07119816541671753]
[1.5170841217041016, 0.7240060567855835, -0.40041595697402954, -1.2777800559997559, -1.1597459316253662, 0.04759596288204193, 0.08160000294446945]	[0.04759034514427185, 0.11464790999889374, -0.05251908674836159, -2.217041015625, 0.892657995223999, -0.8438057899475098]	[0.3709295392036438, -0.10734107345342636, -0.07119816541671753]
[1.5170841217041016, 0.7240060567855835, -0.40041595697402954, -1.2777800559997559, -1.1597459316253662, 0.046061962842941284, 0.08160000294446945]	[0.04743144288659096, 0.11460279673337936, -0.05256757140159607, -2.2181875705718994, 0.8933786749839783, -0.84584641456604]	[0.36872220039367676, -0.10533685982227325, -0.06920501589775085]
[1.5170841217041016, 0.7240060567855835, -0.40041595697402954, -1.2777800559997559, -1.1597459316253662, 0.04145996272563934, 0.08160000294446945]	[0.047424037009477615, 0.11474011093378067, -0.0526762455701828, -2.2172505855560303, 0.8947153687477112, -0.8446446657180786]	[0.36872220039367676, -0.10533685982227325, -0.06920501589775085]
[1.5170841217041016, 0.7240060567855835, -0.40041595697402954, -1.2777800559997559, -1.1597459316253662, 0.03839196264743805, 0.08160000294446945]	[0.04743144288659096, 0.11460279673337936, -0.05256757140159607, -2.2181875705718994, 0.8933786749839783, -0.84584641456604]	[0.36872220039367676, -0.10533685982227325, -0.06920501589775085]
[1.515550136566162, 0.7240060567855835, -0.4019499719142914, -1.2777800559997559, -1.1597459316253662, 0.0368579626083374, 0.08160000294446945]	[0.04743144288659096, 0.11460279673337936, -0.05256757140159607, -2.2181875705718994, 0.8933786749839783, -0.84584641456604]	[0.3381424844264984, -0.09896309673786163, -0.05358991399407387]
[1.5170841217041016, 0.7240060567855835, -0.40041595697402954, -1.2777800559997559, -1.1597459316253662, 0.0368579626083374, 0.08160000294446945]	[0.04743144288659096, 0.11460279673337936, -0.05256757140159607, -2.2181875705718994, 0.8933786749839783, -0.84584641456604]	[0.3191986382007599, -0.10240715742111206, -0.03927525877952576]
[1.5170841217041016, 0.7240060567855835, -0.40041595697402954, -1.2777800559997559, -1.1597459316253662, 0.0368579626083374, 0.08160000294446945]	[0.04743144288659096, 0.11460279673337936, -0.05256757140159607, -2.2181875705718994, 0.8933786749839783, -0.84584641456604]	[0.31933027505874634, -0.10649306327104568, -0.03398718312382698]
[1.5170841217041016, 0.7240060567855835, -0.40041595697402954, -1.2777800559997559, -1.1597459316253662, 0.0368579626083374, 0.08160000294446945]	[0.04758289083838463, 0.11478521674871445, -0.052627772092819214, -2.2161035537719727, 0.8939937949180603, -0.8426026105880737]	[0.3180297017097473, -0.10688026994466782, -0.02798202633857727]
[1.515550136566162, 0.7240060567855835, -0.40041595697402954, -1.2777800559997559, -1.1597459316253662, 0.0368579626083374, 0.0812000036239624]	[0.04743144288659096, 0.11460279673337936, -0.05256757140159607, -2.2181875705718994, 0.8933786749839783, -0.84584641456604]	[0.31382396817207336, -0.10615984350442886, -0.022206101566553116]
[1.5170841217041016, 0.7240060567855835, -0.40041595697402954, -1.2777800559997559, -1.1597459316253662, 0.0368579626083374, 0.08160000294446945]	[0.04743144288659096, 0.11460279673337936, -0.05256757140159607, -2.2181875705718994, 0.8933786749839783, -0.84584641456604]	[0.3143669068813324, -0.10733143240213394, -0.017398126423358917]
[1.5170841217041016, 0.7240060567855835, -0.4019499719142914, -1.2762460708618164, -1.1597459316253662, 0.035323962569236755, 0.08160000294446945]	[0.04759034514427185, 0.11464790999889374, -0.05251908674836159, -2.217041015625, 0.892657995223999, -0.8438057899475098]	[0.3143669068813324, -0.10733143240213394, -0.017398126423358917]
[1.515550136566162, 0.7240060567855835, -0.4019499719142914, -1.2777800559997559, -1.1597459316253662, 0.0368579626083374, 0.08160000294446945]	[0.04759034514427185, 0.11464790999889374, -0.05251908674836159, -2.217041015625, 0.892657995223999, -0.8438057899475098]	[0.30744311213493347, -0.10711879283189774, 0.002099828328937292]
[1.5170841217041016, 0.7240060567855835, -0.40041595697402954, -1.2777800559997559, -1.1597459316253662, 0.035323962569236755, 0.0812000036239624]	[0.04759034514427185, 0.11464790999889374, -0.05251908674836159, -2.217041015625, 0.892657995223999, -0.8438057899475098]	[0.3081861138343811, -0.10628893971443176, 0.002761246869340539]
[1.515550136566162, 0.7240060567855835, -0.4019499719142914, -1.2777800559997559, -1.1597459316253662, 0.035323962569236755, 0.08160000294446945]	[0.047424037009477615, 0.11474011093378067, -0.0526762455701828, -2.2172505855560303, 0.8947153687477112, -0.8446446657180786]	[0.3081861138343811, -0.10628893971443176, 0.002761246869340539]
[1.5170841217041016, 0.7240060567855835, -0.4019499719142914, -1.2777800559997559, -1.1597459316253662, 0.035323962569236755, 0.08160000294446945]	[0.047665420919656754, 0.11460279673337936, -0.052494633942842484, -2.216357946395874, 0.8923607468605042, -0.8444214463233948]	[0.3089940547943115, -0.10656922310590744, 0.004087547771632671]
[1.5170841217041016, 0.7240060567855835, -0.4019499719142914, -1.2777800559997559, -1.1597459316253662, 0.035323962569236755, 0.08160000294446945]	[0.04782424494624138, 0.11464790999889374, -0.0524459034204483, -2.2152163982391357, 0.8916376829147339, -0.842385470867157]	[0.3089940547943115, -0.10656922310590744, 0.004087547771632671]
[1.5170841217041016, 0.7240060567855835, -0.4019499719142914, -1.2777800559997559, -1.1597459316253662, 0.035323962569236755, 0.08160000294446945]	[0.04743144288659096, 0.11460279673337936, -0.05256757140159607, -2.2181875705718994, 0.8933786749839783, -0.84584641456604]	[0.3107723295688629, -0.10718165338039398, 0.003353728447109461]
[1.5170841217041016, 0.7240060567855835, -0.4019499719142914, -1.2777800559997559, -1.1597459316253662, 0.035323962569236755, 0.08160000294446945]	[0.04759034514427185, 0.11464790999889374, -0.05251908674836159, -2.217041015625, 0.892657995223999, -0.8438057899475098]	[0.30266550183296204, -0.10596287250518799, 0.012128359638154507]
[1.5170841217041016, 0.7240060567855835, -0.4019499719142914, -1.2777800559997559, -1.1597459316253662, 0.03378996253013611, 0.08160000294446945]	[0.04759034514427185, 0.11464790999889374, -0.05251908674836159, -2.217041015625, 0.892657995223999, -0.8438057899475098]	[0.30266550183296204, -0.10596287250518799, 0.012128359638154507]
[1.5170841217041016, 0.7240060567855835, -0.4019499719142914, -1.2777800559997559, -1.1597459316253662, 0.03378996253013611, 0.08160000294446945]	[0.04782424494624138, 0.11464790999889374, -0.0524459034204483, -2.2152163982391357, 0.8916376829147339, -0.842385470867157]	[0.29542118310928345, -0.1063990369439125, 0.02828713320195675]
[1.5170841217041016, 0.7240060567855835, -0.4019499719142914, -1.2777800559997559, -1.1597459316253662, 0.03378996253013611, 0.08160000294446945]	[0.04759034514427185, 0.11464790999889374, -0.05251908674836159, -2.217041015625, 0.892657995223999, -0.8438057899475098]	[0.28991395235061646, -0.10655354708433151, 0.03570357710123062]
[1.5170841217041016, 0.7240060567855835, -0.4019499719142914, -1.2777800559997559, -1.1597459316253662, 0.03378996253013611, 0.08160000294446945]	[0.04759034514427185, 0.11464790999889374, -0.05251908674836159, -2.217041015625, 0.892657995223999, -0.8438057899475098]	[0.28991395235061646, -0.10655354708433151, 0.03570357710123062]
[1.5170841217041016, 0.7240060567855835, -0.4019499719142914, -1.2777800559997559, -1.1597459316253662, 0.03378996253013611, 0.08160000294446945]	[0.04782424494624138, 0.11464790999889374, -0.0524459034204483, -2.2152163982391357, 0.8916376829147339, -0.842385470867157]	[0.29201436042785645, -0.10731987655162811, 0.03649051859974861]
[1.515550136566162, 0.7240060567855835, -0.4019499719142914, -1.2777800559997559, -1.1597459316253662, 0.03378996253013611, 0.08160000294446945]	[0.04759034514427185, 0.11464790999889374, -0.05251908674836159, -2.217041015625, 0.892657995223999, -0.8438057899475098]	[0.29446423053741455, -0.10646100342273712, 0.04021580144762993]
[1.5170841217041016, 0.7240060567855835, -0.4019499719142914, -1.2777800559997559, -1.1597459316253662, 0.03378996253013611, 0.08160000294446945]	[0.04759034514427185, 0.11464790999889374, -0.05251908674836159, -2.217041015625, 0.892657995223999, -0.8438057899475098]	[0.29446423053741455, -0.10646100342273712, 0.04021580144762993]
[1.515550136566162, 0.7240060567855835, -0.4019499719142914, -1.2777800559997559, -1.1597459316253662, 0.03225596249103546, 0.08160000294446945]	[0.04774913936853409, 0.11469320207834244, -0.05247043818235397, -2.215897798538208, 0.8919358253479004, -0.8417682647705078]	[0.281862735748291, -0.10516749322414398, 0.058381397277116776]
[1.515550136566162, 0.7240060567855835, -0.4034839868545532, -1.2777800559997559, -1.1597459316253662, 0.03225596249103546, 0.08160000294446945]	[0.04759034514427185, 0.11464790999889374, -0.05251908674836159, -2.217041015625, 0.892657995223999, -0.8438057899475098]	[0.27792319655418396, -0.10368668287992477, 0.06228841841220856]
[1.515550136566162, 0.7240060567855835, -0.4019499719142914, -1.2777800559997559, -1.1597459316253662, 0.01844996213912964, 0.08160000294446945]	[0.04759034514427185, 0.11464790999889374, -0.05251908674836159, -2.217041015625, 0.892657995223999, -0.8438057899475098]	[0.28625938296318054, -0.10199402272701263, 0.06170369312167168]
[1.515550136566162, 0.7240060567855835, -0.4019499719142914, -1.2777800559997559, -1.1597459316253662, 0.01844996213912964, 0.08160000294446945]	[0.04774913936853409, 0.11469320207834244, -0.05247043818235397, -2.215897798538208, 0.8919358253479004, -0.8417682647705078]	[0.28784021735191345, -0.1025574579834938, 0.06204153224825859]
[1.515550136566162, 0.7240060567855835, -0.4034839868545532, -1.2777800559997559, -1.1597459316253662, 0.01844996213912964, 0.08160000294446945]	[0.04782424494624138, 0.11464790999889374, -0.0524459034204483, -2.2152163982391357, 0.8916376829147339, -0.842385470867157]	[0.28295692801475525, -0.10083471983671188, 0.0641399621963501]
[1.515550136566162, 0.7240060567855835, -0.4019499719142914, -1.2777800559997559, -1.1597459316253662, 0.01844996213912964, 0.08160000294446945]	[0.047982968389987946, 0.11469320207834244, -0.05239701271057129, -2.214077949523926, 0.890913188457489, -0.8403525352478027]	[0.2852228581905365, -0.10163123905658722, 0.06336265057325363]
[1.5170841217041016, 0.7240060567855835, -0.4019499719142914, -1.2777800559997559, -1.1597459316253662, 0.01844996213912964, 0.08160000294446945]	[0.04759034514427185, 0.11464790999889374, -0.05251908674836159, -2.217041015625, 0.892657995223999, -0.8438057899475098]	[0.28723105788230896, -0.1030949279665947, 0.06288272887468338]
[1.515550136566162, 0.7240060567855835, -0.4019499719142914, -1.2777800559997559, -1.1597459316253662, 0.01844996213912964, 0.08160000294446945]	[0.04759034514427185, 0.11464790999889374, -0.05251908674836159, -2.217041015625, 0.892657995223999, -0.8438057899475098]	[0.2859059274196625, -0.1026199534535408, 0.06314796209335327]
[1.515550136566162, 0.7240060567855835, -0.4019499719142914, -1.2777800559997559, -1.1597459316253662, 0.01691596210002899, 0.08160000294446945]	[0.04782424494624138, 0.11464790999889374, -0.0524459034204483, -2.2152163982391357, 0.8916376829147339, -0.842385470867157]	[0.28450360894203186, -0.10211704671382904, 0.06294672936201096]
[1.5170841217041016, 0.7240060567855835, -0.4019499719142914, -1.2777800559997559, -1.1597459316253662, 0.01844996213912964, 0.08160000294446945]	[0.047982968389987946, 0.11469320207834244, -0.05239701271057129, -2.214077949523926, 0.890913188457489, -0.8403525352478027]	[0.28581416606903076, -0.10258681327104568, 0.06268204748630524]
[1.5170841217041016, 0.7240060567855835, -0.4034839868545532, -1.2777800559997559, -1.1597459316253662, 0.01844996213912964, 0.08160000294446945]	[0.04774913936853409, 0.11469320207834244, -0.05247043818235397, -2.215897798538208, 0.8919358253479004, -0.8417682647705078]	[0.28998610377311707, -0.10307858139276505, 0.061729513108730316]
