[1.2747960090637207, -0.3206479549407959, 0.055182039737701416, 0.05373196303844452, 1.6259980201721191, 0.5152000188827515, -0.10887204110622406]	[0.06262852251529694, -0.1623927503824234, -0.09850376099348068, 0.984951376914978, 1.1753346920013428, -0.7335350513458252]	[0.2762148380279541, -0.05066825449466705, 0.12908776104450226]
[1.2655919790267944, -0.28996795415878296, 0.055182039737701416, 0.055265963077545166, 1.6244640350341797, 0.5152000188827515, -0.10887204110622406]	[0.06504650413990021, -0.1556553989648819, -0.09979315102100372, 1.0628316402435303, 1.187902569770813, -0.6518853902816772]	[0.2762148380279541, -0.05066825449466705, 0.12908776104450226]
[1.2625240087509155, -0.28076398372650146, 0.055182039737701416, 0.05373196303844452, 1.6259980201721191, 0.5155999660491943, -0.10887204110622406]	[0.06547678261995316, -0.1543671190738678, -0.10002028197050095, 1.079391598701477, 1.1901870965957642, -0.6360837817192078]	[0.2762148380279541, -0.05066825449466705, 0.12908776104450226]
[1.2594560384750366, -0.28076398372650146, 0.05825003981590271, 0.055265963077545166, 1.6259980201721191, 0.5155999660491943, -0.10733804106712341]	[0.06587118655443192, -0.15759386122226715, -0.09895298629999161, 1.0567442178726196, 1.1787554025650024, -0.6645432114601135]	[0.2762148380279541, -0.05066825449466705, 0.12908776104450226]
[1.260990023612976, -0.30990996956825256, 0.05978403985500336, 0.055265963077545166, 1.6259980201721191, 0.5155999660491943, -0.10887204110622406]	[0.06578995287418365, -0.16258014738559723, -0.09744668751955032, 1.0176295042037964, 1.1626626253128052, -0.7123317122459412]	[0.2762148380279541, -0.05066825449466705, 0.12908776104450226]
[1.2579219341278076, -0.3405899703502655, 0.06745404005050659, 0.055265963077545166, 1.6275321245193481, 0.5152000188827515, -0.10887204110622406]	[0.06518837809562683, -0.16957621276378632, -0.09522237628698349, 0.9661298394203186, 1.1406476497650146, -0.7752845883369446]	[0.2762148380279541, -0.05066825449466705, 0.12908776104450226]
[1.2533199787139893, -0.37893998622894287, 0.07359004020690918, 0.05373196303844452, 1.6275321245193481, 0.5155999660491943, -0.10887204110622406]	[0.06579937785863876, -0.17804791033267975, -0.09169662743806839, 0.9223193526268005, 1.1067136526107788, -0.8331324458122253]	[0.2762148380279541, -0.05066825449466705, 0.12908776104450226]
[1.2379800081253052, -0.44029998779296875, 0.08279404044151306, 0.055265963077545166, 1.6275321245193481, 0.5152000188827515, -0.10887204110622406]	[0.06805107742547989, -0.19199120998382568, -0.08441554009914398, 0.8796594738960266, 1.0424914360046387, -0.9023337960243225]	[0.2762148380279541, -0.05066825449466705, 0.12908776104450226]
[1.205765962600708, -0.5185339450836182, 0.10273604094982147, 0.055265963077545166, 1.6290661096572876, 0.5152000188827515, -0.10887204110622406]	[0.07223901152610779, -0.20449955761432648, -0.07582786679267883, 0.8858011960983276, 0.9731800556182861, -0.9387896656990051]	[0.2762148380279541, -0.05066825449466705, 0.12908776104450226]
[1.1305999755859375, -0.5983020067214966, 0.13495004177093506, 0.055265963077545166, 1.633668065071106, 0.5152000188827515, -0.10733804106712341]	[0.08308287709951401, -0.2210584282875061, -0.059478286653757095, 0.9610269069671631, 0.8554980754852295, -0.9449742436408997]	[0.2762148380279541, -0.05066825449466705, 0.12908776104450226]
[1.0431619882583618, -0.6596620082855225, 0.165630042552948, 0.055265963077545166, 1.633668065071106, 0.5152000188827515, -0.10733804106712341]	[0.09277531504631042, -0.23222100734710693, -0.0444333590567112, 1.0523327589035034, 0.7587046027183533, -0.9351447224617004]	[0.2762148380279541, -0.05066825449466705, 0.12908776104450226]
[1.0032780170440674, -0.7102839946746826, 0.21011604368686676, 0.055265963077545166, 1.633668065071106, 0.5152000188827515, -0.10733804106712341]	[0.09404725581407547, -0.23959732055664062, -0.036360129714012146, 1.0946847200393677, 0.7111982107162476, -0.9554504752159119]	[0.2762148380279541, -0.05066825449466705, 0.12908776104450226]
[0.9864040017127991, -0.7470999956130981, 0.25613605976104736, 0.055265963077545166, 1.633668065071106, 0.5152000188827515, -0.10733804106712341]	[0.09442228078842163, -0.24601338803768158, -0.029121452942490578, 1.1409897804260254, 0.6704926490783691, -0.9754671454429626]	[0.2762148380279541, -0.05066825449466705, 0.12908776104450226]
[0.9373160004615784, -0.7961879968643188, 0.2960200309753418, 0.05679996311664581, 1.633668065071106, 0.5155999660491943, -0.10580404102802277]	[0.09836901724338531, -0.25372079014778137, -0.01647808402776718, 1.2228361368179321, 0.6008918881416321, -0.9792255163192749]	[0.2762148380279541, -0.05066825449466705, 0.12908776104450226]
[0.8774899840354919, -0.8376059532165527, 0.34050604701042175, 0.05679996311664581, 1.633668065071106, 0.5155999660491943, -0.10733804106712341]	[0.10009743273258209, -0.26052409410476685, -0.005201445892453194, 1.29375159740448, 0.5411746501922607, -0.9906924366950989]	[0.2762148380279541, -0.05066825449466705, 0.12908776104450226]
[0.8360719680786133, -0.8728879690170288, 0.3619820475578308, 0.05679996311664581, 1.633668065071106, 0.5152000188827515, -0.10580404102802277]	[0.10090602934360504, -0.2648638188838959, 0.002692208159714937, 1.3374053239822388, 0.5005064606666565, -0.9977831840515137]	[0.2762148380279541, -0.05066825449466705, 0.12908776104450226]
[0.7961879968643188, -0.9066359996795654, 0.3849920630455017, 0.05679996311664581, 1.633668065071106, 0.5152000188827515, -0.10733804106712341]	[0.10112891346216202, -0.26910123229026794, 0.010513409972190857, 1.3835536241531372, 0.4605405628681183, -1.0083390474319458]	[0.2762148380279541, -0.05066825449466705, 0.12908776104450226]
[0.7563039660453796, -0.9373160004615784, 0.40186604857444763, 0.05833396315574646, 1.633668065071106, 0.5155999660491943, -0.10733804106712341]	[0.10086113959550858, -0.2733094096183777, 0.018778042867779732, 1.4255157709121704, 0.4192557632923126, -1.0187735557556152]	[0.2762148380279541, -0.05066825449466705, 0.12908776104450226]
[0.7194879651069641, -0.9695299863815308, 0.4110700488090515, 0.05833396315574646, 1.633668065071106, 0.5155999660491943, -0.10733804106712341]	[0.09955991059541702, -0.27721965312957764, 0.026020174846053123, 1.453014850616455, 0.3832544982433319, -1.033362865447998]	[0.2762148380279541, -0.05066825449466705, 0.12908776104450226]
[0.676535964012146, -0.9910060167312622, 0.41260403394699097, 0.05833396315574646, 1.633668065071106, 0.5152000188827515, -0.10733804106712341]	[0.09968342632055283, -0.2800265848636627, 0.03340577706694603, 1.490427017211914, 0.34644433856010437, -1.0384130477905273]	[0.2762148380279541, -0.05066825449466705, 0.12908776104450226]
[0.6213119626045227, -1.0048120021820068, 0.41260403394699097, 0.05833396315574646, 1.633668065071106, 0.5155999660491943, -0.10733804106712341]	[0.10310885310173035, -0.28075700998306274, 0.041061874479055405, 1.5510172843933105, 0.3078884780406952, -1.0239168405532837]	[0.2762148380279541, -0.05066825449466705, 0.12908776104450226]
[0.5568839907646179, -1.0048120021820068, 0.41260403394699097, 0.061401963233947754, 1.633668065071106, 0.5155999660491943, -0.10580404102802277]	[0.10631507635116577, -0.2805376946926117, 0.04651574417948723, 1.5982567071914673, 0.2805720865726471, -1.0072816610336304]	[0.2762148380279541, -0.05066825449466705, 0.12908776104450226]
[0.4878539741039276, -1.0048120021820068, 0.41260403394699097, 0.06907196342945099, 1.633668065071106, 0.5152000188827515, -0.10580404102802277]	[0.11028975248336792, -0.27998584508895874, 0.05368204042315483, 1.657640814781189, 0.24473577737808228, -0.9844455718994141]	[0.2762148380279541, -0.05066825449466705, 0.12908776104450226]
[0.429561972618103, -1.0032780170440674, 0.41260403394699097, 0.09054796397686005, 1.633668065071106, 0.5155999660491943, -0.10580404102802277]	[0.1169375628232956, -0.27781397104263306, 0.06487048417329788, 1.7461934089660645, 0.18786756694316864, -0.938675045967102]	[0.2762148380279541, -0.05066825449466705, 0.12908776104450226]
[0.20713196694850922, -0.9986760020256042, 0.41260403394699097, 0.10128595679998398, 1.633668065071106, 0.5152000188827515, -0.10733804106712341]	[0.12327730655670166, -0.27682989835739136, 0.09893663227558136, 1.9670592546463013, 0.01595468446612358, -0.9047364592552185]	[0.2762148380279541, -0.05066825449466705, 0.12908776104450226]
[-0.05211403965950012, -0.9879379868507385, 0.4003320336341858, 0.11202395707368851, 1.6321340799331665, 0.5155999660491943, -0.10733804106712341]	[0.12421265244483948, -0.27327123284339905, 0.12998665869235992, 2.1436009407043457, -0.14373363554477692, -0.8838015794754028]	[0.2762148380279541, -0.05066825449466705, 0.12908776104450226]
[-0.21318404376506805, -0.9756659865379333, 0.3911280632019043, 0.13963596522808075, 1.630600094795227, 0.5152000188827515, -0.10733804106712341]	[0.12477833777666092, -0.2701292335987091, 0.13991518318653107, 2.1851394176483154, -0.20150955021381378, -0.8607501983642578]	[0.2762148380279541, -0.05066825449466705, 0.12908776104450226]
[-0.22392204403877258, -0.9664620161056519, 0.39266204833984375, 0.17184996604919434, 1.630600094795227, 0.5152000188827515, -0.11040604114532471]	[0.12825480103492737, -0.2656616270542145, 0.14338622987270355, 2.1840641498565674, -0.22799476981163025, -0.8192694187164307]	[0.2762148380279541, -0.05066825449466705, 0.12908776104450226]
[-0.24233004450798035, -0.9526559710502625, 0.39266204833984375, 0.2163359671831131, 1.630600094795227, 0.5152000188827515, -0.11194004118442535]	[0.13221147656440735, -0.2596741020679474, 0.14910145103931427, 2.1881494522094727, -0.26719340682029724, -0.76953125]	[0.2762148380279541, -0.05066825449466705, 0.12908776104450226]
[-0.2668740451335907, -0.9296460151672363, 0.39266204833984375, 0.25928795337677, 1.630600094795227, 0.5152000188827515, -0.11194004118442535]	[0.13611863553524017, -0.2520708441734314, 0.15680557489395142, 2.194486618041992, -0.3195321261882782, -0.7103613615036011]	[0.2762148380279541, -0.05066825449466705, 0.12908776104450226]
[-0.29755404591560364, -0.9097039699554443, 0.39266204833984375, 0.3053079843521118, 1.630600094795227, 0.5155999660491943, -0.11194004118442535]	[0.13863417506217957, -0.24598225951194763, 0.16280542314052582, 2.1945533752441406, -0.3603660464286804, -0.6649153828620911]	[0.2762148380279541, -0.05066825449466705, 0.12908776104450226]
[-0.33437004685401917, -0.8836259841918945, 0.39266204833984375, 0.3543959856033325, 1.630600094795227, 0.5152000188827515, -0.11194004118442535]	[0.14106294512748718, -0.2365482896566391, 0.17241883277893066, 2.1933434009552, -0.42699211835861206, -0.5966092348098755]	[0.2762148380279541, -0.05066825449466705, 0.12908776104450226]
[-0.374254047870636, -0.8575479984283447, 0.39266204833984375, 0.41115397214889526, 1.630600094795227, 0.5152000188827515, -0.11194004118442535]	[0.14186592400074005, -0.22628411650657654, 0.18308556079864502, 2.1863696575164795, -0.5027233362197876, -0.5238052010536194]	[0.2762148380279541, -0.05066825449466705, 0.12908776104450226]
[-0.4141380488872528, -0.8237999677658081, 0.39266204833984375, 0.4740479588508606, 1.6259980201721191, 0.5152000188827515, -0.1165420413017273]	[0.1436333954334259, -0.21337050199508667, 0.19245702028274536, 2.148615837097168, -0.5726051926612854, -0.4271519184112549]	[0.2762148380279541, -0.05066825449466705, 0.12908776104450226]
[-0.440216064453125, -0.8130619525909424, 0.39266204833984375, 0.6565939784049988, 1.5784441232681274, 0.5152000188827515, -0.12267804145812988]	[0.14067913591861725, -0.19126616418361664, 0.2022436559200287, 1.9822200536727905, -0.6845694780349731, -0.21008989214897156]	[0.2762148380279541, -0.05066825449466705, 0.12908776104450226]
[-0.4570900499820709, -0.808459997177124, 0.39266204833984375, 0.7931199669837952, 1.514016032218933, 0.5152000188827515, -0.12728004157543182]	[0.13848471641540527, -0.17627263069152832, 0.2068355530500412, 1.8221735954284668, -0.7392768859863281, -0.055506184697151184]	[0.2762148380279541, -0.05066825449466705, 0.12908776104450226]
[-0.4693620502948761, -0.7716439962387085, 0.3911280632019043, 0.7946540117263794, 1.4557241201400757, 0.5152000188827515, -0.139552041888237]	[0.14010269939899445, -0.16976340115070343, 0.2092791050672531, 1.741753339767456, -0.7520672678947449, -0.007656219881027937]	[0.2762148380279541, -0.05066825449466705, 0.12908776104450226]
[-0.4816340506076813, -0.7210220098495483, 0.3880600333213806, 0.7946540117263794, 1.383626103401184, 0.5152000188827515, -0.15182404220104218]	[0.144261434674263, -0.15793152153491974, 0.21100303530693054, 1.605509877204895, -0.751710832118988, 0.0806991308927536]	[0.2762148380279541, -0.05066825449466705, 0.12908776104450226]
[-0.4893040657043457, -0.6596620082855225, 0.34971004724502563, 0.7946540117263794, 1.3360720872879028, 0.5155999660491943, -0.15796004235744476]	[0.14878635108470917, -0.14600180089473724, 0.21070422232151031, 1.4910240173339844, -0.7266358733177185, 0.16880100965499878]	[0.2762148380279541, -0.05066825449466705, 0.12908776104450226]
[-0.5092460513114929, -0.5875639915466309, 0.2837480306625366, 0.7946540117263794, 1.3299360275268555, 0.5152000188827515, -0.16102804243564606]	[0.1523437798023224, -0.13293060660362244, 0.2105838656425476, 1.3978683948516846, -0.696233332157135, 0.2605149447917938]	[0.2576473355293274, -0.0731741338968277, 0.11753387749195099]
[-0.5199840664863586, -0.5415439605712891, 0.243864044547081, 0.7946540117263794, 1.3299360275268555, 0.5152000188827515, -0.1625620424747467]	[0.15476328134536743, -0.12150218337774277, 0.21012631058692932, 1.3250560760498047, -0.6679624915122986, 0.3359004259109497]	[0.2576473355293274, -0.0731741338968277, 0.11753387749195099]
[-0.536858081817627, -0.46944597363471985, 0.1947760432958603, 0.7946540117263794, 1.3268680572509766, 0.5152000188827515, -0.16409604251384735]	[0.15609616041183472, -0.10952133685350418, 0.21005725860595703, 1.2498966455459595, -0.6408298015594482, 0.4122648537158966]	[0.24323762953281403, -0.07312071323394775, 0.1258949637413025]
[-0.5583340525627136, -0.4310959577560425, 0.12114404141902924, 0.7946540117263794, 1.325334072113037, 0.5152000188827515, -0.165630042552948]	[0.15833820402622223, -0.10142266750335693, 0.20725427567958832, 1.1599767208099365, -0.5910107493400574, 0.45514968037605286]	[0.24323762953281403, -0.07312071323394775, 0.1258949637413025]
[-0.5690720677375793, -0.40041595697402954, 0.08586204051971436, 0.7946540117263794, 1.3222661018371582, 0.5152000188827515, -0.165630042552948]	[0.1577318161725998, -0.09722515195608139, 0.20818762481212616, 1.1238888502120972, -0.5854642391204834, 0.4816533327102661]	[0.24323762953281403, -0.07312071323394775, 0.1258949637413025]
[-0.6012860536575317, -0.3835419714450836, 0.06745404005050659, 0.7946540117263794, 1.3115280866622925, 0.5152000188827515, -0.165630042552948]	[0.15517351031303406, -0.09395073354244232, 0.21177253127098083, 1.0667967796325684, -0.5949283838272095, 0.5078097581863403]	[0.24142886698246002, -0.06875647604465485, 0.13236814737319946]
[-0.628898024559021, -0.3697359561920166, 0.0122300386428833, 0.7946540117263794, 1.2977221012115479, 0.5152000188827515, -0.165630042552948]	[0.15506328642368317, -0.09080709517002106, 0.21180446445941925, 0.9900474548339844, -0.5735459327697754, 0.5225317478179932]	[0.24142886698246002, -0.06875647604465485, 0.13236814737319946]
[-0.6580440402030945, -0.3528619706630707, -0.03378996253013611, 0.7946540117263794, 1.2915860414505005, 0.5152000188827515, -0.16716404259204865]	[0.1538800299167633, -0.0883566364645958, 0.21328485012054443, 0.9409494400024414, -0.5689923167228699, 0.5373594164848328]	[0.24142886698246002, -0.06875647604465485, 0.13236814737319946]
[-0.6887240409851074, -0.3375219702720642, -0.06753796339035034, 0.7946540117263794, 1.2869840860366821, 0.5152000188827515, -0.165630042552948]	[0.1532931923866272, -0.08554038405418396, 0.21387074887752533, 0.8849826455116272, -0.5552507042884827, 0.5504257082939148]	[0.23798838257789612, -0.06754345446825027, 0.135821133852005]
[-0.7009960412979126, -0.32218196988105774, -0.12122795730829239, 0.7961879968643188, 1.2869840860366821, 0.5155999660491943, -0.1686980426311493]	[0.15500085055828094, -0.08320872485637665, 0.211333766579628, 0.8464255332946777, -0.5243323445320129, 0.552953839302063]	[0.23798838257789612, -0.06754345446825027, 0.135821133852005]
[-0.702530026435852, -0.30990996956825256, -0.15344196557998657, 0.7992559671401978, 1.2869840860366821, 0.5152000188827515, -0.18097004294395447]	[0.15632648766040802, -0.07991308718919754, 0.20844802260398865, 0.8176670670509338, -0.4948296546936035, 0.5658053159713745]	[0.23798838257789612, -0.06754345446825027, 0.135821133852005]
[-0.6994620561599731, -0.28996795415878296, -0.16571396589279175, 0.7992559671401978, 1.2869840860366821, 0.5155999660491943, -0.1947760432958603]	[0.1569969803094864, -0.07714440673589706, 0.2069919854402542, 0.8070887923240662, -0.4807226359844208, 0.577783465385437]	[0.23524479568004608, -0.062070317566394806, 0.13831403851509094]
[-0.6917920708656311, -0.28076398372650146, -0.17491796612739563, 0.8007899522781372, 1.2869840860366821, 0.5152000188827515, -0.20398004353046417]	[0.15813755989074707, -0.07635781168937683, 0.20515237748622894, 0.8075579404830933, -0.4684789478778839, 0.578292965888977]	[0.23524479568004608, -0.062070317566394806, 0.13831403851509094]
[-0.6779860258102417, -0.2792299687862396, -0.17645196616649628, 0.8207319974899292, 1.2869840860366821, 0.5152000188827515, -0.21318404376506805]	[0.15853935480117798, -0.07388091087341309, 0.20116373896598816, 0.8042716383934021, -0.44196072220802307, 0.6007969379425049]	[0.23524479568004608, -0.062070317566394806, 0.13831403851509094]
[-0.6641800403594971, -0.2792299687862396, -0.17645196616649628, 0.8422079682350159, 1.2869840860366821, 0.5155999660491943, -0.21625204384326935]	[0.15910197794437408, -0.07237546890974045, 0.1980801224708557, 0.8060467839241028, -0.4228028655052185, 0.6136301159858704]	[0.23330716788768768, -0.058805957436561584, 0.14301058650016785]
[-0.6519080400466919, -0.2776959538459778, -0.17645196616649628, 0.8483439683914185, 1.2869840860366821, 0.5155999660491943, -0.21932004392147064]	[0.160324826836586, -0.07179010659456253, 0.1955610066652298, 0.8144609928131104, -0.40934470295906067, 0.614836573600769]	[0.23330716788768768, -0.058805957436561584, 0.14301058650016785]
[-0.628898024559021, -0.27616196870803833, -0.17798596620559692, 0.8483439683914185, 1.2869840860366821, 0.5152000188827515, -0.21932004392147064]	[0.16253073513507843, -0.07159309834241867, 0.19171740114688873, 0.8246602416038513, -0.3881654739379883, 0.6094989776611328]	[0.2292717546224594, -0.052879560738801956, 0.15102000534534454]
[-0.5997520685195923, -0.2684919834136963, -0.1902579665184021, 0.8483439683914185, 1.2854501008987427, 0.5155999660491943, -0.21932004392147064]	[0.16546903550624847, -0.06985361874103546, 0.18580235540866852, 0.8291079998016357, -0.3525099456310272, 0.6094141006469727]	[0.2292717546224594, -0.052879560738801956, 0.15102000534534454]
[-0.5736740827560425, -0.2562199831008911, -0.20252996683120728, 0.8483439683914185, 1.2808480262756348, 0.5155999660491943, -0.21932004392147064]	[0.1676333099603653, -0.06758139282464981, 0.18074165284633636, 0.8252445459365845, -0.3210587501525879, 0.6142066121101379]	[0.2292717546224594, -0.052879560738801956, 0.15102000534534454]
[-0.5568000674247742, -0.24394796788692474, -0.2163359671831131, 0.8483439683914185, 1.2762460708618164, 0.5155999660491943, -0.21932004392147064]	[0.16957494616508484, -0.06609758734703064, 0.17628102004528046, 0.8187789916992188, -0.2930837869644165, 0.6146548390388489]	[0.24172575771808624, -0.05607837066054344, 0.14307884871959686]
[-0.544528067111969, -0.2393459677696228, -0.22247196733951569, 0.846809983253479, 1.2762460708618164, 0.5155999660491943, -0.21932004392147064]	[0.17024067044258118, -0.06588584184646606, 0.1747075319290161, 0.8209788799285889, -0.28429266810417175, 0.6137893199920654]	[0.24172575771808624, -0.05607837066054344, 0.14307884871959686]
[-0.5383920669555664, -0.23781196773052216, -0.22247196733951569, 0.846809983253479, 1.271644115447998, 0.5155999660491943, -0.2208540439605713]	[0.17077575623989105, -0.06536204367876053, 0.1732824742794037, 0.8165727853775024, -0.27711817622184753, 0.6155179142951965]	[0.24172575771808624, -0.05607837066054344, 0.14307884871959686]
[-0.5291880369186401, -0.23320996761322021, -0.22400596737861633, 0.8422079682350159, 1.2424980401992798, 0.5155999660491943, -0.22238804399967194]	[0.17270372807979584, -0.06556841731071472, 0.17191271483898163, 0.7925027012825012, -0.273274689912796, 0.6036165356636047]	[0.24956803023815155, -0.05463308468461037, 0.13457565009593964]
[-0.5215180516242981, -0.22707396745681763, -0.22400596737861633, 0.8268679976463318, 1.2286920547485352, 0.5155999660491943, -0.22392204403877258]	[0.1732044667005539, -0.06562190502882004, 0.17077390849590302, 0.7869108319282532, -0.2682212293148041, 0.6026504039764404]	[0.24956803023815155, -0.05463308468461037, 0.13457565009593964]
[-0.513848066329956, -0.22707396745681763, -0.22400596737861633, 0.8268679976463318, 1.221022129058838, 0.5155999660491943, -0.22545604407787323]	[0.17379418015480042, -0.0656670331954956, 0.16937874257564545, 0.7837419509887695, -0.26189982891082764, 0.6014713048934937]	[0.25521954894065857, -0.056912340223789215, 0.12778054177761078]
[-0.4985080361366272, -0.22707396745681763, -0.2101999670267105, 0.8268679976463318, 1.221022129058838, 0.5155999660491943, -0.22545604407787323]	[0.1744726598262787, -0.06531192362308502, 0.1674024611711502, 0.8036816716194153, -0.25700557231903076, 0.6035420894622803]	[0.25521954894065857, -0.056912340223789215, 0.12778054177761078]
[-0.49083805084228516, -0.22707396745681763, -0.20866596698760986, 0.8268679976463318, 1.221022129058838, 0.5155999660491943, -0.22699004411697388]	[0.17478099465370178, -0.06531192362308502, 0.166598841547966, 0.8063796162605286, -0.2532157599925995, 0.6028612852096558]	[0.25521954894065857, -0.056912340223789215, 0.12778054177761078]
[-0.48470205068588257, -0.22707396745681763, -0.20866596698760986, 0.8268679976463318, 1.221022129058838, 0.5155999660491943, -0.22699004411697388]	[0.17508564889431, -0.06531192362308502, 0.16579380631446838, 0.8090722560882568, -0.24942412972450256, 0.6021916270256042]	[0.2582913637161255, -0.0585390105843544, 0.12571591138839722]
[-0.4831680655479431, -0.22707396745681763, -0.20866596698760986, 0.8268679976463318, 1.221022129058838, 0.5155999660491943, -0.22699004411697388]	[0.17508564889431, -0.06531192362308502, 0.16579380631446838, 0.8090722560882568, -0.24942412972450256, 0.6021916270256042]	[0.2582913637161255, -0.0585390105843544, 0.12571591138839722]
[-0.4831680655479431, -0.22707396745681763, -0.20252996683120728, 0.8268679976463318, 1.221022129058838, 0.5155999660491943, -0.22699004411697388]	[0.17464551329612732, -0.06510860472917557, 0.16680686175823212, 0.8137077689170837, -0.2568990886211395, 0.6052030324935913]	[0.2582913637161255, -0.0585390105843544, 0.12571591138839722]
[-0.48470205068588257, -0.22860796749591827, -0.19179196655750275, 0.8268679976463318, 1.221022129058838, 0.5155999660491943, -0.22699004411697388]	[0.1740729659795761, -0.06510232388973236, 0.16821607947349548, 0.8216894865036011, -0.2679109573364258, 0.6080515384674072]	[0.2626790702342987, -0.05953975021839142, 0.12280582636594772]
[-0.48470205068588257, -0.22860796749591827, -0.18105396628379822, 0.8268679976463318, 1.221022129058838, 0.5155999660491943, -0.22699004411697388]	[0.17394790053367615, -0.06497824937105179, 0.16844673454761505, 0.8262728452682495, -0.2708163261413574, 0.6096205115318298]	[0.2626790702342987, -0.05953975021839142, 0.12280582636594772]
[-0.48470205068588257, -0.22860796749591827, -0.17798596620559692, 0.8268679976463318, 1.221022129058838, 0.5155999660491943, -0.22699004411697388]	[0.1738903671503067, -0.06494773179292679, 0.16857123374938965, 0.8271910548210144, -0.27185845375061035, 0.6100706458091736]	[0.2626790702342987, -0.05953975021839142, 0.12280582636594772]
[-0.48470205068588257, -0.22860796749591827, -0.17645196616649628, 0.8268679976463318, 1.221022129058838, 0.5155999660491943, -0.22699004411697388]	[0.17382237315177917, -0.06490912288427353, 0.1687091588973999, 0.8296429514884949, -0.2729009985923767, 0.6105198860168457]	[0.2605568468570709, -0.05957266315817833, 0.12615860998630524]
[-0.48470205068588257, -0.22860796749591827, -0.17491796612739563, 0.8268679976463318, 1.221022129058838, 0.5155999660491943, -0.22699004411697388]	[0.17366933822631836, -0.06488732993602753, 0.1690867692232132, 0.8281123638153076, -0.2752003073692322, 0.6112160682678223]	[0.2605568468570709, -0.05957266315817833, 0.12615860998630524]
[-0.48470205068588257, -0.22860796749591827, -0.17491796612739563, 0.8268679976463318, 1.221022129058838, 0.5155999660491943, -0.22699004411697388]	[0.1737750917673111, -0.06488732993602753, 0.16882029175758362, 0.8290267586708069, -0.2739439308643341, 0.6109681725502014]	[0.2605568468570709, -0.05957266315817833, 0.12615860998630524]
[-0.486236035823822, -0.22860796749591827, -0.17338396608829498, 0.8268679976463318, 1.221022129058838, 0.5155999660491943, -0.22699004411697388]	[0.17371736466884613, -0.06485743820667267, 0.1689448356628418, 0.8299442529678345, -0.27498728036880493, 0.611415684223175]	[0.2578762471675873, -0.059888068586587906, 0.12803523242473602]
[-0.48470205068588257, -0.22860796749591827, -0.17338396608829498, 0.8268679976463318, 1.221022129058838, 0.5155999660491943, -0.22699004411697388]	[0.17371736466884613, -0.06485743820667267, 0.1689448356628418, 0.8299442529678345, -0.27498728036880493, 0.611415684223175]	[0.2578762471675873, -0.059888068586587906, 0.12803523242473602]
[-0.486236035823822, -0.22860796749591827, -0.17338396608829498, 0.8268679976463318, 1.221022129058838, 0.5155999660491943, -0.22699004411697388]	[0.17371736466884613, -0.06485743820667267, 0.1689448356628418, 0.8299442529678345, -0.27498728036880493, 0.611415684223175]	[0.2578762471675873, -0.059888068586587906, 0.12803523242473602]
[-0.48470205068588257, -0.22860796749591827, -0.17491796612739563, 0.8268679976463318, 1.221022129058838, 0.5155999660491943, -0.22699004411697388]	[0.17376470565795898, -0.06487905234098434, 0.16883370280265808, 0.8305606842041016, -0.2739439308643341, 0.6109681725502014]	[0.2565560042858124, -0.05892051383852959, 0.12910977005958557]
[-0.486236035823822, -0.22860796749591827, -0.17491796612739563, 0.8268679976463318, 1.221022129058838, 0.5155999660491943, -0.22699004411697388]	[0.1737750917673111, -0.06488732993602753, 0.16882029175758362, 0.8290267586708069, -0.2739439308643341, 0.6109681725502014]	[0.2565560042858124, -0.05892051383852959, 0.12910977005958557]
[-0.48470205068588257, -0.22860796749591827, -0.17491796612739563, 0.8268679976463318, 1.221022129058838, 0.5155999660491943, -0.22699004411697388]	[0.1737750917673111, -0.06488732993602753, 0.16882029175758362, 0.8290267586708069, -0.2739439308643341, 0.6109681725502014]	[0.2565560042858124, -0.05892051383852959, 0.12910977005958557]
[-0.48470205068588257, -0.22860796749591827, -0.17338396608829498, 0.8268679976463318, 1.221022129058838, 0.5155999660491943, -0.22699004411697388]	[0.17371736466884613, -0.06485743820667267, 0.1689448356628418, 0.8299442529678345, -0.27498728036880493, 0.611415684223175]	[0.2574783265590668, -0.05913432314991951, 0.1291486769914627]
[-0.48470205068588257, -0.22860796749591827, -0.17338396608829498, 0.8268679976463318, 1.221022129058838, 0.5155999660491943, -0.22699004411697388]	[0.17371736466884613, -0.06485743820667267, 0.1689448356628418, 0.8299442529678345, -0.27498728036880493, 0.611415684223175]	[0.2574783265590668, -0.05913432314991951, 0.1291486769914627]
[-0.48470205068588257, -0.22860796749591827, -0.17338396608829498, 0.8268679976463318, 1.221022129058838, 0.5155999660491943, -0.22699004411697388]	[0.1737750917673111, -0.06488732993602753, 0.16882029175758362, 0.8290267586708069, -0.2739439308643341, 0.6109681725502014]	[0.259247750043869, -0.059425488114356995, 0.12870287895202637]
[-0.48470205068588257, -0.22860796749591827, -0.17338396608829498, 0.8268679976463318, 1.221022129058838, 0.5155999660491943, -0.22699004411697388]	[0.17366933822631836, -0.06488732993602753, 0.1690867692232132, 0.8281123638153076, -0.2752003073692322, 0.6112160682678223]	[0.259247750043869, -0.059425488114356995, 0.12870287895202637]
[-0.48470205068588257, -0.22860796749591827, -0.17491796612739563, 0.8268679976463318, 1.221022129058838, 0.5155999660491943, -0.22699004411697388]	[0.1737750917673111, -0.06488732993602753, 0.16882029175758362, 0.8290267586708069, -0.2739439308643341, 0.6109681725502014]	[0.259247750043869, -0.059425488114356995, 0.12870287895202637]
[-0.48470205068588257, -0.22860796749591827, -0.17491796612739563, 0.8268679976463318, 1.221022129058838, 0.5155999660491943, -0.22699004411697388]	[0.17371736466884613, -0.06485743820667267, 0.1689448356628418, 0.8299442529678345, -0.27498728036880493, 0.611415684223175]	[0.259247750043869, -0.059425488114356995, 0.12870287895202637]
[-0.48470205068588257, -0.22860796749591827, -0.17491796612739563, 0.8268679976463318, 1.221022129058838, 0.5155999660491943, -0.22699004411697388]	[0.17366933822631836, -0.06488732993602753, 0.1690867692232132, 0.8281123638153076, -0.2752003073692322, 0.6112160682678223]	[0.259247750043869, -0.059425488114356995, 0.12870287895202637]
[-0.48470205068588257, -0.22860796749591827, -0.17338396608829498, 0.8268679976463318, 1.221022129058838, 0.5155999660491943, -0.22699004411697388]	[0.1737750917673111, -0.06488732993602753, 0.16882029175758362, 0.8290267586708069, -0.2739439308643341, 0.6109681725502014]	[0.25937411189079285, -0.059453532099723816, 0.1292266696691513]
