[1.2364460229873657, -0.28076398372650146, -0.026119962334632874, 0.12582996487617493, 1.6275321245193481, 0.5080000162124634, -0.06592004001140594]	[0.0692371129989624, -0.14690087735652924, -0.09928455203771591, 1.1800020933151245, 1.2064955234527588, -0.44806692004203796]	[0.2954522371292114, -0.03569124639034271, 0.12122035026550293]
[1.2364460229873657, -0.28076398372650146, -0.026119962334632874, 0.12582996487617493, 1.6275321245193481, 0.5080000162124634, -0.06592004001140594]	[0.06921929121017456, -0.14690031111240387, -0.09929077327251434, 1.1784679889678955, 1.2064955234527588, -0.44806692004203796]	[0.2954522371292114, -0.03569124639034271, 0.12122035026550293]
[1.2364460229873657, -0.28076398372650146, -0.02765396237373352, 0.12582996487617493, 1.6259980201721191, 0.5080000162124634, -0.06592004001140594]	[0.06921929121017456, -0.14690031111240387, -0.09929077327251434, 1.1784679889678955, 1.2064955234527588, -0.44806692004203796]	[0.2954522371292114, -0.03569124639034271, 0.12122035026550293]
[1.2364460229873657, -0.28076398372650146, -0.026119962334632874, 0.12582996487617493, 1.6275321245193481, 0.5080000162124634, -0.0643860399723053]	[0.0692371129989624, -0.14690087735652924, -0.09928455203771591, 1.1800020933151245, 1.2064955234527588, -0.44806692004203796]	[0.2954522371292114, -0.03569124639034271, 0.12122035026550293]
[1.2364460229873657, -0.28076398372650146, -0.026119962334632874, 0.12582996487617493, 1.6259980201721191, 0.5080000162124634, -0.06592004001140594]	[0.06928601861000061, -0.14625339210033417, -0.09942534565925598, 1.187359094619751, 1.2077407836914062, -0.4401843249797821]	[0.2954522371292114, -0.03569124639034271, 0.12122035026550293]
[1.2364460229873657, -0.27309396862983704, -0.026119962334632874, 0.12582996487617493, 1.6275321245193481, 0.5080000162124634, -0.06592004001140594]	[0.06938187777996063, -0.1449570655822754, -0.09970127046108246, 1.202226996421814, 1.2101688385009766, -0.4242655634880066]	[0.2954522371292114, -0.03569124639034271, 0.12122035026550293]
[1.2364460229873657, -0.2684919834136963, -0.026119962334632874, 0.12582996487617493, 1.6275321245193481, 0.5080000162124634, -0.0643860399723053]	[0.06952076405286789, -0.14300929009914398, -0.1001010611653328, 1.2249083518981934, 1.2136516571044922, -0.4000087082386017]	[0.2954522371292114, -0.03569124639034271, 0.12122035026550293]
[1.2364460229873657, -0.25315195322036743, -0.02765396237373352, 0.12582996487617493, 1.6275321245193481, 0.5080000162124634, -0.0643860399723053]	[0.06980383396148682, -0.1381235122680664, -0.10103963315486908, 1.2818251848220825, 1.221670389175415, -0.3376469612121582]	[0.2954522371292114, -0.03569124639034271, 0.12122035026550293]
[1.2364460229873657, -0.23781196773052216, -0.02305196225643158, 0.12582996487617493, 1.6290661096572876, 0.5080000162124634, -0.0643860399723053]	[0.06972505897283554, -0.1377982348203659, -0.10113178193569183, 1.2943788766860962, 1.222688913345337, -0.33382976055145264]	[0.2954522371292114, -0.03569124639034271, 0.12122035026550293]
[1.2379800081253052, -0.251617968082428, -0.019983962178230286, 0.12582996487617493, 1.630600094795227, 0.5080000162124634, -0.06592004001140594]	[0.06977066397666931, -0.14268657565116882, -0.10008673369884491, 1.2404013872146606, 1.2133246660232544, -0.3948637843132019]	[0.2954522371292114, -0.03569124639034271, 0.12122035026550293]
[1.2272419929504395, -0.27309396862983704, -0.013847962021827698, 0.12582996487617493, 1.6352020502090454, 0.5080000162124634, -0.0643860399723053]	[0.07237260043621063, -0.14805415272712708, -0.09791460633277893, 1.207063913345337, 1.1897881031036377, -0.4459320306777954]	[0.2954522371292114, -0.03569124639034271, 0.12122035026550293]
[1.2119020223617554, -0.3145119547843933, -4.1961669921875e-05, 0.12429595738649368, 1.6382701396942139, 0.5080000162124634, -0.0643860399723053]	[0.07473631948232651, -0.15660452842712402, -0.09469830989837646, 1.155155897140503, 1.1577410697937012, -0.5247601270675659]	[0.2954522371292114, -0.03569124639034271, 0.12122035026550293]
[1.2011640071868896, -0.3574639558792114, 0.021434038877487183, 0.12429595738649368, 1.6428720951080322, 0.5080000162124634, -0.0643860399723053]	[0.07619261741638184, -0.16774539649486542, -0.0904177725315094, 1.100445032119751, 1.119100570678711, -0.6194688081741333]	[0.2954522371292114, -0.03569124639034271, 0.12122035026550293]
[1.1919599771499634, -0.42035797238349915, 0.04751203954219818, 0.12276195734739304, 1.6658821105957031, 0.5080000162124634, -0.0643860399723053]	[0.07753995060920715, -0.18213452398777008, -0.083961121737957, 1.0678144693374634, 1.065308928489685, -0.7251197695732117]	[0.2954522371292114, -0.03569124639034271, 0.12122035026550293]
[1.1842899322509766, -0.48631995916366577, 0.07512404024600983, 0.12276195734739304, 1.704232096672058, 0.5080000162124634, -0.0643860399723053]	[0.07667282223701477, -0.19523490965366364, -0.07777762413024902, 1.0412801504135132, 1.0184998512268066, -0.818423867225647]	[0.2954522371292114, -0.03569124639034271, 0.12122035026550293]
[1.1735520362854004, -0.5737580060958862, 0.09966804087162018, 0.12276195734739304, 1.730310082435608, 0.5080000162124634, -0.0643860399723053]	[0.0773070752620697, -0.20878632366657257, -0.06939470022916794, 1.036189317703247, 0.9571227431297302, -0.8897685408592224]	[0.2954522371292114, -0.03569124639034271, 0.12122035026550293]
[1.152076005935669, -0.630515992641449, 0.11194004118442535, 0.12276195734739304, 1.7410480976104736, 0.5080000162124634, -0.0643860399723053]	[0.07859252393245697, -0.21924495697021484, -0.06146468222141266, 1.0354686975479126, 0.9017645120620728, -0.9309825301170349]	[0.2954522371292114, -0.03569124639034271, 0.12122035026550293]
[1.1428719758987427, -0.6842060089111328, 0.12421204149723053, 0.12276195734739304, 1.7962720394134521, 0.5080000162124634, -0.0643860399723053]	[0.07759066671133041, -0.22945037484169006, -0.05381811782717705, 1.0656038522720337, 0.8541703224182129, -0.9815414547920227]	[0.2954522371292114, -0.03569124639034271, 0.12122035026550293]
[1.1259980201721191, -0.7455660104751587, 0.14722204208374023, 0.12276195734739304, 1.8361561298370361, 0.5080000162124634, -0.0643860399723053]	[0.07836505770683289, -0.23996487259864807, -0.043786827474832535, 1.1042662858963013, 0.7922102808952332, -1.0153169631958008]	[0.2954522371292114, -0.03569124639034271, 0.12122035026550293]
[1.0845799446105957, -0.808459997177124, 0.17483404278755188, 0.12429595738649368, 1.8514961004257202, 0.5080000162124634, -0.06285203993320465]	[0.08150569349527359, -0.24997533857822418, -0.03123786486685276, 1.1555835008621216, 0.7171187996864319, -1.0275371074676514]	[0.2954522371292114, -0.03569124639034271, 0.12122035026550293]
[1.017084002494812, -0.8667519688606262, 0.20091204345226288, 0.12429595738649368, 1.8545640707015991, 0.5080000162124634, -0.0643860399723053]	[0.08960641920566559, -0.2592668831348419, -0.013719955459237099, 1.2578836679458618, 0.6157018542289734, -1.009594440460205]	[0.2954522371292114, -0.03569124639034271, 0.12122035026550293]
[0.8682860136032104, -0.9296460151672363, 0.21011604368686676, 0.12429595738649368, 1.8545640707015991, 0.5080000162124634, -0.061318039894104004]	[0.1021466925740242, -0.2688898742198944, 0.01436610333621502, 1.426358699798584, 0.4613669812679291, -0.9715762138366699]	[0.2954522371292114, -0.03569124639034271, 0.12122035026550293]
[0.6105740070343018, -0.989471971988678, 0.2085820436477661, 0.12736396491527557, 1.8545640707015991, 0.5080000162124634, -0.06285203993320465]	[0.11383993923664093, -0.27379485964775085, 0.044506870210170746, 1.6202900409698486, 0.30248990654945374, -0.9273029565811157]	[0.2954522371292114, -0.03569124639034271, 0.12122035026550293]
[0.39121198654174805, -0.9940739870071411, 0.20704804360866547, 0.12736396491527557, 1.8545640707015991, 0.5080000162124634, -0.06285203993320465]	[0.1221747100353241, -0.27378785610198975, 0.0666167363524437, 1.7708463668823242, 0.18741784989833832, -0.8903181552886963]	[0.2954522371292114, -0.03569124639034271, 0.12122035026550293]
[0.2623559832572937, -0.9925400018692017, 0.20398004353046417, 0.12736396491527557, 1.8545640707015991, 0.5080000162124634, -0.061318039894104004]	[0.12507952749729156, -0.27365586161613464, 0.07929448038339615, 1.8499460220336914, 0.12237823754549026, -0.8763518929481506]	[0.2954522371292114, -0.03569124639034271, 0.12122035026550293]
[0.14730596542358398, -0.9864040017127991, 0.20398004353046417, 0.1411699652671814, 1.8545640707015991, 0.5080000162124634, -0.061318039894104004]	[0.1311453878879547, -0.27007314562797546, 0.09677716344594955, 1.9587067365646362, 0.0322297029197216, -0.8359763622283936]	[0.2954522371292114, -0.03569124639034271, 0.12122035026550293]
[0.013847962021827698, -0.9480539560317993, 0.20551404356956482, 0.13963596522808075, 1.8530300855636597, 0.5080000162124634, -0.061318039894104004]	[0.13799114525318146, -0.2636641263961792, 0.11824546754360199, 2.0764474868774414, -0.07730123400688171, -0.7909409403800964]	[0.2954522371292114, -0.03569124639034271, 0.12122035026550293]
[-0.14415404200553894, -0.8928300142288208, 0.20551404356956482, 0.13963596522808075, 1.8514961004257202, 0.5080000162124634, -0.061318039894104004]	[0.14381720125675201, -0.25474560260772705, 0.13975442945957184, 2.1699769496917725, -0.18573999404907227, -0.7422555088996887]	[0.2954522371292114, -0.03569124639034271, 0.12122035026550293]
[-0.2745440602302551, -0.8191980123519897, 0.20551404356956482, 0.1411699652671814, 1.8468940258026123, 0.5080000162124634, -0.061318039894104004]	[0.14836092293262482, -0.24418599903583527, 0.1586289405822754, 2.228734254837036, -0.28110530972480774, -0.6895427107810974]	[0.2954522371292114, -0.03569124639034271, 0.12122035026550293]
[-0.3297680616378784, -0.7793139815330505, 0.20244604349136353, 0.14883996546268463, 1.8361561298370361, 0.5080000162124634, -0.061318039894104004]	[0.15152378380298615, -0.23923476040363312, 0.1619800478219986, 2.227762460708618, -0.2989579141139984, -0.6578213572502136]	[0.2954522371292114, -0.03569124639034271, 0.12122035026550293]
[-0.335904061794281, -0.7409639954566956, 0.20244604349136353, 0.15190796554088593, 1.8330880403518677, 0.5080000162124634, -0.061318039894104004]	[0.15703727304935455, -0.23196004331111908, 0.16390405595302582, 2.210306167602539, -0.3084329068660736, -0.6106258034706116]	[0.2954522371292114, -0.03569124639034271, 0.12122035026550293]
[-0.33437004685401917, -0.7056819796562195, 0.17943604290485382, 0.17491796612739563, 1.8315540552139282, 0.5080000162124634, -0.06285203993320465]	[0.16328507661819458, -0.22206123173236847, 0.1660335212945938, 2.161888837814331, -0.322066992521286, -0.5406622886657715]	[0.2954522371292114, -0.03569124639034271, 0.12122035026550293]
[-0.33437004685401917, -0.6627299785614014, 0.15182404220104218, 0.20252996683120728, 1.8315540552139282, 0.5080000162124634, -0.06285203993320465]	[0.16926424205303192, -0.21162857115268707, 0.167770653963089, 2.1178414821624756, -0.3323124945163727, -0.4698082208633423]	[0.2954522371292114, -0.03569124639034271, 0.12122035026550293]
[-0.335904061794281, -0.6228460073471069, 0.12728004157543182, 0.22707396745681763, 1.8284860849380493, 0.5080000162124634, -0.06285203993320465]	[0.1744336485862732, -0.20135490596294403, 0.1688280701637268, 2.0658605098724365, -0.3384634554386139, -0.39952391386032104]	[0.2954522371292114, -0.03569124639034271, 0.12122035026550293]
[-0.335904061794281, -0.5875639915466309, 0.09966804087162018, 0.2562199831008911, 1.822350025177002, 0.5080000162124634, -0.06285203993320465]	[0.17856021225452423, -0.19164083898067474, 0.1699243038892746, 2.021590232849121, -0.3442762494087219, -0.33423861861228943]	[0.2954522371292114, -0.03569124639034271, 0.12122035026550293]
[-0.34357404708862305, -0.5461459755897522, 0.07512404024600983, 0.2792299687862396, 1.8177480697631836, 0.5080000162124634, -0.06285203993320465]	[0.1812656968832016, -0.18273374438285828, 0.17252588272094727, 1.9796308279037476, -0.3569282293319702, -0.2777844965457916]	[0.2954522371292114, -0.03569124639034271, 0.12122035026550293]
[-0.3573800325393677, -0.5216019749641418, 0.05671603977680206, 0.28689998388290405, 1.8131461143493652, 0.5080000162124634, -0.06285203993320465]	[0.18294328451156616, -0.17571958899497986, 0.17542695999145508, 1.9442349672317505, -0.37008219957351685, -0.23758450150489807]	[0.2954522371292114, -0.03569124639034271, 0.12122035026550293]
[-0.3773220479488373, -0.48938798904418945, 0.035240039229393005, 0.28689998388290405, 1.8116121292114258, 0.5080000162124634, -0.06592004001140594]	[0.1833484023809433, -0.17093290388584137, 0.1792343407869339, 1.921173095703125, -0.38722673058509827, -0.21407528221607208]	[0.2954522371292114, -0.03569124639034271, 0.12122035026550293]
[-0.4080020487308502, -0.467911958694458, 0.01836603879928589, 0.28689998388290405, 1.8085440397262573, 0.5080000162124634, -0.06745404005050659]	[0.18221311271190643, -0.16657449305057526, 0.18548430502414703, 1.9046286344528198, -0.41852623224258423, -0.19332323968410492]	[0.32951807975769043, -0.0388433076441288, 0.0517670176923275]
[-0.43254604935646057, -0.4587079882621765, 0.01836603879928589, 0.28689998388290405, 1.8085440397262573, 0.5080000162124634, -0.07512404024600983]	[0.18020489811897278, -0.16564767062664032, 0.1903417557477951, 1.9080171585083008, -0.44449394941329956, -0.19056355953216553]	[0.32951807975769043, -0.0388433076441288, 0.0517670176923275]
[-0.4601580500602722, -0.4571739733219147, 0.01836603879928589, 0.28689998388290405, 1.8085440397262573, 0.5080000162124634, -0.08126004040241241]	[0.17762349545955658, -0.16471943259239197, 0.19596901535987854, 1.9122167825698853, -0.47501111030578613, -0.18830658495426178]	[0.3188330829143524, -0.04398830235004425, 0.0692274421453476]
[-0.49697405099868774, -0.44336795806884766, 0.01836603879928589, 0.28689998388290405, 1.8085440397262573, 0.5080000162124634, -0.087396040558815]	[0.175639346241951, -0.1609925478696823, 0.20195293426513672, 1.9087142944335938, -0.5067502856254578, -0.17043189704418182]	[0.3188330829143524, -0.04398830235004425, 0.0692274421453476]
[-0.5215180516242981, -0.41728997230529785, 0.01836603879928589, 0.28689998388290405, 1.7947380542755127, 0.5080000162124634, -0.09199804067611694]	[0.17468293011188507, -0.15627171099185944, 0.20629756152629852, 1.888908863067627, -0.5297532677650452, -0.14595231413841248]	[0.3188330829143524, -0.04398830235004425, 0.0692274421453476]
[-0.5460620522499084, -0.3866099715232849, 0.015298038721084595, 0.28689998388290405, 1.7793980836868286, 0.5080000162124634, -0.09506604075431824]	[0.17392976582050323, -0.14895260334014893, 0.21115809679031372, 1.847081184387207, -0.5546578764915466, -0.10654687136411667]	[0.30926039814949036, -0.05131620541214943, 0.0864187628030777]
[-0.5644700527191162, -0.34519195556640625, -0.009245961904525757, 0.28689998388290405, 1.7732620239257812, 0.5080000162124634, -0.09813404083251953]	[0.17448626458644867, -0.13707217574119568, 0.2150122970342636, 1.7743886709213257, -0.5691843628883362, -0.04013130068778992]	[0.30926039814949036, -0.05131620541214943, 0.0864187628030777]
[-0.5844120383262634, -0.29610395431518555, -0.035323962569236755, 0.28689998388290405, 1.7671260833740234, 0.5080000162124634, -0.113474041223526]	[0.1745014190673828, -0.1302911937236786, 0.21706780791282654, 1.7314484119415283, -0.576617419719696, -0.0020683035254478455]	[0.2710111141204834, -0.05287060886621475, 0.12002736330032349]
[-0.5997520685195923, -0.26388996839523315, -0.06446996331214905, 0.28689998388290405, 1.765592098236084, 0.5080000162124634, -0.13034804165363312]	[0.1740095019340515, -0.12382633984088898, 0.21938052773475647, 1.6799184083938599, -0.5845456123352051, 0.03416815027594566]	[0.2710111141204834, -0.05287060886621475, 0.12002736330032349]
[-0.6135580539703369, -0.23781196773052216, -0.0890139639377594, 0.28689998388290405, 1.7609901428222656, 0.5080000162124634, -0.14722204208374023]	[0.1734352558851242, -0.1176919937133789, 0.22136899828910828, 1.6268218755722046, -0.5912365317344666, 0.06867388635873795]	[0.2710111141204834, -0.05287060886621475, 0.12002736330032349]
[-0.628898024559021, -0.21480196714401245, -0.1181599572300911, 0.28689998388290405, 1.7594560384750366, 0.5080000162124634, -0.16102804243564606]	[0.1726759374141693, -0.11335965991020203, 0.22299635410308838, 1.586137294769287, -0.596500813961029, 0.09392331540584564]	[0.27196651697158813, -0.05817313492298126, 0.120760478079319]
[-0.6396360397338867, -0.19179196655750275, -0.14730596542358398, 0.2884339690208435, 1.7594560384750366, 0.5080000162124634, -0.17483404278755188]	[0.17267464101314545, -0.10857859998941422, 0.2235136479139328, 1.5432584285736084, -0.5949565768241882, 0.12036479264497757]	[0.27196651697158813, -0.05817313492298126, 0.120760478079319]
[-0.6457720398902893, -0.1672479659318924, -0.16878196597099304, 0.28689998388290405, 1.7579220533370972, 0.5080000162124634, -0.19017404317855835]	[0.1728745996952057, -0.10331767052412033, 0.22366240620613098, 1.5037848949432373, -0.5914311408996582, 0.14845818281173706]	[0.27196651697158813, -0.05817313492298126, 0.120760478079319]
[-0.6473060846328735, -0.1411699652671814, -0.18872396647930145, 0.2884339690208435, 1.7594560384750366, 0.5080000162124634, -0.20551404356956482]	[0.17342549562454224, -0.09711796790361404, 0.22294344007968903, 1.4566624164581299, -0.582097589969635, 0.18258287012577057]	[0.27196651697158813, -0.05817313492298126, 0.120760478079319]
[-0.6503740549087524, -0.1150919571518898, -0.2194039672613144, 0.2884339690208435, 1.7579220533370972, 0.5080000162124634, -0.21932004392147064]	[0.1734788715839386, -0.09241361916065216, 0.22276604175567627, 1.4142853021621704, -0.5768799781799316, 0.20761047303676605]	[0.27196651697158813, -0.05817313492298126, 0.120760478079319]
[-0.6595780849456787, -0.09054796397686005, -0.2500839829444885, 0.2884339690208435, 1.7579220533370972, 0.5080000162124634, -0.23005804419517517]	[0.17300473153591156, -0.08810848742723465, 0.2231941819190979, 1.3692612648010254, -0.5748668909072876, 0.23050357401371002]	[0.27196651697158813, -0.05817313492298126, 0.120760478079319]
[-0.6626460552215576, -0.07367396354675293, -0.28383195400238037, 0.2884339690208435, 1.7548540830612183, 0.5080000162124634, -0.23005804419517517]	[0.17341987788677216, -0.08448777347803116, 0.22229622304439545, 1.32687246799469, -0.5660648941993713, 0.2483987957239151]	[0.23895615339279175, -0.049527186900377274, 0.1464976966381073]
[-0.6626460552215576, -0.050663962960243225, -0.3053079843521118, 0.2884339690208435, 1.7563880681991577, 0.5080000162124634, -0.23005804419517517]	[0.1729954481124878, -0.07816532254219055, 0.22184228897094727, 1.2762187719345093, -0.5577238202095032, 0.28383752703666687]	[0.23895615339279175, -0.049527186900377274, 0.1464976966381073]
[-0.6718500852584839, -0.030721962451934814, -0.3283179700374603, 0.3114439845085144, 1.7533200979232788, 0.5080000162124634, -0.23005804419517517]	[0.17200011014938354, -0.07362232357263565, 0.22118104994297028, 1.2379207611083984, -0.5472993850708008, 0.3203445076942444]	[0.23895615339279175, -0.049527186900377274, 0.1464976966381073]
[-0.6887240409851074, -0.024585962295532227, -0.355929970741272, 0.3728039860725403, 1.7410480976104736, 0.5080000162124634, -0.23159204423427582]	[0.17005372047424316, -0.068028025329113, 0.21966545283794403, 1.1643707752227783, -0.5253885984420776, 0.3761690557003021]	[0.22608718276023865, -0.044219061732292175, 0.15576083958148956]
[-0.7086660861968994, -0.024585962295532227, -0.3820079565048218, 0.41728997230529785, 1.7379801273345947, 0.5080000162124634, -0.23159204423427582]	[0.1668524295091629, -0.06352400034666061, 0.2198684811592102, 1.106745719909668, -0.5124228596687317, 0.42557358741760254]	[0.22608718276023865, -0.044219061732292175, 0.15576083958148956]
[-0.7332100868225098, -0.026119962334632874, -0.3958139717578888, 0.46637797355651855, 1.722640037536621, 0.5080000162124634, -0.23159204423427582]	[0.16399705410003662, -0.059292253106832504, 0.2190089225769043, 1.038893699645996, -0.4929974377155304, 0.4732923209667206]	[0.22644320130348206, -0.04226869344711304, 0.15704689919948578]
[-0.7500840425491333, -0.029187962412834167, -0.41728997230529785, 0.5093299746513367, 1.6934940814971924, 0.5080000162124634, -0.23159204423427582]	[0.1629212647676468, -0.05784124508500099, 0.21806572377681732, 0.9844792485237122, -0.48001980781555176, 0.49260374903678894]	[0.22644320130348206, -0.04226869344711304, 0.15704689919948578]
[-0.7638900279998779, -0.03378996253013611, -0.4356979727745056, 0.5476799607276917, 1.6628141403198242, 0.5080000162124634, -0.23159204423427582]	[0.161550834774971, -0.05570020526647568, 0.2161901593208313, 0.9203740358352661, -0.4581550657749176, 0.5203437805175781]	[0.22644320130348206, -0.04226869344711304, 0.15704689919948578]
[-0.7700260877609253, -0.0368579626083374, -0.4541059732437134, 0.5906319618225098, 1.6428720951080322, 0.5080000162124634, -0.23159204423427582]	[0.16165807843208313, -0.05380436033010483, 0.21211130917072296, 0.8720802068710327, -0.4231545031070709, 0.5418151617050171]	[0.22619906067848206, -0.039906345307826996, 0.15747934579849243]
[-0.7700260877609253, -0.039925962686538696, -0.4740479588508606, 0.6167099475860596, 1.630600094795227, 0.5080000162124634, -0.23159204423427582]	[0.16229166090488434, -0.052872780710458755, 0.20889441668987274, 0.8396410942077637, -0.39705780148506165, 0.5503053665161133]	[0.22619906067848206, -0.039906345307826996, 0.15747934579849243]
[-0.7684920430183411, -0.039925962686538696, -0.4878539741039276, 0.6197779774665833, 1.6167941093444824, 0.5080000162124634, -0.23159204423427582]	[0.1627453863620758, -0.053212475031614304, 0.2083984613418579, 0.8209133744239807, -0.39392316341400146, 0.5468747019767761]	[0.22619906067848206, -0.039906345307826996, 0.15747934579849243]
[-0.7669580578804016, -0.039925962686538696, -0.5016599893569946, 0.6197779774665833, 1.6045221090316772, 0.5080000162124634, -0.23159204423427582]	[0.16486439108848572, -0.05397869646549225, 0.20557722449302673, 0.8048040866851807, -0.3766188621520996, 0.5356968641281128]	[0.2275729775428772, -0.03826696798205376, 0.1559397429227829]
[-0.7500840425491333, -0.039925962686538696, -0.5246700048446655, 0.6274479627609253, 1.6029881238937378, 0.5080000162124634, -0.23159204423427582]	[0.1670539379119873, -0.053558848798274994, 0.20090864598751068, 0.7934683561325073, -0.345320463180542, 0.5336127281188965]	[0.2275729775428772, -0.03826696798205376, 0.1559397429227829]
[-0.7347440719604492, -0.039925962686538696, -0.5292719602584839, 0.6412539482116699, 1.6029881238937378, 0.5080000162124634, -0.23159204423427582]	[0.16840443015098572, -0.05310063064098358, 0.19742760062217712, 0.7990992665290833, -0.32426443696022034, 0.5366137623786926]	[0.2336660772562027, -0.04147372767329216, 0.15019147098064423]
[-0.7209380865097046, -0.039925962686538696, -0.5292719602584839, 0.6458559632301331, 1.6029881238937378, 0.5080000162124634, -0.23159204423427582]	[0.16935203969478607, -0.05287027731537819, 0.19536438584327698, 0.8041777610778809, -0.3128332197666168, 0.5370503664016724]	[0.2336660772562027, -0.04147372767329216, 0.15019147098064423]
[-0.7055980563163757, -0.039925962686538696, -0.5308059453964233, 0.6458559632301331, 1.6029881238937378, 0.5080000162124634, -0.23159204423427582]	[0.17101380228996277, -0.05281015485525131, 0.1923121213912964, 0.8150506019592285, -0.297653466463089, 0.5347785353660583]	[0.2336660772562027, -0.04147372767329216, 0.15019147098064423]
[-0.6841220855712891, -0.039925962686538696, -0.5308059453964233, 0.6458559632301331, 1.5937840938568115, 0.5080000162124634, -0.23159204423427582]	[0.17303435504436493, -0.052642665803432465, 0.188399538397789, 0.8137973546981812, -0.2780129015445709, 0.5322993397712708]	[0.2384251207113266, -0.044190920889377594, 0.1478072851896286]
[-0.6672480702400208, -0.039925962686538696, -0.533873975276947, 0.6458559632301331, 1.575376033782959, 0.5080000162124634, -0.23159204423427582]	[0.17446838319301605, -0.05286744236946106, 0.1856907308101654, 0.8020856976509094, -0.26478737592697144, 0.5290125608444214]	[0.2384251207113266, -0.044190920889377594, 0.1478072851896286]
[-0.6503740549087524, -0.0368579626083374, -0.533873975276947, 0.6458559632301331, 1.5492980480194092, 0.5080000162124634, -0.23159204423427582]	[0.17645613849163055, -0.05288509279489517, 0.18174226582050323, 0.7820419073104858, -0.246830016374588, 0.5264731645584106]	[0.2384251207113266, -0.044190920889377594, 0.1478072851896286]
[-0.6350340843200684, -0.03225596249103546, -0.533873975276947, 0.6458559632301331, 1.5262880325317383, 0.5080000162124634, -0.23159204423427582]	[0.17716491222381592, -0.05215105041861534, 0.17981134355068207, 0.7629084587097168, -0.2375013828277588, 0.5296120643615723]	[0.25306981801986694, -0.04622454196214676, 0.13828936219215393]
[-0.6258300542831421, -0.03225596249103546, -0.533873975276947, 0.6443219780921936, 1.4971420764923096, 0.5080000162124634, -0.23159204423427582]	[0.1780817210674286, -0.05235954001545906, 0.17792606353759766, 0.7370036244392395, -0.22955577075481415, 0.5285070538520813]	[0.25306981801986694, -0.04622454196214676, 0.13828936219215393]
[-0.6150920391082764, -0.03225596249103546, -0.533873975276947, 0.6443219780921936, 1.4618600606918335, 0.5083999633789062, -0.23159204423427582]	[0.17933867871761322, -0.05258675292134285, 0.17520248889923096, 0.7119191884994507, -0.2176278531551361, 0.5269261002540588]	[0.25306981801986694, -0.04622454196214676, 0.13828936219215393]
[-0.6028200387954712, -0.03225596249103546, -0.533873975276947, 0.6443219780921936, 1.4557241201400757, 0.5083999633789062, -0.23159204423427582]	[0.18011562526226044, -0.052339375019073486, 0.17318472266197205, 0.710538923740387, -0.20790912210941315, 0.5271848440170288]	[0.2705945074558258, -0.04782621189951897, 0.12805567681789398]
[-0.5951500535011292, -0.029187962412834167, -0.533873975276947, 0.6443219780921936, 1.4541900157928467, 0.5087999701499939, -0.23159204423427582]	[0.18038882315158844, -0.05169377848505974, 0.17208509147167206, 0.7132796049118042, -0.2024221569299698, 0.5300266146659851]	[0.2705945074558258, -0.04782621189951897, 0.12805567681789398]
[-0.5752080678939819, -0.029187962412834167, -0.5185339450836182, 0.6412539482116699, 1.4541900157928467, 0.5139999985694885, -0.23159204423427582]	[0.18122221529483795, -0.05159657821059227, 0.17017289996147156, 0.7342323064804077, -0.19719067215919495, 0.5307980179786682]	[0.2830864489078522, -0.049133025109767914, 0.12209721654653549]
[-0.5736740827560425, -0.030721962451934814, -0.5077959895133972, 0.638185977935791, 1.4541900157928467, 0.5155999660491943, -0.23159204423427582]	[0.18114034831523895, -0.05205055698752403, 0.1710052341222763, 0.7428234815597534, -0.20419380068778992, 0.5292470455169678]	[0.2830864489078522, -0.049133025109767914, 0.12209721654653549]
[-0.5782760381698608, -0.039925962686538696, -0.4970579743385315, 0.638185977935791, 1.4541900157928467, 0.5155999660491943, -0.23159204423427582]	[0.18083643913269043, -0.053920596837997437, 0.17284171283245087, 0.7552280426025391, -0.21710528433322906, 0.5230663418769836]	[0.2830864489078522, -0.049133025109767914, 0.12209721654653549]
[-0.5798100233078003, -0.04452796280384064, -0.48631995916366577, 0.638185977935791, 1.4541900157928467, 0.5155999660491943, -0.23159204423427582]	[0.18050792813301086, -0.053572800010442734, 0.17337164282798767, 0.7618376016616821, -0.22131437063217163, 0.5266665816307068]	[0.29811426997184753, -0.04929954558610916, 0.11746474355459213]
[-0.5798100233078003, -0.04452796280384064, -0.481717973947525, 0.638185977935791, 1.4541900157928467, 0.5155999660491943, -0.23159204423427582]	[0.1803429275751114, -0.053401049226522446, 0.17363755404949188, 0.7651388645172119, -0.22342757880687714, 0.5284572839736938]	[0.29811426997184753, -0.04929954558610916, 0.11746474355459213]
[-0.5798100233078003, -0.04452796280384064, -0.4801839590072632, 0.638185977935791, 1.4541900157928467, 0.5155999660491943, -0.23159204423427582]	[0.18034492433071136, -0.05363750457763672, 0.17376373708248138, 0.7669833302497864, -0.22455693781375885, 0.5276038646697998]	[0.29811426997184753, -0.04929954558610916, 0.11746474355459213]
[-0.5798100233078003, -0.04452796280384064, -0.4801839590072632, 0.6397199630737305, 1.4541900157928467, 0.5155999660491943, -0.23159204423427582]	[0.18023265898227692, -0.05328734964132309, 0.17381516098976135, 0.7673385143280029, -0.22483958303928375, 0.5296475887298584]	[0.28299620747566223, -0.05165420100092888, 0.12387829273939133]
[-0.5798100233078003, -0.04452796280384064, -0.47864997386932373, 0.638185977935791, 1.4541900157928467, 0.5155999660491943, -0.23159204423427582]	[0.18023265898227692, -0.05328734964132309, 0.17381516098976135, 0.7673385143280029, -0.22483958303928375, 0.5296475887298584]	[0.28299620747566223, -0.05165420100092888, 0.12387829273939133]
[-0.5798100233078003, -0.04452796280384064, -0.47864997386932373, 0.638185977935791, 1.4541900157928467, 0.5155999660491943, -0.23159204423427582]	[0.18023265898227692, -0.05328734964132309, 0.17381516098976135, 0.7673385143280029, -0.22483958303928375, 0.5296475887298584]	[0.26554298400878906, -0.050065137445926666, 0.13378039002418518]
[-0.5782760381698608, -0.04452796280384064, -0.47864997386932373, 0.638185977935791, 1.4541900157928467, 0.5155999660491943, -0.23159204423427582]	[0.18023265898227692, -0.05328734964132309, 0.17381516098976135, 0.7673385143280029, -0.22483958303928375, 0.5296475887298584]	[0.26554298400878906, -0.050065137445926666, 0.13378039002418518]
[-0.5782760381698608, -0.04452796280384064, -0.47864997386932373, 0.638185977935791, 1.4541900157928467, 0.5155999660491943, -0.23159204423427582]	[0.18023265898227692, -0.05328734964132309, 0.17381516098976135, 0.7673385143280029, -0.22483958303928375, 0.5296475887298584]	[0.26554298400878906, -0.050065137445926666, 0.13378039002418518]
[-0.5798100233078003, -0.04452796280384064, -0.47864997386932373, 0.638185977935791, 1.4541900157928467, 0.5155999660491943, -0.23159204423427582]	[0.1802906095981598, -0.05323074385523796, 0.1736276000738144, 0.7692336440086365, -0.2242230921983719, 0.5300642251968384]	[0.26554298400878906, -0.050065137445926666, 0.13378039002418518]
