[0.5507479906082153, -0.05833396315574646, 2.139888048171997, 1.0999200344085693, 1.2701101303100586, 0.22920000553131104, -0.05211403965950012] [0.1706123650074005, -0.17075730860233307, 0.1062689796090126, -2.9899444580078125, -0.45261919498443604, -0.5428176522254944] [0.990032970905304, -0.3634016513824463, -0.5467314720153809]
[0.5507479906082153, -0.05833396315574646, 2.139888048171997, 1.0999200344085693, 1.2701101303100586, 0.22920000553131104, -0.05211403965950012] [0.17060253024101257, -0.17075730860233307, 0.10653070360422134, -2.989062786102295, -0.45393258333206177, -0.5432037711143494] [0.990032970905304, -0.3634016513824463, -0.5467314720153809]
[0.5507479906082153, -0.05833396315574646, 2.139888048171997, 1.0999200344085693, 1.2701101303100586, 0.22920000553131104, -0.05211403965950012] [0.17060253024101257, -0.17075730860233307, 0.10653070360422134, -2.989062786102295, -0.45393258333206177, -0.5432037711143494] [0.990032970905304, -0.3634016513824463, -0.5467314720153809]
[0.5507479906082153, -0.05833396315574646, 2.139888048171997, 1.0999200344085693, 1.2701101303100586, 0.22920000553131104, -0.05211403965950012] [0.1706123650074005, -0.17075730860233307, 0.1062689796090126, -2.9899444580078125, -0.45261919498443604, -0.5428176522254944] [0.990032970905304, -0.3634016513824463, -0.5467314720153809]
[0.5507479906082153, -0.05833396315574646, 2.139888048171997, 1.1014540195465088, 1.2701101303100586, 0.22920000553131104, -0.05211403965950012] [0.17060253024101257, -0.17075730860233307, 0.10653070360422134, -2.989062786102295, -0.45393258333206177, -0.5432037711143494] [0.990032970905304, -0.3634016513824463, -0.5467314720153809]
[0.5507479906082153, -0.05833396315574646, 2.139888048171997, 1.0999200344085693, 1.2701101303100586, 0.22920000553131104, -0.05211403965950012] [0.1706123650074005, -0.17075730860233307, 0.1062689796090126, -2.9899444580078125, -0.45261919498443604, -0.5428176522254944] [0.990032970905304, -0.3634016513824463, -0.5467314720153809]
[0.5492140054702759, -0.05833396315574646, 2.139888048171997, 1.0999200344085693, 1.2701101303100586, 0.22920000553131104, -0.05211403965950012] [0.17060253024101257, -0.17075730860233307, 0.10653070360422134, -2.989062786102295, -0.45393258333206177, -0.5432037711143494] [0.990032970905304, -0.3634016513824463, -0.5467314720153809]
[0.5507479906082153, -0.05833396315574646, 2.1322181224823, 1.0999200344085693, 1.271644115447998, 0.22920000553131104, -0.05211403965950012] [0.17059525847434998, -0.17056088149547577, 0.10634376108646393, -2.9888532161712646, -0.4535839259624481, -0.5425917506217957] [0.990032970905304, -0.3634016513824463, -0.5467314720153809]
[0.5507479906082153, -0.05679996311664581, 2.1276161670684814, 1.0999200344085693, 1.2701101303100586, 0.22920000553131104, -0.05211403965950012] [0.17059525847434998, -0.17056088149547577, 0.10634376108646393, -2.9888532161712646, -0.4535839259624481, -0.5425917506217957] [0.990032970905304, -0.3634016513824463, -0.5467314720153809]
[0.5507479906082153, -0.05679996311664581, 2.1306841373443604, 1.109123945236206, 1.2701101303100586, 0.22920000553131104, -0.05211403965950012] [0.16911494731903076, -0.1710253208875656, 0.10850744694471359, -2.9837803840637207, -0.473147451877594, -0.5534180998802185] [0.990032970905304, -0.3634016513824463, -0.5467314720153809]
[0.533873975276947, -0.0629359632730484, 2.1322181224823, 1.1259980201721191, 1.2578380107879639, 0.22920000553131104, -0.050580039620399475] [0.167776957154274, -0.17247940599918365, 0.11332427710294724, -2.9844532012939453, -0.5010330677032471, -0.5697858333587646] [0.990032970905304, -0.3634016513824463, -0.5467314720153809]
[0.49859195947647095, -0.07827596366405487, 2.1306841373443604, 1.1259980201721191, 1.254770040512085, 0.22920000553131104, -0.04904603958129883] [0.1662367284297943, -0.1739291250705719, 0.1210215836763382, -2.9664852619171143, -0.541153073310852, -0.5910478234291077] [0.990032970905304, -0.3634016513824463, -0.5467314720153809]
[0.4510379731655121, -0.08134396374225616, 2.129150152206421, 1.1336679458618164, 1.254770040512085, 0.22920000553131104, -0.04904603958129883] [0.16391639411449432, -0.17421507835388184, 0.1315436065196991, -2.924356460571289, -0.5974475741386414, -0.6183142066001892] [0.990032970905304, -0.3634016513824463, -0.5467314720153809]
[0.37126997113227844, -0.08134396374225616, 2.1276161670684814, 1.1367360353469849, 1.254770040512085, 0.22920000553131104, -0.04751203954219818] [0.16025231778621674, -0.1742296814918518, 0.14633126556873322, -2.8567686080932617, -0.6714400053024292, -0.6590762138366699] [0.990032970905304, -0.3634016513824463, -0.5467314720153809]
[0.2424139678478241, -0.08134396374225616, 2.126082181930542, 1.1367360353469849, 1.254770040512085, 0.22920000553131104, -0.045978039503097534] [0.14986254274845123, -0.17402026057243347, 0.1734880805015564, -2.702305316925049, -0.8040899634361267, -0.7618213891983032] [0.990032970905304, -0.3634016513824463, -0.5467314720153809]
[0.10281995683908463, -0.07980996370315552, 2.126082181930542, 1.1367360353469849, 1.254770040512085, 0.22920000553131104, -0.045978039503097534] [0.1445649266242981, -0.17402026057243347, 0.18342819809913635, -2.631570816040039, -0.8517233729362488, -0.8139433264732361] [0.990032970905304, -0.3634016513824463, -0.5467314720153809]
[0.061401963233947754, -0.05986796319484711, 2.1046061515808105, 1.132133960723877, 1.2655080556869507, 0.23000000417232513, -0.04751203954219818] [0.14352941513061523, -0.17070408165454865, 0.1885971575975418, -2.580103874206543, -0.8737014532089233, -0.8181552886962891] [0.990032970905304, -0.3634016513824463, -0.5467314720153809]
[0.0368579626083374, -0.050663962960243225, 2.0478479862213135, 1.132133960723877, 1.2670420408248901, 0.23000000417232513, -0.04904603958129883] [0.14231276512145996, -0.16579118371009827, 0.19352152943611145, -2.6158089637756348, -0.9194486737251282, -0.7867113351821899] [0.990032970905304, -0.3634016513824463, -0.5467314720153809]
[0.030721962451934814, -0.08134396374225616, 1.8760401010513306, 1.132133960723877, 1.2609061002731323, 0.23000000417232513, -0.04751203954219818] [0.14207245409488678, -0.14680099487304688, 0.20139069855213165, -2.975674629211426, -1.0511648654937744, -0.5185819864273071] [0.990032970905304, -0.3634016513824463, -0.5467314720153809]
[0.03839196264743805, -0.09668396413326263, 1.5999200344085693, 1.1213959455490112, 1.2593721151351929, 0.23000000417232513, -0.04904603958129883] [0.1469365656375885, -0.1174522414803505, 0.20126979053020477, 2.7018961906433105, -1.0766243934631348, 0.015650292858481407] [0.990032970905304, -0.3634016513824463, -0.5467314720153809]
[0.04145996272563934, -0.09821796417236328, 1.4618600606918335, 1.1183279752731323, 1.2593721151351929, 0.23000000417232513, -0.04904603958129883] [0.14839230477809906, -0.11024294048547745, 0.19948600232601166, 2.5816214084625244, -1.058911919593811, 0.12961125373840332] [0.990032970905304, -0.3634016513824463, -0.5467314720153809]
[0.04759596288204193, -0.09054796397686005, 1.4495880603790283, 1.113726019859314, 1.2578380107879639, 0.23000000417232513, -0.04904603958129883] [0.15005961060523987, -0.10722911357879639, 0.19800488650798798, 2.5459282398223877, -1.0404497385025024, 0.1665242463350296] [0.990032970905304, -0.3634016513824463, -0.5467314720153809]
[0.04912996292114258, -0.07213996350765228, 1.4204421043395996, 1.1106579303741455, 1.2578380107879639, 0.23000000417232513, -0.04904603958129883] [0.1490889936685562, -0.10291069000959396, 0.19936653971672058, 2.5117859840393066, -1.048549771308899, 0.2140304148197174] [0.990032970905304, -0.3634016513824463, -0.5467314720153809]
[0.04299396276473999, -0.06907196342945099, 1.4081701040267944, 1.1106579303741455, 1.2578380107879639, 0.23000000417232513, -0.04904603958129883] [0.15067049860954285, -0.10162381827831268, 0.19680868089199066, 2.495260715484619, -1.03007173538208, 0.22885923087596893] [0.990032970905304, -0.3634016513824463, -0.5467314720153809]
[0.06753796339035034, -0.08134396374225616, 1.4035680294036865, 1.1106579303741455, 1.2501680850982666, 0.23000000417232513, -0.04751203954219818] [0.15278813242912292, -0.10430947691202164, 0.1930650770664215, 2.488616943359375, -1.00634765625, 0.20702652633190155] [0.990032970905304, -0.3634016513824463, -0.5467314720153809]
[0.09361596405506134, -0.09514996409416199, 1.3943641185760498, 1.1106579303741455, 1.2455661296844482, 0.23000000417232513, -0.04751203954219818] [0.1557251513004303, -0.10308103263378143, 0.18799807131290436, 2.459130048751831, -0.9702718257904053, 0.22200728952884674] [0.990032970905304, -0.3634016513824463, -0.5467314720153809]
[0.13043196499347687, -0.09668396413326263, 1.3498780727386475, 1.1075899600982666, 1.231760025024414, 0.23000000417232513, -0.04751203954219818] [0.1595175862312317, -0.09828707575798035, 0.18087293207645416, 2.3907358646392822, -0.9163587093353271, 0.27223047614097595] [0.990032970905304, -0.3634016513824463, -0.5467314720153809]
[0.16571396589279175, -0.11969395726919174, 1.2348281145095825, 1.0953179597854614, 1.231760025024414, 0.23000000417232513, -0.04751203954219818] [0.16433671116828918, -0.08968423306941986, 0.16877563297748566, 2.2145252227783203, -0.8082388639450073, 0.3910220265388489] [0.990032970905304, -0.3634016513824463, -0.5467314720153809]
[0.20866596698760986, -0.15650996565818787, 1.1136420965194702, 1.093783974647522, 1.231760025024414, 0.23000000417232513, -0.04751203954219818] [0.16767369210720062, -0.08634822815656662, 0.15787555277347565, 2.1311521530151367, -0.7238314747810364, 0.4339139759540558] [0.990032970905304, -0.3634016513824463, -0.5467314720153809]
[0.22400596737861633, -0.16571396589279175, 1.0967680215835571, 1.093783974647522, 1.2286920547485352, 0.23000000417232513, -0.04751203954219818] [0.16802430152893066, -0.08473347872495651, 0.15625107288360596, 2.1045966148376465, -0.708088755607605, 0.45063549280166626] [0.990032970905304, -0.3634016513824463, -0.5467314720153809]
[0.22400596737861633, -0.16571396589279175, 1.0476800203323364, 1.070773959159851, 1.2225561141967773, 0.23000000417232513, -0.04904603958129883] [0.17164553701877594, -0.07902596145868301, 0.14900486171245575, 2.03554105758667, -0.6300593018531799, 0.48765403032302856] [0.990032970905304, -0.3634016513824463, -0.5467314720153809]
[0.22707396745681763, -0.1641799658536911, 0.9663780927658081, 1.0293560028076172, 1.221022129058838, 0.23000000417232513, -0.04751203954219818] [0.17382961511611938, -0.07615471631288528, 0.14459681510925293, 2.012817144393921, -0.5871910452842712, 0.49871957302093506] [0.990032970905304, -0.3634016513824463, -0.5467314720153809]
[0.22247196733951569, -0.16571396589279175, 0.9633100628852844, 1.0293560028076172, 1.221022129058838, 0.23000000417232513, -0.04751203954219818] [0.17358262836933136, -0.0760248601436615, 0.14536084234714508, 2.0046796798706055, -0.5896279811859131, 0.5027491450309753] [0.990032970905304, -0.3634016513824463, -0.5467314720153809]
[0.23167596757411957, -0.16264596581459045, 0.9234260320663452, 1.0293560028076172, 1.2194880247116089, 0.23000000417232513, -0.04751203954219818] [0.17417749762535095, -0.071969173848629, 0.1394491046667099, 1.9778486490249634, -0.5486809611320496, 0.5301929116249084] [0.990032970905304, -0.3634016513824463, -0.5467314720153809]
[0.2424139678478241, -0.15957796573638916, 0.8513280749320984, 1.0293560028076172, 1.2194880247116089, 0.23000000417232513, -0.04904603958129883] [0.17383329570293427, -0.06521888077259064, 0.132884681224823, 1.907885193824768, -0.4910798668861389, 0.5867109298706055] [0.990032970905304, -0.3634016513824463, -0.5467314720153809]
[0.24854996800422668, -0.14730596542358398, 0.8206480741500854, 1.0293560028076172, 1.2148860692977905, 0.23000000417232513, -0.04751203954219818] [0.1733066290616989, -0.062381114810705185, 0.13260991871356964, 1.9014972448349, -0.49009713530540466, 0.6028133630752563] [0.990032970905304, -0.3634016513824463, -0.5467314720153809]
[0.23320996761322021, -0.14577196538448334, 0.837522029876709, 1.0293560028076172, 1.213352084159851, 0.23000000417232513, -0.04904603958129883] [0.1733935922384262, -0.06394661962985992, 0.13394789397716522, 1.8995810747146606, -0.4971882998943329, 0.5951905846595764] [0.990032970905304, -0.3634016513824463, -0.5467314720153809]
[0.24701596796512604, -0.15344196557998657, 0.8237160444259644, 1.0293560028076172, 1.2118180990219116, 0.23000000417232513, -0.04751203954219818] [0.17415857315063477, -0.06452108919620514, 0.13000352680683136, 1.8952378034591675, -0.4738047420978546, 0.58979332447052] [0.990032970905304, -0.3634016513824463, -0.5467314720153809]
[0.26082196831703186, -0.1611119657754898, 0.8206480741500854, 1.0293560028076172, 1.2102841138839722, 0.23000000417232513, -0.04751203954219818] [0.17470896244049072, -0.06551019102334976, 0.12781096994876862, 1.901367425918579, -0.46270719170570374, 0.581095814704895] [0.990032970905304, -0.3634016513824463, -0.5467314720153809]
[0.27002596855163574, -0.17491796612739563, 0.8206480741500854, 1.0293560028076172, 1.2102841138839722, 0.23000000417232513, -0.04751203954219818] [0.17549264430999756, -0.0677400603890419, 0.12527695298194885, 1.9062340259552002, -0.44909489154815674, 0.5656555891036987] [0.990032970905304, -0.3634016513824463, -0.5467314720153809]
[0.29610395431518555, -0.1841219663619995, 0.8206480741500854, 1.0293560028076172, 1.2102841138839722, 0.23000000417232513, -0.04751203954219818] [0.17626625299453735, -0.06873299181461334, 0.12063747644424438, 1.91986882686615, -0.4260586202144623, 0.5540011525154114] [0.990032970905304, -0.3634016513824463, -0.5467314720153809]
[0.3114439845085144, -0.18565596640110016, 0.8221820592880249, 1.0293560028076172, 1.2118180990219116, 0.23000000417232513, -0.04904603958129883] [0.17634664475917816, -0.06848465651273727, 0.11956934630870819, 1.9238437414169312, -0.42108502984046936, 0.5538290143013] [0.990032970905304, -0.3634016513824463, -0.5467314720153809]
[0.3114439845085144, -0.1841219663619995, 0.8206480741500854, 1.0293560028076172, 1.2102841138839722, 0.23000000417232513, -0.04751203954219818] [0.17634664475917816, -0.06848465651273727, 0.11956934630870819, 1.9238437414169312, -0.42108502984046936, 0.5538290143013] [0.990032970905304, -0.3634016513824463, -0.5467314720153809]
[0.3114439845085144, -0.1841219663619995, 0.8206480741500854, 1.0293560028076172, 1.2102841138839722, 0.23000000417232513, -0.04751203954219818] [0.1763973981142044, -0.06875989586114883, 0.1201188713312149, 1.9338760375976562, -0.42719924449920654, 0.5493764281272888] [0.990032970905304, -0.3634016513824463, -0.5467314720153809]
[0.31297796964645386, -0.17951996624469757, 0.837522029876709, 1.0293560028076172, 1.2102841138839722, 0.23000000417232513, -0.04904603958129883] [0.17653773725032806, -0.0690343976020813, 0.12048347294330597, 1.939605712890625, -0.43035510182380676, 0.5455521941184998] [0.990032970905304, -0.3634016513824463, -0.5467314720153809]
[0.31297796964645386, -0.17951996624469757, 0.837522029876709, 1.0278220176696777, 1.2102841138839722, 0.23000000417232513, -0.04904603958129883] [0.17650608718395233, -0.0690343976020813, 0.12075424939393997, 1.9387294054031372, -0.4316662847995758, 0.545918345451355] [0.990032970905304, -0.3634016513824463, -0.5467314720153809]
[0.3114439845085144, -0.17798596620559692, 0.837522029876709, 1.0278220176696777, 1.2102841138839722, 0.23000000417232513, -0.04904603958129883] [0.17646361887454987, -0.06878644227981567, 0.12076792120933533, 1.939171552658081, -0.43191060423851013, 0.5471934676170349] [0.990032970905304, -0.3634016513824463, -0.5467314720153809]
[0.30990996956825256, -0.17491796612739563, 0.826784074306488, 1.0216859579086304, 1.2102841138839722, 0.23000000417232513, -0.04751203954219818] [0.17668558657169342, -0.06757670640945435, 0.11990364640951157, 1.9333471059799194, -0.423017680644989, 0.553045928478241] [0.990032970905304, -0.3634016513824463, -0.5467314720153809]
[0.3083759546279907, -0.17184996604919434, 0.8221820592880249, 1.0232199430465698, 1.1995460987091064, 0.23000000417232513, -0.04904603958129883] [0.17644082009792328, -0.06697379052639008, 0.1202351525425911, 1.9199022054672241, -0.4249155521392822, 0.558219850063324] [0.990032970905304, -0.3634016513824463, -0.5467314720153809]
[0.3083759546279907, -0.17184996604919434, 0.8298520445823669, 1.0216859579086304, 1.198012113571167, 0.23000000417232513, -0.04751203954219818] [0.17680321633815765, -0.06780413538217545, 0.119807168841362, 1.9292446374893188, -0.4255373775959015, 0.5488276481628418] [0.990032970905304, -0.3634016513824463, -0.5467314720153809]
[0.30684196949005127, -0.17184996604919434, 0.8451920747756958, 1.0216859579086304, 1.198012113571167, 0.23000000417232513, -0.04904603958129883] [0.1767585724592209, -0.0689200758934021, 0.12254411727190018, 1.9360588788986206, -0.4431174695491791, 0.5413726568222046] [0.990032970905304, -0.3634016513824463, -0.5467314720153809]
[0.31297796964645386, -0.17184996604919434, 0.8344540596008301, 1.0216859579086304, 1.198012113571167, 0.23000000417232513, -0.04751203954219818] [0.1768333911895752, -0.06780413538217545, 0.11953593045473099, 1.93012273311615, -0.4242284893989563, 0.5484656691551208] [0.990032970905304, -0.3634016513824463, -0.5467314720153809]
[0.3145119547843933, -0.17184996604919434, 0.8344540596008301, 1.0216859579086304, 1.1949440240859985, 0.23000000417232513, -0.04751203954219818] [0.1768227517604828, -0.06767462939023972, 0.11939193308353424, 1.9258596897125244, -0.4232548475265503, 0.5494245290756226] [0.990032970905304, -0.3634016513824463, -0.5467314720153809]
[0.31297796964645386, -0.17184996604919434, 0.8313860893249512, 1.020151972770691, 1.181138038635254, 0.23000000417232513, -0.04904603958129883] [0.17692774534225464, -0.06754910200834274, 0.11929042637348175, 1.9089614152908325, -0.4225654602050781, 0.5494883060455322] [0.990032970905304, -0.3634016513824463, -0.5467314720153809]
[0.3083759546279907, -0.1672479659318924, 0.8313860893249512, 1.017084002494812, 1.1673320531845093, 0.23000000417232513, -0.04751203954219818] [0.17721965909004211, -0.06618431955575943, 0.12001041322946548, 1.896894931793213, -0.424670934677124, 0.5527511239051819] [0.990032970905304, -0.3634016513824463, -0.5467314720153809]
[0.30377396941185, -0.14883996546268463, 0.8344540596008301, 0.99714195728302, 1.155060052871704, 0.23000000417232513, -0.04904603958129883] [0.17817606031894684, -0.0640694797039032, 0.11955965310335159, 1.89901602268219, -0.41891446709632874, 0.5521425008773804] [0.990032970905304, -0.3634016513824463, -0.5467314720153809]
[0.3007059693336487, -0.12582996487617493, 0.837522029876709, 0.9725979566574097, 1.1489241123199463, 0.23000000417232513, -0.04904603958129883] [0.1792069971561432, -0.0607120543718338, 0.11910469084978104, 1.9091167449951172, -0.4113987386226654, 0.5551132559776306] [0.990032970905304, -0.3634016513824463, -0.5467314720153809]
[0.29303598403930664, -0.08287796378135681, 0.837522029876709, 0.9373160004615784, 1.13972008228302, 0.23000000417232513, -0.04904603958129883] [0.18014675378799438, -0.05535095930099487, 0.11856266856193542, 1.9169672727584839, -0.40080657601356506, 0.565735399723053] [0.990032970905304, -0.3634016513824463, -0.5467314720153809]
[0.28383195400238037, -0.03839196264743805, 0.8390560746192932, 0.9020339846611023, 1.1289820671081543, 0.23000000417232513, -0.04904603958129883] [0.1801890879869461, -0.0477062352001667, 0.11797171831130981, 1.9228448867797852, -0.3914185166358948, 0.5886580944061279] [0.990032970905304, -0.3634016513824463, -0.5467314720153809]
[0.28076398372650146, 0.02296803891658783, 0.837522029876709, 0.8728879690170288, 1.1151760816574097, 0.23000000417232513, -0.050580039620399475] [0.17941509187221527, -0.03826290741562843, 0.1167285218834877, 1.9310481548309326, -0.37788262963294983, 0.6206027865409851] [0.990032970905304, -0.3634016513824463, -0.5467314720153809]
[0.28076398372650146, 0.08432804048061371, 0.8344540596008301, 0.8483439683914185, 1.0998361110687256, 0.23000000417232513, -0.050580039620399475] [0.17715515196323395, -0.0285795945674181, 0.11609441787004471, 1.9343361854553223, -0.3725869059562683, 0.6605912446975708] [0.990032970905304, -0.3634016513824463, -0.5467314720153809]
[0.28076398372650146, 0.14108604192733765, 0.8252500295639038, 0.8376059532165527, 1.0921660661697388, 0.23000000417232513, -0.050580039620399475] [0.1737646907567978, -0.019513210281729698, 0.11554741859436035, 1.92833411693573, -0.36809730529785156, 0.708602249622345] [0.990032970905304, -0.3634016513824463, -0.5467314720153809]
[0.28383195400238037, 0.1886400431394577, 0.799172043800354, 0.8376059532165527, 1.0890980958938599, 0.23000000417232513, -0.050580039620399475] [0.16834783554077148, -0.008585238829255104, 0.11416845768690109, 1.9084575176239014, -0.3592867851257324, 0.7763111591339111] [0.990032970905304, -0.3634016513824463, -0.5467314720153809]
[0.28689998388290405, 0.23619404435157776, 0.7546860575675964, 0.8376059532165527, 1.0860300064086914, 0.23000000417232513, -0.04904603958129883] [0.16441978514194489, -0.0016365735791623592, 0.11201857775449753, 1.8783053159713745, -0.3427988290786743, 0.8254551291465759] [0.990032970905304, -0.3634016513824463, -0.5467314720153809]
[0.2853659689426422, 0.2500000596046448, 0.7117340564727783, 0.8422079682350159, 1.0875641107559204, 0.23000000417232513, -0.050580039620399475] [0.1612425446510315, 0.0021979226730763912, 0.11013966053724289, 1.848512887954712, -0.3308700621128082, 0.8634241223335266] [0.990032970905304, -0.3634016513824463, -0.5467314720153809]
[0.2915019690990448, 0.2530680298805237, 0.687190055847168, 0.8621499538421631, 1.0875641107559204, 0.2303999960422516, -0.04904603958129883] [0.15865744650363922, 0.004594709258526564, 0.10893529653549194, 1.8289474248886108, -0.3258458375930786, 0.8915667533874512] [0.990032970905304, -0.3634016513824463, -0.5467314720153809]
[0.29610395431518555, 0.2607380449771881, 0.6595780849456787, 0.8820919990539551, 1.0890980958938599, 0.2303999960422516, -0.04904603958129883] [0.15556421875953674, 0.007120559457689524, 0.10766267031431198, 1.8102755546569824, -0.3215427100658417, 0.9238258004188538] [0.990032970905304, -0.3634016513824463, -0.5467314720153809]
[0.30377396941185, 0.2607380449771881, 0.6319660544395447, 0.9158399701118469, 1.0890980958938599, 0.2303999960422516, -0.04904603958129883] [0.15176475048065186, 0.009015565738081932, 0.10726109147071838, 1.784705638885498, -0.3248884975910187, 0.9622686505317688] [0.990032970905304, -0.3634016513824463, -0.5467314720153809]
[0.3053079843521118, 0.2530680298805237, 0.6135580539703369, 0.9480539560317993, 1.0890980958938599, 0.2303999960422516, -0.04904603958129883] [0.14924407005310059, 0.008943635039031506, 0.10742390900850296, 1.7608617544174194, -0.3308091461658478, 0.9883536696434021] [0.990032970905304, -0.3634016513824463, -0.5467314720153809]
[0.3053079843521118, 0.2346600443124771, 0.5936160683631897, 0.9879379868507385, 1.0906320810317993, 0.2303999960422516, -0.04904603958129883] [0.14633162319660187, 0.008445828221738338, 0.1079079732298851, 1.7333747148513794, -0.33878231048583984, 1.0185904502868652] [0.990032970905304, -0.3634016513824463, -0.5467314720153809]
[0.3053079843521118, 0.22238804399967194, 0.5706060528755188, 1.0278220176696777, 1.0906320810317993, 0.2303999960422516, -0.04904603958129883] [0.142944797873497, 0.008780105970799923, 0.10809601843357086, 1.7054367065429688, -0.3438217043876648, 1.0532214641571045] [0.990032970905304, -0.3634016513824463, -0.5467314720153809]
[0.3053079843521118, 0.20704804360866547, 0.5475960373878479, 1.0738420486450195, 1.0998361110687256, 0.23000000417232513, -0.04904603958129883] [0.13908781111240387, 0.008161638863384724, 0.10835056751966476, 1.6800789833068848, -0.3493540585041046, 1.0925235748291016] [0.990032970905304, -0.3634016513824463, -0.5467314720153809]
[0.3267839550971985, 0.18710604310035706, 0.5215180516242981, 1.1259980201721191, 1.1289820671081543, 0.2303999960422516, -0.04904603958129883] [0.13468009233474731, 0.007833877578377724, 0.10348930209875107, 1.7120001316070557, -0.3352705240249634, 1.1271201372146606] [0.990032970905304, -0.3634016513824463, -0.5467314720153809]
[0.355929970741272, 0.17023204267024994, 0.49697405099868774, 1.1735520362854004, 1.1489241123199463, 0.2303999960422516, -0.04751203954219818] [0.1314636468887329, 0.006890913937240839, 0.10079410672187805, 1.7164400815963745, -0.32692229747772217, 1.1538785696029663] [0.990032970905304, -0.3634016513824463, -0.5467314720153809]
[0.363599956035614, 0.1456880420446396, 0.4770320653915405, 1.2134360074996948, 1.162730097770691, 0.2303999960422516, -0.04751203954219818] [0.1285783350467682, 0.004952871706336737, 0.09959917515516281, 1.7067604064941406, -0.3197080194950104, 1.1818100214004517] [0.990032970905304, -0.3634016513824463, -0.5467314720153809]
[0.363599956035614, 0.10887204110622406, 0.4371480345726013, 1.279397964477539, 1.193410038948059, 0.23360000550746918, -0.04751203954219818] [0.12477380037307739, 0.001868341350927949, 0.09821665287017822, 1.6960731744766235, -0.30754488706588745, 1.2183732986450195] [0.990032970905304, -0.3634016513824463, -0.5467314720153809]
[0.363599956035614, 0.05825003981590271, 0.4034000635147095, 1.3346220254898071, 1.221022129058838, 0.23360000550746918, -0.04751203954219818] [0.12200293689966202, -0.0013952406588941813, 0.09668084979057312, 1.6897255182266235, -0.2929685413837433, 1.2432464361190796] [0.990032970905304, -0.3634016513824463, -0.5467314720153809]
[0.363599956035614, 0.013764038681983948, 0.38652604818344116, 1.3837100267410278, 1.2424980401992798, 0.23360000550746918, -0.04751203954219818] [0.12007830291986465, -0.005444951821118593, 0.09580416977405548, 1.6868242025375366, -0.28341132402420044, 1.2573895454406738] [0.990032970905304, -0.3634016513824463, -0.5467314720153809]
[0.363599956035614, -0.03225596249103546, 0.3650500476360321, 1.4358659982681274, 1.2701101303100586, 0.23360000550746918, -0.04904603958129883] [0.11729226261377335, -0.010095736011862755, 0.09470495581626892, 1.6901274919509888, -0.2700042724609375, 1.2766066789627075] [0.990032970905304, -0.3634016513824463, -0.5467314720153809]
[0.363599956035614, -0.07060596346855164, 0.34971004724502563, 1.4742159843444824, 1.2885180711746216, 0.23360000550746918, -0.04904603958129883] [0.11624135076999664, -0.013104517944157124, 0.09404576569795609, 1.6920976638793945, -0.261476069688797, 1.2809680700302124] [0.990032970905304, -0.3634016513824463, -0.5467314720153809]
[0.363599956035614, -0.1181599572300911, 0.33130204677581787, 1.5294400453567505, 1.3084601163864136, 0.23360000550746918, -0.04904603958129883] [0.11337800323963165, -0.01759670302271843, 0.09295766800642014, 1.6900005340576172, -0.24749727547168732, 1.2970129251480103] [0.990032970905304, -0.3634016513824463, -0.5467314720153809]
[0.36513397097587585, -0.1703159660100937, 0.32056403160095215, 1.5708580017089844, 1.328402042388916, 0.23360000550746918, -0.04904603958129883] [0.11581878364086151, -0.022685999050736427, 0.09082766622304916, 1.7065556049346924, -0.224058598279953, 1.262336254119873] [0.990032970905304, -0.3634016513824463, -0.5467314720153809]
[0.36820197105407715, -0.20713196694850922, 0.31749606132507324, 1.5969359874725342, 1.3437421321868896, 0.23360000550746918, -0.04904603958129883] [0.11843681335449219, -0.02713960036635399, 0.08948177844285965, 1.7198917865753174, -0.20714201033115387, 1.2269504070281982] [0.990032970905304, -0.3634016513824463, -0.5467314720153809]
[0.3697359561920166, -0.24087996780872345, 0.3159620463848114, 1.6092079877853394, 1.3590821027755737, 0.23360000550746918, -0.04751203954219818] [0.12037810683250427, -0.030669717118144035, 0.08872275054454803, 1.7296006679534912, -0.19536839425563812, 1.1996822357177734] [0.990032970905304, -0.3634016513824463, -0.5467314720153809]
[0.3697359561920166, -0.2715599536895752, 0.31442803144454956, 1.6107419729232788, 1.3759560585021973, 0.23360000550746918, -0.045978039503097534] [0.12222622334957123, -0.034186262637376785, 0.08839692175388336, 1.7426122426986694, -0.187075674533844, 1.1726908683776855] [0.990032970905304, -0.3634016513824463, -0.5467314720153809]
[0.36820197105407715, -0.30377396941185, 0.3159620463848114, 1.6107419729232788, 1.3943641185760498, 0.23360000550746918, -0.045978039503097534] [0.1240842416882515, -0.03794348984956741, 0.08828392624855042, 1.755242109298706, -0.17902636528015137, 1.1445832252502441] [0.990032970905304, -0.3634016513824463, -0.5467314720153809]
[0.3666679859161377, -0.3344539701938629, 0.322098046541214, 1.6107419729232788, 1.4173741340637207, 0.23360000550746918, -0.045978039503097534] [0.12603096663951874, -0.04209909960627556, 0.08851702511310577, 1.7722446918487549, -0.1743341088294983, 1.1132138967514038] [0.990032970905304, -0.3634016513824463, -0.5467314720153809]
[0.3666679859161377, -0.37740597128868103, 0.33130204677581787, 1.6107419729232788, 1.4357820749282837, 0.23639999330043793, -0.045978039503097534] [0.12846975028514862, -0.047880999743938446, 0.08873753249645233, 1.7869174480438232, -0.16738051176071167, 1.0702736377716064] [0.990032970905304, -0.3634016513824463, -0.5467314720153809]
[0.36820197105407715, -0.4157559871673584, 0.3389720320701599, 1.6122759580612183, 1.4557241201400757, 0.23639999330043793, -0.045978039503097534] [0.13040407001972198, -0.052887994796037674, 0.08946552127599716, 1.7995792627334595, -0.1660214364528656, 1.0333225727081299] [0.990032970905304, -0.3634016513824463, -0.5467314720153809]
[0.36820197105407715, -0.4541059732437134, 0.35431206226348877, 1.6122759580612183, 1.4741320610046387, 0.23600000143051147, -0.04751203954219818] [0.13251866400241852, -0.05909479781985283, 0.09045729041099548, 1.8134862184524536, -0.16613033413887024, 0.9878352880477905] [0.990032970905304, -0.3634016513824463, -0.5467314720153809]
[0.3697359561920166, -0.49552398920059204, 0.3711860477924347, 1.6107419729232788, 1.4879380464553833, 0.23639999330043793, -0.04904603958129883] [0.13391153514385223, -0.06363003700971603, 0.0915445014834404, 1.8202972412109375, -0.17117732763290405, 0.9542355537414551] [0.990032970905304, -0.3634016513824463, -0.5467314720153809]
[0.37433797121047974, -0.5323399901390076, 0.39879804849624634, 1.6107419729232788, 1.4894720315933228, 0.23479999601840973, -0.04904603958129883] [0.13577376306056976, -0.0706690177321434, 0.09349315613508224, 1.8207050561904907, -0.18302015960216522, 0.9021552801132202] [0.990032970905304, -0.3634016513824463, -0.5467314720153809]
[0.3804739713668823, -0.5599519610404968, 0.4233420491218567, 1.6076740026474, 1.4894720315933228, 0.23440000414848328, -0.04904603958129883] [0.13668732345104218, -0.07436452805995941, 0.0953647792339325, 1.8261412382125854, -0.19995823502540588, 0.8736928105354309] [0.990032970905304, -0.3634016513824463, -0.5467314720153809]
[0.3896779716014862, -0.5737580060958862, 0.4524880647659302, 1.604606032371521, 1.4910061359405518, 0.23360000550746918, -0.04904603958129883] [0.13720884919166565, -0.07641017436981201, 0.09699709713459015, 1.8326977491378784, -0.21736150979995728, 0.8569119572639465] [0.990032970905304, -0.3634016513824463, -0.5467314720153809]
[0.4019499719142914, -0.5737580060958862, 0.47856605052948, 1.604606032371521, 1.4910061359405518, 0.23240000009536743, -0.04904603958129883] [0.137526273727417, -0.07746131718158722, 0.09809179604053497, 1.843543529510498, -0.2333608865737915, 0.84649658203125] [0.990032970905304, -0.3634016513824463, -0.5467314720153809]
[0.4034839868545532, -0.5737580060958862, 0.513848066329956, 1.604606032371521, 1.498676061630249, 0.23240000009536743, -0.04904603958129883] [0.1379685252904892, -0.07909723371267319, 0.10184230655431747, 1.8552627563476562, -0.26643747091293335, 0.8338596224784851] [0.990032970905304, -0.3634016513824463, -0.5467314720153809]
[0.4034839868545532, -0.572223961353302, 0.5721400380134583, 1.587731957435608, 1.5631040334701538, 0.2508000135421753, -0.04904603958129883] [0.1386336237192154, -0.08312229067087173, 0.10999301820993423, 1.9360244274139404, -0.3364627957344055, 0.8059223294258118] [0.990032970905304, -0.3634016513824463, -0.5467314720153809]
[0.40808597207069397, -0.572223961353302, 0.6626460552215576, 1.584663987159729, 1.575376033782959, 0.2303999960422516, -0.04904603958129883] [0.13891640305519104, -0.09048587828874588, 0.12119127064943314, 1.9766242504119873, -0.44620081782341003, 0.7533822655677795] [0.990032970905304, -0.3634016513824463, -0.5467314720153809]
[0.4310959577560425, -0.572223961353302, 0.8866100311279297, 1.58159601688385, 1.6029881238937378, 0.23119999468326569, -0.04904603958129883] [0.1364145576953888, -0.1104048416018486, 0.14200444519519806, 2.1086037158966064, -0.677016019821167, 0.6044186353683472] [0.990032970905304, -0.3634016513824463, -0.5467314720153809]
[0.4418339729309082, -0.5522819757461548, 1.1519920825958252, 1.546314001083374, 1.6275321245193481, 0.23199999332427979, -0.04904603958129883] [0.1331053078174591, -0.12828883528709412, 0.1554320603609085, 2.303129196166992, -0.8548881411552429, 0.4209368824958801] [0.990032970905304, -0.3634016513824463, -0.5467314720153809]
[0.44950395822525024, -0.5093299746513367, 1.4158400297164917, 1.3883119821548462, 1.6704840660095215, 0.23279999196529388, -0.04904603958129883] [0.137647807598114, -0.1653655618429184, 0.15940803289413452, 2.8823330402374268, -0.9070643782615662, -0.1326834112405777] [0.990032970905304, -0.3634016513824463, -0.5467314720153809]
[0.4541059732437134, -0.4648439884185791, 1.704232096672058, 1.222640037536621, 1.7149701118469238, 0.23119999468326569, -0.04904603958129883] [0.14159740507602692, -0.19230207800865173, 0.15055334568023682, -3.0091352462768555, -0.7864022850990295, -0.48566296696662903] [0.990032970905304, -0.3634016513824463, -0.5467314720153809]
[0.45563995838165283, -0.4326299726963043, 1.9235941171646118, 1.0876480340957642, 1.7149701118469238, 0.23160000145435333, -0.04904603958129883] [0.14395955204963684, -0.21142259240150452, 0.13535499572753906, -2.7823355197906494, -0.6254816651344299, -0.6746812462806702] [0.990032970905304, -0.3634016513824463, -0.5467314720153809]
[0.5123980045318604, -0.40808597207069397, 1.974216103553772, 1.0615699291229248, 1.7149701118469238, 0.23119999468326569, -0.04904603958129883] [0.15378554165363312, -0.20829452574253082, 0.10553870350122452, -2.8610031604766846, -0.4414713978767395, -0.5920222997665405] [0.990032970905304, -0.3634016513824463, -0.5467314720153809]
[0.6213119626045227, -0.3804739713668823, 1.9726821184158325, 0.9066359996795654, 1.7609901428222656, 0.23360000550746918, -0.050580039620399475] [0.15981507301330566, -0.210655078291893, 0.09547075629234314, -2.8177390098571777, -0.3350086510181427, -0.5766246914863586] [0.990032970905304, -0.3634016513824463, -0.5467314720153809]
[0.6136419773101807, -0.3804739713668823, 1.974216103553772, 0.9066359996795654, 1.765592098236084, 0.2303999960422516, -0.04904603958129883] [0.15972226858139038, -0.21081297099590302, 0.09543787688016891, -2.8133087158203125, -0.3348505198955536, -0.5778926014900208] [0.990032970905304, -0.3634016513824463, -0.5467314720153809]
[0.6136419773101807, -0.3804739713668823, 1.974216103553772, 0.9066359996795654, 1.765592098236084, 0.2303999960422516, -0.04904603958129883] [0.1598069816827774, -0.21067117154598236, 0.09546506404876709, -2.8162050247192383, -0.3350086510181427, -0.5766246914863586] [0.990032970905304, -0.3634016513824463, -0.5467314720153809]
[0.6136419773101807, -0.3804739713668823, 1.974216103553772, 0.9066359996795654, 1.7671260833740234, 0.2303999960422516, -0.04904603958129883] [0.15972226858139038, -0.21081297099590302, 0.09543787688016891, -2.8133087158203125, -0.3348505198955536, -0.5778926014900208] [0.990032970905304, -0.3634016513824463, -0.5467314720153809]
[0.6136419773101807, -0.3804739713668823, 1.974216103553772, 0.9066359996795654, 1.7671260833740234, 0.23000000417232513, -0.04904603958129883] [0.15972226858139038, -0.21081297099590302, 0.09543787688016891, -2.8133087158203125, -0.3348505198955536, -0.5778926014900208] [0.990032970905304, -0.3634016513824463, -0.5467314720153809]
[0.6136419773101807, -0.3804739713668823, 1.974216103553772, 0.9066359996795654, 1.765592098236084, 0.2303999960422516, -0.04904603958129883] [0.15972226858139038, -0.21081297099590302, 0.09543787688016891, -2.8133087158203125, -0.3348505198955536, -0.5778926014900208] [0.990032970905304, -0.3634016513824463, -0.5467314720153809]
[0.6136419773101807, -0.3804739713668823, 1.974216103553772, 0.9066359996795654, 1.7671260833740234, 0.23000000417232513, -0.04904603958129883] [0.15972226858139038, -0.21081297099590302, 0.09543787688016891, -2.8133087158203125, -0.3348505198955536, -0.5778926014900208] [0.990032970905304, -0.3634016513824463, -0.5467314720153809]
[0.6136419773101807, -0.3804739713668823, 1.974216103553772, 0.9066359996795654, 1.765592098236084, 0.2303999960422516, -0.04904603958129883] [0.15972226858139038, -0.21081297099590302, 0.09543787688016891, -2.8133087158203125, -0.3348505198955536, -0.5778926014900208] [0.990032970905304, -0.3634016513824463, -0.5467314720153809]
