[0.05244182050228119, -0.21482333540916443, 0.31023970246315, -3.032951593399048, 0.10405472666025162, -0.49307698011398315] [0.533873975276947, -0.46330997347831726, 1.748718023300171, 0.4510379731655121, 1.7886021137237549, 0.9968000054359436, -1.3007900714874268, -1.3008739948272705]
[0.052493371069431305, -0.214918315410614, 0.31020107865333557, -3.0317840576171875, 0.10438013821840286, -0.49375131726264954] [0.533873975276947, -0.46330997347831726, 1.7502521276474, 0.4510379731655121, 1.7886021137237549, 0.9968000054359436, -1.3084601163864136, -1.3085440397262573]
[0.05336489528417587, -0.2148745208978653, 0.3094702363014221, -3.0346012115478516, 0.10773274302482605, -0.493245929479599] [0.533873975276947, -0.46330997347831726, 1.748718023300171, 0.4510379731655121, 1.7886021137237549, 0.996399998664856, -1.3207321166992188, -1.317747950553894]
[0.0547124445438385, -0.2151278704404831, 0.3078174591064453, -3.0395350456237793, 0.11591316014528275, -0.4946468472480774] [0.533873975276947, -0.46330997347831726, 1.748718023300171, 0.4510379731655121, 1.7886021137237549, 0.9968000054359436, -1.3268680572509766, -1.322350025177002]
[0.055710192769765854, -0.2150973379611969, 0.3065093755722046, -3.042370557785034, 0.12185492366552353, -0.494577556848526] [0.5323399901390076, -0.46330997347831726, 1.748718023300171, 0.4510379731655121, 1.7886021137237549, 0.9968000054359436, -1.328402042388916, -1.322350025177002]
[0.05698992684483528, -0.2134372442960739, 0.30643248558044434, -3.0443193912506104, 0.12271767109632492, -0.4934502840042114] [0.5292719602584839, -0.4617759585380554, 1.748718023300171, 0.4510379731655121, 1.7932040691375732, 0.07280000299215317, -1.3360720872879028, -1.3254179954528809]
[0.057400308549404144, -0.21345914900302887, 0.3083949089050293, -3.037152051925659, 0.1123991534113884, -0.4928183853626251] [0.5154659748077393, -0.4617759585380554, 1.7471840381622314, 0.4525719881057739, 1.7932040691375732, 0.07280000299215317, -1.3345381021499634, -1.3238840103149414]
[0.05797494202852249, -0.21316465735435486, 0.3117770254611969, -3.036242961883545, 0.08867474645376205, -0.48916327953338623] [0.5077959895133972, -0.4617759585380554, 1.742582082748413, 0.467911958694458, 1.7932040691375732, 0.07280000299215317, -1.333004117012024, -1.319282054901123]
[0.05879335477948189, -0.21296022832393646, 0.3159310221672058, -3.031498432159424, 0.06648718565702438, -0.48666903376579285] [0.4878539741039276, -0.4617759585380554, 1.7410480976104736, 0.4709799885749817, 1.7870681285858154, 0.07280000299215317, -1.3268680572509766, -1.3085440397262573]
[0.059076737612485886, -0.213038831949234, 0.3202017843723297, -3.022198438644409, 0.044963497668504715, -0.48534145951271057] [0.46637797355651855, -0.4617759585380554, 1.7395141124725342, 0.47251397371292114, 1.785534143447876, 0.07240000367164612, -1.3238000869750977, -1.2962720394134521]
[0.05950888618826866, -0.21261899173259735, 0.32722988724708557, -3.0073888301849365, 0.0093010189011693, -0.4820712208747864] [0.4280279874801636, -0.46024197340011597, 1.7364461421966553, 0.4740479588508606, 1.785534143447876, 0.07240000367164612, -1.3207321166992188, -1.2870680093765259]
[0.0598737858235836, -0.21253512799739838, 0.33564862608909607, -2.9935405254364014, -0.03285308554768562, -0.48011431097984314] [0.38814395666122437, -0.46024197340011597, 1.7180380821228027, 0.4740479588508606, 1.785534143447876, 0.07240000367164612, -1.3176640272140503, -1.2809319496154785]
[0.06093597784638405, -0.21020163595676422, 0.34221577644348145, -3.011122226715088, -0.06406638026237488, -0.4621705412864685] [0.36206597089767456, -0.46024197340011597, 1.6750860214233398, 0.4740479588508606, 1.785534143447876, 0.07240000367164612, -1.313062071800232, -1.2717280387878418]
[0.061920415610075, -0.2076178342103958, 0.34849444031715393, -3.039876699447632, -0.09315827488899231, -0.44173961877822876] [0.3329199552536011, -0.46024197340011597, 1.6259980201721191, 0.4740479588508606, 1.780932068824768, 0.07240000367164612, -1.313062071800232, -1.264057993888855]
[0.06303606182336807, -0.20410141348838806, 0.35647711157798767, -3.085698366165161, -0.1301453709602356, -0.41746243834495544] [0.2945699691772461, -0.46024197340011597, 1.5631040334701538, 0.4740479588508606, 1.7763301134109497, 0.07280000299215317, -1.313062071800232, -1.2579219341278076]
[0.06663938611745834, -0.19514200091362, 0.36403945088386536, 3.0633840560913086, -0.15945880115032196, -0.34916171431541443] [0.2500839829444885, -0.4617759585380554, 1.3529460430145264, 0.4740479588508606, 1.7747961282730103, 0.07280000299215317, -1.309994101524353, -1.2533199787139893]
[0.07140059769153595, -0.18165941536426544, 0.36912715435028076, 2.8746631145477295, -0.17105251550674438, -0.25100427865982056] [0.18105396628379822, -0.44336795806884766, 1.1182440519332886, 0.47251397371292114, 1.7763301134109497, 0.07240000367164612, -1.3084601163864136, -1.2517859935760498]
[0.07720654457807541, -0.16031254827976227, 0.3868353068828583, 2.6869263648986816, -0.23109589517116547, -0.12480667978525162] [0.04912996292114258, -0.37126997113227844, 0.8942800760269165, 0.4449019730091095, 1.7778640985488892, 0.07240000367164612, -1.3084601163864136, -1.2548539638519287]
[0.08086737245321274, -0.13219475746154785, 0.40406760573387146, 2.477921485900879, -0.2901579439640045, 0.033397044986486435] [-0.07819204032421112, -0.2715599536895752, 0.6595780849456787, 0.4356979727745056, 1.7793980836868286, 0.07280000299215317, -1.309994101524353, -1.2563879489898682]
[0.08327949792146683, -0.11042945086956024, 0.4047847390174866, 2.315685987472534, -0.2696211338043213, 0.14873871207237244] [-0.11194004118442535, -0.17798596620559692, 0.4893040657043457, 0.41115397214889526, 1.7793980836868286, 0.07280000299215317, -1.309994101524353, -1.2563879489898682]
[0.0860222727060318, -0.0871882364153862, 0.3958498537540436, 2.173092842102051, -0.19923698902130127, 0.2538628578186035] [-0.10887204110622406, -0.07060596346855164, 0.4110700488090515, 0.37740597128868103, 1.7793980836868286, 0.07280000299215317, -1.3115280866622925, -1.2594560384750366]
[0.08589016646146774, -0.07018040865659714, 0.3919351398944855, 2.1340935230255127, -0.1723022162914276, 0.32831355929374695] [-0.10733804106712341, -0.021517962217330933, 0.374254047870636, 0.37893998622894287, 1.7793980836868286, 0.07240000367164612, -1.3191981315612793, -1.260990023612976]
[0.08623267710208893, -0.0686245933175087, 0.3890673518180847, 2.099144458770752, -0.1549827754497528, 0.3373267650604248] [-0.09966804087162018, -0.021517962217330933, 0.3297680616378784, 0.3804739713668823, 1.7747961282730103, 0.07240000367164612, -1.3176640272140503, -1.260990023612976]
[0.08658945560455322, -0.06654030829668045, 0.38427308201789856, 2.056290864944458, -0.12781654298305511, 0.34796062111854553] [-0.09199804067611694, -0.010779961943626404, 0.2898840308189392, 0.3804739713668823, 1.7747961282730103, 0.07240000367164612, -1.3176640272140503, -1.2594560384750366]
[0.08574798703193665, -0.06023858115077019, 0.38146910071372986, 2.017951250076294, -0.10998854786157608, 0.3794560432434082] [-0.0904640406370163, 0.010696038603782654, 0.25920403003692627, 0.3835419714450836, 1.7732620239257812, 0.07280000299215317, -1.3176640272140503, -1.260990023612976]
[0.08536245673894882, -0.05785840004682541, 0.3787291646003723, 1.9783494472503662, -0.09277071803808212, 0.3934541642665863] [-0.08279404044151306, 0.019900038838386536, 0.19631004333496094, 0.3927459716796875, 1.7732620239257812, 0.07240000367164612, -1.3176640272140503, -1.260990023612976]
[0.08441664278507233, -0.05424565076828003, 0.37397292256355286, 1.9362106323242188, -0.06606672704219818, 0.41773125529289246] [-0.07052204012870789, 0.02296803891658783, 0.1625620424747467, 0.40041595697402954, 1.7717280387878418, 0.07280000299215317, -1.3191981315612793, -1.260990023612976]
[0.08434711396694183, -0.052995067089796066, 0.36925747990608215, 1.9186501502990723, -0.041210222989320755, 0.42366647720336914] [-0.04904603958129883, 0.029104039072990417, 0.12574604153633118, 0.40655195713043213, 1.7717280387878418, 0.07240000367164612, -1.3176640272140503, -1.2625240087509155]
[0.08367083966732025, -0.05044963210821152, 0.3610668182373047, 1.8929810523986816, 0.000720434240065515, 0.4393337070941925] [-0.019900038838386536, 0.0383080393075943, 0.08893004059791565, 0.40655195713043213, 1.7717280387878418, 0.07240000367164612, -1.3176640272140503, -1.2625240087509155]
[0.08303921669721603, -0.04856135696172714, 0.3532738983631134, 1.87008535861969, 0.040854524821043015, 0.4489023983478546] [0.004643961787223816, 0.04444403946399689, 0.04904603958129883, 0.4096199870109558, 1.7717280387878418, 0.07240000367164612, -1.3191981315612793, -1.2625240087509155]
[0.08228576183319092, -0.04754593223333359, 0.34715792536735535, 1.8439079523086548, 0.07323130965232849, 0.45677244663238525] [0.021517962217330933, 0.04444403946399689, 0.02296803891658783, 0.41115397214889526, 1.7717280387878418, 0.07280000299215317, -1.3191981315612793, -1.2625240087509155]
[0.08185313642024994, -0.047435034066438675, 0.3432190716266632, 1.8254480361938477, 0.09495535492897034, 0.45789578557014465] [0.030721962451934814, 0.04444403946399689, -0.009245961904525757, 0.4157559871673584, 1.7717280387878418, 0.07280000299215317, -1.3191981315612793, -1.2625240087509155]
[0.08089369535446167, -0.04682163521647453, 0.33957311511039734, 1.7991389036178589, 0.11532442271709442, 0.4649975597858429] [0.03839196264743805, 0.04444403946399689, -0.039925962686538696, 0.42035797238349915, 1.7717280387878418, 0.07240000367164612, -1.3176640272140503, -1.2625240087509155]
[0.07996749132871628, -0.04582960903644562, 0.3376622200012207, 1.7810310125350952, 0.1270836442708969, 0.47615715861320496] [0.04145996272563934, 0.04444403946399689, -0.05833396315574646, 0.4310959577560425, 1.7717280387878418, 0.07280000299215317, -1.3176640272140503, -1.2625240087509155]
[0.07904205471277237, -0.044836901128292084, 0.3364527225494385, 1.7692923545837402, 0.13517636060714722, 0.48707059025764465] [0.04299396276473999, 0.04444403946399689, -0.07520796358585358, 0.44029998779296875, 1.7717280387878418, 0.07240000367164612, -1.3176640272140503, -1.2625240087509155]
[0.0786595568060875, -0.04479847475886345, 0.33474859595298767, 1.7544227838516235, 0.14537961781024933, 0.4887371063232422] [0.04912996292114258, 0.04444403946399689, -0.0920819640159607, 0.4418339729309082, 1.7717280387878418, 0.07240000367164612, -1.3176640272140503, -1.2625240087509155]
[0.0783325582742691, -0.045006200671195984, 0.33344241976737976, 1.7447336912155151, 0.15291596949100494, 0.4887760281562805] [0.050663962960243225, 0.04137603938579559, -0.10128595679998398, 0.4418339729309082, 1.7732620239257812, 0.07240000367164612, -1.3161300420761108, -1.264057993888855]
[0.07822879403829575, -0.04545701667666435, 0.3319285213947296, 1.7388511896133423, 0.16092002391815186, 0.4875069856643677] [0.05833396315574646, 0.04137603938579559, -0.10895595699548721, 0.4418339729309082, 1.7732620239257812, 0.07240000367164612, -1.3161300420761108, -1.264057993888855]
[0.07802160829305649, -0.045470502227544785, 0.33017826080322266, 1.7414911985397339, 0.1687728613615036, 0.488131582736969] [0.061401963233947754, 0.04137603938579559, -0.10895595699548721, 0.44029998779296875, 1.7732620239257812, 0.07280000299215317, -1.3176640272140503, -1.2671259641647339]
[0.07829172164201736, -0.0457303524017334, 0.3296028673648834, 1.7425373792648315, 0.17165037989616394, 0.4867965579032898] [0.061401963233947754, 0.04137603938579559, -0.11048995703458786, 0.44029998779296875, 1.7732620239257812, 0.07240000367164612, -1.3161300420761108, -1.2701940536499023]
[0.07851006090641022, -0.04599839821457863, 0.32927206158638, 1.7433154582977295, 0.17243100702762604, 0.48538655042648315] [0.061401963233947754, 0.04137603938579559, -0.10895595699548721, 0.4418339729309082, 1.7732620239257812, 0.07240000367164612, -1.3176640272140503, -1.2747960090637207]
[0.07890815287828445, -0.045663248747587204, 0.32893112301826477, 1.7426267862319946, 0.1737685203552246, 0.4870460331439972] [0.061401963233947754, 0.04137603938579559, -0.11048995703458786, 0.44029998779296875, 1.7732620239257812, 0.07240000367164612, -1.3207321166992188, -1.2778639793395996]
[0.07939326018095016, -0.04579312726855278, 0.3280981779098511, 1.744849443435669, 0.1771949678659439, 0.4873521029949188] [0.061401963233947754, 0.04137603938579559, -0.11048995703458786, 0.4387659728527069, 1.7717280387878418, 0.07280000299215317, -1.3238000869750977, -1.2809319496154785]
[0.08002223819494247, -0.045996733009815216, 0.32767388224601746, 1.74565589427948, 0.17865096032619476, 0.4859742522239685] [0.05986796319484711, 0.04137603938579559, -0.11048995703458786, 0.4387659728527069, 1.7717280387878418, 0.07240000367164612, -1.3238000869750977, -1.284000039100647]
[0.08055658638477325, -0.046119168400764465, 0.3273865878582001, 1.7442845106124878, 0.17962931096553802, 0.48450344800949097] [0.05986796319484711, 0.04137603938579559, -0.11048995703458786, 0.43723195791244507, 1.7717280387878418, 0.07240000367164612, -1.3268680572509766, -1.2870680093765259]
[0.08102064579725266, -0.045877136290073395, 0.32704365253448486, 1.7446287870407104, 0.1808558851480484, 0.4845697581768036] [0.05679996311664581, 0.04291003942489624, -0.11048995703458786, 0.4356979727745056, 1.7717280387878418, 0.07240000367164612, -1.331470012664795, -1.2916699647903442]
[0.08166339993476868, -0.04538966715335846, 0.3268180191516876, 1.7452019453048706, 0.18147234618663788, 0.48617827892303467] [0.05373196303844452, 0.04751203954219818, -0.11048995703458786, 0.4310959577560425, 1.7717280387878418, 0.07240000367164612, -1.3345381021499634, -1.2962720394134521]
[0.08210056275129318, -0.04390367865562439, 0.3263545334339142, 1.746535301208496, 0.18296144902706146, 0.49099794030189514] [0.05219796299934387, 0.05671603977680206, -0.11048995703458786, 0.4280279874801636, 1.7701940536499023, 0.07240000367164612, -1.3376060724258423, -1.30240797996521]
[0.08262588828802109, -0.04252663627266884, 0.325707346200943, 1.746707558631897, 0.18539617955684662, 0.4958473742008209] [0.050663962960243225, 0.0643860399723053, -0.10895595699548721, 0.4249599575996399, 1.7701940536499023, 0.07280000299215317, -1.3391400575637817, -1.3039419651031494]
[0.08290661871433258, -0.04073017090559006, 0.325430691242218, 1.7482346296310425, 0.1866360604763031, 0.49895352125167847] [0.050663962960243225, 0.07819204032421112, -0.10742195695638657, 0.4157559871673584, 1.7701940536499023, 0.07240000367164612, -1.3422080278396606, -1.3085440397262573]
[0.08294467628002167, -0.038181621581315994, 0.32524818181991577, 1.7494739294052124, 0.18679669499397278, 0.5082985758781433] [0.050663962960243225, 0.0904640406370163, -0.10742195695638657, 0.41422197222709656, 1.768660068511963, 0.07240000367164612, -1.345276117324829, -1.3100780248641968]
[0.08264930546283722, -0.035621948540210724, 0.3248729705810547, 1.7553170919418335, 0.1874271184206009, 0.5209736824035645] [0.050663962960243225, 0.10273604094982147, -0.10435395687818527, 0.41422197222709656, 1.768660068511963, 0.07280000299215317, -1.345276117324829, -1.3116120100021362]
[0.08227719366550446, -0.03343092277646065, 0.32432588934898376, 1.7615993022918701, 0.18880300223827362, 0.5322146415710449] [0.04912996292114258, 0.11194004118442535, -0.10128595679998398, 0.41422197222709656, 1.768660068511963, 0.07280000299215317, -1.3468101024627686, -1.3131459951400757]
[0.08203265070915222, -0.03191716969013214, 0.3245255649089813, 1.7640488147735596, 0.1872892677783966, 0.5399705767631531] [0.050663962960243225, 0.12421204149723053, -0.09821796417236328, 0.41422197222709656, 1.768660068511963, 0.07280000299215317, -1.348344087600708, -1.3146799802780151]
[0.08121970295906067, -0.028386203572154045, 0.32427147030830383, 1.7725528478622437, 0.18691302835941315, 0.5573921203613281] [0.050663962960243225, 0.1426200419664383, -0.0920819640159607, 0.41422197222709656, 1.768660068511963, 0.07280000299215317, -1.351412057876587, -1.317747950553894]
[0.08036056905984879, -0.0248834490776062, 0.3244231343269348, 1.7850778102874756, 0.1838763952255249, 0.5762459635734558] [0.050663962960243225, 0.1594940423965454, -0.07980996370315552, 0.41422197222709656, 1.768660068511963, 0.07240000367164612, -1.3529460430145264, -1.319282054901123]
[0.07944821566343307, -0.021316397935152054, 0.3247874975204468, 1.7990084886550903, 0.17945584654808044, 0.5949916839599609] [0.05219796299934387, 0.17943604290485382, -0.06753796339035034, 0.41422197222709656, 1.768660068511963, 0.07280000299215317, -1.3544800281524658, -1.3208160400390625]
[0.07780949026346207, -0.016891010105609894, 0.3243550658226013, 1.8196526765823364, 0.17778228223323822, 0.618829607963562] [0.05833396315574646, 0.20244604349136353, -0.055265963077545166, 0.41422197222709656, 1.768660068511963, 0.07280000299215317, -1.3560140132904053, -1.319282054901123]
[0.07630319893360138, -0.012812849134206772, 0.3245016932487488, 1.842006802558899, 0.1733298897743225, 0.6407204270362854] [0.0629359632730484, 0.22392204403877258, -0.03839196264743805, 0.41422197222709656, 1.768660068511963, 0.07240000367164612, -1.3575481176376343, -1.3208160400390625]
[0.0745960995554924, -0.008753347210586071, 0.32488611340522766, 1.8601832389831543, 0.1682710498571396, 0.6623154878616333] [0.0660039633512497, 0.243864044547081, -0.024585962295532227, 0.41422197222709656, 1.768660068511963, 0.07240000367164612, -1.3575481176376343, -1.3208160400390625]
[0.0728880763053894, -0.005499385297298431, 0.3248136043548584, 1.879550814628601, 0.16517183184623718, 0.680916428565979] [0.07213996350765228, 0.25613605976104736, -0.015381962060928345, 0.429561972618103, 1.768660068511963, 0.07280000299215317, -1.3575481176376343, -1.3208160400390625]
[0.07049170136451721, -0.0026180746499449015, 0.32474344968795776, 1.891047477722168, 0.16266115009784698, 0.707396924495697] [0.07674196362495422, 0.26840806007385254, -0.010779961943626404, 0.43416398763656616, 1.7701940536499023, 0.07280000299215317, -1.3575481176376343, -1.3208160400390625]
[0.06899245828390121, -0.0004057753540109843, 0.32413730025291443, 1.9013561010360718, 0.1638731211423874, 0.7217238545417786] [0.08287796378135681, 0.28221404552459717, -0.004643961787223816, 0.4387659728527069, 1.7717280387878418, 0.07280000299215317, -1.3575481176376343, -1.3208160400390625]
[0.06666363030672073, 0.0033037273678928614, 0.32388341426849365, 1.9161198139190674, 0.16250039637088776, 0.7451057434082031] [0.0890139639377594, 0.29755404591560364, -0.001575961709022522, 0.44643598794937134, 1.7717280387878418, 0.07240000367164612, -1.3575481176376343, -1.319282054901123]
[0.06416897475719452, 0.006266607437282801, 0.32352399826049805, 1.9249494075775146, 0.1619611382484436, 0.7686467170715332] [0.09514996409416199, 0.308292031288147, -0.001575961709022522, 0.4617759585380554, 1.7732620239257812, 0.07280000299215317, -1.3575481176376343, -1.317747950553894]
[0.061409033834934235, 0.008961379528045654, 0.3235619068145752, 1.9328300952911377, 0.1599595844745636, 0.7951011657714844] [0.10281995683908463, 0.31442803144454956, -0.001575961709022522, 0.4878539741039276, 1.7732620239257812, 0.07280000299215317, -1.3575481176376343, -1.3162139654159546]
[0.0579192228615284, 0.01133184414356947, 0.3232935667037964, 1.9433060884475708, 0.1582251489162445, 0.8276282548904419] [0.10742195695638657, 0.3159620463848114, -0.001575961709022522, 0.506261944770813, 1.7747961282730103, 0.07240000367164612, -1.3560140132904053, -1.3146799802780151]
[0.05613521859049797, 0.0123439347371459, 0.32310155034065247, 1.9481083154678345, 0.15751783549785614, 0.8433035016059875] [0.11355795711278915, 0.3159620463848114, -0.001575961709022522, 0.5369420051574707, 1.7747961282730103, 0.07280000299215317, -1.3498780727386475, -1.3100780248641968]
[0.05232543498277664, 0.014450117945671082, 0.32320496439933777, 1.9559705257415771, 0.15417130291461945, 0.8758717775344849] [0.11969395726919174, 0.3159620463848114, -0.003109961748123169, 0.5568839907646179, 1.7747961282730103, 0.07240000367164612, -1.3437421321868896, -1.3039419651031494]
[0.048974279314279556, 0.015883808955550194, 0.3234310448169708, 1.955876350402832, 0.15234604477882385, 0.899246335029602] [0.12429595738649368, 0.31442803144454956, -0.009245961904525757, 0.5814279913902283, 1.7747961282730103, 0.07280000299215317, -1.3391400575637817, -1.2978060245513916]
[0.04657546803355217, 0.01637943834066391, 0.3240092098712921, 1.9500764608383179, 0.15034858882427216, 0.9149235486984253] [0.12582996487617493, 0.3098260462284088, -0.01231396198272705, 0.5983020067214966, 1.7747961282730103, 0.07240000367164612, -1.328402042388916, -1.2870680093765259]
[0.04374321550130844, 0.01721840538084507, 0.3250372111797333, 1.9489268064498901, 0.14619237184524536, 0.9283140301704407] [0.13196596503257751, 0.3098260462284088, -0.013847962021827698, 0.6075059771537781, 1.7763301134109497, 0.07280000299215317, -1.3191981315612793, -1.2778639793395996]
[0.041306428611278534, 0.017484327778220177, 0.3257392942905426, 1.944617509841919, 0.1442980021238327, 0.9358335733413696] [0.1381019651889801, 0.3036900460720062, -0.019983962178230286, 0.6213119626045227, 1.7763301134109497, 0.07240000367164612, -1.309994101524353, -1.2686599493026733]
[0.03939460217952728, 0.01635746657848358, 0.3258962631225586, 1.9271841049194336, 0.1478791981935501, 0.9394468665122986] [0.13963596522808075, 0.29141804575920105, -0.035323962569236755, 0.6366519927978516, 1.7763301134109497, 0.07240000367164612, -1.3007900714874268, -1.260990023612976]
[0.03710215538740158, 0.015661871060729027, 0.3268824517726898, 1.9091359376907349, 0.1486326903104782, 0.9438321590423584] [0.13963596522808075, 0.2868160605430603, -0.04759596288204193, 0.6458559632301331, 1.7763301134109497, 0.07240000367164612, -1.290052056312561, -1.2517859935760498]
[0.03548222407698631, 0.015371608547866344, 0.32713010907173157, 1.8992630243301392, 0.15074321627616882, 0.943870484828949] [0.14577196538448334, 0.2837480306625366, -0.05219796299934387, 0.6458559632301331, 1.7763301134109497, 0.07280000299215317, -1.2808480262756348, -1.241047978401184]
[0.03415752574801445, 0.015317232348024845, 0.3272830545902252, 1.8972394466400146, 0.15082143247127533, 0.9438604116439819] [0.15190796554088593, 0.28221404552459717, -0.055265963077545166, 0.6458559632301331, 1.7763301134109497, 0.07240000367164612, -1.2701101303100586, -1.2318439483642578]
[0.032494474202394485, 0.015080646611750126, 0.32759514451026917, 1.893722653388977, 0.15056703984737396, 0.9421378970146179] [0.1580439656972885, 0.28221404552459717, -0.05679996311664581, 0.6458559632301331, 1.7763301134109497, 0.07240000367164612, -1.2609061002731323, -1.2241740226745605]
[0.030627785250544548, 0.015139140188694, 0.32777488231658936, 1.8902021646499634, 0.15110474824905396, 0.9436988234519958] [0.1672479659318924, 0.2806800603866577, -0.05986796319484711, 0.6473900079727173, 1.7763301134109497, 0.07240000367164612, -1.254770040512085, -1.2195719480514526]
[0.029451342299580574, 0.014913637191057205, 0.32789137959480286, 1.887556791305542, 0.15154241025447845, 0.9420942664146423] [0.17491796612739563, 0.2791460454463959, -0.05986796319484711, 0.6458559632301331, 1.7763301134109497, 0.07240000367164612, -1.2486340999603271, -1.2165039777755737]
[0.0284744743257761, 0.014670935459434986, 0.32796910405158997, 1.8886511325836182, 0.1514567881822586, 0.9405127763748169] [0.17951996624469757, 0.2791460454463959, -0.061401963233947754, 0.6458559632301331, 1.7763301134109497, 0.07240000367164612, -1.2440320253372192, -1.2149699926376343]
[0.028069352731108665, 0.014144682325422764, 0.3279648423194885, 1.8852299451828003, 0.15131647884845734, 0.9374488592147827] [0.18258796632289886, 0.2791460454463959, -0.0629359632730484, 0.6458559632301331, 1.7763301134109497, 0.07240000367164612, -1.236362099647522, -1.210368037223816]
[0.026752077043056488, 0.01401445735245943, 0.3277508020401001, 1.8873955011367798, 0.15097342431545258, 0.9392277002334595] [0.19179196655750275, 0.2760780453681946, -0.061401963233947754, 0.6458559632301331, 1.7763301134109497, 0.07240000367164612, -1.2271580696105957, -1.2072999477386475]
[0.026240108534693718, 0.013396056368947029, 0.32743650674819946, 1.8889200687408447, 0.1519228219985962, 0.9364314675331116] [0.19792796671390533, 0.27147603034973145, -0.061401963233947754, 0.6473900079727173, 1.7763301134109497, 0.07240000367164612, -1.2179540395736694, -1.1996300220489502]
[0.025673480704426765, 0.011500777676701546, 0.3269907534122467, 1.8915241956710815, 0.15363015234470367, 0.9290910959243774] [0.20713196694850922, 0.2546020448207855, -0.061401963233947754, 0.6627299785614014, 1.7778640985488892, 0.07240000367164612, -1.2102841138839722, -1.1934939622879028]
[0.024467799812555313, 0.008905227296054363, 0.326290100812912, 1.8880151510238647, 0.15873289108276367, 0.9297796487808228] [0.21173396706581116, 0.22852404415607452, -0.07367396354675293, 0.6888079643249512, 1.7778640985488892, 0.07280000299215317, -1.2041480541229248, -1.1934939622879028]
[0.023755565285682678, 0.006074647419154644, 0.3259374499320984, 1.8759372234344482, 0.1648750752210617, 0.930180549621582] [0.21173396706581116, 0.19937804341316223, -0.08441196382045746, 0.7225559949874878, 1.7778640985488892, 0.07240000367164612, -1.198012113571167, -1.1842899322509766]
[0.022628838196396828, 0.0018489471403881907, 0.32556506991386414, 1.8644123077392578, 0.17235995829105377, 0.9305379986763] [0.21173396706581116, 0.165630042552948, -0.09514996409416199, 0.7532359957695007, 1.7778640985488892, 0.07240000367164612, -1.1857401132583618, -1.1643480062484741]
[0.02102433517575264, -0.0002462258271407336, 0.3259216547012329, 1.8546496629714966, 0.1744321882724762, 0.9317271113395691] [0.21786996722221375, 0.1426200419664383, -0.10588795691728592, 0.78084796667099, 1.7778640985488892, 0.07240000367164612, -1.1765360832214355, -1.1505420207977295]
[0.01860727369785309, -0.002316022291779518, 0.32633528113365173, 1.8438140153884888, 0.17709311842918396, 0.9359201192855835] [0.2194039672613144, 0.12574604153633118, -0.11048995703458786, 0.7992559671401978, 1.7778640985488892, 0.07240000367164612, -1.1688660383224487, -1.1428719758987427]
[0.016975197941064835, -0.0035658415872603655, 0.3267017602920532, 1.8350090980529785, 0.17908044159412384, 0.9353560209274292] [0.22247196733951569, 0.11040604114532471, -0.11662595719099045, 0.8099939823150635, 1.7778640985488892, 0.07280000299215317, -1.1657980680465698, -1.1382700204849243]
[0.016612375155091286, -0.0069611044600605965, 0.32684752345085144, 1.8282833099365234, 0.18176792562007904, 0.925753116607666] [0.22093796730041504, 0.08432804048061371, -0.12122795730829239, 0.8284019827842712, 1.7778640985488892, 0.07280000299215317, -1.1642640829086304, -1.1352019309997559]
[0.016112254932522774, -0.010220018215477467, 0.32690781354904175, 1.8247566223144531, 0.1849002093076706, 0.9208890795707703] [0.22247196733951569, 0.05211403965950012, -0.12736396491527557, 0.8514119982719421, 1.7793980836868286, 0.07240000367164612, -1.1642640829086304, -1.1336679458618164]
[0.016523633152246475, -0.014019953086972237, 0.32650697231292725, 1.8211857080459595, 0.19010388851165771, 0.9102138876914978] [0.22247196733951569, 0.02757003903388977, -0.13043196499347687, 0.8682860136032104, 1.7824660539627075, 0.07280000299215317, -1.1642640829086304, -1.1336679458618164]
[0.017059046775102615, -0.017788346856832504, 0.32579556107521057, 1.8240251541137695, 0.1977807879447937, 0.8997732996940613] [0.22247196733951569, -0.001575961709022522, -0.1350339651107788, 0.8836259841918945, 1.785534143447876, 0.07280000299215317, -1.1642640829086304, -1.1336679458618164]
[0.01774108037352562, -0.02101552113890648, 0.3255043029785156, 1.8227893114089966, 0.20105652511119843, 0.8875516653060913] [0.22247196733951569, -0.019983962178230286, -0.13656796514987946, 0.8928300142288208, 1.785534143447876, 0.07280000299215317, -1.1642640829086304, -1.1336679458618164]
[0.01815313845872879, -0.023085476830601692, 0.3253690004348755, 1.8226699829101562, 0.20274828374385834, 0.8798729181289673] [0.22247196733951569, -0.039925962686538696, -0.1381019651889801, 0.9035679697990417, 1.785534143447876, 0.07240000367164612, -1.1642640829086304, -1.1336679458618164]
[0.018655875697731972, -0.026987135410308838, 0.3250121474266052, 1.8225336074829102, 0.20658190548419952, 0.8678025007247925] [0.22247196733951569, -0.06446996331214905, -0.1381019651889801, 0.9219759702682495, 1.785534143447876, 0.07240000367164612, -1.1642640829086304, -1.1336679458618164]
[0.019050104543566704, -0.03094700165092945, 0.3247920274734497, 1.8232485055923462, 0.2097949981689453, 0.855629026889801] [0.22247196733951569, -0.09514996409416199, -0.1381019651889801, 0.9342479705810547, 1.785534143447876, 0.07280000299215317, -1.1642640829086304, -1.1336679458618164]
[0.02049737609922886, -0.03487144038081169, 0.32510724663734436, 1.8220818042755127, 0.20934182405471802, 0.8336527943611145] [0.22093796730041504, -0.12276195734739304, -0.12122795730829239, 0.9357819557189941, 1.785534143447876, 0.07240000367164612, -1.162730097770691, -1.132133960723877]
[0.022610528394579887, -0.03916694223880768, 0.3283720016479492, 1.8289827108383179, 0.18785187602043152, 0.8055585026741028] [0.21480196714401245, -0.15190796554088593, -0.10128595679998398, 0.9342479705810547, 1.785534143447876, 0.07240000367164612, -1.1611961126327515, -1.132133960723877]
[0.024567296728491783, -0.043354835361242294, 0.33130744099617004, 1.8389124870300293, 0.16718341410160065, 0.7777670621871948] [0.21173396706581116, -0.18258796632289886, -0.05833396315574646, 0.9327139854431152, 1.785534143447876, 0.07240000367164612, -1.1611961126327515, -1.1336679458618164]
[0.02782079018652439, -0.05110397934913635, 0.33683037757873535, 1.8689968585968018, 0.12382253259420395, 0.7281655073165894] [0.21173396706581116, -0.22400596737861633, 0.00762803852558136, 0.9281119704246521, 1.785534143447876, 0.07240000367164612, -1.1611961126327515, -1.1336679458618164]
[0.03054351732134819, -0.05712886154651642, 0.34353187680244446, 1.9020837545394897, 0.07259244471788406, 0.6873359084129333] [0.2101999670267105, -0.2546859681606293, 0.12114404141902924, 0.9112379550933838, 1.785534143447876, 0.07240000367164612, -1.1657980680465698, -1.1367360353469849]
[0.035920511931180954, -0.06791022419929504, 0.3599715828895569, 2.0284812450408936, -0.06756466627120972, 0.6031015515327454] [0.21786996722221375, -0.28383195400238037, 0.3619820475578308, 0.8958979845046997, 1.785534143447876, 0.07240000367164612, -1.1765360832214355, -1.1459399461746216]
[0.04032724350690842, -0.08378713577985764, 0.3779221177101135, 2.1794755458831787, -0.21711164712905884, 0.49297595024108887] [0.2194039672613144, -0.317579984664917, 0.544528067111969, 0.8514119982719421, 1.785534143447876, 0.07240000367164612, -1.1842060089111328, -1.1551439762115479]
[0.04631577059626579, -0.10539854317903519, 0.3877410292625427, 2.3486382961273193, -0.3019579350948334, 0.3237377405166626] [0.22247196733951569, -0.34519195556640625, 0.7454820871353149, 0.770110011100769, 1.7824660539627075, 0.07240000367164612, -1.1918760538101196, -1.1658819913864136]
[0.049455396831035614, -0.12950927019119263, 0.39519110321998596, 2.554574966430664, -0.3641403615474701, 0.13430847227573395] [0.22247196733951569, -0.3728039860725403, 0.9663780927658081, 0.7102839946746826, 1.7793980836868286, 0.07240000367164612, -1.2041480541229248, -1.1812219619750977]
[0.04892829805612564, -0.15303312242031097, 0.39940711855888367, 2.7517471313476562, -0.4017699658870697, -0.041190046817064285] [0.22247196733951569, -0.421891987323761, 1.1596620082855225, 0.6596620082855225, 1.7778640985488892, 0.07240000367164612, -1.2225561141967773, -1.2011640071868896]
[0.0480826199054718, -0.17605213820934296, 0.3977164626121521, 2.933532238006592, -0.39151331782341003, -0.21098919212818146] [0.22553996741771698, -0.46330997347831726, 1.3498780727386475, 0.6013699769973755, 1.7778640985488892, 0.07240000367164612, -1.236362099647522, -1.2134360074996948]
[0.0468023456633091, -0.19398188591003418, 0.39231783151626587, 3.0690109729766846, -0.3510286509990692, -0.33993133902549744] [0.23320996761322021, -0.5001260042190552, 1.440384030342102, 0.5691559910774231, 1.7778640985488892, 0.07280000299215317, -1.2532360553741455, -1.241047978401184]
[0.04780079051852226, -0.20254266262054443, 0.3832424581050873, 3.071927309036255, -0.2978765666484833, -0.38594725728034973] [0.26388996839523315, -0.5246700048446655, 1.440384030342102, 0.56455397605896, 1.7793980836868286, 0.07240000367164612, -1.2701101303100586, -1.264057993888855]
[0.05027196556329727, -0.20492634177207947, 0.3740955591201782, 3.047762870788574, -0.2501080632209778, -0.39301180839538574] [0.2976379692554474, -0.5384759902954102, 1.440384030342102, 0.56455397605896, 1.7793980836868286, 0.07240000367164612, -1.2869840860366821, -1.284000039100647]
[0.052187249064445496, -0.20716683566570282, 0.3679805397987366, 3.02908992767334, -0.21862982213497162, -0.4015090763568878] [0.3206479549407959, -0.5507479906082153, 1.440384030342102, 0.5630199909210205, 1.7793980836868286, 0.07240000367164612, -1.2992560863494873, -1.2947380542755127]
[0.05461099371314049, -0.20753376185894012, 0.3585960566997528, 3.008561611175537, -0.17098000645637512, -0.3988405168056488] [0.36513397097587585, -0.5507479906082153, 1.440384030342102, 0.56455397605896, 1.7793980836868286, 0.07240000367164612, -1.309994101524353, -1.3070099353790283]
[0.05642258748412132, -0.20750397443771362, 0.34967657923698425, 2.9889514446258545, -0.12502209842205048, -0.39576929807662964] [0.39734798669815063, -0.5507479906082153, 1.440384030342102, 0.56455397605896, 1.7793980836868286, 0.07280000299215317, -1.3145960569381714, -1.3146799802780151]
[0.057674795389175415, -0.20766015350818634, 0.34384700655937195, 2.977367401123047, -0.0954495295882225, -0.3944697082042694] [0.42342597246170044, -0.5507479906082153, 1.440384030342102, 0.56455397605896, 1.780932068824768, 0.07240000367164612, -1.3191981315612793, -1.319282054901123]
[0.057900018990039825, -0.20783962309360504, 0.3351871371269226, 2.959688425064087, -0.05095002427697182, -0.39302486181259155] [0.4617759585380554, -0.5507479906082153, 1.440384030342102, 0.56455397605896, 1.7793980836868286, 0.07240000367164612, -1.3268680572509766, -1.3284859657287598]
[0.057772573083639145, -0.2078298032283783, 0.3263375759124756, 2.940505027770996, -0.004639508202672005, -0.392241895198822] [0.5093299746513367, -0.5507479906082153, 1.440384030342102, 0.56455397605896, 1.7793980836868286, 0.07240000367164612, -1.333004117012024, -1.3300199508666992]
[0.05697020888328552, -0.20784665644168854, 0.3167870044708252, 2.921321153640747, 0.04582547768950462, -0.3924364745616913] [0.5522819757461548, -0.5492140054702759, 1.440384030342102, 0.561486005783081, 1.780932068824768, 0.07240000367164612, -1.3360720872879028, -1.3315539360046387]
[0.056008558720350266, -0.20787712931632996, 0.31031590700149536, 2.9092776775360107, 0.08131162822246552, -0.3946695327758789] [0.579893946647644, -0.5507479906082153, 1.441918134689331, 0.561486005783081, 1.7793980836868286, 0.07240000367164612, -1.3360720872879028, -1.3300199508666992]
[0.055925026535987854, -0.2081209123134613, 0.3092266023159027, 2.9057650566101074, 0.08711520582437515, -0.39610475301742554] [0.5829619765281677, -0.5492140054702759, 1.4434521198272705, 0.5630199909210205, 1.7778640985488892, 0.07240000367164612, -1.3360720872879028, -1.3300199508666992]
[0.05756020545959473, -0.20508040487766266, 0.3081025779247284, 2.914788007736206, 0.0902840867638588, -0.3801763951778412] [0.5829619765281677, -0.5277379751205444, 1.441918134689331, 0.5660879611968994, 1.7793980836868286, 0.07240000367164612, -1.3406740427017212, -1.3284859657287598]
[0.05911794677376747, -0.2031639963388443, 0.30761727690696716, 2.9214937686920166, 0.09020110964775085, -0.3699142038822174] [0.5814279913902283, -0.5216019749641418, 1.4434521198272705, 0.5660879611968994, 1.7793980836868286, 0.07240000367164612, -1.3422080278396606, -1.3284859657287598]
[0.05951116606593132, -0.2030731737613678, 0.30664584040641785, 2.920379161834717, 0.09488160163164139, -0.36994826793670654] [0.5814279913902283, -0.5231359601020813, 1.4434521198272705, 0.5660879611968994, 1.7793980836868286, 0.07240000367164612, -1.3437421321868896, -1.3284859657287598]
[0.05976521223783493, -0.20312237739562988, 0.3063391447067261, 2.9213011264801025, 0.09660818427801132, -0.3701220154762268] [0.5814279913902283, -0.5216019749641418, 1.4434521198272705, 0.5676219463348389, 1.7793980836868286, 0.07240000367164612, -1.3437421321868896, -1.3284859657287598]
[0.05969439819455147, -0.20342488586902618, 0.30632779002189636, 2.920092821121216, 0.09689961373806, -0.3716636598110199] [0.5814279913902283, -0.5216019749641418, 1.4434521198272705, 0.5660879611968994, 1.7793980836868286, 0.07240000367164612, -1.3422080278396606, -1.3284859657287598]
[0.059904925525188446, -0.20331671833992004, 0.3060312867164612, 2.9212465286254883, 0.09800742566585541, -0.3704952001571655] [0.5814279913902283, -0.5216019749641418, 1.4434521198272705, 0.5676219463348389, 1.7793980836868286, 0.07240000367164612, -1.3422080278396606, -1.3284859657287598]
