[0.03846774250268936, -0.22056235373020172, 0.3087962567806244, -2.8690261840820312, 0.0017173264641314745, -0.6178432106971741] [0.6780699491500854, -0.3804739713668823, 2.1153440475463867, 0.7072159647941589, 1.707300066947937, 0.996399998664856, -1.3007900714874268, -1.299340009689331]
[0.038533635437488556, -0.22055070102214813, 0.308501660823822, -2.8704278469085693, 0.0035295295529067516, -0.617821455001831] [0.676535964012146, -0.37893998622894287, 2.1153440475463867, 0.7087500095367432, 1.707300066947937, 0.9968000054359436, -1.3069260120391846, -1.3039419651031494]
[0.03913602977991104, -0.220488041639328, 0.3084307909011841, -2.8708643913269043, 0.00414656288921833, -0.6174265146255493] [0.6780699491500854, -0.3804739713668823, 2.1153440475463867, 0.7072159647941589, 1.707300066947937, 0.9968000054359436, -1.3084601163864136, -1.3070099353790283]
[0.03987060487270355, -0.2207590788602829, 0.30768832564353943, -2.874216318130493, 0.007998792454600334, -0.6183214783668518] [0.676535964012146, -0.3804739713668823, 2.1138100624084473, 0.7087500095367432, 1.707300066947937, 0.996399998664856, -1.3115280866622925, -1.3085440397262573]
[0.04034650698304176, -0.22054554522037506, 0.30710500478744507, -2.8745222091674805, 0.01062687300145626, -0.617162823677063] [0.676535964012146, -0.37893998622894287, 2.1153440475463867, 0.7087500095367432, 1.707300066947937, 0.9968000054359436, -1.313062071800232, -1.3085440397262573]
[0.04042654484510422, -0.2206159085035324, 0.3065722584724426, -2.8757998943328857, 0.013008779846131802, -0.6171430945396423] [0.676535964012146, -0.3804739713668823, 2.1153440475463867, 0.7072159647941589, 1.707300066947937, 0.996399998664856, -1.3115280866622925, -1.3085440397262573]
[0.04057585448026657, -0.22059614956378937, 0.30691587924957275, -2.8754520416259766, 0.010633262805640697, -0.6172902584075928] [0.676535964012146, -0.3804739713668823, 2.1153440475463867, 0.7072159647941589, 1.707300066947937, 0.996399998664856, -1.313062071800232, -1.3085440397262573]
[0.040688902139663696, -0.2206551432609558, 0.3065755367279053, -2.875610828399658, 0.012792940251529217, -0.6170744299888611] [0.6780699491500854, -0.37893998622894287, 2.1153440475463867, 0.7072159647941589, 1.707300066947937, 0.9968000054359436, -1.313062071800232, -1.3085440397262573]
[0.04060570150613785, -0.22063933312892914, 0.30629971623420715, -2.8765082359313965, 0.014138376340270042, -0.6171114444732666] [0.6780699491500854, -0.3804739713668823, 2.1153440475463867, 0.7087500095367432, 1.707300066947937, 0.9968000054359436, -1.313062071800232, -1.3085440397262573]
[0.040805280208587646, -0.22060668468475342, 0.3065401017665863, -2.8760106563568115, 0.01327665988355875, -0.6171238422393799] [0.676535964012146, -0.3804739713668823, 2.1153440475463867, 0.7072159647941589, 1.707300066947937, 0.996399998664856, -1.3115280866622925, -1.3085440397262573]
[0.040628571063280106, -0.2208101451396942, 0.30672788619995117, -2.8768231868743896, 0.012420077808201313, -0.618233323097229] [0.676535964012146, -0.3804739713668823, 2.1153440475463867, 0.7087500095367432, 1.707300066947937, 0.996399998664856, -1.313062071800232, -1.3085440397262573]
[0.040936894714832306, -0.22057829797267914, 0.30652502179145813, -2.8764193058013916, 0.013722365722060204, -0.6171390414237976] [0.676535964012146, -0.3804739713668823, 2.1153440475463867, 0.7072159647941589, 1.707300066947937, 0.996399998664856, -1.3115280866622925, -1.3100780248641968]
[0.04075878486037254, -0.22083398699760437, 0.306812047958374, -2.8769402503967285, 0.01140589639544487, -0.6182631254196167] [0.676535964012146, -0.3804739713668823, 2.1138100624084473, 0.7072159647941589, 1.707300066947937, 0.996399998664856, -1.313062071800232, -1.3085440397262573]
[0.040812671184539795, -0.2208116203546524, 0.30665379762649536, -2.8771800994873047, 0.013051358051598072, -0.6181719899177551] [0.676535964012146, -0.37893998622894287, 2.1153440475463867, 0.7072159647941589, 1.707300066947937, 0.996399998664856, -1.313062071800232, -1.3100780248641968]
[0.040830302983522415, -0.22086341679096222, 0.30654942989349365, -2.877004384994507, 0.013278927654027939, -0.6180740594863892] [0.6780699491500854, -0.37893998622894287, 2.1153440475463867, 0.7072159647941589, 1.707300066947937, 0.996399998664856, -1.313062071800232, -1.3100780248641968]
[0.04088189825415611, -0.22059422731399536, 0.3064545691013336, -2.876239538192749, 0.013682786375284195, -0.617070198059082] [0.676535964012146, -0.37893998622894287, 2.1153440475463867, 0.7072159647941589, 1.707300066947937, 0.996399998664856, -1.313062071800232, -1.3100780248641968]
[0.040745291858911514, -0.2206280380487442, 0.3064228296279907, -2.8770387172698975, 0.013227343559265137, -0.6172744035720825] [0.676535964012146, -0.37893998622894287, 2.1153440475463867, 0.7087500095367432, 1.707300066947937, 0.996399998664856, -1.313062071800232, -1.3100780248641968]
[0.04077693819999695, -0.2209143489599228, 0.30669429898262024, -2.877190113067627, 0.011868943460285664, -0.6183769106864929] [0.676535964012146, -0.3804739713668823, 2.1153440475463867, 0.7087500095367432, 1.707300066947937, 0.9968000054359436, -1.313062071800232, -1.3085440397262573]
[0.04066062718629837, -0.22084854543209076, 0.3066522181034088, -2.8769285678863525, 0.012627854943275452, -0.6181859970092773] [0.676535964012146, -0.3804739713668823, 2.1153440475463867, 0.7087500095367432, 1.707300066947937, 0.996399998664856, -1.3115280866622925, -1.3100780248641968]
[0.0421813428401947, -0.22095434367656708, 0.3096364140510559, -2.8644609451293945, -0.005192095413804054, -0.6188626289367676] [0.6550599932670593, -0.3835419714450836, 2.0908000469207764, 0.7102839946746826, 1.710368037223816, 0.06520000100135803, -1.3161300420761108, -1.3070099353790283]
[0.0425226129591465, -0.22055646777153015, 0.3126465976238251, -2.873504877090454, -0.02389473468065262, -0.6141856908798218] [0.6489239931106567, -0.3866099715232849, 2.0677900314331055, 0.7317599654197693, 1.710368037223816, 0.06520000100135803, -1.313062071800232, -1.299340009689331]
[0.04356921836733818, -0.2200927436351776, 0.3189815580844879, -2.8675150871276855, -0.0638938695192337, -0.608726441860199] [0.6136419773101807, -0.38814395666122437, 2.05551815032959, 0.7394299507141113, 1.710368037223816, 0.06520000100135803, -1.3069260120391846, -1.2886019945144653]
[0.04535333439707756, -0.2196161448955536, 0.3301246166229248, -2.837200164794922, -0.1218438372015953, -0.6083265542984009] [0.5538159608840942, -0.38814395666122437, 2.0509161949157715, 0.7394299507141113, 1.710368037223816, 0.06520000100135803, -1.3053920269012451, -1.282465934753418]
[0.04605395346879959, -0.2195063680410385, 0.339948832988739, -2.803821563720703, -0.1703961044549942, -0.6141754984855652] [0.49245595932006836, -0.38814395666122437, 2.049382209777832, 0.7409639954566956, 1.7088340520858765, 0.06520000100135803, -1.3053920269012451, -1.282465934753418]
[0.0460234209895134, -0.2184937447309494, 0.3521856665611267, -2.767535924911499, -0.2303621619939804, -0.6209415197372437] [0.4126879572868347, -0.38507598638534546, 2.049382209777832, 0.7394299507141113, 1.707300066947937, 0.06480000168085098, -1.3053920269012451, -1.282465934753418]
[0.04642525687813759, -0.21725067496299744, 0.37061968445777893, -2.6977617740631104, -0.3190508186817169, -0.6333860158920288] [0.29917198419570923, -0.3758719563484192, 2.035576105117798, 0.734827995300293, 1.707300066947937, 0.06480000168085098, -1.3069260120391846, -1.2855340242385864]
[0.050882238894701004, -0.2075425088405609, 0.3876499533653259, -2.729459524154663, -0.4072100818157196, -0.5717516541481018] [0.22860796749591827, -0.36206597089767456, 1.823884129524231, 0.734827995300293, 1.7088340520858765, 0.06520000100135803, -1.3084601163864136, -1.284000039100647]
[0.06400872021913528, -0.17629720270633698, 0.3935513198375702, -3.1414051055908203, -0.4413180351257324, -0.2821291983127594] [0.2132679671049118, -0.3605319857597351, 1.4158400297164917, 0.7332940101623535, 1.7088340520858765, 0.06480000168085098, -1.3084601163864136, -1.284000039100647]
[0.07083207368850708, -0.15124385058879852, 0.39357471466064453, 2.852327585220337, -0.41897597908973694, -0.06974862515926361] [0.18105396628379822, -0.34519195556640625, 1.198012113571167, 0.7332940101623535, 1.710368037223816, 0.06480000168085098, -1.309994101524353, -1.284000039100647]
[0.07343167066574097, -0.13512259721755981, 0.393390953540802, 2.6577773094177246, -0.3919188380241394, 0.06242314353585243] [0.13656796514987946, -0.33905595541000366, 0.9817180633544922, 0.7332940101623535, 1.710368037223816, 0.06520000100135803, -1.309994101524353, -1.284000039100647]
[0.07573799788951874, -0.11943419277667999, 0.38718974590301514, 2.4554643630981445, -0.3212383985519409, 0.18581534922122955] [0.11355795711278915, -0.3283179700374603, 0.7761620283126831, 0.7332940101623535, 1.710368037223816, 0.06480000168085098, -1.309994101524353, -1.284000039100647]
[0.07664244621992111, -0.10699483752250671, 0.38170576095581055, 2.311709403991699, -0.2606489658355713, 0.27385908365249634] [0.0890139639377594, -0.3083759546279907, 0.6411700248718262, 0.7332940101623535, 1.710368037223816, 0.06520000100135803, -1.309994101524353, -1.284000039100647]
[0.07685965299606323, -0.09686934947967529, 0.37930676341056824, 2.236978769302368, -0.22980839014053345, 0.3357507884502411] [0.07367396354675293, -0.2746279835700989, 0.5859460830688477, 0.7302259802818298, 1.710368037223816, 0.06520000100135803, -1.309994101524353, -1.284000039100647]
[0.07693358510732651, -0.09165958315134048, 0.378936767578125, 2.2184929847717285, -0.22249361872673035, 0.3637790083885193] [0.0660039633512497, -0.2562199831008911, 0.5552660226821899, 0.7286919951438904, 1.710368037223816, 0.06480000168085098, -1.309994101524353, -1.284000039100647]
[0.07667610794305801, -0.08630625903606415, 0.3773272931575775, 2.190920352935791, -0.20735308527946472, 0.39462998509407043] [0.061401963233947754, -0.23474396765232086, 0.5230520367622375, 0.7240899801254272, 1.710368037223816, 0.06520000100135803, -1.309994101524353, -1.284000039100647]
[0.07641404867172241, -0.08134307712316513, 0.3739715814590454, 2.1506876945495605, -0.1788361668586731, 0.42258912324905396] [0.05986796319484711, -0.22400596737861633, 0.42487603425979614, 0.7240899801254272, 1.710368037223816, 0.06520000100135803, -1.309994101524353, -1.284000039100647]
[0.07598717510700226, -0.07623668015003204, 0.36527717113494873, 2.044224262237549, -0.10438953340053558, 0.4579091966152191] [0.04759596288204193, -0.21480196714401245, 0.29141804575920105, 0.7225559949874878, 1.710368037223816, 0.06520000100135803, -1.309994101524353, -1.284000039100647]
[0.07512260228395462, -0.06932166963815689, 0.3606681823730469, 1.9853805303573608, -0.06384661793708801, 0.4975009262561798] [0.04299396276473999, -0.1841219663619995, 0.26840806007385254, 0.714885950088501, 1.710368037223816, 0.06520000100135803, -1.309994101524353, -1.284000039100647]
[0.07461746037006378, -0.06419014930725098, 0.3599827289581299, 1.9647778272628784, -0.05370423570275307, 0.5220302939414978] [0.0368579626083374, -0.16264596581459045, 0.2377280443906784, 0.714885950088501, 1.710368037223816, 0.06480000168085098, -1.309994101524353, -1.284000039100647]
[0.0737181156873703, -0.060053691267967224, 0.35724037885665894, 1.9367926120758057, -0.031792040914297104, 0.5447168946266174] [0.0368579626083374, -0.1442379653453827, 0.19784404337406158, 0.7133519649505615, 1.710368037223816, 0.06480000168085098, -1.3115280866622925, -1.284000039100647]
[0.07265087962150574, -0.055248912423849106, 0.3541889190673828, 1.9100805521011353, -0.00835381355136633, 0.571259617805481] [0.0368579626083374, -0.12582996487617493, 0.16102804243564606, 0.714885950088501, 1.710368037223816, 0.06480000168085098, -1.3115280866622925, -1.284000039100647]
[0.07168060541152954, -0.051776234060525894, 0.3507857024669647, 1.8806288242340088, 0.017448369413614273, 0.591479480266571] [0.0368579626083374, -0.11202395707368851, 0.12114404141902924, 0.7133519649505615, 1.710368037223816, 0.06520000100135803, -1.3115280866622925, -1.2855340242385864]
[0.07088679820299149, -0.04911200702190399, 0.34791651368141174, 1.8599977493286133, 0.03812769800424576, 0.6069279909133911] [0.035323962569236755, -0.09975196421146393, 0.08586204051971436, 0.714885950088501, 1.710368037223816, 0.06480000168085098, -1.313062071800232, -1.2855340242385864]
[0.07032196968793869, -0.047911182045936584, 0.3448027968406677, 1.8330373764038086, 0.06198446825146675, 0.6147817969322205] [0.0368579626083374, -0.09821796417236328, 0.055182039737701416, 0.7133519649505615, 1.710368037223816, 0.06520000100135803, -1.313062071800232, -1.2855340242385864]
[0.07005798071622849, -0.04770917445421219, 0.34176260232925415, 1.806825041770935, 0.08547807484865189, 0.6173630952835083] [0.0368579626083374, -0.09821796417236328, 0.019900038838386536, 0.7133519649505615, 1.710368037223816, 0.06520000100135803, -1.313062071800232, -1.2855340242385864]
[0.06980957090854645, -0.04739436134696007, 0.3398096561431885, 1.7928345203399658, 0.1002478376030922, 0.6201560497283936] [0.0368579626083374, -0.09821796417236328, -0.001575961709022522, 0.714885950088501, 1.710368037223816, 0.06520000100135803, -1.313062071800232, -1.2855340242385864]
[0.06973177939653397, -0.04766928404569626, 0.3382813334465027, 1.7758193016052246, 0.11322347819805145, 0.6195793151855469] [0.03839196264743805, -0.09975196421146393, -0.01844996213912964, 0.714885950088501, 1.710368037223816, 0.06480000168085098, -1.313062071800232, -1.2870680093765259]
[0.06950587779283524, -0.04739964008331299, 0.336600124835968, 1.7657979726791382, 0.12469790875911713, 0.62185138463974] [0.039925962686538696, -0.09975196421146393, -0.03378996253013611, 0.714885950088501, 1.710368037223816, 0.06480000168085098, -1.313062071800232, -1.2870680093765259]
[0.06947747617959976, -0.04742014408111572, 0.3358769118785858, 1.7603609561920166, 0.1299840211868286, 0.6221382021903992] [0.03839196264743805, -0.09975196421146393, -0.035323962569236755, 0.714885950088501, 1.710368037223816, 0.06520000100135803, -1.3145960569381714, -1.2916699647903442]
[0.06983579695224762, -0.04768096283078194, 0.3355650305747986, 1.7610347270965576, 0.13151763379573822, 0.6207197308540344] [0.03839196264743805, -0.09975196421146393, -0.035323962569236755, 0.714885950088501, 1.710368037223816, 0.06480000168085098, -1.3207321166992188, -1.2962720394134521]
[0.07029920816421509, -0.0479174479842186, 0.3347771167755127, 1.7612360715866089, 0.13513052463531494, 0.619442880153656] [0.03839196264743805, -0.10128595679998398, -0.0368579626083374, 0.714885950088501, 1.710368037223816, 0.06520000100135803, -1.328402042388916, -1.3039419651031494]
[0.07123126834630966, -0.04792429879307747, 0.33356866240501404, 1.7647706270217896, 0.13991957902908325, 0.619911253452301] [0.03839196264743805, -0.10128595679998398, -0.0368579626083374, 0.714885950088501, 1.710368037223816, 0.06480000168085098, -1.331470012664795, -1.3085440397262573]
[0.07216567546129227, -0.04823271185159683, 0.3323833644390106, 1.767932415008545, 0.14448311924934387, 0.618820309638977] [0.03839196264743805, -0.10435395687818527, -0.0368579626083374, 0.714885950088501, 1.710368037223816, 0.06520000100135803, -1.3345381021499634, -1.3116120100021362]
[0.07274673134088516, -0.04853128269314766, 0.33164870738983154, 1.7697334289550781, 0.1472979187965393, 0.6175577044487] [0.039925962686538696, -0.10435395687818527, -0.03839196264743805, 0.714885950088501, 1.710368037223816, 0.06480000168085098, -1.3391400575637817, -1.3162139654159546]
[0.07326436042785645, -0.04855296015739441, 0.3304223418235779, 1.7718040943145752, 0.15260595083236694, 0.6180849075317383] [0.039925962686538696, -0.10435395687818527, -0.03839196264743805, 0.714885950088501, 1.710368037223816, 0.06520000100135803, -1.345276117324829, -1.3208160400390625]
[0.07413619011640549, -0.0488915741443634, 0.32973188161849976, 1.7751775979995728, 0.15527530014514923, 0.6168467998504639] [0.03839196264743805, -0.10435395687818527, -0.03839196264743805, 0.714885950088501, 1.710368037223816, 0.06520000100135803, -1.3468101024627686, -1.3238840103149414]
[0.07476525008678436, -0.04870695620775223, 0.3292461037635803, 1.7762587070465088, 0.15695427358150482, 0.6170161366462708] [0.0368579626083374, -0.10435395687818527, -0.03839196264743805, 0.7118179798126221, 1.711902141571045, 0.06520000100135803, -1.348344087600708, -1.3269519805908203]
[0.07548226416110992, -0.04903168976306915, 0.3288504183292389, 1.7767794132232666, 0.15819884836673737, 0.6140737533569336] [0.035323962569236755, -0.10435395687818527, -0.03839196264743805, 0.7102839946746826, 1.711902141571045, 0.06520000100135803, -1.3529460430145264, -1.3284859657287598]
[0.0764027014374733, -0.04915874823927879, 0.32798317074775696, 1.7787914276123047, 0.1618036925792694, 0.6113752722740173] [0.035323962569236755, -0.10281995683908463, -0.03839196264743805, 0.7026139497756958, 1.710368037223816, 0.06520000100135803, -1.3560140132904053, -1.3300199508666992]
[0.07738190144300461, -0.04964946582913399, 0.3276473581790924, 1.778478741645813, 0.1635415107011795, 0.6053113341331482] [0.03225596249103546, -0.10128595679998398, -0.03839196264743805, 0.6918759942054749, 1.710368037223816, 0.06480000168085098, -1.3606160879135132, -1.3330880403518677]
[0.07934447377920151, -0.05113592743873596, 0.32553359866142273, 1.7825243473052979, 0.1688534915447235, 0.5975698232650757] [0.03225596249103546, -0.09821796417236328, -0.0368579626083374, 0.6826719641685486, 1.710368037223816, 0.06480000168085098, -1.3621500730514526, -1.3346220254898071]
[0.08064860105514526, -0.051234982907772064, 0.32465803623199463, 1.7858165502548218, 0.17032037675380707, 0.5927971005439758] [0.030721962451934814, -0.0859459638595581, -0.0368579626083374, 0.6642639636993408, 1.711902141571045, 0.06520000100135803, -1.363684058189392, -1.3392239809036255]
[0.08191929757595062, -0.04873080179095268, 0.3243045508861542, 1.7861981391906738, 0.1698126494884491, 0.5928508639335632] [0.026119962334632874, -0.061401963233947754, -0.0368579626083374, 0.6412539482116699, 1.711902141571045, 0.06480000168085098, -1.371354103088379, -1.3468940258026123]
[0.0833481028676033, -0.045649170875549316, 0.3247421681880951, 1.7863585948944092, 0.1654490828514099, 0.5958539247512817] [0.01844996213912964, -0.03378996253013611, -0.0368579626083374, 0.6167099475860596, 1.711902141571045, 0.06480000168085098, -1.3790240287780762, -1.3545639514923096]
[0.08495195209980011, -0.044049222022295, 0.32448405027389526, 1.7876685857772827, 0.1651827096939087, 0.594417154788971] [0.013847962021827698, -0.01844996213912964, -0.0368579626083374, 0.5983020067214966, 1.710368037223816, 0.06480000168085098, -1.3805580139160156, -1.357632040977478]
[0.08582157641649246, -0.04155551642179489, 0.32358819246292114, 1.7900886535644531, 0.1675785779953003, 0.5963513851165771] [0.013847962021827698, 0.004560038447380066, -0.035323962569236755, 0.579893946647644, 1.710368037223816, 0.06520000100135803, -1.3820921182632446, -1.357632040977478]
[0.0854438841342926, -0.038144588470458984, 0.324551522731781, 1.7868363857269287, 0.16556106507778168, 0.6025548577308655] [0.01231396198272705, 0.029104039072990417, -0.029187962412834167, 0.5660879611968994, 1.710368037223816, 0.06520000100135803, -1.383626103401184, -1.360700011253357]
[0.08501220494508743, -0.033877599984407425, 0.32553112506866455, 1.7897714376449585, 0.1612747311592102, 0.614747166633606] [0.01231396198272705, 0.050580039620399475, -0.02765396237373352, 0.5599519610404968, 1.7088340520858765, 0.06520000100135803, -1.3882280588150024, -1.3637679815292358]
[0.08399499207735062, -0.029647421091794968, 0.32570987939834595, 1.793912410736084, 0.15916560590267181, 0.6349397301673889] [0.013847962021827698, 0.07512404024600983, -0.024585962295532227, 0.561486005783081, 1.7088340520858765, 0.06520000100135803, -1.3912960290908813, -1.3637679815292358]
[0.08296500146389008, -0.025802886113524437, 0.32565149664878845, 1.8026117086410522, 0.1567034274339676, 0.6550931930541992] [0.013847962021827698, 0.09506604075431824, -0.015381962060928345, 0.5599519610404968, 1.707300066947937, 0.06520000100135803, -1.3943641185760498, -1.3668359518051147]
[0.08124646544456482, -0.020566094666719437, 0.32577332854270935, 1.8187003135681152, 0.15185126662254333, 0.6827659606933594] [0.01691596210002899, 0.11807604134082794, -0.004643961787223816, 0.5599519610404968, 1.707300066947937, 0.06520000100135803, -1.3958981037139893, -1.3683700561523438]
[0.0796462818980217, -0.01625610515475273, 0.325482577085495, 1.8338608741760254, 0.1491396129131317, 0.7058992981910706] [0.02305196225643158, 0.1426200419664383, 0.004560038447380066, 0.561486005783081, 1.707300066947937, 0.06520000100135803, -1.3958981037139893, -1.3683700561523438]
[0.07771789282560349, -0.011898711323738098, 0.3255229592323303, 1.8487532138824463, 0.14518842101097107, 0.7303867936134338] [0.026119962334632874, 0.1686980426311493, 0.0122300386428833, 0.561486005783081, 1.707300066947937, 0.06480000168085098, -1.3958981037139893, -1.3683700561523438]
[0.07615770399570465, -0.008549042046070099, 0.3261431157588959, 1.855244517326355, 0.14014217257499695, 0.7484237551689148] [0.02765396237373352, 0.1886400431394577, 0.01683203876018524, 0.561486005783081, 1.707300066947937, 0.06480000168085098, -1.3974320888519287, -1.3683700561523438]
[0.07374894618988037, -0.004335104022175074, 0.3262154757976532, 1.8673126697540283, 0.1364099234342575, 0.774357795715332] [0.03225596249103546, 0.20704804360866547, 0.019900038838386536, 0.56455397605896, 1.7088340520858765, 0.06480000168085098, -1.3958981037139893, -1.3683700561523438]
[0.07081801444292068, 3.744367859326303e-05, 0.3255774974822998, 1.8776994943618774, 0.13685844838619232, 0.8040086627006531] [0.03839196264743805, 0.22238804399967194, 0.021434038877487183, 0.5814279913902283, 1.707300066947937, 0.06480000168085098, -1.3958981037139893, -1.3683700561523438]
[0.06889688968658447, 0.002512449398636818, 0.32562679052352905, 1.8856160640716553, 0.1345783770084381, 0.8239743709564209] [0.04452796280384064, 0.23312604427337646, 0.02296803891658783, 0.5890979766845703, 1.7088340520858765, 0.06520000100135803, -1.3958981037139893, -1.3668359518051147]
[0.06735067069530487, 0.004072486888617277, 0.3253040611743927, 1.8895150423049927, 0.13488952815532684, 0.8365142941474915] [0.046061962842941284, 0.23926204442977905, 0.02296803891658783, 0.5936999917030334, 1.7088340520858765, 0.06520000100135803, -1.3958981037139893, -1.3653019666671753]
[0.06609395146369934, 0.005239484366029501, 0.32542744278907776, 1.8899585008621216, 0.13383060693740845, 0.8473778963088989] [0.04912996292114258, 0.24233004450798035, 0.021434038877487183, 0.6013699769973755, 1.7088340520858765, 0.06520000100135803, -1.3943641185760498, -1.3637679815292358]
[0.06483720988035202, 0.0060182115994393826, 0.32547396421432495, 1.8939615488052368, 0.13241910934448242, 0.8566294312477112] [0.050663962960243225, 0.243864044547081, 0.021434038877487183, 0.6105740070343018, 1.710368037223816, 0.06520000100135803, -1.3943641185760498, -1.3622339963912964]
[0.06335575133562088, 0.007135823834687471, 0.3257199823856354, 1.8959522247314453, 0.13036921620368958, 0.8703937530517578] [0.05373196303844452, 0.243864044547081, 0.01836603879928589, 0.6320499777793884, 1.710368037223816, 0.06520000100135803, -1.3943641185760498, -1.3622339963912964]
[0.06079695746302605, 0.008356600999832153, 0.3256825804710388, 1.8960365056991577, 0.1289343386888504, 0.8922281861305237] [0.05833396315574646, 0.243864044547081, 0.015298038721084595, 0.6458559632301331, 1.711902141571045, 0.06480000168085098, -1.389762043952942, -1.3591660261154175]
[0.058491114526987076, 0.009151649661362171, 0.32553577423095703, 1.8964923620224, 0.1291915476322174, 0.9079977869987488] [0.061401963233947754, 0.243864044547081, 0.0122300386428833, 0.6657979488372803, 1.711902141571045, 0.06480000168085098, -1.383626103401184, -1.3545639514923096]
[0.055841393768787384, 0.010311910882592201, 0.3266666531562805, 1.8941571712493896, 0.12349828332662582, 0.9274625778198242] [0.061401963233947754, 0.243864044547081, 0.010696038603782654, 0.6811379790306091, 1.711902141571045, 0.06520000100135803, -1.3805580139160156, -1.3514959812164307]
[0.05377659574151039, 0.010991845279932022, 0.3272566795349121, 1.891201138496399, 0.12132486701011658, 0.9412084817886353] [0.05986796319484711, 0.24233004450798035, 0.004560038447380066, 0.6980119943618774, 1.711902141571045, 0.06520000100135803, -1.3790240287780762, -1.3499619960784912]
[0.05192040652036667, 0.011714398860931396, 0.3276212513446808, 1.887876272201538, 0.12028995156288147, 0.9567337036132812] [0.061401963233947754, 0.23926204442977905, 0.001492038369178772, 0.7179539799690247, 1.7134361267089844, 0.06520000100135803, -1.3774900436401367, -1.3484280109405518]
[0.04922042042016983, 0.012666059657931328, 0.3281954228878021, 1.8865853548049927, 0.1177913174033165, 0.9798277616500854] [0.061401963233947754, 0.2377280443906784, -0.004643961787223816, 0.7394299507141113, 1.7149701118469238, 0.06520000100135803, -1.3744220733642578, -1.3468940258026123]
[0.046885136514902115, 0.013154971413314342, 0.32851317524909973, 1.8820070028305054, 0.11723683029413223, 0.998549222946167] [0.061401963233947754, 0.23005804419517517, -0.010779961943626404, 0.7670419812202454, 1.7149701118469238, 0.06520000100135803, -1.371354103088379, -1.3438260555267334]
[0.04459071904420853, 0.012926769442856312, 0.3285089135169983, 1.8773255348205566, 0.11910326033830643, 1.0176388025283813] [0.0629359632730484, 0.21932004392147064, -0.019983962178230286, 0.7931199669837952, 1.7149701118469238, 0.06520000100135803, -1.3682861328125, -1.340757966041565]
[0.04278815910220146, 0.01289881207048893, 0.3282288908958435, 1.8729759454727173, 0.12311510741710663, 1.0307875871658325] [0.0629359632730484, 0.21625204384326935, -0.030721962451934814, 0.8115279674530029, 1.7165040969848633, 0.06520000100135803, -1.363684058189392, -1.3346220254898071]
[0.04010410234332085, 0.013475553132593632, 0.3285022974014282, 1.8668478727340698, 0.12492333352565765, 1.0497078895568848] [0.0629359632730484, 0.2116500437259674, -0.03839196264743805, 0.8330039978027344, 1.7195720672607422, 0.06520000100135803, -1.3590821027755737, -1.3300199508666992]
[0.03788599744439125, 0.013504174537956715, 0.3287692666053772, 1.8631372451782227, 0.12774354219436646, 1.063976764678955] [0.06446996331214905, 0.20704804360866547, -0.04912996292114258, 0.8483439683914185, 1.7257081270217896, 0.06480000168085098, -1.3560140132904053, -1.3284859657287598]
[0.03580041602253914, 0.013657278381288052, 0.3283744156360626, 1.8609150648117065, 0.13395076990127563, 1.077224612236023] [0.06446996331214905, 0.20398004353046417, -0.061401963233947754, 0.8636839985847473, 1.7333780527114868, 0.06480000168085098, -1.3529460430145264, -1.3254179954528809]
[0.03415954113006592, 0.013403772376477718, 0.3283658027648926, 1.8607292175292969, 0.1381930261850357, 1.0868949890136719] [0.06446996331214905, 0.19324204325675964, -0.07367396354675293, 0.8820919990539551, 1.7410480976104736, 0.06520000100135803, -1.3498780727386475, -1.3238840103149414]
[0.033624615520238876, 0.012153904885053635, 0.3277130424976349, 1.8586678504943848, 0.14607232809066772, 1.0861562490463257] [0.06753796339035034, 0.18710604310035706, -0.07674196362495422, 0.885159969329834, 1.742582082748413, 0.06520000100135803, -1.3437421321868896, -1.3238840103149414]
[0.033021192997694016, 0.01155246514827013, 0.32742181420326233, 1.8594800233840942, 0.14769551157951355, 1.0864930152893066] [0.07213996350765228, 0.17943604290485382, -0.07827596366405487, 0.8928300142288208, 1.742582082748413, 0.06520000100135803, -1.3391400575637817, -1.322350025177002]
[0.032401394098997116, 0.010960612446069717, 0.3272092640399933, 1.8598196506500244, 0.14933115243911743, 1.0883136987686157] [0.07674196362495422, 0.17330004274845123, -0.08134396374225616, 0.8974319696426392, 1.7441160678863525, 0.06520000100135803, -1.3299360275268555, -1.322350025177002]
[0.03203850984573364, 0.00988852884620428, 0.32615000009536743, 1.8688862323760986, 0.15504781901836395, 1.0847952365875244] [0.08441196382045746, 0.16409604251384735, -0.08441196382045746, 0.9066359996795654, 1.7517861127853394, 0.06480000168085098, -1.3238000869750977, -1.3208160400390625]
[0.030917009338736534, 0.008793104439973831, 0.3255983591079712, 1.8752086162567139, 0.15834254026412964, 1.0885695219039917] [0.0920819640159607, 0.1456880420446396, -0.09054796397686005, 0.9296460151672363, 1.7609901428222656, 0.06520000100135803, -1.3207321166992188, -1.317747950553894]
[0.029749847948551178, 0.005926630925387144, 0.3248480558395386, 1.8772997856140137, 0.16863591969013214, 1.0911756753921509] [0.0920819640159607, 0.13034804165363312, -0.10128595679998398, 0.943452000617981, 1.7640581130981445, 0.06520000100135803, -1.313062071800232, -1.3054759502410889]
[0.02891152910888195, 0.0053429557010531425, 0.3247917592525482, 1.8716187477111816, 0.17226724326610565, 1.0913318395614624] [0.0920819640159607, 0.12421204149723053, -0.10895595699548721, 0.9495880007743835, 1.7640581130981445, 0.06520000100135803, -1.3084601163864136, -1.2947380542755127]
[0.02740962989628315, 0.004556366708129644, 0.32562029361724854, 1.8636395931243896, 0.17252680659294128, 1.0937836170196533] [0.09361596405506134, 0.10580404102802277, -0.1181599572300911, 0.9725979566574097, 1.765592098236084, 0.06480000168085098, -1.3023240566253662, -1.2870680093765259]
[0.02632821351289749, 0.0009735659696161747, 0.3252311050891876, 1.8607308864593506, 0.18219099938869476, 1.0912338495254517] [0.09361596405506134, 0.06898804008960724, -0.13043196499347687, 1.0032780170440674, 1.7732620239257812, 0.06520000100135803, -1.294654130935669, -1.2778639793395996]
[0.02548147179186344, -0.0038669491186738014, 0.324839323759079, 1.8499590158462524, 0.1946285367012024, 1.0804908275604248] [0.09361596405506134, 0.0383080393075943, -0.14577196538448334, 1.0278220176696777, 1.7763301134109497, 0.06520000100135803, -1.2869840860366821, -1.2701940536499023]
[0.024279247969388962, -0.008168286643922329, 0.3242728114128113, 1.8449445962905884, 0.2093837410211563, 1.0727845430374146] [0.09361596405506134, 0.006094038486480713, -0.1611119657754898, 1.0477639436721802, 1.785534143447876, 0.06480000168085098, -1.2777800559997559, -1.2625240087509155]
[0.023872047662734985, -0.012162018567323685, 0.3238491714000702, 1.8388595581054688, 0.2211425006389618, 1.0584452152252197] [0.09361596405506134, -0.024585962295532227, -0.17491796612739563, 1.0661720037460327, 1.7916700839996338, 0.06520000100135803, -1.2701101303100586, -1.2563879489898682]
[0.0232451930642128, -0.015040441416203976, 0.3236176371574402, 1.8354548215866089, 0.22890333831310272, 1.0520341396331787] [0.09361596405506134, -0.05373196303844452, -0.18565596640110016, 1.0845799446105957, 1.7947380542755127, 0.06520000100135803, -1.2655080556869507, -1.2502520084381104]
[0.023331928998231888, -0.019879912957549095, 0.32345935702323914, 1.8294295072555542, 0.23731198906898499, 1.031236171722412] [0.09361596405506134, -0.0890139639377594, -0.19179196655750275, 1.0922499895095825, 1.7947380542755127, 0.06520000100135803, -1.2639740705490112, -1.2471840381622314]
[0.024787433445453644, -0.02494693547487259, 0.3234328329563141, 1.8212851285934448, 0.24298866093158722, 0.9994773864746094] [0.09514996409416199, -0.12122795730829239, -0.19485996663570404, 1.0922499895095825, 1.7947380542755127, 0.06520000100135803, -1.2609061002731323, -1.244115948677063]
[0.02672799490392208, -0.030277805402874947, 0.3235816955566406, 1.8164072036743164, 0.24503152072429657, 0.9648441076278687] [0.09514996409416199, -0.15344196557998657, -0.1933259665966034, 1.0922499895095825, 1.7947380542755127, 0.06520000100135803, -1.2609061002731323, -1.244115948677063]
[0.02789824828505516, -0.03412478044629097, 0.3232380747795105, 1.8142836093902588, 0.24900677800178528, 0.9416822195053101] [0.09361596405506134, -0.17184996604919434, -0.1933259665966034, 1.0953179597854614, 1.7947380542755127, 0.06480000168085098, -1.2593721151351929, -1.2425819635391235]
[0.02809244580566883, -0.03536301478743553, 0.3234846293926239, 1.8143188953399658, 0.24817335605621338, 0.9353404641151428] [0.09514996409416199, -0.17798596620559692, -0.18565596640110016, 1.0968519449234009, 1.7947380542755127, 0.06520000100135803, -1.2563040256500244, -1.2379800081253052]
[0.028272313997149467, -0.03557904064655304, 0.3264862298965454, 1.81820547580719, 0.22702725231647491, 0.9306831955909729] [0.08747996389865875, -0.18105396628379822, -0.16571396589279175, 1.0968519449234009, 1.7947380542755127, 0.06520000100135803, -1.2532360553741455, -1.2349120378494263]
[0.028835561126470566, -0.0356445349752903, 0.33169838786125183, 1.8151743412017822, 0.19577717781066895, 0.9241440892219543] [0.07827596366405487, -0.1871899664402008, -0.1350339651107788, 1.093783974647522, 1.7947380542755127, 0.06480000168085098, -1.251702070236206, -1.2364460229873657]
[0.03060242347419262, -0.03748644143342972, 0.33520591259002686, 1.8299095630645752, 0.1660400927066803, 0.9048028588294983] [0.07980996370315552, -0.20099596679210663, -0.09821796417236328, 1.0861139297485352, 1.7947380542755127, 0.06480000168085098, -1.2532360553741455, -1.2395139932632446]
[0.03294520452618599, -0.04090522974729538, 0.34059658646583557, 1.850440263748169, 0.12239386141300201, 0.8779710531234741] [0.07827596366405487, -0.22247196733951569, -0.04299396276473999, 1.0799779891967773, 1.7947380542755127, 0.06520000100135803, -1.2532360553741455, -1.2425819635391235]
[0.03709007799625397, -0.04586053639650345, 0.34985917806625366, 1.9027868509292603, 0.03982467204332352, 0.8311435580253601] [0.08747996389865875, -0.2393459677696228, 0.15489204227924347, 1.0631040334701538, 1.7947380542755127, 0.06520000100135803, -1.2578380107879639, -1.2502520084381104]
[0.04196062684059143, -0.05362926423549652, 0.3712964653968811, 2.018852472305298, -0.14289610087871552, 0.7654582858085632] [0.0890139639377594, -0.2562199831008911, 0.34664204716682434, 1.0155500173568726, 1.7947380542755127, 0.06520000100135803, -1.2624400854110718, -1.260990023612976]
[0.05084770545363426, -0.06921070069074631, 0.3871505856513977, 2.163991689682007, -0.282225638628006, 0.6243064403533936] [0.09361596405506134, -0.26388996839523315, 0.5552660226821899, 0.9311800003051758, 1.7947380542755127, 0.06480000168085098, -1.2670420408248901, -1.282465934753418]
[0.057236198335886, -0.08728229999542236, 0.3998960554599762, 2.3455610275268555, -0.40130484104156494, 0.47219792008399963] [0.09514996409416199, -0.28076398372650146, 0.7761620283126831, 0.9004999995231628, 1.7947380542755127, 0.06520000100135803, -1.2777800559997559, -1.2947380542755127]
[0.06083201617002487, -0.10818465054035187, 0.407953679561615, 2.5234217643737793, -0.4816229045391083, 0.30582180619239807] [0.10128595679998398, -0.31297796964645386, 0.9786500930786133, 0.8345379829406738, 1.7932040691375732, 0.06520000100135803, -1.2869840860366821, -1.3085440397262573]
[0.064301498234272, -0.1371617168188095, 0.41061174869537354, 2.8008062839508057, -0.5166358947753906, 0.055256493389606476] [0.1150919571518898, -0.3405899703502655, 1.2087500095367432, 0.7517019510269165, 1.7916700839996338, 0.06480000168085098, -1.2977221012115479, -1.322350025177002]
[0.06558777391910553, -0.1610904186964035, 0.40628835558891296, 3.030377149581909, -0.48537835478782654, -0.1460788995027542] [0.13196596503257751, -0.37433797121047974, 1.4741320610046387, 0.6335839629173279, 1.7901360988616943, 0.06480000168085098, -1.3069260120391846, -1.3315539360046387]
[0.06576013565063477, -0.18985506892204285, 0.3922024369239807, -3.000105142593384, -0.3652130961418152, -0.3621870279312134] [0.15037396550178528, -0.41728997230529785, 1.6766201257705688, 0.5001260042190552, 1.7916700839996338, 0.06480000168085098, -1.3161300420761108, -1.3392239809036255]
[0.06516304612159729, -0.20787224173545837, 0.3713268041610718, -2.8800320625305176, -0.20599545538425446, -0.4703644812107086] [0.20713196694850922, -0.4510379731655121, 1.7441160678863525, 0.4418339729309082, 1.7901360988616943, 0.06480000168085098, -1.3238000869750977, -1.3545639514923096]
[0.06516119092702866, -0.2122589349746704, 0.35496798157691956, -2.915238618850708, -0.11603754013776779, -0.4878949224948883] [0.29917198419570923, -0.4648439884185791, 1.7441160678863525, 0.4418339729309082, 1.7901360988616943, 0.06480000168085098, -1.3360720872879028, -1.3622339963912964]
[0.061245694756507874, -0.2160334587097168, 0.3266308307647705, -3.003645658493042, 0.02435247413814068, -0.5046071410179138] [0.47864997386932373, -0.4801839590072632, 1.745650053024292, 0.4709799885749817, 1.7870681285858154, 0.06520000100135803, -1.345276117324829, -1.3699040412902832]
[0.05723936855792999, -0.2167939394712448, 0.30892494320869446, -3.0624985694885254, 0.10317964106798172, -0.5122087597846985] [0.5200679898262024, -0.48938798904418945, 1.7502521276474, 0.467911958694458, 1.7886021137237549, 0.06520000100135803, -1.345276117324829, -1.3683700561523438]
[0.05708879232406616, -0.2175048142671585, 0.30814120173454285, -3.0682053565979004, 0.10711359977722168, -0.5164491534233093] [0.5216019749641418, -0.48938798904418945, 1.7502521276474, 0.467911958694458, 1.7870681285858154, 0.06480000168085098, -1.345276117324829, -1.3683700561523438]
[0.057305142283439636, -0.21754026412963867, 0.30783653259277344, -3.0688371658325195, 0.10846967995166779, -0.5165126919746399] [0.5231359601020813, -0.48938798904418945, 1.7502521276474, 0.467911958694458, 1.7870681285858154, 0.06520000100135803, -1.345276117324829, -1.3683700561523438]
[0.05748209357261658, -0.21727202832698822, 0.3073083460330963, -3.069338798522949, 0.11103536188602448, -0.5153336524963379] [0.5231359601020813, -0.48631995916366577, 1.7502521276474, 0.46944597363471985, 1.7870681285858154, 0.06480000168085098, -1.3468101024627686, -1.3683700561523438]
[0.05801202356815338, -0.21676048636436462, 0.3071719706058502, -3.0674335956573486, 0.11152110248804092, -0.5127149820327759] [0.5231359601020813, -0.4847859740257263, 1.7502521276474, 0.46944597363471985, 1.7870681285858154, 0.06520000100135803, -1.3468101024627686, -1.3683700561523438]
[0.05804971978068352, -0.21668507158756256, 0.30727532505989075, -3.068606376647949, 0.11016970127820969, -0.511800229549408] [0.5216019749641418, -0.48325198888778687, 1.748718023300171, 0.46944597363471985, 1.7870681285858154, 0.06480000168085098, -1.3468101024627686, -1.3683700561523438]
[0.05813043192028999, -0.21663305163383484, 0.3072861135005951, -3.069018602371216, 0.11039548367261887, -0.5118233561515808] [0.5216019749641418, -0.4847859740257263, 1.748718023300171, 0.46944597363471985, 1.7870681285858154, 0.06480000168085098, -1.3468101024627686, -1.3683700561523438]
[0.05815163999795914, -0.2167716920375824, 0.3072359561920166, -3.067667245864868, 0.11064355820417404, -0.5125107169151306] [0.5216019749641418, -0.4847859740257263, 1.748718023300171, 0.46944597363471985, 1.7870681285858154, 0.06480000168085098, -1.3468101024627686, -1.3683700561523438]
[0.05818192660808563, -0.21672411262989044, 0.30702850222587585, -3.068974733352661, 0.11232831329107285, -0.5120340585708618] [0.5216019749641418, -0.4847859740257263, 1.748718023300171, 0.46944597363471985, 1.7870681285858154, 0.06480000168085098, -1.3468101024627686, -1.3683700561523438]
[0.05813588947057724, -0.2167750895023346, 0.30718353390693665, -3.067737579345703, 0.11076925694942474, -0.5125136375427246] [0.5216019749641418, -0.4847859740257263, 1.748718023300171, 0.46944597363471985, 1.7870681285858154, 0.06520000100135803, -1.3468101024627686, -1.3668359518051147]
[0.05760738626122475, -0.21726709604263306, 0.30770421028137207, -3.0605742931365967, 0.10612273216247559, -0.509262204170227] [0.5231359601020813, -0.4847859740257263, 1.748718023300171, 0.467911958694458, 1.7870681285858154, 0.06480000168085098, -1.3468101024627686, -1.3683700561523438]
