[0.23167596757411957, -0.45563995838165283, 1.6551440954208374, 0.7486339807510376, 1.8653020858764648, 0.22839999198913574, -0.07512404024600983] [0.16618509590625763, -0.19998233020305634, 0.14881548285484314, -2.9103317260742188, -0.5423521995544434, -0.4512326419353485] [0.0, 0.0, 0.0]
[0.23167596757411957, -0.45563995838165283, 1.6551440954208374, 0.7486339807510376, 1.8653020858764648, 0.22839999198913574, -0.07512404024600983] [0.1662784367799759, -0.20003177225589752, 0.14867550134658813, -2.910311698913574, -0.5408185720443726, -0.4512716829776764] [0.0, 0.0, 0.0]
[0.23167596757411957, -0.45563995838165283, 1.6551440954208374, 0.7486339807510376, 1.8653020858764648, 0.22839999198913574, -0.07512404024600983] [0.1662784367799759, -0.20003177225589752, 0.14867550134658813, -2.910311698913574, -0.5408185720443726, -0.4512716829776764] [0.0, 0.0, 0.0]
[0.23167596757411957, -0.45563995838165283, 1.6551440954208374, 0.750167965888977, 1.8637681007385254, 0.2287999987602234, -0.07512404024600983] [0.16618509590625763, -0.19998233020305634, 0.14881548285484314, -2.9103317260742188, -0.5423521995544434, -0.4512326419353485] [0.0, 0.0, 0.0]
[0.23167596757411957, -0.45563995838165283, 1.6551440954208374, 0.750167965888977, 1.8653020858764648, 0.22839999198913574, -0.07512404024600983] [0.1662784367799759, -0.20003177225589752, 0.14867550134658813, -2.910311698913574, -0.5408185720443726, -0.4512716829776764] [0.0, 0.0, 0.0]
[0.23167596757411957, -0.45563995838165283, 1.6551440954208374, 0.7486339807510376, 1.8653020858764648, 0.22839999198913574, -0.07512404024600983] [0.1662784367799759, -0.20003177225589752, 0.14867550134658813, -2.910311698913574, -0.5408185720443726, -0.4512716829776764] [0.0, 0.0, 0.0]
[0.23167596757411957, -0.45563995838165283, 1.6551440954208374, 0.750167965888977, 1.8653020858764648, 0.2287999987602234, -0.07512404024600983] [0.16618509590625763, -0.19998233020305634, 0.14881548285484314, -2.9103317260742188, -0.5423521995544434, -0.4512326419353485] [0.0, 0.0, 0.0]
[0.23167596757411957, -0.45563995838165283, 1.6551440954208374, 0.7486339807510376, 1.8653020858764648, 0.2287999987602234, -0.07512404024600983] [0.1662449985742569, -0.19986429810523987, 0.1488175392150879, -2.9120841026306152, -0.5423284769058228, -0.4500119090080261] [0.0, 0.0, 0.0]
[0.23167596757411957, -0.45563995838165283, 1.6551440954208374, 0.750167965888977, 1.8653020858764648, 0.22839999198913574, -0.07512404024600983] [0.1662784367799759, -0.20003177225589752, 0.14867550134658813, -2.910311698913574, -0.5408185720443726, -0.4512716829776764] [0.0, 0.0, 0.0]
[0.23167596757411957, -0.45563995838165283, 1.64900803565979, 0.7486339807510376, 1.8653020858764648, 0.2287999987602234, -0.07512404024600983] [0.1666368544101715, -0.19932428002357483, 0.14868485927581787, -2.9208147525787354, -0.5406491160392761, -0.44396722316741943] [0.0, 0.0, 0.0]
[0.23167596757411957, -0.45563995838165283, 1.6382701396942139, 0.7563039660453796, 1.862234115600586, 0.2287999987602234, -0.07512404024600983] [0.16635677218437195, -0.19807542860507965, 0.15025511384010315, -2.9289004802703857, -0.553633451461792, -0.43610143661499023] [0.0, 0.0, 0.0]
[0.2132679671049118, -0.4541059732437134, 1.630600094795227, 0.7578380107879639, 1.8607001304626465, 0.2287999987602234, -0.07512404024600983] [0.16564887762069702, -0.1970759630203247, 0.15392571687698364, -2.928570032119751, -0.5742533802986145, -0.4329514503479004] [0.0, 0.0, 0.0]
[0.19179196655750275, -0.44643598794937134, 1.6183280944824219, 0.7624399662017822, 1.8514961004257202, 0.2287999987602234, -0.07512404024600983] [0.16543088853359222, -0.19461455941200256, 0.15808747708797455, -2.9290168285369873, -0.5985837578773499, -0.42144325375556946] [0.0, 0.0, 0.0]
[0.1611119657754898, -0.43723195791244507, 1.6014540195465088, 0.7685759663581848, 1.8407580852508545, 0.22839999198913574, -0.07512404024600983] [0.16433800756931305, -0.19114480912685394, 0.16440600156784058, -2.9330646991729736, -0.6389683485031128, -0.40540385246276855] [0.0, 0.0, 0.0]
[0.12429595738649368, -0.42649397253990173, 1.57230806350708, 0.7946540117263794, 1.8300200700759888, 0.22839999198913574, -0.07512404024600983] [0.16147910058498383, -0.18662084639072418, 0.17328841984272003, -2.946617841720581, -0.7016866207122803, -0.383711040019989] [0.0, 0.0, 0.0]
[0.07520796358585358, -0.4096199870109558, 1.5431621074676514, 0.8115279674530029, 1.8300200700759888, 0.2287999987602234, -0.07665804028511047] [0.15962329506874084, -0.18063119053840637, 0.1815597414970398, -2.9621825218200684, -0.7564502358436584, -0.3506145179271698] [0.0, 0.0, 0.0]
[0.029187962412834167, -0.37740597128868103, 1.5232200622558594, 0.8115279674530029, 1.8300200700759888, 0.2287999987602234, -0.07665804028511047] [0.15961319208145142, -0.17369811236858368, 0.18778954446315765, -2.96579647064209, -0.7927951812744141, -0.31222546100616455] [0.0, 0.0, 0.0]
[-0.00762803852558136, -0.32524996995925903, 1.52168607711792, 0.8115279674530029, 1.8315540552139282, 0.2287999987602234, -0.07665804028511047] [0.16002511978149414, -0.16353389620780945, 0.1950579732656479, -2.9493658542633057, -0.8353891968727112, -0.2613449692726135] [0.0, 0.0, 0.0]
[-0.04751203954219818, -0.2792299687862396, 1.5232200622558594, 0.8099939823150635, 1.8361561298370361, 0.22839999198913574, -0.07665804028511047] [0.15953965485095978, -0.15649227797985077, 0.2003219872713089, -2.940356492996216, -0.8670994639396667, -0.2252052128314972] [0.0, 0.0, 0.0]
[-0.08279404044151306, -0.22247196733951569, 1.518618106842041, 0.8099939823150635, 1.8361561298370361, 0.22839999198913574, -0.07512404024600983] [0.15820465981960297, -0.14711828529834747, 0.20712880790233612, -2.946119785308838, -0.9082186222076416, -0.16933634877204895] [0.0, 0.0, 0.0]
[-0.10887204110622406, -0.1963939666748047, 1.5002100467681885, 0.8099939823150635, 1.8376901149749756, 0.2287999987602234, -0.07512404024600983] [0.1584549844264984, -0.14080311357975006, 0.20917628705501556, -2.982705593109131, -0.9195841550827026, -0.11669070273637772] [0.0, 0.0, 0.0]
[-0.113474041223526, -0.1611119657754898, 1.4572581052780151, 0.8099939823150635, 1.8085440397262573, 0.22839999198913574, -0.07512404024600983] [0.16014464199543, -0.13234801590442657, 0.2091454416513443, -3.0681211948394775, -0.9161021113395691, -0.038026437163352966] [0.0, 0.0, 0.0]
[-0.113474041223526, -0.14883996546268463, 1.406636118888855, 0.8099939823150635, 1.7517861127853394, 0.23160000145435333, -0.07665804028511047] [0.1613825559616089, -0.12425235658884048, 0.20851747691631317, 3.0427050590515137, -0.9054701328277588, 0.048547208309173584] [0.0, 0.0, 0.0]
[-0.113474041223526, -0.15344196557998657, 1.1673320531845093, 0.8099939823150635, 1.7410480976104736, 0.23160000145435333, -0.07512404024600983] [0.16509296000003815, -0.10394088923931122, 0.20280197262763977, 2.6760668754577637, -0.8276192545890808, 0.2916873097419739] [0.0, 0.0, 0.0]
[-0.113474041223526, -0.15650996565818787, 1.0154660940170288, 0.8115279674530029, 1.7410480976104736, 0.23160000145435333, -0.07512404024600983] [0.16695795953273773, -0.09383639693260193, 0.19814036786556244, 2.5168139934539795, -0.7703763246536255, 0.3923099637031555] [0.0, 0.0, 0.0]
[-0.11961004137992859, -0.14730596542358398, 0.9863200783729553, 0.8115279674530029, 1.7395141124725342, 0.23160000145435333, -0.07512404024600983] [0.16703473031520844, -0.08928273618221283, 0.19744008779525757, 2.468762159347534, -0.7557865381240845, 0.4290933310985565] [0.0, 0.0, 0.0]
[-0.12421204149723053, -0.13963596522808075, 0.9280280470848083, 0.8115279674530029, 1.7333780527114868, 0.23160000145435333, -0.07665804028511047] [0.1680976301431656, -0.0831439271569252, 0.19401536881923676, 2.386831521987915, -0.7178404331207275, 0.4779539406299591] [0.0, 0.0, 0.0]
[-0.12881404161453247, -0.13963596522808075, 0.7516180276870728, 0.8099939823150635, 1.730310082435608, 0.23160000145435333, -0.07512404024600983] [0.17041097581386566, -0.06929129362106323, 0.18364033102989197, 2.1678919792175293, -0.5984986424446106, 0.5845825672149658] [0.0, 0.0, 0.0]
[-0.139552041888237, -0.13656796514987946, 0.6626460552215576, 0.8115279674530029, 1.7318440675735474, 0.23160000145435333, -0.07665804028511047] [0.17006397247314453, -0.06531261652708054, 0.18250884115695953, 2.129979133605957, -0.5805945992469788, 0.6114059090614319] [0.0, 0.0, 0.0]
[-0.15489204227924347, -0.1181599572300911, 0.6381020545959473, 0.8115279674530029, 1.730310082435608, 0.23160000145435333, -0.07512404024600983] [0.1684592366218567, -0.060329142957925797, 0.18326295912265778, 2.076807737350464, -0.569605827331543, 0.6485452651977539] [0.0, 0.0, 0.0]
[-0.17636804282665253, -0.11048995703458786, 0.5736740827560425, 0.8207319974899292, 1.7287760972976685, 0.23160000145435333, -0.07512404024600983] [0.16704843938350677, -0.05532320588827133, 0.18192490935325623, 2.0020663738250732, -0.5425734519958496, 0.6890062689781189] [0.0, 0.0, 0.0]
[-0.1947760432958603, -0.09821796417236328, 0.516916036605835, 0.8253339529037476, 1.710368037223816, 0.23160000145435333, -0.07512404024600983] [0.16582228243350983, -0.049255430698394775, 0.17985421419143677, 1.910030722618103, -0.5150078535079956, 0.7282162308692932] [0.0, 0.0, 0.0]
[-0.19937804341316223, -0.0859459638595581, 0.5015760660171509, 0.8253339529037476, 1.5201520919799805, 0.24639999866485596, -0.07665804028511047] [0.16524729132652283, -0.04637516289949417, 0.17893049120903015, 1.7207155227661133, -0.5172590613365173, 0.74147629737854] [0.0, 0.0, 0.0]
[-0.21318404376506805, -0.07213996350765228, 0.5061780214309692, 0.8268679976463318, 1.5094140768051147, 0.23000000417232513, -0.07512404024600983] [0.16319215297698975, -0.04367612674832344, 0.18123267590999603, 1.713898777961731, -0.5296201109886169, 0.7638396620750427] [0.0, 0.0, 0.0]
[-0.21778604388237, -0.061401963233947754, 0.5107800364494324, 0.8253339529037476, 1.5109480619430542, 0.23000000417232513, -0.07665804028511047] [0.16288194060325623, -0.04269128665328026, 0.18138964474201202, 1.7124427556991577, -0.529500424861908, 0.7692702412605286] [0.0, 0.0, 0.0]
[-0.2116500437259674, -0.04759596288204193, 0.5107800364494324, 0.8253339529037476, 1.5094140768051147, 0.2303999960422516, -0.07665804028511047] [0.16238856315612793, -0.03988303989171982, 0.18021099269390106, 1.7123162746429443, -0.5231420397758484, 0.7848504185676575] [0.0, 0.0, 0.0]
[-0.2116500437259674, -0.030721962451934814, 0.5031100511550903, 0.8253339529037476, 1.5094140768051147, 0.2303999960422516, -0.07665804028511047] [0.16162575781345367, -0.03635101765394211, 0.17923498153686523, 1.7030569314956665, -0.5134456157684326, 0.8041960000991821] [0.0, 0.0, 0.0]
[-0.2116500437259674, -0.006177961826324463, 0.49697405099868774, 0.8253339529037476, 1.5094140768051147, 0.2303999960422516, -0.07665804028511047] [0.1602986603975296, -0.032083187252283096, 0.178441122174263, 1.6946303844451904, -0.5054939389228821, 0.8295135498046875] [0.0, 0.0, 0.0]
[-0.20398004353046417, 0.001492038369178772, 0.4954400658607483, 0.8253339529037476, 1.5094140768051147, 0.23000000417232513, -0.07665804028511047] [0.16069674491882324, -0.03155213221907616, 0.17716819047927856, 1.7005990743637085, -0.49984830617904663, 0.8296399712562561] [0.0, 0.0, 0.0]
[-0.20398004353046417, 0.00762803852558136, 0.49390605092048645, 0.8253339529037476, 1.5094140768051147, 0.2303999960422516, -0.07665804028511047] [0.16017675399780273, -0.029458405449986458, 0.17661280930042267, 1.699662446975708, -0.4955860376358032, 0.8404736518859863] [0.0, 0.0, 0.0]
[-0.20244604349136353, 0.019900038838386536, 0.49390605092048645, 0.8253339529037476, 1.5078800916671753, 0.2303999960422516, -0.07665804028511047] [0.15976159274578094, -0.028402404859662056, 0.17652757465839386, 1.69873046875, -0.4946642518043518, 0.8469271659851074] [0.0, 0.0, 0.0]
[-0.20091204345226288, 0.02296803891658783, 0.4893040657043457, 0.8237999677658081, 1.5078800916671753, 0.2303999960422516, -0.07665804028511047] [0.1602717638015747, -0.027431795373558998, 0.17470990121364594, 1.6992061138153076, -0.4841988682746887, 0.8479540944099426] [0.0, 0.0, 0.0]
[-0.1886400431394577, 0.02757003903388977, 0.4816340506076813, 0.8222659826278687, 1.5078800916671753, 0.2303999960422516, -0.07665804028511047] [0.16073399782180786, -0.026328664273023605, 0.17257192730903625, 1.7020995616912842, -0.47194913029670715, 0.8503983616828918] [0.0, 0.0, 0.0]
[-0.18403804302215576, 0.029104039072990417, 0.4724300503730774, 0.8222659826278687, 1.5078800916671753, 0.2303999960422516, -0.07665804028511047] [0.16094903647899628, -0.026274539530277252, 0.1719738245010376, 1.6965510845184326, -0.4666431248188019, 0.8499854207038879] [0.0, 0.0, 0.0]
[-0.18403804302215576, 0.019900038838386536, 0.4724300503730774, 0.8222659826278687, 1.5201520919799805, 0.23000000417232513, -0.07665804028511047] [0.16185976564884186, -0.02851104363799095, 0.1721428632736206, 1.7129371166229248, -0.4684107303619385, 0.8363500833511353] [0.0, 0.0, 0.0]
[-0.1855720430612564, 0.013764038681983948, 0.4770320653915405, 0.8237999677658081, 1.5293561220169067, 0.23000000417232513, -0.07665804028511047] [0.16163510084152222, -0.02886863984167576, 0.1727951467037201, 1.724148154258728, -0.47214820981025696, 0.8365340232849121] [0.0, 0.0, 0.0]
[-0.1855720430612564, 0.013764038681983948, 0.47396403551101685, 0.8237999677658081, 1.5646381378173828, 0.23000000417232513, -0.07665804028511047] [0.161724254488945, -0.02915124222636223, 0.1728590875864029, 1.759259581565857, -0.46904245018959045, 0.8356457352638245] [0.0, 0.0, 0.0]
[-0.1855720430612564, 0.0122300386428833, 0.4724300503730774, 0.8222659826278687, 1.5861140489578247, 0.23000000417232513, -0.07665804028511047] [0.16202795505523682, -0.029729310423135757, 0.1727408468723297, 1.779750108718872, -0.46732351183891296, 0.8321006298065186] [0.0, 0.0, 0.0]
[-0.18403804302215576, 0.003026038408279419, 0.47089606523513794, 0.8237999677658081, 1.5999200344085693, 0.2295999974012375, -0.07665804028511047] [0.16266542673110962, -0.031254399567842484, 0.17272332310676575, 1.7894673347473145, -0.4663523733615875, 0.8229499459266663] [0.0, 0.0, 0.0]
[-0.1855720430612564, -0.00771196186542511, 0.4555560350418091, 0.8237999677658081, 1.6029881238937378, 0.2295999974012375, -0.07512404024600983] [0.16370533406734467, -0.03296847641468048, 0.1717965006828308, 1.7791101932525635, -0.45707574486732483, 0.8115758895874023] [0.0, 0.0, 0.0]
[-0.18403804302215576, -0.024585962295532227, 0.4340800642967224, 0.8330039978027344, 1.6091240644454956, 0.23000000417232513, -0.07512404024600983] [0.1641763150691986, -0.034470390528440475, 0.17031033337116241, 1.769062876701355, -0.44556111097335815, 0.8079114556312561] [0.0, 0.0, 0.0]
[-0.1855720430612564, -0.046061962842941284, 0.4110700488090515, 0.8652179837226868, 1.6167941093444824, 0.23000000417232513, -0.07512404024600983] [0.16211867332458496, -0.035178542137145996, 0.16891267895698547, 1.7400577068328857, -0.434341698884964, 0.8316802382469177] [0.0, 0.0, 0.0]
[-0.18403804302215576, -0.06907196342945099, 0.38652604818344116, 0.905102014541626, 1.6259980201721191, 0.2295999974012375, -0.07512404024600983] [0.16027848422527313, -0.0359884575009346, 0.16739307343959808, 1.718216061592102, -0.422865629196167, 0.8520164489746094] [0.0, 0.0, 0.0]
[-0.18403804302215576, -0.09514996409416199, 0.3619820475578308, 0.9373160004615784, 1.6275321245193481, 0.23000000417232513, -0.07512404024600983] [0.15977585315704346, -0.03667215630412102, 0.16574737429618835, 1.7011228799819946, -0.41094517707824707, 0.8586632013320923] [0.0, 0.0, 0.0]
[-0.18250404298305511, -0.11048995703458786, 0.33130204677581787, 0.9664620161056519, 1.6352020502090454, 0.2295999974012375, -0.07512404024600983] [0.15852391719818115, -0.03673413395881653, 0.16303332149982452, 1.6804240942001343, -0.38944771885871887, 0.8756754994392395] [0.0, 0.0, 0.0]
[-0.18097004294395447, -0.12582996487617493, 0.31136006116867065, 0.9879379868507385, 1.6398041248321533, 0.23000000417232513, -0.07512404024600983] [0.15806803107261658, -0.03705841302871704, 0.16100256145000458, 1.6711918115615845, -0.37463268637657166, 0.8825417160987854] [0.0, 0.0, 0.0]
[-0.17943604290485382, -0.13349996507167816, 0.2898840308189392, 0.989471971988678, 1.6398041248321533, 0.2295999974012375, -0.07512404024600983] [0.15901653468608856, -0.03758460655808449, 0.15856203436851501, 1.6620711088180542, -0.35583004355430603, 0.875914990901947] [0.0, 0.0, 0.0]
[-0.17790204286575317, -0.1350339651107788, 0.2868160605430603, 0.9879379868507385, 1.6398041248321533, 0.2295999974012375, -0.07512404024600983] [0.15901367366313934, -0.03738061338663101, 0.15864679217338562, 1.6603453159332275, -0.3552904427051544, 0.8763201236724854] [0.0, 0.0, 0.0]
[-0.17790204286575317, -0.1350339651107788, 0.2837480306625366, 0.9879379868507385, 1.6398041248321533, 0.23000000417232513, -0.07665804028511047] [0.15916979312896729, -0.037547193467617035, 0.1583714485168457, 1.6588232517242432, -0.3529379069805145, 0.8748001456260681] [0.0, 0.0, 0.0]
[-0.17790204286575317, -0.13349996507167816, 0.2837480306625366, 0.9879379868507385, 1.6398041248321533, 0.23000000417232513, -0.07665804028511047] [0.15949364006519318, -0.037698011845350266, 0.15823230147361755, 1.6590956449508667, -0.3515999913215637, 0.8715580701828003] [0.0, 0.0, 0.0]
[-0.17790204286575317, -0.13349996507167816, 0.28528204560279846, 0.9818019866943359, 1.6398041248321533, 0.23000000417232513, -0.07665804028511047] [0.15962916612625122, -0.03772585093975067, 0.1585134118795395, 1.661758303642273, -0.35388216376304626, 0.8698075413703918] [0.0, 0.0, 0.0]
[-0.17790204286575317, -0.12429595738649368, 0.28528204560279846, 0.9664620161056519, 1.6398041248321533, 0.23000000417232513, -0.07665804028511047] [0.16035130620002747, -0.0369056761264801, 0.15866979956626892, 1.6648539304733276, -0.3530586063861847, 0.8649153709411621] [0.0, 0.0, 0.0]
[-0.17943604290485382, -0.11662595719099045, 0.2868160605430603, 0.9664620161056519, 1.6382701396942139, 0.2303999960422516, -0.07665804028511047] [0.16005434095859528, -0.03559282049536705, 0.15869958698749542, 1.6642040014266968, -0.3529875874519348, 0.8710599541664124] [0.0, 0.0, 0.0]
[-0.17943604290485382, -0.10588795691728592, 0.29141804575920105, 0.9557240009307861, 1.6398041248321533, 0.2303999960422516, -0.07665804028511047] [0.1602288782596588, -0.034558117389678955, 0.15893621742725372, 1.6726609468460083, -0.3552893400192261, 0.8716812133789062] [0.0, 0.0, 0.0]
[-0.17790204286575317, -0.09361596405506134, 0.29448604583740234, 0.943452000617981, 1.6382701396942139, 0.2303999960422516, -0.07665804028511047] [0.16052457690238953, -0.03319196775555611, 0.15930020809173584, 1.6751415729522705, -0.3564067482948303, 0.8714783191680908] [0.0, 0.0, 0.0]
[-0.17790204286575317, -0.07980996370315552, 0.30062204599380493, 0.9250440001487732, 1.6382701396942139, 0.2303999960422516, -0.07819204032421112] [0.16130828857421875, -0.03179207071661949, 0.15943509340286255, 1.6870310306549072, -0.357203871011734, 0.866884171962738] [0.0, 0.0, 0.0]
[-0.17790204286575317, -0.05986796319484711, 0.3098260462284088, 0.8989659547805786, 1.6382701396942139, 0.23080000281333923, -0.07819204032421112] [0.1620725393295288, -0.030232857912778854, 0.16023001074790955, 1.6968061923980713, -0.36145395040512085, 0.861220121383667] [0.0, 0.0, 0.0]
[-0.17790204286575317, -0.03378996253013611, 0.3190300464630127, 0.8728879690170288, 1.6398041248321533, 0.2303999960422516, -0.07819204032421112] [0.1629926860332489, -0.02803608402609825, 0.16030830144882202, 1.7119698524475098, -0.3612557649612427, 0.8561431765556335] [0.0, 0.0, 0.0]
[-0.17790204286575317, -0.006177961826324463, 0.32363206148147583, 0.8422079682350159, 1.6382701396942139, 0.23080000281333923, -0.07819204032421112] [0.16405357420444489, -0.02459361031651497, 0.16021938621997833, 1.7246204614639282, -0.3581051826477051, 0.8511784672737122] [0.0, 0.0, 0.0]
[-0.17943604290485382, 0.026036038994789124, 0.3282340466976166, 0.8069260120391846, 1.6382701396942139, 0.23080000281333923, -0.07819204032421112] [0.1646299958229065, -0.021506955847144127, 0.15993556380271912, 1.733962059020996, -0.35380300879478455, 0.8499460220336914] [0.0, 0.0, 0.0]
[-0.17790204286575317, 0.055182039737701416, 0.3297680616378784, 0.7793139815330505, 1.6382701396942139, 0.23080000281333923, -0.07819204032421112] [0.1647627353668213, -0.01759672351181507, 0.15951667726039886, 1.741110920906067, -0.34855878353118896, 0.8534864187240601] [0.0, 0.0, 0.0]
[-0.17790204286575317, 0.087396040558815, 0.3297680616378784, 0.7624399662017822, 1.6382701396942139, 0.23080000281333923, -0.07819204032421112] [0.16413959860801697, -0.014016839675605297, 0.1589215248823166, 1.7437838315963745, -0.3424026370048523, 0.8641424179077148] [0.0, 0.0, 0.0]
[-0.17790204286575317, 0.11807604134082794, 0.33130204677581787, 0.742497980594635, 1.6382701396942139, 0.23080000281333923, -0.07819204032421112] [0.16303525865077972, -0.009521718136966228, 0.1583065390586853, 1.7458161115646362, -0.33624476194381714, 0.8793500065803528] [0.0, 0.0, 0.0]
[-0.17636804282665253, 0.14108604192733765, 0.3297680616378784, 0.7378959655761719, 1.6382701396942139, 0.23080000281333923, -0.07819204032421112] [0.16173149645328522, -0.006482711061835289, 0.1575060933828354, 1.7467052936553955, -0.3316379189491272, 0.8957401514053345] [0.0, 0.0, 0.0]
[-0.17176604270935059, 0.1625620424747467, 0.3282340466976166, 0.7378959655761719, 1.6382701396942139, 0.23080000281333923, -0.07665804028511047] [0.15977118909358978, -0.002057165140286088, 0.15573395788669586, 1.7490333318710327, -0.3223952651023865, 0.9204325675964355] [0.0, 0.0, 0.0]
[-0.1594940423965454, 0.191708043217659, 0.32670003175735474, 0.7394299507141113, 1.6382701396942139, 0.23080000281333923, -0.07665804028511047] [0.1574769914150238, 0.0027207480743527412, 0.15347591042518616, 1.7500113248825073, -0.3104221224784851, 0.9480936527252197] [0.0, 0.0, 0.0]
[-0.15642604231834412, 0.2147180438041687, 0.32056403160095215, 0.7455660104751587, 1.6382701396942139, 0.23080000281333923, -0.07665804028511047] [0.15470562875270844, 0.006768503226339817, 0.1520044058561325, 1.7480831146240234, -0.3031512498855591, 0.9781526923179626] [0.0, 0.0, 0.0]
[-0.1426200419664383, 0.23159204423427582, 0.32056403160095215, 0.7609059810638428, 1.6428720951080322, 0.23080000281333923, -0.07665804028511047] [0.15277065336704254, 0.009552179835736752, 0.14959605038166046, 1.7612050771713257, -0.2944679260253906, 1.0009599924087524] [0.0, 0.0, 0.0]
[-0.12267804145812988, 0.2407960444688797, 0.32056403160095215, 0.770110011100769, 1.6597460508346558, 0.23080000281333923, -0.07665804028511047] [0.15173113346099854, 0.011019493453204632, 0.14702671766281128, 1.7902599573135376, -0.2855117619037628, 1.015232801437378] [0.0, 0.0, 0.0]
[-0.10580404102802277, 0.2407960444688797, 0.32056403160095215, 0.7946540117263794, 1.668950080871582, 0.23080000281333923, -0.07665804028511047] [0.14985767006874084, 0.011974776163697243, 0.14468570053577423, 1.8080055713653564, -0.2798309028148651, 1.0376019477844238] [0.0, 0.0, 0.0]
[-0.09506604075431824, 0.2407960444688797, 0.3190300464630127, 0.8222659826278687, 1.668950080871582, 0.23080000281333923, -0.07665804028511047] [0.1473764330148697, 0.013160412199795246, 0.14381013810634613, 1.8039491176605225, -0.278132826089859, 1.063266396522522] [0.0, 0.0, 0.0]
[-0.0904640406370163, 0.2407960444688797, 0.3036900460720062, 0.854479968547821, 1.6704840660095215, 0.23080000281333923, -0.07665804028511047] [0.1445503979921341, 0.01457559410482645, 0.14191879332065582, 1.7920206785202026, -0.2679252624511719, 1.0933244228363037] [0.0, 0.0, 0.0]
[-0.08586204051971436, 0.23619404435157776, 0.2898840308189392, 0.8805580139160156, 1.672018051147461, 0.23080000281333923, -0.07665804028511047] [0.14239880442619324, 0.015208134427666664, 0.14067524671554565, 1.7813671827316284, -0.26057982444763184, 1.1159051656723022] [0.0, 0.0, 0.0]
[-0.08432804048061371, 0.2208540439605713, 0.2760780453681946, 0.9173740148544312, 1.6858240365982056, 0.23080000281333923, -0.07665804028511047] [0.1404247283935547, 0.014308750629425049, 0.13899138569831848, 1.7738726139068604, -0.24733243882656097, 1.138319492340088] [0.0, 0.0, 0.0]
[-0.08279404044151306, 0.2085820436477661, 0.2576700448989868, 0.9449859857559204, 1.6950280666351318, 0.23080000281333923, -0.07665804028511047] [0.1389402449131012, 0.01344223041087389, 0.13830570876598358, 1.7665691375732422, -0.2403092384338379, 1.1540883779525757] [0.0, 0.0, 0.0]
[-0.08432804048061371, 0.191708043217659, 0.2469320446252823, 0.9710639715194702, 1.704232096672058, 0.23080000281333923, -0.07512404024600983] [0.13797971606254578, 0.012587130069732666, 0.13786019384860992, 1.7649801969528198, -0.23637469112873077, 1.164236307144165] [0.0, 0.0, 0.0]
[-0.08279404044151306, 0.1686980426311493, 0.23312604427337646, 1.0078799724578857, 1.7165040969848633, 0.23080000281333923, -0.07665804028511047] [0.13652735948562622, 0.010423568077385426, 0.13673126697540283, 1.760600209236145, -0.22652103006839752, 1.1797550916671753] [0.0, 0.0, 0.0]
[-0.08432804048061371, 0.14722204208374023, 0.2208540439605713, 1.040094017982483, 1.727242112159729, 0.23080000281333923, -0.07665804028511047] [0.13502159714698792, 0.008964203298091888, 0.13584472239017487, 1.7579679489135742, -0.21875864267349243, 1.1947083473205566] [0.0, 0.0, 0.0]
[-0.08432804048061371, 0.12267804145812988, 0.2085820436477661, 1.0769100189208984, 1.7395141124725342, 0.23080000281333923, -0.07665804028511047] [0.13379861414432526, 0.006769626867026091, 0.13480104506015778, 1.7563316822052002, -0.20953084528446198, 1.2064918279647827] [0.0, 0.0, 0.0]
[-0.08432804048061371, 0.09660004079341888, 0.1947760432958603, 1.1167939901351929, 1.745650053024292, 0.23080000281333923, -0.07665804028511047] [0.13215585052967072, 0.004727885592728853, 0.1340729147195816, 1.751019835472107, -0.20360895991325378, 1.2211450338363647] [0.0, 0.0, 0.0]
[-0.08432804048061371, 0.07359004020690918, 0.1855720430612564, 1.1536099910736084, 1.7548540830612183, 0.23080000281333923, -0.07665804028511047] [0.13082589209079742, 0.002648384775966406, 0.13300055265426636, 1.7487225532531738, -0.1943245679140091, 1.2325172424316406] [0.0, 0.0, 0.0]
[-0.08432804048061371, 0.045978039503097534, 0.17483404278755188, 1.187358021736145, 1.762524127960205, 0.23080000281333923, -0.07665804028511047] [0.12971162796020508, -3.747529262909666e-05, 0.13204637169837952, 1.7460362911224365, -0.18624936044216156, 1.240679144859314] [0.0, 0.0, 0.0]
[-0.08432804048061371, 0.019900038838386536, 0.16409604251384735, 1.2211060523986816, 1.768660068511963, 0.23080000281333923, -0.07512404024600983] [0.12876126170158386, -0.002167715923860669, 0.13132250308990479, 1.743199348449707, -0.18027296662330627, 1.2471120357513428] [0.0, 0.0, 0.0]
[-0.08432804048061371, -0.006177961826324463, 0.15796004235744476, 1.2594560384750366, 1.7747961282730103, 0.23080000281333923, -0.07665804028511047] [0.12757956981658936, -0.005297164898365736, 0.13077200949192047, 1.7413690090179443, -0.17590788006782532, 1.253633975982666] [0.0, 0.0, 0.0]
[-0.08432804048061371, -0.039925962686538696, 0.15182404220104218, 1.2932039499282837, 1.7778640985488892, 0.23080000281333923, -0.07665804028511047] [0.12665700912475586, -0.008351651020348072, 0.13034634292125702, 1.7395583391189575, -0.17272087931632996, 1.2570021152496338] [0.0, 0.0, 0.0]
[-0.08432804048061371, -0.07213996350765228, 0.14875604212284088, 1.319282054901123, 1.784000039100647, 0.23080000281333923, -0.07665804028511047] [0.1264425665140152, -0.011763601563870907, 0.13011260330677032, 1.7394603490829468, -0.1711721569299698, 1.2526295185089111] [0.0, 0.0, 0.0]
[-0.08432804048061371, -0.10281995683908463, 0.14875604212284088, 1.3453600406646729, 1.7886021137237549, 0.23080000281333923, -0.07665804028511047] [0.12627798318862915, -0.015220248140394688, 0.13003700971603394, 1.740088701248169, -0.17104266583919525, 1.246747374534607] [0.0, 0.0, 0.0]
[-0.08432804048061371, -0.13656796514987946, 0.14722204208374023, 1.3653019666671753, 1.7932040691375732, 0.23080000281333923, -0.07665804028511047] [0.12701410055160522, -0.01893742009997368, 0.130219966173172, 1.7457289695739746, -0.17277270555496216, 1.2315999269485474] [0.0, 0.0, 0.0]
[-0.08432804048061371, -0.1611119657754898, 0.14722204208374023, 1.37910795211792, 1.7993401288986206, 0.23080000281333923, -0.07665804028511047] [0.1272619068622589, -0.021023988723754883, 0.1302938014268875, 1.7474499940872192, -0.17368318140506744, 1.224052906036377] [0.0, 0.0, 0.0]
[-0.08432804048061371, -0.1841219663619995, 0.14722204208374023, 1.3867779970169067, 1.803942084312439, 0.23080000281333923, -0.07665804028511047] [0.12822209298610687, -0.023998847231268883, 0.13064071536064148, 1.7499756813049316, -0.17576652765274048, 1.2075012922286987] [0.0, 0.0, 0.0]
[-0.08586204051971436, -0.2132679671049118, 0.14722204208374023, 1.3898459672927856, 1.8146800994873047, 0.23080000281333923, -0.07665804028511047] [0.13036680221557617, -0.02845270186662674, 0.13155338168144226, 1.7604480981826782, -0.18106016516685486, 1.1758397817611694] [0.0, 0.0, 0.0]
[-0.08893004059791565, -0.24701596796512604, 0.15335804224014282, 1.3883119821548462, 1.823884129524231, 0.23080000281333923, -0.07665804028511047] [0.13228115439414978, -0.03284744545817375, 0.13250739872455597, 1.7700235843658447, -0.18962566554546356, 1.145433783531189] [0.0, 0.0, 0.0]
[-0.0904640406370163, -0.2792299687862396, 0.15796004235744476, 1.3883119821548462, 1.8269520998001099, 0.23080000281333923, -0.07665804028511047] [0.13412852585315704, -0.03692222386598587, 0.13343606889247894, 1.7691617012023926, -0.19641143083572388, 1.1153360605239868] [0.0, 0.0, 0.0]
[-0.09199804067611694, -0.3053079843521118, 0.16716404259204865, 1.3883119821548462, 1.8269520998001099, 0.23080000281333923, -0.07665804028511047] [0.135521799325943, -0.04100336879491806, 0.1351163685321808, 1.7726891040802002, -0.21223190426826477, 1.0883369445800781] [0.0, 0.0, 0.0]
[-0.09199804067611694, -0.3237159848213196, 0.17636804282665253, 1.3852440118789673, 1.8269520998001099, 0.23080000281333923, -0.07665804028511047] [0.13656219840049744, -0.04343489930033684, 0.13606761395931244, 1.7753654718399048, -0.22115829586982727, 1.0701625347137451] [0.0, 0.0, 0.0]
[-0.0904640406370163, -0.33905595541000366, 0.1855720430612564, 1.3852440118789673, 1.8284860849380493, 0.23080000281333923, -0.07665804028511047] [0.13719207048416138, -0.04532046616077423, 0.13655324280261993, 1.7800043821334839, -0.22816835343837738, 1.0575617551803589] [0.0, 0.0, 0.0]
[-0.087396040558815, -0.33905595541000366, 0.20091204345226288, 1.3852440118789673, 1.8346221446990967, 0.23080000281333923, -0.07665804028511047] [0.13698233664035797, -0.045582350343465805, 0.13789884746074677, 1.7889314889907837, -0.24462826550006866, 1.0586117506027222] [0.0, 0.0, 0.0]
[-0.07819204032421112, -0.33905595541000366, 0.21778604388237, 1.3852440118789673, 1.839224100112915, 0.2303999960422516, -0.07665804028511047] [0.13688386976718903, -0.0459771454334259, 0.1389497071504593, 1.7957805395126343, -0.25744107365608215, 1.05807363986969] [0.0, 0.0, 0.0]
[-0.07819204032421112, -0.3405899703502655, 0.23619404435157776, 1.3852440118789673, 1.839224100112915, 0.2303999960422516, -0.07665804028511047] [0.1365189254283905, -0.04652700945734978, 0.1411249190568924, 1.799318552017212, -0.2770339250564575, 1.0586084127426147] [0.0, 0.0, 0.0]
[-0.07972604036331177, -0.33905595541000366, 0.2500000596046448, 1.3852440118789673, 1.8361561298370361, 0.2303999960422516, -0.07665804028511047] [0.13646668195724487, -0.04774090647697449, 0.14290019869804382, 1.7989641427993774, -0.291027307510376, 1.0535118579864502] [0.0, 0.0, 0.0]
[-0.08126004040241241, -0.36820197105407715, 0.27147603034973145, 1.3714380264282227, 1.8376901149749756, 0.2303999960422516, -0.07665804028511047] [0.139278843998909, -0.05346323549747467, 0.14509935677051544, 1.808988094329834, -0.31155702471733093, 1.0052447319030762] [0.0, 0.0, 0.0]
[-0.08126004040241241, -0.4050179719924927, 0.30522406101226807, 1.3668359518051147, 1.8376901149749756, 0.2303999960422516, -0.07665804028511047] [0.1402941644191742, -0.0602981336414814, 0.14889201521873474, 1.8216331005096436, -0.34997788071632385, 0.9642771482467651] [0.0, 0.0, 0.0]
[-0.07665804028511047, -0.44336795806884766, 0.374254047870636, 1.3653019666671753, 1.839224100112915, 0.2303999960422516, -0.07665804028511047] [0.1400066316127777, -0.06884502619504929, 0.1562991887331009, 1.8404239416122437, -0.4221515953540802, 0.9210712313652039] [0.0, 0.0, 0.0]
[-0.0643860399723053, -0.47251397371292114, 0.5982180833816528, 1.3484280109405518, 1.8376901149749756, 0.2303999960422516, -0.07665804028511047] [0.13438263535499573, -0.09179779142141342, 0.1829284429550171, 1.9659368991851807, -0.7141054272651672, 0.8166762590408325] [0.0, 0.0, 0.0]
[-0.05671603977680206, -0.4878539741039276, 0.837522029876709, 1.2732620239257812, 1.8361561298370361, 0.23080000281333923, -0.07665804028511047] [0.13638269901275635, -0.11431842297315598, 0.195830836892128, 2.1843745708465576, -0.8703271746635437, 0.5905042886734009] [0.0, 0.0, 0.0]
[-0.03677403926849365, -0.48938798904418945, 0.9832520484924316, 1.1183279752731323, 1.8376901149749756, 0.2303999960422516, -0.07665804028511047] [0.14654695987701416, -0.13560278713703156, 0.19434739649295807, 2.485377788543701, -0.871660053730011, 0.27805623412132263] [0.0, 0.0, 0.0]
[0.00771196186542511, -0.5001260042190552, 1.1228461265563965, 0.9572579860687256, 1.8376901149749756, 0.2303999960422516, -0.07665804028511047] [0.15566034615039825, -0.1610359251499176, 0.18775394558906555, 2.8048653602600098, -0.8006951212882996, -0.046957194805145264] [0.0, 0.0, 0.0]
[0.03839196264743805, -0.5016599893569946, 1.3007900714874268, 0.8053919672966003, 1.839224100112915, 0.2303999960422516, -0.07665804028511047] [0.16046610474586487, -0.17941726744174957, 0.18021954596042633, 3.032526969909668, -0.7160637974739075, -0.2478521168231964] [0.0, 0.0, 0.0]
[0.05833396315574646, -0.5016599893569946, 1.4695301055908203, 0.6719340085983276, 1.839224100112915, 0.2303999960422516, -0.07665804028511047] [0.16317440569400787, -0.2008862942457199, 0.16730330884456635, -2.988335132598877, -0.5891104340553284, -0.4419730007648468] [0.0, 0.0, 0.0]
[0.08134396374225616, -0.5016599893569946, 1.592250108718872, 0.6550599932670593, 1.839224100112915, 0.2303999960422516, -0.07665804028511047] [0.1619524508714676, -0.20585542917251587, 0.1636384129524231, -2.9147419929504395, -0.5712961554527283, -0.48751702904701233] [0.0, 0.0, 0.0]
[0.10895595699548721, -0.5016599893569946, 1.5937840938568115, 0.6535259485244751, 1.839224100112915, 0.2303999960422516, -0.07665804028511047] [0.1635567545890808, -0.20585542917251587, 0.15939387679100037, -2.929054021835327, -0.5482096672058105, -0.4799170196056366] [0.0, 0.0, 0.0]
[0.1641799658536911, -0.5001260042190552, 1.5983860492706299, 0.6535259485244751, 1.8407580852508545, 0.2303999960422516, -0.07665804028511047] [0.16693727672100067, -0.20582838356494904, 0.14922845363616943, -2.957491874694824, -0.49355924129486084, -0.46464505791664124] [0.0, 0.0, 0.0]
[0.18105396628379822, -0.5001260042190552, 1.5983860492706299, 0.6535259485244751, 1.8407580852508545, 0.2303999960422516, -0.07665804028511047] [0.1668790578842163, -0.20593401789665222, 0.14923103153705597, -2.95577335357666, -0.493622750043869, -0.4657016694545746] [0.0, 0.0, 0.0]
[0.18105396628379822, -0.49859195947647095, 1.5983860492706299, 0.6535259485244751, 1.8407580852508545, 0.2303999960422516, -0.07665804028511047] [0.1669836789369583, -0.20580139756202698, 0.1492036134004593, -2.9537744522094727, -0.4935604929924011, -0.4653822183609009] [0.0, 0.0, 0.0]
[0.18105396628379822, -0.49859195947647095, 1.5999200344085693, 0.6535259485244751, 1.8407580852508545, 0.2303999960422516, -0.07665804028511047] [0.1669836789369583, -0.20580139756202698, 0.1492036134004593, -2.9537744522094727, -0.4935604929924011, -0.4653822183609009] [0.0, 0.0, 0.0]
[0.18105396628379822, -0.49859195947647095, 1.5983860492706299, 0.6535259485244751, 1.8407580852508545, 0.2303999960422516, -0.07665804028511047] [0.16704174876213074, -0.20569567382335663, 0.14920124411582947, -2.9554929733276367, -0.49349889159202576, -0.46432551741600037] [0.0, 0.0, 0.0]
[0.18105396628379822, -0.49859195947647095, 1.5999200344085693, 0.6535259485244751, 1.8407580852508545, 0.2303999960422516, -0.07665804028511047] [0.1669836789369583, -0.20580139756202698, 0.1492036134004593, -2.9537744522094727, -0.4935604929924011, -0.4653822183609009] [0.0, 0.0, 0.0]
[0.18105396628379822, -0.49859195947647095, 1.5983860492706299, 0.6535259485244751, 1.8407580852508545, 0.2303999960422516, -0.07819204032421112] [0.16704174876213074, -0.20569567382335663, 0.14920124411582947, -2.9554929733276367, -0.49349889159202576, -0.46432551741600037] [0.0, 0.0, 0.0]
[0.18105396628379822, -0.49859195947647095, 1.5983860492706299, 0.6535259485244751, 1.8407580852508545, 0.2303999960422516, -0.07665804028511047] [0.16704174876213074, -0.20569567382335663, 0.14920124411582947, -2.9554929733276367, -0.49349889159202576, -0.46432551741600037] [0.0, 0.0, 0.0]
[0.18105396628379822, -0.49859195947647095, 1.5999200344085693, 0.6535259485244751, 1.8407580852508545, 0.2303999960422516, -0.07665804028511047] [0.16704174876213074, -0.20569567382335663, 0.14920124411582947, -2.9554929733276367, -0.49349889159202576, -0.46432551741600037] [0.0, 0.0, 0.0]
