[0.6136419773101807, -0.3804739713668823, 1.974216103553772, 0.9066359996795654, 1.7671260833740234, 0.20319999754428864, -0.04904603958129883] [0.15972226858139038, -0.21081297099590302, 0.09543787688016891, -2.8133087158203125, -0.3348505198955536, -0.5778926014900208] [0.990032970905304, -0.3634016513824463, -0.5467314720153809]
[0.6136419773101807, -0.3804739713668823, 1.974216103553772, 0.9066359996795654, 1.7671260833740234, 0.20319999754428864, -0.050580039620399475] [0.15972226858139038, -0.21081297099590302, 0.09543787688016891, -2.8133087158203125, -0.3348505198955536, -0.5778926014900208] [0.990032970905304, -0.3634016513824463, -0.5467314720153809]
[0.6136419773101807, -0.3804739713668823, 1.974216103553772, 0.9066359996795654, 1.7671260833740234, 0.20319999754428864, -0.04904603958129883] [0.15972226858139038, -0.21081297099590302, 0.09543787688016891, -2.8133087158203125, -0.3348505198955536, -0.5778926014900208] [0.990032970905304, -0.3634016513824463, -0.5467314720153809]
[0.6136419773101807, -0.3820079565048218, 1.974216103553772, 0.9066359996795654, 1.7671260833740234, 0.20319999754428864, -0.04904603958129883] [0.15972226858139038, -0.21081297099590302, 0.09543787688016891, -2.8133087158203125, -0.3348505198955536, -0.5778926014900208] [0.990032970905304, -0.3634016513824463, -0.5467314720153809]
[0.6136419773101807, -0.3804739713668823, 1.9726821184158325, 0.9066359996795654, 1.7671260833740234, 0.20319999754428864, -0.04904603958129883] [0.15979889035224915, -0.21068724989891052, 0.09545934945344925, -2.814671039581299, -0.3350086510181427, -0.5766246914863586] [0.990032970905304, -0.3634016513824463, -0.5467314720153809]
[0.6136419773101807, -0.3804739713668823, 1.9726821184158325, 0.9066359996795654, 1.7671260833740234, 0.20319999754428864, -0.04904603958129883] [0.15972408652305603, -0.21066568791866302, 0.09561651945114136, -2.814601421356201, -0.33652955293655396, -0.5768362879753113] [0.990032970905304, -0.3634016513824463, -0.5467314720153809]
[0.6151759624481201, -0.3820079565048218, 1.9726821184158325, 0.9066359996795654, 1.7671260833740234, 0.20319999754428864, -0.04904603958129883] [0.15979889035224915, -0.21068724989891052, 0.09545934945344925, -2.814671039581299, -0.3350086510181427, -0.5766246914863586] [0.990032970905304, -0.3634016513824463, -0.5467314720153809]
[0.6136419773101807, -0.3804739713668823, 1.9726821184158325, 0.9066359996795654, 1.768660068511963, 0.20319999754428864, -0.04904603958129883] [0.15979889035224915, -0.21068724989891052, 0.09545934945344925, -2.814671039581299, -0.3350086510181427, -0.5766246914863586] [0.990032970905304, -0.3634016513824463, -0.5467314720153809]
[0.6136419773101807, -0.3804739713668823, 1.9726821184158325, 0.9066359996795654, 1.7671260833740234, 0.20319999754428864, -0.04904603958129883] [0.15979889035224915, -0.21068724989891052, 0.09545934945344925, -2.814671039581299, -0.3350086510181427, -0.5766246914863586] [0.990032970905304, -0.3634016513824463, -0.5467314720153809]
[0.6151759624481201, -0.3804739713668823, 1.9726821184158325, 0.9066359996795654, 1.7671260833740234, 0.20319999754428864, -0.050580039620399475] [0.15979889035224915, -0.21068724989891052, 0.09545934945344925, -2.814671039581299, -0.3350086510181427, -0.5766246914863586] [0.990032970905304, -0.3634016513824463, -0.5467314720153809]
[0.6136419773101807, -0.3820079565048218, 1.9726821184158325, 0.9066359996795654, 1.7671260833740234, 0.20319999754428864, -0.04904603958129883] [0.15916822850704193, -0.21156451106071472, 0.09574149549007416, -2.822377920150757, -0.3362947404384613, -0.580038845539093] [0.990032970905304, -0.3634016513824463, -0.5467314720153809]
[0.6182439923286438, -0.40041595697402954, 1.974216103553772, 0.9066359996795654, 1.7671260833740234, 0.20319999754428864, -0.04751203954219818] [0.15792357921600342, -0.21332211792469025, 0.09604176878929138, -2.8275442123413086, -0.3375053107738495, -0.5886545181274414] [0.990032970905304, -0.3634016513824463, -0.5467314720153809]
[0.6182439923286438, -0.4019499719142914, 1.974216103553772, 0.9066359996795654, 1.7671260833740234, 0.20319999754428864, -0.04751203954219818] [0.1574953943490982, -0.21392369270324707, 0.0965917780995369, -2.8289859294891357, -0.34026283025741577, -0.5919274091720581] [0.990032970905304, -0.3634016513824463, -0.5467314720153809]
[0.6121079921722412, -0.4096199870109558, 1.974216103553772, 0.9066359996795654, 1.7717280387878418, 0.20319999754428864, -0.04751203954219818] [0.156833216547966, -0.21489395201206207, 0.0988936498761177, -2.8187801837921143, -0.3522510230541229, -0.599664032459259] [0.990032970905304, -0.3634016513824463, -0.5467314720153809]
[0.5752919912338257, -0.41115397214889526, 1.971148133277893, 0.9081699848175049, 1.7701940536499023, 0.20319999754428864, -0.04904603958129883] [0.1568373441696167, -0.214478999376297, 0.10730113089084625, -2.7926671504974365, -0.3972030282020569, -0.6076726913452148] [0.990032970905304, -0.3634016513824463, -0.5467314720153809]
[0.5139319896697998, -0.41115397214889526, 1.958876132965088, 0.9097039699554443, 1.748718023300171, 0.20440000295639038, -0.04904603958129883] [0.1565847247838974, -0.21322759985923767, 0.11855912953615189, -2.7823760509490967, -0.45683610439300537, -0.6154952645301819] [0.990032970905304, -0.3634016513824463, -0.5467314720153809]
[0.42342597246170044, -0.41115397214889526, 1.951206088066101, 0.9219759702682495, 1.748718023300171, 0.20440000295639038, -0.04904603958129883] [0.15410758554935455, -0.21224236488342285, 0.13274399936199188, -2.7352936267852783, -0.5374851226806641, -0.636551558971405] [0.990032970905304, -0.3634016513824463, -0.5467314720153809]
[0.2976379692554474, -0.41115397214889526, 1.9435360431671143, 0.9219759702682495, 1.745650053024292, 0.20440000295639038, -0.04904603958129883] [0.1469685137271881, -0.2124210149049759, 0.15675896406173706, -2.6116273403167725, -0.660880982875824, -0.7077353596687317] [0.990032970905304, -0.3634016513824463, -0.5467314720153809]
[0.17184996604919434, -0.41115397214889526, 1.9558080434799194, 0.9204419851303101, 1.7471840381622314, 0.20440000295639038, -0.04904603958129883] [0.14191406965255737, -0.21185825765132904, 0.16927334666252136, -2.5410282611846924, -0.7261962890625, -0.7495894432067871] [0.990032970905304, -0.3634016513824463, -0.5467314720153809]
[0.13963596522808075, -0.39121198654174805, 1.9220601320266724, 0.9189079999923706, 1.7379801273345947, 0.20440000295639038, -0.050580039620399475] [0.14399901032447815, -0.20662979781627655, 0.17269517481327057, -2.564094066619873, -0.747875452041626, -0.7153767347335815] [0.990032970905304, -0.3634016513824463, -0.5467314720153809]
[0.12276195734739304, -0.37740597128868103, 1.895982027053833, 0.9189079999923706, 1.7364461421966553, 0.20440000295639038, -0.050580039620399475] [0.14603586494922638, -0.20176038146018982, 0.17522931098937988, -2.600918769836426, -0.7655243277549744, -0.6739158034324646] [0.990032970905304, -0.3634016513824463, -0.5467314720153809]
[0.12122795730829239, -0.363599956035614, 1.8499621152877808, 0.9189079999923706, 1.6796880960464478, 0.21359999477863312, -0.050580039620399475] [0.14960704743862152, -0.19443266093730927, 0.17667579650878906, -2.738293409347534, -0.7788295745849609, -0.6053814888000488] [0.990032970905304, -0.3634016513824463, -0.5467314720153809]
[0.13043196499347687, -0.35899797081947327, 1.6612800359725952, 0.9204419851303101, 1.6612800359725952, 0.20200000703334808, -0.050580039620399475] [0.15936313569545746, -0.17283689975738525, 0.17657142877578735, -3.0920441150665283, -0.789263129234314, -0.3308901786804199] [0.990032970905304, -0.3634016513824463, -0.5467314720153809]
[0.15037396550178528, -0.3605319857597351, 1.3882280588150024, 0.9189079999923706, 1.6674160957336426, 0.20200000703334808, -0.050580039620399475] [0.169174462556839, -0.14810766279697418, 0.17006351053714752, 2.8303582668304443, -0.7263121008872986, -0.03624361753463745] [0.990032970905304, -0.3634016513824463, -0.5467314720153809]
[0.15190796554088593, -0.35899797081947327, 1.2026140689849854, 0.9204419851303101, 1.6796880960464478, 0.20200000703334808, -0.050580039620399475] [0.17397671937942505, -0.1323915421962738, 0.16418927907943726, 2.6435019969940186, -0.6605849862098694, 0.12392891943454742] [0.990032970905304, -0.3634016513824463, -0.5467314720153809]
[0.15190796554088593, -0.3405899703502655, 1.0507481098175049, 0.9204419851303101, 1.6934940814971924, 0.20200000703334808, -0.050580039620399475] [0.17802251875400543, -0.11712948977947235, 0.15630967915058136, 2.502357244491577, -0.5833092331886292, 0.2513381540775299] [0.990032970905304, -0.3634016513824463, -0.5467314720153809]
[0.15497596561908722, -0.32985198497772217, 0.9280280470848083, 0.9204419851303101, 1.6934940814971924, 0.20200000703334808, -0.050580039620399475] [0.17998003959655762, -0.10691473633050919, 0.1494334489107132, 2.3933188915252686, -0.5171034336090088, 0.334003746509552] [0.990032970905304, -0.3634016513824463, -0.5467314720153809]
[0.15344196557998657, -0.3237159848213196, 0.7899680733680725, 0.9204419851303101, 1.6934940814971924, 0.20200000703334808, -0.050580039620399475] [0.18193776905536652, -0.09523139894008636, 0.13824579119682312, 2.259838819503784, -0.41393354535102844, 0.42293721437454224] [0.990032970905304, -0.3634016513824463, -0.5467314720153809]
[0.15650996565818787, -0.3145119547843933, 0.648840069770813, 0.9204419851303101, 1.6950280666351318, 0.20200000703334808, -0.050580039620399475] [0.1825179159641266, -0.08751639723777771, 0.1314685344696045, 2.197925090789795, -0.35577836632728577, 0.47380954027175903] [0.990032970905304, -0.3634016513824463, -0.5467314720153809]
[0.15497596561908722, -0.2822979688644409, 0.6196940541267395, 0.9204419851303101, 1.688892126083374, 0.20200000703334808, -0.050580039620399475] [0.1821603775024414, -0.08132003992795944, 0.13028015196323395, 2.18155574798584, -0.3463912606239319, 0.5088575482368469] [0.990032970905304, -0.3634016513824463, -0.5467314720153809]
[0.15497596561908722, -0.26388996839523315, 0.5997520685195923, 0.9173740148544312, 1.6781541109085083, 0.20319999754428864, -0.05211403965950012] [0.1822289228439331, -0.07674608379602432, 0.1276596486568451, 2.153388261795044, -0.3251681923866272, 0.5332816243171692] [0.990032970905304, -0.3634016513824463, -0.5467314720153809]
[0.15650996565818787, -0.24854996800422668, 0.5767420530319214, 0.9112379550933838, 1.6781541109085083, 0.20319999754428864, -0.05211403965950012] [0.1824014037847519, -0.07386825233697891, 0.12605063617229462, 2.144798755645752, -0.3115827143192291, 0.5469406247138977] [0.990032970905304, -0.3634016513824463, -0.5467314720153809]
[0.15497596561908722, -0.2393459677696228, 0.5721400380134583, 0.9097039699554443, 1.6766201257705688, 0.20360000431537628, -0.05211403965950012] [0.18248681724071503, -0.07221663743257523, 0.12574395537376404, 2.144947052001953, -0.3092964291572571, 0.5533542633056641] [0.990032970905304, -0.3634016513824463, -0.5467314720153809]
[0.15650996565818787, -0.22400596737861633, 0.5660040378570557, 0.8958979845046997, 1.668950080871582, 0.20360000431537628, -0.05364803969860077] [0.18285849690437317, -0.07034843415021896, 0.12481635063886642, 2.1385927200317383, -0.3018514811992645, 0.5586346983909607] [0.990032970905304, -0.3634016513824463, -0.5467314720153809]
[0.15497596561908722, -0.2163359671831131, 0.5614020824432373, 0.8805580139160156, 1.6628141403198242, 0.20319999754428864, -0.05211403965950012] [0.18412230908870697, -0.07064896076917648, 0.12367059290409088, 2.1343071460723877, -0.2917707562446594, 0.5469582080841064] [0.990032970905304, -0.3634016513824463, -0.5467314720153809]
[0.15497596561908722, -0.22093796730041504, 0.5629360675811768, 0.854479968547821, 1.6628141403198242, 0.20319999754428864, -0.05211403965950012] [0.1862107813358307, -0.07393945008516312, 0.12270095944404602, 2.1377320289611816, -0.2805931866168976, 0.515720009803772] [0.990032970905304, -0.3634016513824463, -0.5467314720153809]
[0.15190796554088593, -0.22400596737861633, 0.5629360675811768, 0.8483439683914185, 1.6398041248321533, 0.20360000431537628, -0.05211403965950012] [0.1863095909357071, -0.07416622340679169, 0.12328018248081207, 2.104860782623291, -0.2833954393863678, 0.5128427743911743] [0.990032970905304, -0.3634016513824463, -0.5467314720153809]
[0.13043196499347687, -0.22400596737861633, 0.5614020824432373, 0.8483439683914185, 1.5646381378173828, 0.19840000569820404, -0.05364803969860077] [0.18535462021827698, -0.07301563024520874, 0.1286165565252304, 2.0179269313812256, -0.31086477637290955, 0.5219659209251404] [0.990032970905304, -0.3634016513824463, -0.5467314720153809]
[0.09054796397686005, -0.22093796730041504, 0.5322560667991638, 0.8483439683914185, 1.52168607711792, 0.20319999754428864, -0.05211403965950012] [0.18453563749790192, -0.07058176398277283, 0.1301598995923996, 1.9371882677078247, -0.3108889162540436, 0.5410816669464111] [0.990032970905304, -0.3634016513824463, -0.5467314720153809]
[0.09054796397686005, -0.21786996722221375, 0.4985080361366272, 0.8498779535293579, 1.5124820470809937, 0.20319999754428864, -0.05211403965950012] [0.18457907438278198, -0.06848505884408951, 0.1269809454679489, 1.902190923690796, -0.28640592098236084, 0.5542305707931519] [0.990032970905304, -0.3634016513824463, -0.5467314720153809]
[0.0890139639377594, -0.20866596698760986, 0.4754980504512787, 0.8498779535293579, 1.5109480619430542, 0.20319999754428864, -0.05211403965950012] [0.18412864208221436, -0.06474561989307404, 0.12509825825691223, 1.886370301246643, -0.2711181342601776, 0.5758967399597168] [0.990032970905304, -0.3634016513824463, -0.5467314720153809]
[0.09054796397686005, -0.1902579665184021, 0.46169203519821167, 0.8498779535293579, 1.5063461065292358, 0.20319999754428864, -0.05211403965950012] [0.18383118510246277, -0.06230791285634041, 0.12438202649354935, 1.877477765083313, -0.2658076286315918, 0.5885598063468933] [0.990032970905304, -0.3634016513824463, -0.5467314720153809]
[0.09054796397686005, -0.17951996624469757, 0.4570900499820709, 0.8498779535293579, 1.5032780170440674, 0.20319999754428864, -0.05211403965950012] [0.18331803381443024, -0.06005415320396423, 0.12405017018318176, 1.871476173400879, -0.2636849284172058, 0.6018110513687134] [0.990032970905304, -0.3634016513824463, -0.5467314720153809]
[0.09054796397686005, -0.1580439656972885, 0.4555560350418091, 0.8498779535293579, 1.5032780170440674, 0.20319999754428864, -0.05364803969860077] [0.18233422935009003, -0.05557715520262718, 0.1240096166729927, 1.8722305297851562, -0.2638885974884033, 0.6261946558952332] [0.990032970905304, -0.3634016513824463, -0.5467314720153809]
[0.09054796397686005, -0.11662595719099045, 0.44788604974746704, 0.8483439683914185, 1.5002100467681885, 0.20319999754428864, -0.05211403965950012] [0.1802157312631607, -0.04676135256886482, 0.12321165204048157, 1.8652206659317017, -0.2584167420864105, 0.6741509437561035] [0.990032970905304, -0.3634016513824463, -0.5467314720153809]
[0.09054796397686005, -0.07827596366405487, 0.43101203441619873, 0.8483439683914185, 1.498676061630249, 0.20319999754428864, -0.05211403965950012] [0.17812494933605194, -0.03955087438225746, 0.12181173264980316, 1.8528997898101807, -0.24762162566184998, 0.7151743769645691] [0.990032970905304, -0.3634016513824463, -0.5467314720153809]
[0.09054796397686005, -0.04299396276473999, 0.4141380488872528, 0.8483439683914185, 1.5002100467681885, 0.20319999754428864, -0.05211403965950012] [0.1751779019832611, -0.03070792742073536, 0.11969596892595291, 1.8494184017181396, -0.23528826236724854, 0.76478511095047] [0.990032970905304, -0.3634016513824463, -0.5467314720153809]
[0.09975196421146393, 0.004560038447380066, 0.40186604857444763, 0.8483439683914185, 1.498676061630249, 0.20319999754428864, -0.05211403965950012] [0.17206063866615295, -0.02281496860086918, 0.11814648658037186, 1.8436402082443237, -0.225289985537529, 0.8103531002998352] [0.990032970905304, -0.3634016513824463, -0.5467314720153809]
[0.10281995683908463, 0.04904603958129883, 0.38345804810523987, 0.8483439683914185, 1.498676061630249, 0.20319999754428864, -0.05211403965950012] [0.1688702404499054, -0.015488364733755589, 0.11557664722204208, 1.8390913009643555, -0.21016502380371094, 0.852907657623291] [0.990032970905304, -0.3634016513824463, -0.5467314720153809]
[0.11048995703458786, 0.07819204032421112, 0.36351603269577026, 0.8483439683914185, 1.5032780170440674, 0.20319999754428864, -0.05211403965950012] [0.16637013852596283, -0.010565727949142456, 0.11394639313220978, 1.8356400728225708, -0.19889631867408752, 0.8837142586708069] [0.990032970905304, -0.3634016513824463, -0.5467314720153809]
[0.11202395707368851, 0.09506604075431824, 0.3451080322265625, 0.8575479984283447, 1.5109480619430542, 0.20319999754428864, -0.05211403965950012] [0.16415418684482574, -0.00782784353941679, 0.1125343069434166, 1.8288860321044922, -0.18838493525981903, 0.9092541337013245] [0.990032970905304, -0.3634016513824463, -0.5467314720153809]
[0.11202395707368851, 0.10120204091072083, 0.32363206148147583, 0.8713539838790894, 1.514016032218933, 0.20559999346733093, -0.05211403965950012] [0.16260774433612823, -0.0060761976055800915, 0.11127640306949615, 1.8179353475570679, -0.1782509982585907, 0.9270468354225159] [0.990032970905304, -0.3634016513824463, -0.5467314720153809]
[0.11202395707368851, 0.10120204091072083, 0.3128940463066101, 0.8866939544677734, 1.515550136566162, 0.20559999346733093, -0.05211403965950012] [0.16048505902290344, -0.004690779838711023, 0.11041507869958878, 1.8080048561096191, -0.1730198860168457, 0.9493651986122131] [0.990032970905304, -0.3634016513824463, -0.5467314720153809]
[0.1181599572300911, 0.10120204091072083, 0.30062204599380493, 0.9158399701118469, 1.5170841217041016, 0.20559999346733093, -0.05211403965950012] [0.15699034929275513, -0.0029176827520132065, 0.1096017137169838, 1.799383521080017, -0.17097590863704681, 0.9843273758888245] [0.990032970905304, -0.3634016513824463, -0.5467314720153809]
[0.11969395726919174, 0.09966804087162018, 0.28221404552459717, 0.9480539560317993, 1.5170841217041016, 0.20559999346733093, -0.05211403965950012] [0.15463733673095703, -0.0015747551806271076, 0.1086786687374115, 1.7884936332702637, -0.16530820727348328, 1.008147120475769] [0.990032970905304, -0.3634016513824463, -0.5467314720153809]
[0.12122795730829239, 0.09506604075431824, 0.2638060450553894, 0.9818019866943359, 1.52168607711792, 0.20559999346733093, -0.050580039620399475] [0.15084724128246307, -0.0004243281146045774, 0.10723567008972168, 1.7758629322052002, -0.15659035742282867, 1.0453617572784424] [0.990032970905304, -0.3634016513824463, -0.5467314720153809]
[0.12276195734739304, 0.07512404024600983, 0.24539804458618164, 1.040094017982483, 1.5247540473937988, 0.20559999346733093, -0.050580039620399475] [0.14616069197654724, -0.000751366198528558, 0.10592891275882721, 1.7574565410614014, -0.14815965294837952, 1.0893826484680176] [0.990032970905304, -0.3634016513824463, -0.5467314720153809]
[0.12429595738649368, 0.05978403985500336, 0.21932004392147064, 1.0922499895095825, 1.533958077430725, 0.20600000023841858, -0.050580039620399475] [0.14175501465797424, -0.0007161356043070555, 0.10411311686038971, 1.748731017112732, -0.13561776280403137, 1.130100131034851] [0.990032970905304, -0.3634016513824463, -0.5467314720153809]
[0.12736396491527557, 0.039842039346694946, 0.19017404317855835, 1.1612800359725952, 1.5477640628814697, 0.20559999346733093, -0.050580039620399475] [0.13661789894104004, -0.001287846826016903, 0.10207060724496841, 1.7417486906051636, -0.11935573071241379, 1.1762455701828003] [0.990032970905304, -0.3634016513824463, -0.5467314720153809]
[0.13349996507167816, 0.0122300386428833, 0.1625620424747467, 1.210368037223816, 1.560036063194275, 0.20600000023841858, -0.04904603958129883] [0.13399851322174072, -0.0026327522937208414, 0.09961698204278946, 1.7423919439315796, -0.10146257281303406, 1.1980265378952026] [0.990032970905304, -0.3634016513824463, -0.5467314720153809]
[0.13349996507167816, -0.021517962217330933, 0.15489204227924347, 1.2533199787139893, 1.5692400932312012, 0.20559999346733093, -0.04904603958129883] [0.1323191523551941, -0.00701057817786932, 0.0994846299290657, 1.742159128189087, -0.09944847226142883, 1.2067762613296509] [0.990032970905304, -0.3634016513824463, -0.5467314720153809]
[0.13349996507167816, -0.07674196362495422, 0.14875604212284088, 1.3162139654159546, 1.5845800638198853, 0.20600000023841858, -0.050580039620399475] [0.12994204461574554, -0.013425746001303196, 0.09952472150325775, 1.7472217082977295, -0.09757645428180695, 1.2156486511230469] [0.990032970905304, -0.3634016513824463, -0.5467314720153809]
[0.1350339651107788, -0.13656796514987946, 0.14108604192733765, 1.3775739669799805, 1.5876480340957642, 0.20600000023841858, -0.04904603958129883] [0.12818408012390137, -0.0179319866001606, 0.09840203076601028, 1.7446324825286865, -0.09050709009170532, 1.2197247743606567] [0.990032970905304, -0.3634016513824463, -0.5467314720153809]
[0.14270396530628204, -0.18105396628379822, 0.1364840418100357, 1.4205260276794434, 1.5937840938568115, 0.20600000023841858, -0.050580039620399475] [0.1270173192024231, -0.022483104839920998, 0.09733152389526367, 1.7533414363861084, -0.08642415702342987, 1.2164191007614136] [0.990032970905304, -0.3634016513824463, -0.5467314720153809]
[0.15344196557998657, -0.22707396745681763, 0.1364840418100357, 1.4619439840316772, 1.5999200344085693, 0.20600000023841858, -0.04904603958129883] [0.12563781440258026, -0.02696283347904682, 0.09609302133321762, 1.7635574340820312, -0.08150158822536469, 1.2130707502365112] [0.990032970905304, -0.3634016513824463, -0.5467314720153809]
[0.16878196597099304, -0.28383195400238037, 0.1364840418100357, 1.5125659704208374, 1.6091240644454956, 0.20600000023841858, -0.050580039620399475] [0.1235882118344307, -0.03357776254415512, 0.09442383795976639, 1.7817314863204956, -0.07501563429832458, 1.2047406435012817] [0.990032970905304, -0.3634016513824463, -0.5467314720153809]
[0.18105396628379822, -0.32985198497772217, 0.1364840418100357, 1.5585860013961792, 1.6121920347213745, 0.20600000023841858, -0.050580039620399475] [0.12408851832151413, -0.03848392516374588, 0.09317947179079056, 1.7875046730041504, -0.06764349341392517, 1.1800999641418457] [0.990032970905304, -0.3634016513824463, -0.5467314720153809]
[0.18872396647930145, -0.3758719563484192, 0.13495004177093506, 1.5908000469207764, 1.6137261390686035, 0.20600000023841858, -0.04904603958129883] [0.1265845000743866, -0.04419652372598648, 0.09177171438932419, 1.7911653518676758, -0.05582766607403755, 1.1350183486938477] [0.990032970905304, -0.3634016513824463, -0.5467314720153809]
[0.1933259665966034, -0.42649397253990173, 0.13495004177093506, 1.6092079877853394, 1.6198620796203613, 0.20600000023841858, -0.04904603958129883] [0.12878388166427612, -0.049857497215270996, 0.09082365036010742, 1.797668218612671, -0.046158164739608765, 1.091335415840149] [0.990032970905304, -0.3634016513824463, -0.5467314720153809]
[0.19485996663570404, -0.46637797355651855, 0.1364840418100357, 1.6107419729232788, 1.6198620796203613, 0.20600000023841858, -0.04751203954219818] [0.13052479922771454, -0.054827090352773666, 0.09065649658441544, 1.7941677570343018, -0.041145727038383484, 1.0535972118377686] [0.990032970905304, -0.3634016513824463, -0.5467314720153809]
[0.1933259665966034, -0.5001260042190552, 0.13801804184913635, 1.6122759580612183, 1.6213960647583008, 0.20600000023841858, -0.04751203954219818] [0.13186204433441162, -0.059056639671325684, 0.09079311788082123, 1.7912704944610596, -0.03808487951755524, 1.0219026803970337] [0.990032970905304, -0.3634016513824463, -0.5467314720153809]
[0.19179196655750275, -0.5384759902954102, 0.139552041888237, 1.6107419729232788, 1.6275321245193481, 0.20600000023841858, -0.045978039503097534] [0.1333533078432083, -0.06437521427869797, 0.09115611016750336, 1.7936339378356934, -0.03550371900200844, 0.9824437499046326] [0.990032970905304, -0.3634016513824463, -0.5467314720153809]
[0.19179196655750275, -0.5844959616661072, 0.1456880420446396, 1.6122759580612183, 1.6382701396942139, 0.20600000023841858, -0.045978039503097534] [0.13484904170036316, -0.07079873979091644, 0.09150799363851547, 1.7977735996246338, -0.03262500464916229, 0.935196042060852] [0.990032970905304, -0.3634016513824463, -0.5467314720153809]
[0.1902579665184021, -0.6259139776229858, 0.14875604212284088, 1.6107419729232788, 1.6505420207977295, 0.20600000023841858, -0.04751203954219818] [0.1359127014875412, -0.07643835991621017, 0.0920160636305809, 1.8041259050369263, -0.030359162017703056, 0.8942422866821289] [0.990032970905304, -0.3634016513824463, -0.5467314720153809]
[0.1902579665184021, -0.6611959934234619, 0.15642604231834412, 1.6107419729232788, 1.6612800359725952, 0.20600000023841858, -0.04904603958129883] [0.13689039647579193, -0.08271972090005875, 0.09356130659580231, 1.8156802654266357, -0.03806803748011589, 0.8483925461769104] [0.990032970905304, -0.3634016513824463, -0.5467314720153809]
[0.1933259665966034, -0.696478009223938, 0.17636804282665253, 1.6061400175094604, 1.672018051147461, 0.20600000023841858, -0.04904603958129883] [0.13735270500183105, -0.08633369952440262, 0.09504926949739456, 1.821476697921753, -0.049193162471055984, 0.8218276500701904] [0.990032970905304, -0.3634016513824463, -0.5467314720153809]
[0.1963939666748047, -0.7240899801254272, 0.20551404356956482, 1.5908000469207764, 1.6735520362854004, 0.20559999346733093, -0.04904603958129883] [0.1378156989812851, -0.0903247743844986, 0.09894796460866928, 1.8221346139907837, -0.08108198642730713, 0.7924191355705261] [0.990032970905304, -0.3634016513824463, -0.5467314720153809]
[0.1963939666748047, -0.7394299507141113, 0.25153404474258423, 1.5739259719848633, 1.6735520362854004, 0.20440000295639038, -0.04904603958129883] [0.1380205601453781, -0.09281136840581894, 0.1031888872385025, 1.8231457471847534, -0.1177268698811531, 0.7744956016540527] [0.990032970905304, -0.3634016513824463, -0.5467314720153809]
[0.20099596679210663, -0.7470999956130981, 0.3036900460720062, 1.5708580017089844, 1.6766201257705688, 0.20440000295639038, -0.04904603958129883] [0.1380404531955719, -0.09495510905981064, 0.10877388715744019, 1.8300520181655884, -0.1677316427230835, 0.7601178288459778] [0.990032970905304, -0.3634016513824463, -0.5467314720153809]
[0.21786996722221375, -0.7470999956130981, 0.5291880369186401, 1.5631879568099976, 1.7211060523986816, 0.20399999618530273, -0.04904603958129883] [0.13487957417964935, -0.10530125349760056, 0.13685736060142517, 1.921279788017273, -0.4331585168838501, 0.7095243334770203] [0.990032970905304, -0.3634016513824463, -0.5467314720153809]
[0.22247196733951569, -0.742497980594635, 0.7853660583496094, 1.4956920146942139, 1.7978060245513916, 0.19519999623298645, -0.04904603958129883] [0.13345274329185486, -0.12489032000303268, 0.15900687873363495, 2.0957329273223877, -0.6516745090484619, 0.5599285364151001] [0.990032970905304, -0.3634016513824463, -0.5467314720153809]
[0.22553996741771698, -0.7317599654197693, 0.9786500930786133, 1.3699040412902832, 1.859166145324707, 0.20160000026226044, -0.04904603958129883] [0.1347648799419403, -0.14260949194431305, 0.16885791718959808, 2.2760977745056152, -0.7650959491729736, 0.3684190809726715] [0.990032970905304, -0.3634016513824463, -0.5467314720153809]
[0.24701596796512604, -0.6995459794998169, 1.2118180990219116, 1.1919599771499634, 1.87757408618927, 0.20160000026226044, -0.050580039620399475] [0.1388450711965561, -0.177449569106102, 0.17332415282726288, 2.7304136753082275, -0.822153627872467, -0.09053583443164825] [0.990032970905304, -0.3634016513824463, -0.5467314720153809]
[0.25315195322036743, -0.6611959934234619, 1.4127720594406128, 1.0262880325317383, 1.8791080713272095, 0.20160000026226044, -0.05211403965950012] [0.14264683425426483, -0.2007099837064743, 0.16640178859233856, 3.063194990158081, -0.7406421899795532, -0.38368669152259827] [0.990032970905304, -0.3634016513824463, -0.5467314720153809]
[0.2746279835700989, -0.6259139776229858, 1.610658049583435, 0.839139997959137, 1.87757408618927, 0.20160000026226044, -0.05211403965950012] [0.14767251908779144, -0.21934407949447632, 0.15077906847000122, -2.9957938194274902, -0.5816628336906433, -0.5578017830848694] [0.990032970905304, -0.3634016513824463, -0.5467314720153809]
[0.30684196949005127, -0.6075059771537781, 1.7594560384750366, 0.6903419494628906, 1.87757408618927, 0.20160000026226044, -0.05211403965950012] [0.15072908997535706, -0.23160919547080994, 0.13396720588207245, -2.871654748916626, -0.4306829571723938, -0.6413078904151917] [0.990032970905304, -0.3634016513824463, -0.5467314720153809]
[0.3574639558792114, -0.6013699769973755, 1.8100781440734863, 0.638185977935791, 1.8791080713272095, 0.20160000026226044, -0.05211403965950012] [0.15432856976985931, -0.2345452606678009, 0.11438670754432678, -2.8800554275512695, -0.30457669496536255, -0.6406320929527283] [0.990032970905304, -0.3634016513824463, -0.5467314720153809]
[0.4801839590072632, -0.5630199909210205, 1.8208160400390625, 0.6397199630737305, 1.87757408618927, 0.20160000026226044, -0.050580039620399475] [0.16140276193618774, -0.22627930343151093, 0.08739158511161804, -2.933274030685425, -0.16875357925891876, -0.5757704377174377] [0.990032970905304, -0.3634016513824463, -0.5467314720153809]
[0.5630199909210205, -0.526203989982605, 1.8530300855636597, 0.638185977935791, 1.8821760416030884, 0.2011999934911728, -0.05211403965950012] [0.160493403673172, -0.22747737169265747, 0.08457206189632416, -2.909209966659546, -0.1545242816209793, -0.5892847776412964] [0.990032970905304, -0.3634016513824463, -0.5467314720153809]
[0.5676219463348389, -0.526203989982605, 1.862234115600586, 0.638185977935791, 1.880642056465149, 0.20160000026226044, -0.050580039620399475] [0.1602649986743927, -0.22776876389980316, 0.08432018011808395, -2.9059529304504395, -0.15330231189727783, -0.5919261574745178] [0.990032970905304, -0.3634016513824463, -0.5467314720153809]
[0.5737580060958862, -0.526203989982605, 1.862234115600586, 0.638185977935791, 1.880642056465149, 0.20160000026226044, -0.05211403965950012] [0.16011390089988708, -0.22776876389980316, 0.0828457921743393, -2.9111433029174805, -0.14566227793693542, -0.5911532044410706] [0.990032970905304, -0.3634016513824463, -0.5467314720153809]
[0.5783599615097046, -0.526203989982605, 1.8607001304626465, 0.638185977935791, 1.880642056465149, 0.20160000026226044, -0.050580039620399475] [0.16011390089988708, -0.22776876389980316, 0.0828457921743393, -2.9111433029174805, -0.14566227793693542, -0.5911532044410706] [0.990032970905304, -0.3634016513824463, -0.5467314720153809]
[0.5768259763717651, -0.526203989982605, 1.8607001304626465, 0.6397199630737305, 1.880642056465149, 0.20160000026226044, -0.050580039620399475] [0.16014833748340607, -0.22764399647712708, 0.08301705867052078, -2.9125149250030518, -0.14717452228069305, -0.5901925563812256] [0.990032970905304, -0.3634016513824463, -0.5467314720153809]
[0.5783599615097046, -0.526203989982605, 1.862234115600586, 0.638185977935791, 1.880642056465149, 0.20160000026226044, -0.05211403965950012] [0.15991316735744476, -0.22796092927455902, 0.08312451839447021, -2.9118521213531494, -0.14766362309455872, -0.592299222946167] [0.990032970905304, -0.3634016513824463, -0.5467314720153809]
[0.5783599615097046, -0.526203989982605, 1.8607001304626465, 0.638185977935791, 1.880642056465149, 0.20160000026226044, -0.05211403965950012] [0.1601821631193161, -0.22767168283462524, 0.0828472226858139, -2.9125094413757324, -0.14564095437526703, -0.5902298092842102] [0.990032970905304, -0.3634016513824463, -0.5467314720153809]
[0.5783599615097046, -0.526203989982605, 1.862234115600586, 0.6397199630737305, 1.880642056465149, 0.20160000026226044, -0.050580039620399475] [0.16011390089988708, -0.22776876389980316, 0.0828457921743393, -2.9111433029174805, -0.14566227793693542, -0.5911532044410706] [0.990032970905304, -0.3634016513824463, -0.5467314720153809]
