[0.16930583119392395, -0.23145125806331635, 0.05917779356241226, 3.0459048748016357, 0.2395147681236267, -0.6022341847419739] [0.32985198497772217, -0.5814279913902283, 1.6198620796203613, 0.035323962569236755, 1.610658049583435, 0.9971999526023865, -1.2992560863494873, -1.299340009689331]
[0.16924302279949188, -0.23145125806331635, 0.05891812965273857, 3.0450100898742676, 0.24077880382537842, -0.602446973323822] [0.32985198497772217, -0.5814279913902283, 1.6213960647583008, 0.035323962569236755, 1.610658049583435, 0.9971999526023865, -1.2992560863494873, -1.299340009689331]
[0.16931453347206116, -0.2314494550228119, 0.0592246912419796, 3.0459184646606445, 0.23910121619701385, -0.6021761298179626] [0.32985198497772217, -0.5814279913902283, 1.6213960647583008, 0.03378996253013611, 1.610658049583435, 0.9971999526023865, -1.2992560863494873, -1.299340009689331]
[0.16925179958343506, -0.2314494550228119, 0.05896501615643501, 3.0450239181518555, 0.24036531150341034, -0.6023885607719421] [0.32985198497772217, -0.5814279913902283, 1.6198620796203613, 0.03378996253013611, 1.610658049583435, 0.9971999526023865, -1.2992560863494873, -1.299340009689331]
[0.16930583119392395, -0.23145125806331635, 0.05917779356241226, 3.0459048748016357, 0.2395147681236267, -0.6022341847419739] [0.32985198497772217, -0.5814279913902283, 1.6213960647583008, 0.03378996253013611, 1.610658049583435, 0.9971999526023865, -1.2992560863494873, -1.299340009689331]
[0.16930583119392395, -0.23145125806331635, 0.05917779356241226, 3.0459048748016357, 0.2395147681236267, -0.6022341847419739] [0.32985198497772217, -0.5814279913902283, 1.6198620796203613, 0.03378996253013611, 1.6121920347213745, 0.9971999526023865, -1.2992560863494873, -1.299340009689331]
[0.16925179958343506, -0.2314494550228119, 0.05896501615643501, 3.0450239181518555, 0.24036531150341034, -0.6023885607719421] [0.3313859701156616, -0.5814279913902283, 1.6198620796203613, 0.035323962569236755, 1.610658049583435, 0.9971999526023865, -1.2992560863494873, -1.299340009689331]
[0.16924302279949188, -0.23145125806331635, 0.05891812965273857, 3.0450100898742676, 0.24077880382537842, -0.602446973323822] [0.32985198497772217, -0.5814279913902283, 1.6198620796203613, 0.03378996253013611, 1.610658049583435, 0.9971999526023865, -1.2992560863494873, -1.2978060245513916]
[0.16931453347206116, -0.2314494550228119, 0.0592246912419796, 3.0459184646606445, 0.23910121619701385, -0.6021761298179626] [0.32985198497772217, -0.5814279913902283, 1.6198620796203613, 0.035323962569236755, 1.6121920347213745, 0.9971999526023865, -1.2992560863494873, -1.299340009689331]
[0.16925179958343506, -0.2314494550228119, 0.05896501615643501, 3.0450239181518555, 0.24036531150341034, -0.6023885607719421] [0.3313859701156616, -0.5814279913902283, 1.6213960647583008, 0.035323962569236755, 1.610658049583435, 0.9971999526023865, -1.3007900714874268, -1.299340009689331]
[0.16924302279949188, -0.23145125806331635, 0.05891812965273857, 3.0450100898742676, 0.24077880382537842, -0.602446973323822] [0.32985198497772217, -0.5814279913902283, 1.6198620796203613, 0.035323962569236755, 1.610658049583435, 0.9971999526023865, -1.2992560863494873, -1.2978060245513916]
[0.16929227113723755, -0.23147204518318176, 0.05918033421039581, 3.047424793243408, 0.2395075559616089, -0.6022887825965881] [0.32985198497772217, -0.5814279913902283, 1.6213960647583008, 0.03378996253013611, 1.610658049583435, 0.9971999526023865, -1.2992560863494873, -1.299340009689331]
[0.16924302279949188, -0.23145125806331635, 0.05891812965273857, 3.0450100898742676, 0.24077880382537842, -0.602446973323822] [0.32985198497772217, -0.5814279913902283, 1.6198620796203613, 0.03378996253013611, 1.610658049583435, 0.9971999526023865, -1.2992560863494873, -1.299340009689331]
[0.16931453347206116, -0.2314494550228119, 0.0592246912419796, 3.0459184646606445, 0.23910121619701385, -0.6021761298179626] [0.32985198497772217, -0.5814279913902283, 1.6198620796203613, 0.035323962569236755, 1.610658049583435, 0.9971999526023865, -1.2992560863494873, -1.299340009689331]
[0.17249412834644318, -0.22872315347194672, 0.06724479049444199, 2.9300408363342285, 0.18271243572235107, -0.5834415555000305] [0.30223995447158813, -0.579893946647644, 1.4725980758666992, 0.08747996389865875, 1.6014540195465088, 0.13040000200271606, -1.3007900714874268, -1.299340009689331]
[0.17435956001281738, -0.22672811150550842, 0.07316683977842331, 2.875896453857422, 0.1386703997850418, -0.5670948028564453] [0.28383195400238037, -0.579893946647644, 1.331470012664795, 0.17951996624469757, 1.6014540195465088, 0.13040000200271606, -1.3007900714874268, -1.3008739948272705]
[0.18100078403949738, -0.21370376646518707, 0.08562816679477692, 2.6201024055480957, 0.024163885042071342, -0.46516913175582886] [0.2822979688644409, -0.5814279913902283, 0.9663780927658081, 0.3605319857597351, 1.5999200344085693, 0.13040000200271606, -1.3007900714874268, -1.3008739948272705]
[0.18866261839866638, -0.18856005370616913, 0.09414030611515045, 2.313049793243408, -0.05777634680271149, -0.2649799585342407] [0.25928795337677, -0.572223961353302, 0.7669580578804016, 0.44950395822525024, 1.5999200344085693, 0.13040000200271606, -1.3007900714874268, -1.299340009689331]
[0.1927398145198822, -0.17604239284992218, 0.09178341925144196, 2.183872938156128, -0.038259007036685944, -0.1815466582775116] [0.23781196773052216, -0.5354079604148865, 0.6473060846328735, 0.44950395822525024, 1.5999200344085693, 0.13040000200271606, -1.3023240566253662, -1.3008739948272705]
[0.1970192939043045, -0.16412639617919922, 0.09344277530908585, 2.1577181816101074, -0.04467156529426575, -0.11779817193746567] [0.21480196714401245, -0.4801839590072632, 0.6304320693016052, 0.4510379731655121, 1.5983860492706299, 0.13040000200271606, -1.3007900714874268, -1.299340009689331]
[0.20055027306079865, -0.15248745679855347, 0.09740939736366272, 2.155534029006958, -0.06645931303501129, -0.05919361859560013] [0.18872396647930145, -0.42342597246170044, 0.6135580539703369, 0.4525719881057739, 1.5830460786819458, 0.13040000200271606, -1.3007900714874268, -1.3008739948272705]
[0.2032015174627304, -0.14100772142410278, 0.09922045469284058, 2.1232073307037354, -0.07566647231578827, -0.001276536611840129] [0.17184996604919434, -0.3728039860725403, 0.5859460830688477, 0.4525719881057739, 1.5707740783691406, 0.13040000200271606, -1.3007900714874268, -1.299340009689331]
[0.20460569858551025, -0.13356907665729523, 0.0995657667517662, 2.088357448577881, -0.07453228533267975, 0.036335211247205734] [0.15650996565818787, -0.3405899703502655, 0.5460620522499084, 0.4525719881057739, 1.5631040334701538, 0.13040000200271606, -1.3023240566253662, -1.299340009689331]
[0.20579975843429565, -0.12506531178951263, 0.10011541098356247, 2.0460193157196045, -0.07312601804733276, 0.08029283583164215] [0.13963596522808075, -0.30684196949005127, 0.4954400658607483, 0.4525719881057739, 1.553900122642517, 0.13040000200271606, -1.3023240566253662, -1.299340009689331]
[0.20670641958713531, -0.1147686094045639, 0.10112172365188599, 1.983802318572998, -0.07227933406829834, 0.13414524495601654] [0.12276195734739304, -0.2684919834136963, 0.44175004959106445, 0.4525719881057739, 1.5477640628814697, 0.13040000200271606, -1.3023240566253662, -1.299340009689331]
[0.20707282423973083, -0.10680399090051651, 0.10131915658712387, 1.9197884798049927, -0.06467320770025253, 0.17650996148586273] [0.09514996409416199, -0.2362779676914215, 0.29141804575920105, 0.4525719881057739, 1.5477640628814697, 0.13040000200271606, -1.3023240566253662, -1.299340009689331]
[0.20702731609344482, -0.09738216549158096, 0.09537556767463684, 1.7425858974456787, -0.009175051935017109, 0.22934502363204956] [0.07367396354675293, -0.19792796671390533, 0.1426200419664383, 0.4525719881057739, 1.5477640628814697, 0.13040000200271606, -1.3007900714874268, -1.299340009689331]
[0.2067400962114334, -0.08770223706960678, 0.09376662224531174, 1.6805059909820557, 0.008123715408146381, 0.2771166265010834] [0.06446996331214905, -0.15650996565818787, 0.12267804145812988, 0.4510379731655121, 1.5477640628814697, 0.13040000200271606, -1.3023240566253662, -1.299340009689331]
[0.2061176747083664, -0.07895004004240036, 0.09630542993545532, 1.6732659339904785, -0.0033288910053670406, 0.32032540440559387] [0.05219796299934387, -0.12429595738649368, 0.12114404141902924, 0.4525719881057739, 1.5477640628814697, 0.13040000200271606, -1.3007900714874268, -1.299340009689331]
[0.20522576570510864, -0.07216090708971024, 0.09820258617401123, 1.6701767444610596, -0.012395381927490234, 0.3556343913078308] [0.04299396276473999, -0.09514996409416199, 0.11807604134082794, 0.46024197340011597, 1.5477640628814697, 0.13040000200271606, -1.3007900714874268, -1.299340009689331]
[0.20425018668174744, -0.06725488603115082, 0.09848687797784805, 1.662867784500122, -0.013075406663119793, 0.3835844099521637] [0.039925962686538696, -0.07674196362495422, 0.10733804106712341, 0.46944597363471985, 1.5492980480194092, 0.13040000200271606, -1.3007900714874268, -1.299340009689331]
[0.20322437584400177, -0.06467808037996292, 0.09754765778779984, 1.648022174835205, -0.006452526431530714, 0.4043276309967041] [0.039925962686538696, -0.07367396354675293, 0.08279404044151306, 0.4878539741039276, 1.5492980480194092, 0.13040000200271606, -1.3007900714874268, -1.299340009689331]
[0.20256100594997406, -0.06348869204521179, 0.09599202871322632, 1.6249476671218872, 0.0047367471270263195, 0.4160837233066559] [0.039925962686538696, -0.07367396354675293, 0.06285203993320465, 0.49245595932006836, 1.5492980480194092, 0.13040000200271606, -1.3007900714874268, -1.299340009689331]
[0.20243433117866516, -0.06327760964632034, 0.09491755813360214, 1.6100903749465942, 0.01258005853742361, 0.4181571900844574] [0.039925962686538696, -0.07367396354675293, 0.04291003942489624, 0.49245595932006836, 1.5477640628814697, 0.13040000200271606, -1.3007900714874268, -1.299340009689331]
[0.20234040915966034, -0.06292570382356644, 0.09383115917444229, 1.595284342765808, 0.020521579310297966, 0.42011669278144836] [0.039925962686538696, -0.06907196342945099, 0.030638039112091064, 0.4939899742603302, 1.5492980480194092, 0.13040000200271606, -1.3007900714874268, -1.299340009689331]
[0.20199896395206451, -0.06151857599616051, 0.09294317662715912, 1.5880763530731201, 0.02610587142407894, 0.4279853403568268] [0.04145996272563934, -0.0660039633512497, 0.019900038838386536, 0.49245595932006836, 1.5492980480194092, 0.13040000200271606, -1.3007900714874268, -1.299340009689331]
[0.20199939608573914, -0.061657439917325974, 0.09080521762371063, 1.5784181356430054, 0.03827495500445366, 0.42675530910491943] [0.050663962960243225, -0.0660039633512497, 0.00762803852558136, 0.49245595932006836, 1.5477640628814697, 0.13040000200271606, -1.3007900714874268, -1.299340009689331]
[0.20195527374744415, -0.0616561621427536, 0.08988860994577408, 1.575636625289917, 0.0432426780462265, 0.4268674850463867] [0.050663962960243225, -0.06753796339035034, 0.004560038447380066, 0.4909219741821289, 1.5492980480194092, 0.13040000200271606, -1.3007900714874268, -1.299340009689331]
[0.20203432440757751, -0.06180712208151817, 0.08968571573495865, 1.5728660821914673, 0.044728945940732956, 0.4253687262535095] [0.050663962960243225, -0.0660039633512497, -4.1961669921875e-05, 0.4909219741821289, 1.5477640628814697, 0.13040000200271606, -1.3007900714874268, -1.299340009689331]
[0.2020907700061798, -0.061959728598594666, 0.08905629813671112, 1.5678354501724243, 0.04832610860466957, 0.4239101707935333] [0.050663962960243225, -0.07213996350765228, -0.006177961826324463, 0.4878539741039276, 1.5477640628814697, 0.13040000200271606, -1.3007900714874268, -1.299340009689331]
[0.20327067375183105, -0.06849923729896545, 0.08903049677610397, 1.5569123029708862, 0.05048268660902977, 0.3901306092739105] [0.04759596288204193, -0.10435395687818527, -0.01231396198272705, 0.48631995916366577, 1.5492980480194092, 0.13040000200271606, -1.3007900714874268, -1.299340009689331]
[0.20395159721374512, -0.07256438583135605, 0.0892159640789032, 1.5540043115615845, 0.0501258410513401, 0.36860764026641846] [0.04759596288204193, -0.11969395726919174, -0.013847962021827698, 0.48325198888778687, 1.5492980480194092, 0.13040000200271606, -1.3007900714874268, -1.3008739948272705]
[0.20423905551433563, -0.07507546991109848, 0.08902544528245926, 1.55227530002594, 0.05175843834877014, 0.3563282787799835] [0.046061962842941284, -0.13349996507167816, -0.01691596210002899, 0.46637797355651855, 1.5492980480194092, 0.13040000200271606, -1.3007900714874268, -1.299340009689331]
[0.20567435026168823, -0.0834370106458664, 0.08918391168117523, 1.546576976776123, 0.05151578411459923, 0.30715417861938477] [0.046061962842941284, -0.16878196597099304, -0.019983962178230286, 0.46637797355651855, 1.5477640628814697, 0.13040000200271606, -1.3007900714874268, -1.299340009689331]
[0.20605185627937317, -0.09103593230247498, 0.08880394697189331, 1.5410023927688599, 0.054757460951805115, 0.2702777087688446] [0.046061962842941284, -0.20713196694850922, -0.024585962295532227, 0.46637797355651855, 1.5477640628814697, 0.13040000200271606, -1.3007900714874268, -1.3008739948272705]
[0.20628267526626587, -0.10023953020572662, 0.08892752975225449, 1.5358260869979858, 0.05508818477392197, 0.22415794432163239] [0.04452796280384064, -0.251617968082428, -0.026119962334632874, 0.46330997347831726, 1.5477640628814697, 0.13040000200271606, -1.3007900714874268, -1.299340009689331]
[0.2059379667043686, -0.11005941778421402, 0.08884800970554352, 1.5323758125305176, 0.05619487911462784, 0.1765250563621521] [0.04452796280384064, -0.30990996956825256, -0.029187962412834167, 0.46330997347831726, 1.5477640628814697, 0.13040000200271606, -1.3007900714874268, -1.299340009689331]
[0.20455314218997955, -0.12457265704870224, 0.0885002613067627, 1.5280508995056152, 0.05884762480854988, 0.10585060715675354] [0.046061962842941284, -0.36513397097587585, -0.030721962451934814, 0.46330997347831726, 1.5477640628814697, 0.13040000200271606, -1.3007900714874268, -1.299340009689331]
[0.20259425044059753, -0.1367770880460739, 0.0884956642985344, 1.5239264965057373, 0.059741802513599396, 0.04590894281864166] [0.046061962842941284, -0.4326299726963043, -0.030721962451934814, 0.46330997347831726, 1.5477640628814697, 0.13040000200271606, -1.3007900714874268, -1.299340009689331]
[0.20014718174934387, -0.1479177176952362, 0.08860846608877182, 1.521379828453064, 0.05978820100426674, -0.009408626705408096] [0.046061962842941284, -0.48631995916366577, -0.030721962451934814, 0.46330997347831726, 1.5477640628814697, 0.13040000200271606, -1.3007900714874268, -1.299340009689331]
[0.19707085192203522, -0.15890707075595856, 0.08842825889587402, 1.5172011852264404, 0.06122476980090141, -0.06473203003406525] [0.04912996292114258, -0.5415439605712891, -0.03225596249103546, 0.46330997347831726, 1.5492980480194092, 0.13040000200271606, -1.3007900714874268, -1.3008739948272705]
[0.193277046084404, -0.1701842099428177, 0.08824038505554199, 1.5143846273422241, 0.06312794983386993, -0.12316130101680756] [0.04912996292114258, -0.6013699769973755, -0.03225596249103546, 0.46330997347831726, 1.5477640628814697, 0.13040000200271606, -1.3007900714874268, -1.299340009689331]
[0.19086240231990814, -0.1762077957391739, 0.08835434168577194, 1.5129114389419556, 0.06296417117118835, -0.15389923751354218] [0.04912996292114258, -0.6167099475860596, -0.03225596249103546, 0.46330997347831726, 1.5492980480194092, 0.13040000200271606, -1.3007900714874268, -1.3008739948272705]
[0.19096434116363525, -0.17574208974838257, 0.08795560151338577, 1.5114789009094238, 0.06523506343364716, -0.15086670219898224] [0.050663962960243225, -0.6151759624481201, -0.03378996253013611, 0.46944597363471985, 1.5492980480194092, 0.13040000200271606, -1.3007900714874268, -1.3008739948272705]
[0.19090087711811066, -0.17445829510688782, 0.0879141315817833, 1.5123066902160645, 0.06574016064405441, -0.13857775926589966] [0.050663962960243225, -0.6151759624481201, -0.03378996253013611, 0.4847859740257263, 1.5492980480194092, 0.13040000200271606, -1.3007900714874268, -1.3008739948272705]
[0.19103454053401947, -0.17346356809139252, 0.08788762241601944, 1.5127882957458496, 0.06597605347633362, -0.13089551031589508] [0.050663962960243225, -0.6151759624481201, -0.03378996253013611, 0.4909219741821289, 1.5508320331573486, 0.13040000200271606, -1.3007900714874268, -1.3008739948272705]
[0.19106043875217438, -0.17170831561088562, 0.08787510544061661, 1.5168733596801758, 0.06652820110321045, -0.11553172767162323] [0.050663962960243225, -0.6151759624481201, -0.03378996253013611, 0.5123980045318604, 1.552366018295288, 0.13040000200271606, -1.3007900714874268, -1.3008739948272705]
[0.19103537499904633, -0.1678505688905716, 0.08806446194648743, 1.51926589012146, 0.06615875661373138, -0.08171917498111725] [0.04912996292114258, -0.6151759624481201, -0.035323962569236755, 0.561486005783081, 1.553900122642517, 0.13040000200271606, -1.3007900714874268, -1.299340009689331]
[0.19081051647663116, -0.16160373389720917, 0.08791711926460266, 1.5228389501571655, 0.06779617071151733, -0.027934426441788673] [0.04912996292114258, -0.6136419773101807, -0.03378996253013611, 0.6213119626045227, 1.552366018295288, 0.13040000200271606, -1.3007900714874268, -1.3008739948272705]
[0.18996210396289825, -0.15509866178035736, 0.08778545260429382, 1.5268747806549072, 0.06944232434034348, 0.03047274611890316] [0.04912996292114258, -0.6136419773101807, -0.035323962569236755, 0.6642639636993408, 1.552366018295288, 0.13040000200271606, -1.3007900714874268, -1.299340009689331]
[0.18925920128822327, -0.15077273547649384, 0.08758888393640518, 1.5283691883087158, 0.07133776694536209, 0.06888274848461151] [0.04912996292114258, -0.6136419773101807, -0.03378996253013611, 0.7087500095367432, 1.552366018295288, 0.13040000200271606, -1.3007900714874268, -1.299340009689331]
[0.1881619095802307, -0.14481475949287415, 0.08750279992818832, 1.5320900678634644, 0.07245136052370071, 0.12116093933582306] [0.04912996292114258, -0.6151759624481201, -0.035323962569236755, 0.7655079960823059, 1.553900122642517, 0.13040000200271606, -1.3007900714874268, -1.299340009689331]
[0.18629266321659088, -0.13832157850265503, 0.08745425194501877, 1.5380381345748901, 0.07357171177864075, 0.1811373233795166] [0.04912996292114258, -0.6136419773101807, -0.035323962569236755, 0.8161299824714661, 1.552366018295288, 0.13040000200271606, -1.3007900714874268, -1.299340009689331]
[0.18460935354232788, -0.13270047307014465, 0.08739923685789108, 1.540212869644165, 0.07424397766590118, 0.2318924367427826] [0.04912996292114258, -0.6136419773101807, -0.035323962569236755, 0.8728879690170288, 1.552366018295288, 0.13040000200271606, -1.3007900714874268, -1.299340009689331]
[0.18219219148159027, -0.12648917734622955, 0.08723848313093185, 1.543616771697998, 0.07603064179420471, 0.2903338372707367] [0.04912996292114258, -0.6136419773101807, -0.0368579626083374, 0.9357819557189941, 1.552366018295288, 0.13040000200271606, -1.3007900714874268, -1.299340009689331]
[0.1792532503604889, -0.12010900676250458, 0.08697645366191864, 1.5488348007202148, 0.07786379754543304, 0.3519122302532196] [0.04912996292114258, -0.6136419773101807, -0.03839196264743805, 0.99714195728302, 1.552366018295288, 0.13040000200271606, -1.3007900714874268, -1.299340009689331]
[0.17674553394317627, -0.11529423296451569, 0.08728409558534622, 1.551949143409729, 0.07653030008077621, 0.39956459403038025] [0.050663962960243225, -0.6136419773101807, -0.0368579626083374, 1.0462299585342407, 1.552366018295288, 0.13040000200271606, -1.3007900714874268, -1.299340009689331]
[0.17286475002765656, -0.10855962336063385, 0.08709592372179031, 1.5577648878097534, 0.07772669196128845, 0.4673105478286743] [0.050663962960243225, -0.6136419773101807, -0.03839196264743805, 1.0999200344085693, 1.552366018295288, 0.13040000200271606, -1.3007900714874268, -1.299340009689331]
[0.16893865168094635, -0.1031959280371666, 0.08678082376718521, 1.5624747276306152, 0.08002305775880814, 0.5258524417877197] [0.05219796299934387, -0.6136419773101807, -0.0368579626083374, 1.1689499616622925, 1.552366018295288, 0.13040000200271606, -1.3007900714874268, -1.299340009689331]
[0.1640220731496811, -0.09674916416406631, 0.08652838319540024, 1.5683690309524536, 0.08179246634244919, 0.5967252850532532] [0.05373196303844452, -0.6121079921722412, -0.04145996272563934, 1.2318439483642578, 1.552366018295288, 0.13040000200271606, -1.3007900714874268, -1.3008739948272705]
[0.16031716763973236, -0.09146451950073242, 0.08608714491128922, 1.5725622177124023, 0.08482511341571808, 0.6522513628005981] [0.055265963077545166, -0.6044379472732544, -0.04299396276473999, 1.2763299942016602, 1.552366018295288, 0.13040000200271606, -1.3007900714874268, -1.3008739948272705]
[0.1568732112646103, -0.0866452232003212, 0.08599784225225449, 1.5774507522583008, 0.08475936204195023, 0.7031136155128479] [0.055265963077545166, -0.5875639915466309, -0.04452796280384064, 1.3146799802780151, 1.552366018295288, 0.13040000200271606, -1.3007900714874268, -1.299340009689331]
[0.15323956310749054, -0.08120890706777573, 0.0857653021812439, 1.5821621417999268, 0.08570234477519989, 0.7586270570755005] [0.05833396315574646, -0.5737580060958862, -0.046061962842941284, 1.3499619960784912, 1.552366018295288, 0.13040000200271606, -1.3007900714874268, -1.3008739948272705]
[0.14975512027740479, -0.07716412842273712, 0.08536779880523682, 1.5861932039260864, 0.08823247253894806, 0.8049754500389099] [0.05833396315574646, -0.5691559910774231, -0.04912996292114258, 1.3944480419158936, 1.552366018295288, 0.13040000200271606, -1.3007900714874268, -1.299340009689331]
[0.14548751711845398, -0.07349932193756104, 0.0847305953502655, 1.5891270637512207, 0.09400852769613266, 0.8544971346855164] [0.05986796319484711, -0.56455397605896, -0.05679996311664581, 1.437399983406067, 1.552366018295288, 0.13040000200271606, -1.3007900714874268, -1.299340009689331]
[0.1411534994840622, -0.06915373355150223, 0.08428215980529785, 1.5927917957305908, 0.09792236238718033, 0.9086061716079712] [0.05986796319484711, -0.5522819757461548, -0.0629359632730484, 1.472681999206543, 1.552366018295288, 0.13040000200271606, -1.3007900714874268, -1.3008739948272705]
[0.13817933201789856, -0.06537821143865585, 0.08393583446741104, 1.5954031944274902, 0.10066483169794083, 0.950346052646637] [0.05986796319484711, -0.5308059453964233, -0.0660039633512497, 1.488021969795227, 1.552366018295288, 0.13040000200271606, -1.3007900714874268, -1.3008739948272705]
[0.1354740560054779, -0.061559006571769714, 0.08392739295959473, 1.597977876663208, 0.10032463818788528, 0.9904118180274963] [0.05986796319484711, -0.506261944770813, -0.07060596346855164, 1.5171680450439453, 1.552366018295288, 0.13040000200271606, -1.3007900714874268, -1.299340009689331]
[0.13205309212207794, -0.056623153388500214, 0.08326621353626251, 1.6007193326950073, 0.10548336058855057, 1.041528344154358] [0.05986796319484711, -0.47864997386932373, -0.07674196362495422, 1.5248379707336426, 1.552366018295288, 0.13040000200271606, -1.3007900714874268, -1.3008739948272705]
[0.13120999932289124, -0.05454525724053383, 0.08296786993741989, 1.601219892501831, 0.10767391324043274, 1.0585803985595703] [0.05986796319484711, -0.47251397371292114, -0.08134396374225616, 1.5248379707336426, 1.552366018295288, 0.13040000200271606, -1.3007900714874268, -1.3008739948272705]
[0.13138575851917267, -0.05485651642084122, 0.08243203908205032, 1.6008219718933105, 0.11242032051086426, 1.0557276010513306] [0.05833396315574646, -0.47251397371292114, -0.08747996389865875, 1.5248379707336426, 1.552366018295288, 0.13040000200271606, -1.3007900714874268, -1.299340009689331]
[0.13165579736232758, -0.05598456412553787, 0.081629179418087, 1.5960804224014282, 0.12276750802993774, 1.0481410026550293] [0.05373196303844452, -0.4970579743385315, -0.10435395687818527, 1.5248379707336426, 1.552366018295288, 0.13040000200271606, -1.3007900714874268, -1.299340009689331]
[0.13292798399925232, -0.060842785984277725, 0.08022589981555939, 1.5918229818344116, 0.1381254345178604, 1.0130794048309326] [0.05219796299934387, -0.5216019749641418, -0.11202395707368851, 1.5248379707336426, 1.552366018295288, 0.13040000200271606, -1.3007900714874268, -1.299340009689331]
[0.13387294113636017, -0.06352388858795166, 0.07985850423574448, 1.5893758535385132, 0.14280782639980316, 0.9915221333503723] [0.050663962960243225, -0.5430779457092285, -0.1150919571518898, 1.5202360153198242, 1.552366018295288, 0.13040000200271606, -1.3007900714874268, -1.3008739948272705]
[0.13458089530467987, -0.06592053920030594, 0.0796811580657959, 1.5872550010681152, 0.14577360451221466, 0.9729781150817871] [0.04759596288204193, -0.5568839907646179, -0.11969395726919174, 1.5187020301818848, 1.552366018295288, 0.13040000200271606, -1.3007900714874268, -1.3008739948272705]
[0.1353122889995575, -0.06777362525463104, 0.07988689094781876, 1.5838465690612793, 0.14613983035087585, 0.9572524428367615] [0.046061962842941284, -0.5691559910774231, -0.12122795730829239, 1.5156340599060059, 1.552366018295288, 0.13040000200271606, -1.3007900714874268, -1.299340009689331]
[0.13643290102481842, -0.07193543761968613, 0.07981426268815994, 1.5810604095458984, 0.14731909334659576, 0.9249206185340881] [0.04452796280384064, -0.6044379472732544, -0.12122795730829239, 1.5140999555587769, 1.5492980480194092, 0.13040000200271606, -1.3007900714874268, -1.299340009689331]
[0.13720664381980896, -0.07617636770009995, 0.08000947535037994, 1.5761505365371704, 0.14804339408874512, 0.8938302993774414] [0.04299396276473999, -0.638185977935791, -0.12276195734739304, 1.5140999555587769, 1.5477640628814697, 0.13040000200271606, -1.3007900714874268, -1.299340009689331]
[0.13783739507198334, -0.08063048869371414, 0.07998234778642654, 1.575256109237671, 0.1491084098815918, 0.8615136742591858] [0.04299396276473999, -0.6703999638557434, -0.12122795730829239, 1.5140999555587769, 1.5446960926055908, 0.13040000200271606, -1.3007900714874268, -1.299340009689331]
[0.13837653398513794, -0.08574890345335007, 0.07990288734436035, 1.5695897340774536, 0.1502898782491684, 0.8245729207992554] [0.04299396276473999, -0.70414799451828, -0.12122795730829239, 1.5140999555587769, 1.5431621074676514, 0.13040000200271606, -1.3007900714874268, -1.299340009689331]
[0.1387719362974167, -0.09173557162284851, 0.07986712455749512, 1.5667588710784912, 0.15161795914173126, 0.781465470790863] [0.04299396276473999, -0.742497980594635, -0.12122795730829239, 1.5140999555587769, 1.5431621074676514, 0.13040000200271606, -1.3007900714874268, -1.299340009689331]
[0.13890118896961212, -0.09623218327760696, 0.07986156642436981, 1.565748691558838, 0.15257708728313446, 0.7491282820701599] [0.04299396276473999, -0.7854499816894531, -0.12122795730829239, 1.5140999555587769, 1.5431621074676514, 0.13040000200271606, -1.3007900714874268, -1.299340009689331]
[0.13865970075130463, -0.10586798936128616, 0.0796578899025917, 1.5644572973251343, 0.15571361780166626, 0.6799660325050354] [0.04299396276473999, -0.8514119982719421, -0.12276195734739304, 1.5140999555587769, 1.5431621074676514, 0.13040000200271606, -1.3007900714874268, -1.299340009689331]
[0.13805650174617767, -0.11432185024023056, 0.07968369871377945, 1.5620678663253784, 0.15735402703285217, 0.6183118224143982] [0.04452796280384064, -0.9097039699554443, -0.12122795730829239, 1.5140999555587769, 1.5431621074676514, 0.13040000200271606, -1.3007900714874268, -1.299340009689331]
[0.13669434189796448, -0.12245476245880127, 0.0795343667268753, 1.560895562171936, 0.1601056456565857, 0.5598762631416321] [0.046061962842941284, -0.9695299863815308, -0.12122795730829239, 1.5140999555587769, 1.541628122329712, 0.13040000200271606, -1.3007900714874268, -1.299340009689331]
[0.1350608617067337, -0.1302265077829361, 0.07943563163280487, 1.5585302114486694, 0.16296103596687317, 0.5028370022773743] [0.046061962842941284, -1.0278220176696777, -0.12276195734739304, 1.5125659704208374, 1.5431621074676514, 0.13040000200271606, -1.3007900714874268, -1.299340009689331]
[0.13322648406028748, -0.1370600014925003, 0.07931432873010635, 1.5571112632751465, 0.1654118448495865, 0.45203855633735657] [0.04759596288204193, -1.090716004371643, -0.12736396491527557, 1.5140999555587769, 1.5431621074676514, 0.13040000200271606, -1.3007900714874268, -1.299340009689331]
[0.1296234428882599, -0.14746485650539398, 0.07861629128456116, 1.5532338619232178, 0.17456158995628357, 0.37340131402015686] [0.04759596288204193, -1.1566779613494873, -0.13196596503257751, 1.5140999555587769, 1.5431621074676514, 0.13040000200271606, -1.3007900714874268, -1.299340009689331]
[0.12786395847797394, -0.152016282081604, 0.07815353572368622, 1.5517771244049072, 0.1796446293592453, 0.33798539638519287] [0.04912996292114258, -1.1842899322509766, -0.1350339651107788, 1.507964015007019, 1.5431621074676514, 0.13040000200271606, -1.2992560863494873, -1.3008739948272705]
[0.12754084169864655, -0.1554623544216156, 0.07746513932943344, 1.5481057167053223, 0.1861005425453186, 0.30853432416915894] [0.04912996292114258, -1.1980960369110107, -0.14270396530628204, 1.4941580295562744, 1.5431621074676514, 0.13040000200271606, -1.3007900714874268, -1.299340009689331]
[0.12671919167041779, -0.15794824063777924, 0.07680828124284744, 1.5460399389266968, 0.1924590915441513, 0.2884136736392975] [0.04912996292114258, -1.208833932876587, -0.14730596542358398, 1.4941580295562744, 1.5431621074676514, 0.13040000200271606, -1.3007900714874268, -1.299340009689331]
[0.12619155645370483, -0.15965552628040314, 0.07596428692340851, 1.5440797805786133, 0.20023950934410095, 0.27445700764656067] [0.04912996292114258, -1.2211060523986816, -0.15650996565818787, 1.4895559549331665, 1.5431621074676514, 0.13040000200271606, -1.3007900714874268, -1.3008739948272705]
[0.12561185657978058, -0.16065774857997894, 0.07547266036272049, 1.543336272239685, 0.2049270123243332, 0.26672422885894775] [0.04759596288204193, -1.2241740226745605, -0.1580439656972885, 1.4895559549331665, 1.5431621074676514, 0.13040000200271606, -1.3007900714874268, -1.299340009689331]
[0.12561185657978058, -0.16065774857997894, 0.07547266036272049, 1.543336272239685, 0.2049270123243332, 0.26672422885894775] [0.04912996292114258, -1.222640037536621, -0.1580439656972885, 1.4895559549331665, 1.5431621074676514, 0.13040000200271606, -1.3007900714874268, -1.299340009689331]
[0.12561185657978058, -0.16065774857997894, 0.07547266036272049, 1.543336272239685, 0.2049270123243332, 0.26672422885894775] [0.04912996292114258, -1.2241740226745605, -0.1580439656972885, 1.4895559549331665, 1.5431621074676514, 0.13040000200271606, -1.3007900714874268, -1.299340009689331]
[0.1257077157497406, -0.1604633629322052, 0.07546794414520264, 1.5434105396270752, 0.20490708947181702, 0.26827144622802734] [0.04912996292114258, -1.222640037536621, -0.15650996565818787, 1.4895559549331665, 1.5431621074676514, 0.13040000200271606, -1.2992560863494873, -1.3008739948272705]
[0.1257077157497406, -0.1604633629322052, 0.07546794414520264, 1.5434105396270752, 0.20490708947181702, 0.26827144622802734] [0.04912996292114258, -1.222640037536621, -0.1580439656972885, 1.4895559549331665, 1.5431621074676514, 0.13040000200271606, -1.2992560863494873, -1.3008739948272705]
[0.12574249505996704, -0.16045381128787994, 0.07563956826925278, 1.5435348749160767, 0.20337814092636108, 0.26827093958854675] [0.050663962960243225, -1.222640037536621, -0.15650996565818787, 1.4895559549331665, 1.5431621074676514, 0.13040000200271606, -1.2992560863494873, -1.3008739948272705]
[0.12567831575870514, -0.16029056906700134, 0.07564346492290497, 1.5438512563705444, 0.20337733626365662, 0.269837349653244] [0.04912996292114258, -1.222640037536621, -0.15650996565818787, 1.4910900592803955, 1.5431621074676514, 0.13040000200271606, -1.2992560863494873, -1.299340009689331]
[0.12570497393608093, -0.16045381128787994, 0.0754467025399208, 1.5439502000808716, 0.20485727488994598, 0.268355131149292] [0.050663962960243225, -1.222640037536621, -0.15650996565818787, 1.4895559549331665, 1.5431621074676514, 0.13040000200271606, -1.2992560863494873, -1.299340009689331]
[0.12564080953598022, -0.16029056906700134, 0.07545070350170135, 1.5442689657211304, 0.20485582947731018, 0.26992201805114746] [0.050663962960243225, -1.222640037536621, -0.15650996565818787, 1.4895559549331665, 1.5431621074676514, 0.13040000200271606, -1.2992560863494873, -1.299340009689331]
[0.12564080953598022, -0.16029056906700134, 0.07545070350170135, 1.5442689657211304, 0.20485582947731018, 0.26992201805114746] [0.050663962960243225, -1.222640037536621, -0.15650996565818787, 1.4895559549331665, 1.5431621074676514, 0.13040000200271606, -1.2992560863494873, -1.3008739948272705]
[0.12574249505996704, -0.16045381128787994, 0.07563956826925278, 1.5435348749160767, 0.20337814092636108, 0.26827093958854675] [0.050663962960243225, -1.222640037536621, -0.15650996565818787, 1.4895559549331665, 1.5431621074676514, 0.13040000200271606, -1.2992560863494873, -1.299340009689331]
[0.12564080953598022, -0.16029056906700134, 0.07545070350170135, 1.5442689657211304, 0.20485582947731018, 0.26992201805114746] [0.050663962960243225, -1.222640037536621, -0.15650996565818787, 1.4910900592803955, 1.5431621074676514, 0.13040000200271606, -1.2992560863494873, -1.3008739948272705]
[0.12574249505996704, -0.16045381128787994, 0.07563956826925278, 1.5435348749160767, 0.20337814092636108, 0.26827093958854675] [0.050663962960243225, -1.222640037536621, -0.15650996565818787, 1.4895559549331665, 1.5431621074676514, 0.13040000200271606, -1.2992560863494873, -1.299340009689331]
