[0.1513024866580963, -0.21509231626987457, 0.05862690508365631, 2.55656099319458, -0.15105298161506653, -0.6512285470962524] [0.8606159687042236, -0.4050179719924927, 2.126082181930542, 0.923509955406189, 0.9249600768089294, 0.9971999526023865, -1.2992560863494873, -1.2978060245513916]
[0.1514194905757904, -0.21489274501800537, 0.058490827679634094, 2.5574967861175537, -0.15034832060337067, -0.6503689289093018] [0.8606159687042236, -0.4050179719924927, 2.126082181930542, 0.923509955406189, 0.9249600768089294, 0.9971999526023865, -1.2992560863494873, -1.299340009689331]
[0.1514194905757904, -0.21489274501800537, 0.058490827679634094, 2.5574967861175537, -0.15034832060337067, -0.6503689289093018] [0.8606159687042236, -0.4050179719924927, 2.1276161670684814, 0.923509955406189, 0.9249600768089294, 0.9971999526023865, -1.2992560863494873, -1.299340009689331]
[0.1513024866580963, -0.21509231626987457, 0.05862690508365631, 2.55656099319458, -0.15105298161506653, -0.6512285470962524] [0.8606159687042236, -0.4050179719924927, 2.126082181930542, 0.923509955406189, 0.9249600768089294, 0.9971999526023865, -1.2992560863494873, -1.299340009689331]
[0.1514194905757904, -0.21489274501800537, 0.058490827679634094, 2.5574967861175537, -0.15034832060337067, -0.6503689289093018] [0.8606159687042236, -0.40655195713043213, 2.1276161670684814, 0.923509955406189, 0.9249600768089294, 0.9971999526023865, -1.2992560863494873, -1.299340009689331]
[0.15140870213508606, -0.21490433812141418, 0.05850110948085785, 2.5590310096740723, -0.15034832060337067, -0.6503689289093018] [0.8606159687042236, -0.40655195713043213, 2.1276161670684814, 0.923509955406189, 0.9264940619468689, 0.06040000542998314, -1.2992560863494873, -1.299340009689331]
[0.15140870213508606, -0.21490433812141418, 0.05850110948085785, 2.5590310096740723, -0.15034832060337067, -0.6503689289093018] [0.8606159687042236, -0.4050179719924927, 2.1276161670684814, 0.923509955406189, 0.9264940619468689, 0.06040000542998314, -1.2992560863494873, -1.299340009689331]
[0.15140870213508606, -0.21490433812141418, 0.05850110948085785, 2.5590310096740723, -0.15034832060337067, -0.6503689289093018] [0.8606159687042236, -0.4050179719924927, 2.1276161670684814, 0.923509955406189, 0.9249600768089294, 0.06040000542998314, -1.2992560863494873, -1.299340009689331]
[0.15140870213508606, -0.21490433812141418, 0.05850110948085785, 2.5590310096740723, -0.15034832060337067, -0.6503689289093018] [0.8606159687042236, -0.4050179719924927, 2.126082181930542, 0.923509955406189, 0.9264940619468689, 0.06040000542998314, -1.2992560863494873, -1.3008739948272705]
[0.15129168331623077, -0.2151038944721222, 0.05863720178604126, 2.5580949783325195, -0.15105298161506653, -0.6512285470962524] [0.8606159687042236, -0.4050179719924927, 2.1276161670684814, 0.923509955406189, 0.9264940619468689, 0.06040000542998314, -1.2992560863494873, -1.299340009689331]
[0.15129168331623077, -0.2151038944721222, 0.05863720178604126, 2.5580949783325195, -0.15105298161506653, -0.6512285470962524] [0.8606159687042236, -0.40655195713043213, 2.126082181930542, 0.923509955406189, 0.9264940619468689, 0.06040000542998314, -1.2992560863494873, -1.299340009689331]
[0.15140870213508606, -0.21490433812141418, 0.05850110948085785, 2.5590310096740723, -0.15034832060337067, -0.6503689289093018] [0.8606159687042236, -0.4050179719924927, 2.126082181930542, 0.923509955406189, 0.9249600768089294, 0.06040000542998314, -1.2992560863494873, -1.3008739948272705]
[0.1514194905757904, -0.21489274501800537, 0.058490827679634094, 2.5574967861175537, -0.15034832060337067, -0.6503689289093018] [0.8606159687042236, -0.40655195713043213, 2.1276161670684814, 0.923509955406189, 0.9264940619468689, 0.06040000542998314, -1.2992560863494873, -1.299340009689331]
[0.15140870213508606, -0.21490433812141418, 0.05850110948085785, 2.5590310096740723, -0.15034832060337067, -0.6503689289093018] [0.8606159687042236, -0.4050179719924927, 2.126082181930542, 0.9281119704246521, 0.9264940619468689, 0.06040000542998314, -1.2992560863494873, -1.299340009689331]
[0.1510842889547348, -0.21503424644470215, 0.06339578330516815, 2.5659265518188477, -0.18568222224712372, -0.6550161242485046] [0.8452759981155396, -0.40808597207069397, 2.1153440475463867, 0.9495880007743835, 0.9249600768089294, 0.06040000542998314, -1.3007900714874268, -1.299340009689331]
[0.15213140845298767, -0.2146800458431244, 0.06885001063346863, 2.5784597396850586, -0.21716268360614777, -0.6555173397064209] [0.8115279674530029, -0.40808597207069397, 2.0677900314331055, 0.9526559710502625, 0.9249600768089294, 0.06040000542998314, -1.3007900714874268, -1.299340009689331]
[0.15580667555332184, -0.21025507152080536, 0.07441229373216629, 2.5527191162109375, -0.2504732608795166, -0.6168941259384155] [0.770110011100769, -0.4096199870109558, 2.0048961639404297, 0.9695299863815308, 0.9142220616340637, 0.06040000542998314, -1.3007900714874268, -1.299340009689331]
[0.15850800275802612, -0.2050999402999878, 0.0862095057964325, 2.525127649307251, -0.32920360565185547, -0.5832039713859558] [0.7133519649505615, -0.4096199870109558, 1.9604101181030273, 0.99714195728302, 0.8666680455207825, 0.06200000271201134, -1.3007900714874268, -1.299340009689331]
[0.16321700811386108, -0.1927412897348404, 0.10433738678693771, 2.4299283027648926, -0.4508526623249054, -0.49007609486579895] [0.6320499777793884, -0.4096199870109558, 1.8315540552139282, 1.0293560028076172, 0.8589980602264404, 0.06200000271201134, -1.3007900714874268, -1.299340009689331]
[0.16927413642406464, -0.1762254536151886, 0.11225006729364395, 2.271653413772583, -0.5011511445045471, -0.3335639238357544] [0.5660879611968994, -0.41115397214889526, 1.552366018295288, 1.035491943359375, 0.8482600450515747, 0.06200000271201134, -1.3007900714874268, -1.299340009689331]
[0.17603813111782074, -0.1528792381286621, 0.1118902713060379, 2.0487425327301025, -0.4875103533267975, -0.10562443733215332] [0.5139319896697998, -0.4096199870109558, 1.2961881160736084, 1.035491943359375, 0.8482600450515747, 0.06200000271201134, -1.3023240566253662, -1.299340009689331]
[0.17869190871715546, -0.13622494041919708, 0.11589083820581436, 1.8859244585037231, -0.48872697353363037, 0.053251054137945175] [0.4510379731655121, -0.39734798669815063, 1.2394300699234009, 1.035491943359375, 0.8482600450515747, 0.06200000271201134, -1.3038580417633057, -1.299340009689331]
[0.17890824377536774, -0.1318175345659256, 0.12045396119356155, 1.8520960807800293, -0.5086779594421387, 0.09095744788646698] [0.42035797238349915, -0.39734798669815063, 1.1842060089111328, 1.035491943359375, 0.8482600450515747, 0.06200000271201134, -1.3023240566253662, -1.299340009689331]
[0.17968320846557617, -0.1239909827709198, 0.11922577023506165, 1.772078037261963, -0.48727723956108093, 0.16482208669185638] [0.40808597207069397, -0.3896779716014862, 1.0752921104431152, 1.0339579582214355, 0.8482600450515747, 0.06200000271201134, -1.3023240566253662, -1.299340009689331]
[0.18071411550045013, -0.10964936017990112, 0.11021651327610016, 1.629953384399414, -0.404055118560791, 0.29400914907455444] [0.3896779716014862, -0.3820079565048218, 0.8881440758705139, 1.0308899879455566, 0.8482600450515747, 0.06200000271201134, -1.3038580417633057, -1.299340009689331]
[0.18057991564273834, -0.08999188989400864, 0.10618474334478378, 1.5630238056182861, -0.36436545848846436, 0.42356789112091064] [0.3697359561920166, -0.30684196949005127, 0.8359880447387695, 1.0293560028076172, 0.8482600450515747, 0.06200000271201134, -1.3038580417633057, -1.299340009689331]
[0.18026719987392426, -0.08411029726266861, 0.10461636632680893, 1.5620685815811157, -0.3555159866809845, 0.455814927816391] [0.37126997113227844, -0.2776959538459778, 0.8145120739936829, 1.0293560028076172, 0.8482600450515747, 0.06200000271201134, -1.3023240566253662, -1.299340009689331]
[0.17978964745998383, -0.07978356629610062, 0.10264669358730316, 1.5520790815353394, -0.34194228053092957, 0.48296818137168884] [0.3728039860725403, -0.26695796847343445, 0.7899680733680725, 1.0293560028076172, 0.8482600450515747, 0.06200000271201134, -1.3038580417633057, -1.299340009689331]
[0.17951929569244385, -0.0775311291217804, 0.09843854606151581, 1.5428894758224487, -0.3148374557495117, 0.4978223443031311] [0.3835419714450836, -0.2654239535331726, 0.7684920430183411, 1.0278220176696777, 0.8482600450515747, 0.06200000271201134, -1.3023240566253662, -1.299340009689331]
[0.1793493777513504, -0.07637732475996017, 0.09674562513828278, 1.5295047760009766, -0.30067896842956543, 0.5079488754272461] [0.3835419714450836, -0.2654239535331726, 0.7470160722732544, 1.0278220176696777, 0.8482600450515747, 0.06200000271201134, -1.3038580417633057, -1.299340009689331]
[0.1790686547756195, -0.07488810271024704, 0.09453486651182175, 1.5121710300445557, -0.28228268027305603, 0.5211983323097229] [0.3835419714450836, -0.2654239535331726, 0.7209380865097046, 1.0232199430465698, 0.8482600450515747, 0.06200000271201134, -1.3038580417633057, -1.299340009689331]
[0.17881695926189423, -0.07398048788309097, 0.09300355613231659, 1.502726435661316, -0.2705925703048706, 0.5293260812759399] [0.38507598638534546, -0.2654239535331726, 0.7117340564727783, 1.0247540473937988, 0.8482600450515747, 0.06200000271201134, -1.3038580417633057, -1.3008739948272705]
[0.17884816229343414, -0.07381036132574081, 0.09252606332302094, 1.5000114440917969, -0.2665384113788605, 0.530539870262146] [0.38507598638534546, -0.2654239535331726, 0.7102000713348389, 1.0232199430465698, 0.8482600450515747, 0.06200000271201134, -1.3038580417633057, -1.299340009689331]
[0.1788823902606964, -0.07406895607709885, 0.09251219034194946, 1.4994961023330688, -0.26624712347984314, 0.5292538404464722] [0.38507598638534546, -0.26695796847343445, 0.7102000713348389, 1.0232199430465698, 0.8482600450515747, 0.06200000271201134, -1.3023240566253662, -1.299340009689331]
[0.17898279428482056, -0.0748450830578804, 0.09247150272130966, 1.4979479312896729, -0.2653772830963135, 0.5253955721855164] [0.38507598638534546, -0.2715599536895752, 0.7102000713348389, 1.0232199430465698, 0.8482600450515747, 0.06200000271201134, -1.3023240566253662, -1.299340009689331]
[0.17922785878181458, -0.07674679160118103, 0.09250874072313309, 1.4953352212905884, -0.26441532373428345, 0.5155736804008484] [0.38507598638534546, -0.28689998388290405, 0.7117340564727783, 1.0232199430465698, 0.8482600450515747, 0.06200000271201134, -1.3038580417633057, -1.299340009689331]
[0.1800459325313568, -0.0799444317817688, 0.09203362464904785, 1.4927682876586914, -0.2580522298812866, 0.4955502450466156] [0.38507598638534546, -0.29917198419570923, 0.7132680416107178, 1.0109479427337646, 0.8482600450515747, 0.06200000271201134, -1.3023240566253662, -1.299340009689331]
[0.1804370880126953, -0.08103897422552109, 0.09198693186044693, 1.491413950920105, -0.2558271884918213, 0.48806822299957275] [0.3835419714450836, -0.30223995447158813, 0.7132680416107178, 1.0063459873199463, 0.8497940301895142, 0.06200000271201134, -1.3023240566253662, -1.299340009689331]
[0.18102329969406128, -0.08355635404586792, 0.0918206125497818, 1.4892909526824951, -0.2513982057571411, 0.47284236550331116] [0.3820079565048218, -0.32218196988105774, 0.7132680416107178, 1.0048120021820068, 0.8497940301895142, 0.06200000271201134, -1.3023240566253662, -1.299340009689331]
[0.18135972321033478, -0.08880934119224548, 0.091685451567173, 1.4787169694900513, -0.24632179737091064, 0.4469778835773468] [0.3804739713668823, -0.355929970741272, 0.7132680416107178, 1.0048120021820068, 0.8497940301895142, 0.06200000271201134, -1.3023240566253662, -1.299340009689331]
[0.1815836876630783, -0.09670349210500717, 0.09159548580646515, 1.4626352787017822, -0.2392086237668991, 0.4081399738788605] [0.3804739713668823, -0.4096199870109558, 0.7132680416107178, 1.0048120021820068, 0.8497940301895142, 0.06200000271201134, -1.3023240566253662, -1.299340009689331]
[0.18147963285446167, -0.10433729737997055, 0.09163728356361389, 1.4468562602996826, -0.23291409015655518, 0.37055012583732605] [0.3820079565048218, -0.4541059732437134, 0.7132680416107178, 1.0048120021820068, 0.8497940301895142, 0.06200000271201134, -1.3023240566253662, -1.299340009689331]
[0.18109965324401855, -0.11143367737531662, 0.09178993105888367, 1.4319766759872437, -0.22757600247859955, 0.335512638092041] [0.3820079565048218, -0.49245595932006836, 0.7132680416107178, 1.0032780170440674, 0.8497940301895142, 0.06200000271201134, -1.3023240566253662, -1.299340009689331]
[0.18059991300106049, -0.11876779049634933, 0.0918753519654274, 1.417515754699707, -0.2211000621318817, 0.2977862060070038] [0.3820079565048218, -0.5369420051574707, 0.7132680416107178, 1.001744031906128, 0.8497940301895142, 0.06200000271201134, -1.3023240566253662, -1.299340009689331]
[0.1795753687620163, -0.1280413717031479, 0.0918322429060936, 1.3995964527130127, -0.2119203358888626, 0.24944144487380981] [0.3835419714450836, -0.5875639915466309, 0.7132680416107178, 0.9925400018692017, 0.8497940301895142, 0.06200000271201134, -1.3023240566253662, -1.299340009689331]
[0.1783246546983719, -0.1378284990787506, 0.09164554625749588, 1.3823843002319336, -0.20057736337184906, 0.19560439884662628] [0.38507598638534546, -0.6320499777793884, 0.7132680416107178, 0.978734016418457, 0.8497940301895142, 0.06200000271201134, -1.3023240566253662, -1.299340009689331]
[0.17768946290016174, -0.14496111869812012, 0.09091451019048691, 1.3751451969146729, -0.18769344687461853, 0.1518501192331314] [0.38507598638534546, -0.6657979488372803, 0.7132680416107178, 0.9572579860687256, 0.8497940301895142, 0.06200000271201134, -1.3023240566253662, -1.299340009689331]
[0.17668259143829346, -0.15243980288505554, 0.0907214879989624, 1.3677978515625, -0.17801032960414886, 0.1060405820608139] [0.3866099715232849, -0.6980119943618774, 0.722472071647644, 0.9342479705810547, 0.8559300899505615, 0.06200000271201134, -1.3023240566253662, -1.299340009689331]
[0.17622846364974976, -0.15805584192276, 0.09097013622522354, 1.3773397207260132, -0.17433610558509827, 0.06690838187932968] [0.3866099715232849, -0.7072159647941589, 0.725540041923523, 0.9281119704246521, 0.8605320453643799, 0.06200000271201134, -1.3023240566253662, -1.299340009689331]
[0.1762075573205948, -0.158049076795578, 0.09073635190725327, 1.3805118799209595, -0.1728055626153946, 0.0668904036283493] [0.3866099715232849, -0.7072159647941589, 0.725540041923523, 0.9281119704246521, 0.8620660305023193, 0.06200000271201134, -1.3023240566253662, -1.299340009689331]
[0.1762041300535202, -0.15804573893547058, 0.09075462073087692, 1.382045865058899, -0.1728055626153946, 0.0668904036283493] [0.38814395666122437, -0.7072159647941589, 0.725540041923523, 0.9281119704246521, 0.865134060382843, 0.06200000271201134, -1.3023240566253662, -1.299340009689331]
[0.17623426020145416, -0.15755057334899902, 0.09079835563898087, 1.3921147584915161, -0.1725376695394516, 0.07017974555492401] [0.38814395666122437, -0.7072159647941589, 0.7240060567855835, 0.9311800003051758, 0.8820080757141113, 0.06200000271201134, -1.3023240566253662, -1.299340009689331]
[0.1761268675327301, -0.15722830593585968, 0.09110992401838303, 1.40392005443573, -0.17405550181865692, 0.07288645207881927] [0.38814395666122437, -0.7056819796562195, 0.7240060567855835, 0.9342479705810547, 0.8942800760269165, 0.06200000271201134, -1.3023240566253662, -1.299340009689331]
[0.17606402933597565, -0.15698601305484772, 0.09122486412525177, 1.4164719581604004, -0.17374137043952942, 0.07485899329185486] [0.38814395666122437, -0.7056819796562195, 0.722472071647644, 0.9342479705810547, 0.9080860614776611, 0.06200000271201134, -1.3007900714874268, -1.299340009689331]
[0.17583800852298737, -0.15601259469985962, 0.09113061428070068, 1.4261916875839233, -0.17275166511535645, 0.08347059786319733] [0.38814395666122437, -0.7056819796562195, 0.7132680416107178, 0.951121985912323, 0.9218920469284058, 0.06200000271201134, -1.3007900714874268, -1.299340009689331]
[0.17547152936458588, -0.15431705117225647, 0.0912805125117302, 1.4267488718032837, -0.17402702569961548, 0.09879456460475922] [0.3896779716014862, -0.70414799451828, 0.7102000713348389, 0.9541900157928467, 0.9249600768089294, 0.06200000271201134, -1.3007900714874268, -1.299340009689331]
[0.1755373328924179, -0.1540536731481552, 0.0913214311003685, 1.4334735870361328, -0.1740848869085312, 0.10011161118745804] [0.39121198654174805, -0.70414799451828, 0.7086660861968994, 0.9633939862251282, 0.9326300621032715, 0.06200000271201134, -1.3007900714874268, -1.299340009689331]
[0.1751774698495865, -0.15258197486400604, 0.09120624512434006, 1.4324142932891846, -0.1740606427192688, 0.11346385627985] [0.3896779716014862, -0.70414799451828, 0.6979280710220337, 0.9771999716758728, 0.9356980323791504, 0.06200000271201134, -1.3007900714874268, -1.299340009689331]
[0.17475593090057373, -0.1505429893732071, 0.09120359271764755, 1.4251902103424072, -0.1739208996295929, 0.1321030855178833] [0.3896779716014862, -0.70414799451828, 0.6887240409851074, 0.9910060167312622, 0.9356980323791504, 0.06200000271201134, -1.3007900714874268, -1.299340009689331]
[0.17412547767162323, -0.14813055098056793, 0.0912732407450676, 1.418544054031372, -0.17525073885917664, 0.15427714586257935] [0.3896779716014862, -0.70414799451828, 0.6749180555343628, 1.014016032218933, 0.9433680772781372, 0.06200000271201134, -1.3007900714874268, -1.299340009689331]
[0.17333267629146576, -0.14521905779838562, 0.09108802676200867, 1.4134535789489746, -0.17414435744285583, 0.18110482394695282] [0.3896779716014862, -0.70414799451828, 0.6580440402030945, 1.0385600328445435, 0.9556400775909424, 0.06200000271201134, -1.3007900714874268, -1.299340009689331]
[0.17195233702659607, -0.14078933000564575, 0.09086883813142776, 1.4162893295288086, -0.17189067602157593, 0.2221558839082718] [0.3896779716014862, -0.70414799451828, 0.6381020545959473, 1.0723079442977905, 0.9801840782165527, 0.06200000271201134, -1.3007900714874268, -1.299340009689331]
[0.17067232728004456, -0.1373126059770584, 0.09101983904838562, 1.426435112953186, -0.17215166985988617, 0.25475695729255676] [0.3896779716014862, -0.7026139497756958, 0.6166260242462158, 1.1121920347213745, 1.007796049118042, 0.06200000271201134, -1.3007900714874268, -1.299340009689331]
[0.1681833267211914, -0.13093456625938416, 0.09099391102790833, 1.437087893486023, -0.17119340598583221, 0.31468603014945984] [0.3896779716014862, -0.70414799451828, 0.5936160683631897, 1.1551439762115479, 1.0323400497436523, 0.06200000271201134, -1.3007900714874268, -1.299340009689331]
[0.16602422297000885, -0.12638548016548157, 0.0909288078546524, 1.441554069519043, -0.170135498046875, 0.35920342803001404] [0.3896779716014862, -0.7026139497756958, 0.5644700527191162, 1.205765962600708, 1.066088080406189, 0.06200000271201134, -1.3007900714874268, -1.299340009689331]
[0.16143639385700226, -0.11808303743600845, 0.0900111049413681, 1.4596251249313354, -0.15873387455940247, 0.4435625672340393] [0.38814395666122437, -0.70414799451828, 0.5000420808792114, 1.3330880403518677, 1.1443220376968384, 0.17759999632835388, -1.3007900714874268, -1.299340009689331]
[0.15322980284690857, -0.10614381730556488, 0.08859560638666153, 1.4864444732666016, -0.14327630400657654, 0.571470320224762] [0.38814395666122437, -0.7026139497756958, 0.4632260501384735, 1.3975160121917725, 1.1565940380096436, 0.06320000439882278, -1.3007900714874268, -1.299340009689331]
[0.15073712170124054, -0.10317088663578033, 0.08861708641052246, 1.484175205230713, -0.14371132850646973, 0.6057184338569641] [0.38814395666122437, -0.7026139497756958, 0.46169203519821167, 1.4128559827804565, 1.1596620082855225, 0.06320000439882278, -1.3007900714874268, -1.299340009689331]
[0.14937148988246918, -0.10140983760356903, 0.08833860605955124, 1.4850565195083618, -0.1424412876367569, 0.6250518560409546] [0.3896779716014862, -0.7026139497756958, 0.45095404982566833, 1.431264042854309, 1.1642640829086304, 0.06320000439882278, -1.3007900714874268, -1.299340009689331]
[0.14746439456939697, -0.09823960065841675, 0.08823443204164505, 1.4917837381362915, -0.14283537864685059, 0.6567772626876831] [0.3896779716014862, -0.6903419494628906, 0.44481804966926575, 1.4481379985809326, 1.1734681129455566, 0.06320000439882278, -1.3007900714874268, -1.2978060245513916]
[0.1454237699508667, -0.09300894290208817, 0.08809921890497208, 1.498573899269104, -0.14695052802562714, 0.702052652835846] [0.3896779716014862, -0.668865978717804, 0.43254604935646057, 1.4742159843444824, 1.1796040534973145, 0.06320000439882278, -1.3007900714874268, -1.299340009689331]
[0.1442413628101349, -0.09139984846115112, 0.08760333061218262, 1.5025643110275269, -0.14291401207447052, 0.7194576859474182] [0.3896779716014862, -0.668865978717804, 0.4279440641403198, 1.4834200143814087, 1.1842060089111328, 0.06320000439882278, -1.3007900714874268, -1.299340009689331]
[0.14269721508026123, -0.0899680107831955, 0.08738093078136444, 1.5023480653762817, -0.1409635692834854, 0.738065779209137] [0.3896779716014862, -0.668865978717804, 0.41567206382751465, 1.5171680450439453, 1.1903420686721802, 0.06320000439882278, -1.3007900714874268, -1.299340009689331]
[0.1393505483865738, -0.08683765679597855, 0.08684789389371872, 1.5055750608444214, -0.136283740401268, 0.778566300868988] [0.38814395666122437, -0.6657979488372803, 0.4003320336341858, 1.5401780605316162, 1.1964781284332275, 0.06320000439882278, -1.3007900714874268, -1.299340009689331]
[0.1377919614315033, -0.08526360243558884, 0.08631283789873123, 1.5081685781478882, -0.13073381781578064, 0.798437237739563] [0.38814395666122437, -0.6657979488372803, 0.38652604818344116, 1.569324016571045, 1.2026140689849854, 0.06320000439882278, -1.3007900714874268, -1.299340009689331]
[0.13754038512706757, -0.08468735218048096, 0.0850471630692482, 1.5123882293701172, -0.1194617971777916, 0.8035596609115601] [0.38814395666122437, -0.6596620082855225, 0.3788560628890991, 1.584663987159729, 1.2072160243988037, 0.06320000439882278, -1.3007900714874268, -1.2978060245513916]
[0.13707953691482544, -0.08108756691217422, 0.08475431054830551, 1.5235106945037842, -0.1222713515162468, 0.8282970190048218] [0.38814395666122437, -0.6335839629173279, 0.374254047870636, 1.589266061782837, 1.2102841138839722, 0.06320000439882278, -1.3007900714874268, -1.299340009689331]
[0.136122465133667, -0.0750204473733902, 0.08450303971767426, 1.5404523611068726, -0.12908799946308136, 0.8700154423713684] [0.38814395666122437, -0.5875639915466309, 0.3681180477142334, 1.589266061782837, 1.21642005443573, 0.06320000439882278, -1.3007900714874268, -1.299340009689331]
[0.13487683236598969, -0.0689404159784317, 0.0841357558965683, 1.5521292686462402, -0.1349305659532547, 0.9122992157936096] [0.38814395666122437, -0.5446119904518127, 0.36044806241989136, 1.589266061782837, 1.21642005443573, 0.06320000439882278, -1.3007900714874268, -1.299340009689331]
[0.13383354246616364, -0.06459862738847733, 0.0840424969792366, 1.560713768005371, -0.1403469443321228, 0.9426499009132385] [0.38814395666122437, -0.5031939744949341, 0.35277804732322693, 1.589266061782837, 1.2194880247116089, 0.06320000439882278, -1.3007900714874268, -1.299340009689331]
[0.13231942057609558, -0.059355225414037704, 0.08360163867473602, 1.5699518918991089, -0.14359420537948608, 0.9801178574562073] [0.38814395666122437, -0.47558197379112244, 0.34664204716682434, 1.589266061782837, 1.221022129058838, 0.06320000439882278, -1.3007900714874268, -1.299340009689331]
[0.1318453699350357, -0.05788285657763481, 0.08345352113246918, 1.5735214948654175, -0.14410221576690674, 0.9907987713813782] [0.38814395666122437, -0.467911958694458, 0.3451080322265625, 1.589266061782837, 1.2240900993347168, 0.06320000439882278, -1.3007900714874268, -1.299340009689331]
[0.13182556629180908, -0.05784250423312187, 0.0835484191775322, 1.5767099857330322, -0.1435028612613678, 0.9915185570716858] [0.38507598638534546, -0.467911958694458, 0.34357404708862305, 1.589266061782837, 1.2302260398864746, 0.06320000439882278, -1.3007900714874268, -1.299340009689331]
[0.13197223842144012, -0.05840025469660759, 0.08363032341003418, 1.5835427045822144, -0.1414564698934555, 0.9881062507629395] [0.38507598638534546, -0.4740479588508606, 0.3420400619506836, 1.589266061782837, 1.2378960847854614, 0.06320000439882278, -1.3007900714874268, -1.299340009689331]
[0.13244816660881042, -0.06013990938663483, 0.08354370296001434, 1.5853757858276367, -0.13656051456928253, 0.9764137268066406] [0.3820079565048218, -0.4970579743385315, 0.34050604701042175, 1.5908000469207764, 1.2455661296844482, 0.06320000439882278, -1.3007900714874268, -1.2978060245513916]
[0.1335161030292511, -0.06412049382925034, 0.0835975706577301, 1.5808466672897339, -0.12892580032348633, 0.9491534233093262] [0.3804739713668823, -0.5231359601020813, 0.34050604701042175, 1.5908000469207764, 1.2486340999603271, 0.06320000439882278, -1.3007900714874268, -1.2978060245513916]
[0.1340271532535553, -0.06632375717163086, 0.08342963457107544, 1.5801970958709717, -0.12385966628789902, 0.9339547157287598] [0.3804739713668823, -0.5430779457092285, 0.34050604701042175, 1.5908000469207764, 1.254770040512085, 0.06320000439882278, -1.3007900714874268, -1.2978060245513916]
[0.13456852734088898, -0.06874046474695206, 0.08350272476673126, 1.580965518951416, -0.11933006346225739, 0.9175087809562683] [0.37893998622894287, -0.5630199909210205, 0.34050604701042175, 1.5908000469207764, 1.2593721151351929, 0.06320000439882278, -1.3007900714874268, -1.2978060245513916]
[0.13523106276988983, -0.07217641174793243, 0.0833120346069336, 1.5811084508895874, -0.11173904687166214, 0.8939716219902039] [0.37893998622894287, -0.5860300064086914, 0.34050604701042175, 1.5908000469207764, 1.2670420408248901, 0.06320000439882278, -1.3007900714874268, -1.299340009689331]
[0.13580924272537231, -0.07563016563653946, 0.08317341655492783, 1.582612156867981, -0.10429030656814575, 0.8704081773757935] [0.37893998622894287, -0.6090399622917175, 0.34050604701042175, 1.5908000469207764, 1.271644115447998, 0.06320000439882278, -1.3007900714874268, -1.2978060245513916]
[0.13630589842796326, -0.07888911664485931, 0.08323174715042114, 1.5785651206970215, -0.09842795878648758, 0.8483182787895203] [0.37893998622894287, -0.6397199630737305, 0.34050604701042175, 1.5908000469207764, 1.274712085723877, 0.06320000439882278, -1.3007900714874268, -1.2978060245513916]
[0.13690492510795593, -0.08441286534070969, 0.08284735679626465, 1.575467586517334, -0.0861133486032486, 0.8106768131256104] [0.37740597128868103, -0.6811379790306091, 0.34050604701042175, 1.5908000469207764, 1.2793140411376953, 0.06320000439882278, -1.3007900714874268, -1.2978060245513916]
[0.13733987510204315, -0.08937884867191315, 0.08309289067983627, 1.566417932510376, -0.07896529883146286, 0.776897132396698] [0.37893998622894287, -0.7194879651069641, 0.34357404708862305, 1.5908000469207764, 1.2808480262756348, 0.06320000439882278, -1.3007900714874268, -1.2978060245513916]
[0.13756594061851501, -0.09394224733114243, 0.08320073038339615, 1.5589962005615234, -0.07185844331979752, 0.745775043964386] [0.37740597128868103, -0.7547699809074402, 0.34357404708862305, 1.5908000469207764, 1.2808480262756348, 0.06320000439882278, -1.3007900714874268, -1.2978060245513916]
[0.13763843476772308, -0.10121925920248032, 0.08354824036359787, 1.5457708835601807, -0.061755258589982986, 0.6960340738296509] [0.37740597128868103, -0.8145959973335266, 0.3451080322265625, 1.5908000469207764, 1.2823820114135742, 0.06320000439882278, -1.3007900714874268, -1.2978060245513916]
[0.1372133493423462, -0.1091906800866127, 0.08353786170482635, 1.5283910036087036, -0.046601295471191406, 0.6417410373687744] [0.37740597128868103, -0.8790239691734314, 0.3451080322265625, 1.5908000469207764, 1.2823820114135742, 0.06320000439882278, -1.3007900714874268, -1.2978060245513916]
[0.13631388545036316, -0.11756712198257446, 0.08389441668987274, 1.5094200372695923, -0.03327063471078873, 0.5840280055999756] [0.37740597128868103, -0.9403839707374573, 0.3451080322265625, 1.587731957435608, 1.2823820114135742, 0.06320000439882278, -1.3007900714874268, -1.2978060245513916]
[0.13468091189861298, -0.12684166431427002, 0.08414657413959503, 1.4879838228225708, -0.016813956201076508, 0.5193111896514893] [0.37893998622894287, -1.0063459873199463, 0.34357404708862305, 1.5831300020217896, 1.2823820114135742, 0.06320000439882278, -1.3007900714874268, -1.2978060245513916]
[0.13308116793632507, -0.13357707858085632, 0.08442513644695282, 1.470923662185669, -0.00463347090408206, 0.4716363251209259] [0.37893998622894287, -1.0615699291229248, 0.3389720320701599, 1.5754599571228027, 1.2839161157608032, 0.06320000439882278, -1.3007900714874268, -1.2978060245513916]
[0.13094043731689453, -0.1407640129327774, 0.0845596045255661, 1.4518234729766846, 0.010455092415213585, 0.4199400246143341] [0.3804739713668823, -1.1167939901351929, 0.3328360319137573, 1.5631879568099976, 1.2823820114135742, 0.06320000439882278, -1.3007900714874268, -1.2978060245513916]
[0.1280779093503952, -0.1485610157251358, 0.08441399782896042, 1.4306453466415405, 0.029846809804439545, 0.36255648732185364] [0.3820079565048218, -1.170483946800232, 0.322098046541214, 1.561653971672058, 1.2823820114135742, 0.06320000439882278, -1.3007900714874268, -1.2978060245513916]
[0.12575766444206238, -0.15396708250045776, 0.08423705399036407, 1.4153971672058105, 0.04443686082959175, 0.32177868485450745] [0.3820079565048218, -1.2072999477386475, 0.3159620463848114, 1.5585860013961792, 1.2823820114135742, 0.06320000439882278, -1.3007900714874268, -1.2978060245513916]
[0.1248258724808693, -0.1559934914112091, 0.08424962311983109, 1.409346103668213, 0.04942089319229126, 0.30623793601989746] [0.3820079565048218, -1.2241740226745605, 0.3128940463066101, 1.5539840459823608, 1.2823820114135742, 0.06320000439882278, -1.3007900714874268, -1.2978060245513916]
[0.12420152127742767, -0.15726453065872192, 0.08413837105035782, 1.4054579734802246, 0.05365194007754326, 0.29645979404449463] [0.3820079565048218, -1.2349120378494263, 0.3098260462284088, 1.5447800159454346, 1.2823820114135742, 0.06320000439882278, -1.3007900714874268, -1.2978060245513916]
[0.12339083850383759, -0.15890422463417053, 0.08408300578594208, 1.3989249467849731, 0.058168891817331314, 0.2837422788143158] [0.3820079565048218, -1.2517859935760498, 0.30522406101226807, 1.5417120456695557, 1.2823820114135742, 0.06320000439882278, -1.3007900714874268, -1.2978060245513916]
[0.12245719134807587, -0.16203473508358002, 0.08375249803066254, 1.391140341758728, 0.0671067014336586, 0.2580164670944214] [0.3820079565048218, -1.2655919790267944, 0.30062204599380493, 1.5355759859085083, 1.2823820114135742, 0.06320000439882278, -1.3007900714874268, -1.2978060245513916]
[0.12235110998153687, -0.16269752383232117, 0.0834578275680542, 1.391269564628601, 0.07077863812446594, 0.25237253308296204] [0.3820079565048218, -1.2671259641647339, 0.2990880608558655, 1.5340420007705688, 1.2823820114135742, 0.06320000439882278, -1.3007900714874268, -1.299340009689331]
[0.12244266271591187, -0.16251741349697113, 0.08340234309434891, 1.39029061794281, 0.07063543796539307, 0.25383520126342773] [0.3820079565048218, -1.2671259641647339, 0.2990880608558655, 1.5340420007705688, 1.2823820114135742, 0.06320000439882278, -1.3007900714874268, -1.2978060245513916]
[0.1224430724978447, -0.1625138223171234, 0.08342088013887405, 1.3918246030807495, 0.07063543796539307, 0.25383520126342773] [0.3820079565048218, -1.2671259641647339, 0.2990880608558655, 1.5340420007705688, 1.2823820114135742, 0.06320000439882278, -1.3007900714874268, -1.2978060245513916]
[0.12244266271591187, -0.16251741349697113, 0.08340234309434891, 1.39029061794281, 0.07063543796539307, 0.25383520126342773] [0.3820079565048218, -1.2671259641647339, 0.2990880608558655, 1.5340420007705688, 1.2808480262756348, 0.06320000439882278, -1.3007900714874268, -1.299340009689331]
[0.12243902683258057, -0.162531316280365, 0.08338763564825058, 1.3907212018966675, 0.0705966055393219, 0.2536942660808563] [0.3835419714450836, -1.2671259641647339, 0.3021560311317444, 1.5340420007705688, 1.2808480262756348, 0.06320000439882278, -1.3007900714874268, -1.299340009689331]
[0.1224607527256012, -0.162545308470726, 0.0835607647895813, 1.3907657861709595, 0.0690729022026062, 0.2535257339477539] [0.3835419714450836, -1.2671259641647339, 0.3036900460720062, 1.5340420007705688, 1.2808480262756348, 0.06320000439882278, -1.3007900714874268, -1.299340009689331]
[0.12248221784830093, -0.1625593900680542, 0.08373391628265381, 1.3908107280731201, 0.06754917651414871, 0.2533571124076843] [0.3835419714450836, -1.2671259641647339, 0.30522406101226807, 1.5340420007705688, 1.2808480262756348, 0.06320000439882278, -1.3007900714874268, -1.299340009689331]
[0.12250342965126038, -0.16257353127002716, 0.0839070975780487, 1.3908557891845703, 0.06602545827627182, 0.25318846106529236] [0.3835419714450836, -1.2671259641647339, 0.30522406101226807, 1.5340420007705688, 1.2808480262756348, 0.06320000439882278, -1.3007900714874268, -1.299340009689331]
[0.12252438813447952, -0.1625877469778061, 0.0840803012251854, 1.3909012079238892, 0.06450177729129791, 0.253019779920578] [0.3835419714450836, -1.2671259641647339, 0.3067580461502075, 1.5340420007705688, 1.2808480262756348, 0.06320000439882278, -1.3007900714874268, -1.299340009689331]
[0.12252438813447952, -0.1625877469778061, 0.0840803012251854, 1.3909012079238892, 0.06450177729129791, 0.253019779920578] [0.38507598638534546, -1.2671259641647339, 0.3067580461502075, 1.5340420007705688, 1.2808480262756348, 0.06320000439882278, -1.3007900714874268, -1.299340009689331]
[0.12252078205347061, -0.162602037191391, 0.08406556397676468, 1.3913313150405884, 0.06446334719657898, 0.25287553668022156] [0.38507598638534546, -1.2671259641647339, 0.308292031288147, 1.5340420007705688, 1.2808480262756348, 0.06320000439882278, -1.2992560863494873, -1.299340009689331]
[0.1225666031241417, -0.16240423917770386, 0.08366717398166656, 1.392232060432434, 0.06732682138681412, 0.25452908873558044] [0.3866099715232849, -1.2655919790267944, 0.308292031288147, 1.5340420007705688, 1.2808480262756348, 0.9968000054359436, -1.2992560863494873, -1.299340009689331]
[0.1225666031241417, -0.16240423917770386, 0.08366717398166656, 1.392232060432434, 0.06732682138681412, 0.25452908873558044] [0.3866099715232849, -1.2655919790267944, 0.308292031288147, 1.5340420007705688, 1.2808480262756348, 0.9968000054359436, -1.2992560863494873, -1.299340009689331]
