[0.15430672466754913, -0.19967901706695557, 0.05340318754315376, 2.81453537940979, -0.13330376148223877, -0.46712857484817505] [0.9419180154800415, -0.4050179719924927, 1.8729721307754517, 0.9818019866943359, 1.3744220733642578, 0.9971999526023865, -1.3007900714874268, -1.2978060245513916]
[0.15431548655033112, -0.1996634304523468, 0.05339716002345085, 2.8130013942718506, -0.13330376148223877, -0.46712857484817505] [0.9419180154800415, -0.4050179719924927, 1.8729721307754517, 0.9818019866943359, 1.3728880882263184, 0.9971999526023865, -1.3023240566253662, -1.2978060245513916]
[0.15430672466754913, -0.19967901706695557, 0.05340318754315376, 2.81453537940979, -0.13330376148223877, -0.46712857484817505] [0.9419180154800415, -0.4050179719924927, 1.8729721307754517, 0.9818019866943359, 1.3744220733642578, 0.9971999526023865, -1.3023240566253662, -1.2978060245513916]
[0.15431548655033112, -0.1996634304523468, 0.05339716002345085, 2.8130013942718506, -0.13330376148223877, -0.46712857484817505] [0.9419180154800415, -0.4050179719924927, 1.8729721307754517, 0.9818019866943359, 1.3728880882263184, 0.9971999526023865, -1.3023240566253662, -1.2978060245513916]
[0.15430672466754913, -0.19967901706695557, 0.05340318754315376, 2.81453537940979, -0.13330376148223877, -0.46712857484817505] [0.9419180154800415, -0.4050179719924927, 1.8729721307754517, 0.9818019866943359, 1.3744220733642578, 0.9971999526023865, -1.3023240566253662, -1.2978060245513916]
[0.15430672466754913, -0.19967901706695557, 0.05340318754315376, 2.81453537940979, -0.13330376148223877, -0.46712857484817505] [0.9419180154800415, -0.4050179719924927, 1.8745061159133911, 0.9818019866943359, 1.3744220733642578, 0.9971999526023865, -1.3023240566253662, -1.2978060245513916]
[0.15423749387264252, -0.1998162865638733, 0.053425583988428116, 2.8155572414398193, -0.13346931338310242, -0.468404620885849] [0.9419180154800415, -0.4050179719924927, 1.8745061159133911, 0.9818019866943359, 1.3744220733642578, 0.15520000457763672, -1.3023240566253662, -1.299340009689331]
[0.15423749387264252, -0.1998162865638733, 0.053425583988428116, 2.8155572414398193, -0.13346931338310242, -0.468404620885849] [0.9419180154800415, -0.4050179719924927, 1.8745061159133911, 0.9818019866943359, 1.3759560585021973, 0.15520000457763672, -1.3023240566253662, -1.299340009689331]
[0.15436704456806183, -0.1995573192834854, 0.05338664725422859, 2.8150477409362793, -0.13313688337802887, -0.46585261821746826] [0.9403839707374573, -0.4050179719924927, 1.8699040412902832, 0.9818019866943359, 1.3759560585021973, 0.15520000457763672, -1.3023240566253662, -1.2978060245513916]
[0.1545761078596115, -0.19928251206874847, 0.05357816815376282, 2.81369686126709, -0.13417154550552368, -0.46339359879493713] [0.9403839707374573, -0.4050179719924927, 1.8683700561523438, 0.9956079721450806, 1.3744220733642578, 0.15520000457763672, -1.3007900714874268, -1.299340009689331]
[0.15449300408363342, -0.19852647185325623, 0.057021383196115494, 2.813443660736084, -0.1623048484325409, -0.45944181084632874] [0.9327139854431152, -0.4050179719924927, 1.8668360710144043, 1.0048120021820068, 1.3744220733642578, 0.15520000457763672, -1.3007900714874268, -1.299340009689331]
[0.1551619917154312, -0.1984853893518448, 0.059801336377859116, 2.8210113048553467, -0.17894640564918518, -0.46053388714790344] [0.9112379550933838, -0.4050179719924927, 1.8668360710144043, 1.0109479427337646, 1.3744220733642578, 0.15520000457763672, -1.3007900714874268, -1.299340009689331]
[0.1562231332063675, -0.19795681536197662, 0.06638956815004349, 2.8093204498291016, -0.2217406928539276, -0.46152710914611816] [0.8790239691734314, -0.40655195713043213, 1.8653020858764648, 1.0247540473937988, 1.313062071800232, 0.1656000018119812, -1.3023240566253662, -1.299340009689331]
[0.15810352563858032, -0.1962326169013977, 0.07493226230144501, 2.730001926422119, -0.27750059962272644, -0.4617747366428375] [0.8176639676094055, -0.4050179719924927, 1.8484281301498413, 1.0293560028076172, 1.2286920547485352, 0.15919999778270721, -1.3007900714874268, -1.299340009689331]
[0.16306068003177643, -0.19049568474292755, 0.0969797670841217, 2.732347249984741, -0.4009877145290375, -0.43285003304481506] [0.6734679937362671, -0.4019499719142914, 1.7824660539627075, 1.0293560028076172, 1.2240900993347168, 0.15639999508857727, -1.3007900714874268, -1.299340009689331]
[0.1657281368970871, -0.1834767907857895, 0.11347250640392303, 2.7008495330810547, -0.4918266534805298, -0.38119789958000183] [0.5752919912338257, -0.4050179719924927, 1.6398041248321533, 1.0278220176696777, 1.221022129058838, 0.15639999508857727, -1.3007900714874268, -1.299340009689331]
[0.1763123869895935, -0.15013684332370758, 0.1079283133149147, 2.3737030029296875, -0.43766507506370544, -0.056995783001184464] [0.5584179759025574, -0.40041595697402954, 1.309994101524353, 1.0262880325317383, 1.221022129058838, 0.15639999508857727, -1.3007900714874268, -1.299340009689331]
[0.17975319921970367, -0.1283055990934372, 0.10341688990592957, 2.1853158473968506, -0.3812277317047119, 0.1342381089925766] [0.5154659748077393, -0.3927459716796875, 1.0752921104431152, 1.0278220176696777, 1.2194880247116089, 0.15600000321865082, -1.3007900714874268, -1.299340009689331]
[0.1803351491689682, -0.1144348531961441, 0.09982598572969437, 2.0463614463806152, -0.32937076687812805, 0.2584210932254791] [0.47558197379112244, -0.3927459716796875, 0.931096076965332, 1.0278220176696777, 1.2118180990219116, 0.15639999508857727, -1.3007900714874268, -1.299340009689331]
[0.18049432337284088, -0.10600849241018295, 0.10265199840068817, 1.94432532787323, -0.33461856842041016, 0.3215368092060089] [0.4310959577560425, -0.3728039860725403, 0.9004160761833191, 1.0262880325317383, 1.1642640829086304, 0.15800000727176666, -1.3023240566253662, -1.299340009689331]
[0.18032966554164886, -0.102423757314682, 0.10542739182710648, 1.8823062181472778, -0.34096935391426086, 0.3534667491912842] [0.3988819718360901, -0.37126997113227844, 0.8589980602264404, 1.0262880325317383, 1.1381860971450806, 0.15440000593662262, -1.3023240566253662, -1.299340009689331]
[0.18021005392074585, -0.09957481920719147, 0.10425852984189987, 1.813706398010254, -0.3258354663848877, 0.37936097383499146] [0.3866099715232849, -0.3728039860725403, 0.8145120739936829, 1.0262880325317383, 1.1105740070343018, 0.15440000593662262, -1.3023240566253662, -1.299340009689331]
[0.18013149499893188, -0.0966000109910965, 0.10319282859563828, 1.7713279724121094, -0.31113311648368835, 0.4038251042366028] [0.3728039860725403, -0.36820197105407715, 0.7730940580368042, 1.0247540473937988, 1.101370096206665, 0.15440000593662262, -1.3023240566253662, -1.299340009689331]
[0.1798311173915863, -0.09381964802742004, 0.10239540785551071, 1.7367831468582153, -0.29937082529067993, 0.427327960729599] [0.363599956035614, -0.3666679859161377, 0.7347440719604492, 1.0247540473937988, 1.0890980958938599, 0.15440000593662262, -1.3023240566253662, -1.299340009689331]
[0.17968466877937317, -0.09071515500545502, 0.10088050365447998, 1.6977230310440063, -0.28325018286705017, 0.4507642388343811] [0.3497939705848694, -0.3528619706630707, 0.6963940858840942, 1.0186179876327515, 1.0737581253051758, 0.15440000593662262, -1.3023240566253662, -1.3008739948272705]
[0.18017646670341492, -0.08522291481494904, 0.10050933063030243, 1.6539701223373413, -0.2697789669036865, 0.48215460777282715] [0.3283179700374603, -0.3329199552536011, 0.6626460552215576, 1.0032780170440674, 1.0584180355072021, 0.15440000593662262, -1.3038580417633057, -1.3008739948272705]
[0.18015235662460327, -0.08254338055849075, 0.0981350988149643, 1.6053030490875244, -0.24387799203395844, 0.5033318996429443] [0.3206479549407959, -0.3313859701156616, 0.6150920391082764, 1.0002100467681885, 1.0553500652313232, 0.15440000593662262, -1.3038580417633057, -1.3008739948272705]
[0.17996665835380554, -0.08091199398040771, 0.09474021196365356, 1.5823590755462646, -0.21567946672439575, 0.5169610381126404] [0.31911396980285645, -0.3329199552536011, 0.5844120383262634, 1.0002100467681885, 1.0553500652313232, 0.15440000593662262, -1.3023240566253662, -1.3008739948272705]
[0.17971205711364746, -0.07968851178884506, 0.09325442463159561, 1.5694612264633179, -0.20268984138965607, 0.52702397108078] [0.31911396980285645, -0.3313859701156616, 0.5706060528755188, 1.0002100467681885, 1.0553500652313232, 0.15440000593662262, -1.3038580417633057, -1.3008739948272705]
[0.17963814735412598, -0.0793285220861435, 0.09312058240175247, 1.5630948543548584, -0.19970817863941193, 0.5305610299110413] [0.31604596972465515, -0.3313859701156616, 0.5629360675811768, 1.0002100467681885, 1.0553500652313232, 0.15440000593662262, -1.3023240566253662, -1.299340009689331]
[0.17959995567798615, -0.07918590307235718, 0.0928458720445633, 1.5611857175827026, -0.19745074212551117, 0.5318393111228943] [0.31604596972465515, -0.3329199552536011, 0.5629360675811768, 0.9986760020256042, 1.0553500652313232, 0.15440000593662262, -1.3023240566253662, -1.299340009689331]
[0.17973245680332184, -0.07956638932228088, 0.09275732934474945, 1.561034083366394, -0.19646631181240082, 0.529094934463501] [0.31604596972465515, -0.3329199552536011, 0.5614020824432373, 0.9986760020256042, 1.0553500652313232, 0.15440000593662262, -1.3023240566253662, -1.299340009689331]
[0.17973245680332184, -0.07956638932228088, 0.09275732934474945, 1.561034083366394, -0.19646631181240082, 0.529094934463501] [0.317579984664917, -0.3344539701938629, 0.5614020824432373, 0.9986760020256042, 1.0553500652313232, 0.15440000593662262, -1.3023240566253662, -1.299340009689331]
[0.17978094518184662, -0.08029232174158096, 0.09231822937726974, 1.559604287147522, -0.19329051673412323, 0.5254501104354858] [0.317579984664917, -0.3405899703502655, 0.5629360675811768, 0.9986760020256042, 1.0553500652313232, 0.15440000593662262, -1.3023240566253662, -1.299340009689331]
[0.18008053302764893, -0.08355354517698288, 0.09236350655555725, 1.555464506149292, -0.19158042967319489, 0.5083038210868835] [0.31911396980285645, -0.35899797081947327, 0.5614020824432373, 1.0002100467681885, 1.0553500652313232, 0.15440000593662262, -1.3023240566253662, -1.299340009689331]
[0.18018266558647156, -0.0850805714726448, 0.09218619018793106, 1.5519529581069946, -0.18905837833881378, 0.5006725788116455] [0.31911396980285645, -0.3666679859161377, 0.5629360675811768, 0.9986760020256042, 1.0553500652313232, 0.15440000593662262, -1.3023240566253662, -1.299340009689331]
[0.18027639389038086, -0.08667904138565063, 0.09187479317188263, 1.550118327140808, -0.18633736670017242, 0.49227336049079895] [0.317579984664917, -0.37893998622894287, 0.5614020824432373, 0.9986760020256042, 1.0553500652313232, 0.15440000593662262, -1.3023240566253662, -1.299340009689331]
[0.18048153817653656, -0.09041224420070648, 0.09208793938159943, 1.543336272239685, -0.18457593023777008, 0.47312694787979126] [0.317579984664917, -0.40041595697402954, 0.5614020824432373, 0.9986760020256042, 1.0553500652313232, 0.15440000593662262, -1.3023240566253662, -1.3008739948272705]
[0.18060438334941864, -0.0938819944858551, 0.09232853353023529, 1.5369873046875, -0.18316590785980225, 0.45533815026283264] [0.317579984664917, -0.42035797238349915, 0.5614020824432373, 0.9986760020256042, 1.0553500652313232, 0.15440000593662262, -1.3023240566253662, -1.299340009689331]
[0.18064843118190765, -0.09708630293607712, 0.09231414645910263, 1.531741738319397, -0.18069246411323547, 0.4387909471988678] [0.31604596972465515, -0.4418339729309082, 0.5614020824432373, 0.9986760020256042, 1.0553500652313232, 0.15440000593662262, -1.3007900714874268, -1.3008739948272705]
[0.1806289106607437, -0.10082496702671051, 0.092320516705513, 1.5255732536315918, -0.17791514098644257, 0.4194786548614502] [0.31604596972465515, -0.4587079882621765, 0.5598680377006531, 0.9986760020256042, 1.0553500652313232, 0.15440000593662262, -1.3007900714874268, -1.3008739948272705]
[0.1805657595396042, -0.10316109657287598, 0.09219736605882645, 1.520647644996643, -0.17503949999809265, 0.40764784812927246] [0.31604596972465515, -0.47864997386932373, 0.5598680377006531, 0.9986760020256042, 1.0553500652313232, 0.15440000593662262, -1.3023240566253662, -1.3008739948272705]
[0.18024404346942902, -0.10983040928840637, 0.0920221358537674, 1.510026216506958, -0.16907526552677155, 0.37302443385124207] [0.317579984664917, -0.5108639597892761, 0.5598680377006531, 0.9986760020256042, 1.0553500652313232, 0.15440000593662262, -1.3007900714874268, -1.299340009689331]
[0.1797185242176056, -0.11621669679880142, 0.09219488501548767, 1.4991008043289185, -0.1650637984275818, 0.33986595273017883] [0.317579984664917, -0.5553499460220337, 0.5614020824432373, 0.9986760020256042, 1.0553500652313232, 0.15440000593662262, -1.3007900714874268, -1.3008739948272705]
[0.17911024391651154, -0.12152011692523956, 0.09239482134580612, 1.4899027347564697, -0.16199535131454468, 0.3122174143791199] [0.317579984664917, -0.5890979766845703, 0.5598680377006531, 0.9956079721450806, 1.0553500652313232, 0.15440000593662262, -1.3007900714874268, -1.3008739948272705]
[0.17864501476287842, -0.12779033184051514, 0.09204274415969849, 1.4816933870315552, -0.15440383553504944, 0.2760316729545593] [0.31911396980285645, -0.6213119626045227, 0.5598680377006531, 0.9833359718322754, 1.0553500652313232, 0.15440000593662262, -1.3007900714874268, -1.3008739948272705]
[0.178241565823555, -0.13548025488853455, 0.09166471660137177, 1.47317373752594, -0.14472782611846924, 0.2285785973072052] [0.31911396980285645, -0.6519919633865356, 0.5598680377006531, 0.9649279713630676, 1.0553500652313232, 0.15440000593662262, -1.3007900714874268, -1.3008739948272705]
[0.17769040167331696, -0.14240702986717224, 0.09131954610347748, 1.4658427238464355, -0.1359601765871048, 0.18517710268497467] [0.31911396980285645, -0.6842060089111328, 0.5598680377006531, 0.9419180154800415, 1.0553500652313232, 0.15440000593662262, -1.3007900714874268, -1.3008739948272705]
[0.17704814672470093, -0.15216684341430664, 0.09056814759969711, 1.4593174457550049, -0.12197501957416534, 0.11995712667703629] [0.317579984664917, -0.714885950088501, 0.5614020824432373, 0.9173740148544312, 1.0553500652313232, 0.15440000593662262, -1.3007900714874268, -1.3008739948272705]
[0.17607778310775757, -0.1582958996295929, 0.09017644822597504, 1.4519670009613037, -0.11345887184143066, 0.08098699897527695] [0.31911396980285645, -0.742497980594635, 0.5598680377006531, 0.8974319696426392, 1.0553500652313232, 0.15440000593662262, -1.3007900714874268, -1.3008739948272705]
[0.17507506906986237, -0.1656475067138672, 0.08966962993144989, 1.4475382566452026, -0.1034933477640152, 0.03101028874516487] [0.31911396980285645, -0.7747119665145874, 0.5598680377006531, 0.8698199987411499, 1.0553500652313232, 0.15440000593662262, -1.3007900714874268, -1.3008739948272705]
[0.1731000691652298, -0.17338599264621735, 0.08946038782596588, 1.4377011060714722, -0.09480851143598557, -0.018092911690473557] [0.3206479549407959, -0.8130619525909424, 0.5614020824432373, 0.8422079682350159, 1.0553500652313232, 0.15440000593662262, -1.3007900714874268, -1.3008739948272705]
[0.17031759023666382, -0.18328489363193512, 0.08895347267389297, 1.4275842905044556, -0.08260971307754517, -0.0834682509303093] [0.3206479549407959, -0.8406739830970764, 0.5690720677375793, 0.8253339529037476, 1.0553500652313232, 0.15440000593662262, -1.3007900714874268, -1.3008739948272705]
[0.16988185048103333, -0.1846831738948822, 0.08961811661720276, 1.433756709098816, -0.08743665367364883, -0.09347131103277206] [0.32218196988105774, -0.8406739830970764, 0.5706060528755188, 0.8268679976463318, 1.0553500652313232, 0.15440000593662262, -1.3007900714874268, -1.3008739948272705]
[0.1698567122220993, -0.1846100389957428, 0.08994480222463608, 1.4357836246490479, -0.09010033309459686, -0.09287958592176437] [0.3237159848213196, -0.839139997959137, 0.5736740827560425, 0.8268679976463318, 1.0553500652313232, 0.15440000593662262, -1.3007900714874268, -1.3008739948272705]
[0.1699628382921219, -0.1842348277568817, 0.09013517946004868, 1.4402836561203003, -0.09167495369911194, -0.0904606431722641] [0.3237159848213196, -0.8406739830970764, 0.5736740827560425, 0.8299359679222107, 1.0645540952682495, 0.15440000593662262, -1.3007900714874268, -1.3008739948272705]
[0.16998425126075745, -0.18345727026462555, 0.08964093029499054, 1.442672610282898, -0.08705991506576538, -0.08364605158567429] [0.3237159848213196, -0.839139997959137, 0.5629360675811768, 0.8345379829406738, 1.0706900358200073, 0.15440000593662262, -1.3007900714874268, -1.3008739948272705]
[0.16994833946228027, -0.1827429085969925, 0.08986810594797134, 1.4503098726272583, -0.08824373036623001, -0.07749505341053009] [0.3237159848213196, -0.8376059532165527, 0.5629360675811768, 0.8514119982719421, 1.0875641107559204, 0.15440000593662262, -1.3007900714874268, -1.3008739948272705]
[0.17006699740886688, -0.18048854172229767, 0.09006129205226898, 1.4631352424621582, -0.09008463472127914, -0.059477340430021286] [0.3237159848213196, -0.8360719680786133, 0.5614020824432373, 0.854479968547821, 1.1075060367584229, 0.15440000593662262, -1.3007900714874268, -1.3008739948272705]
[0.1700448840856552, -0.180461585521698, 0.09032335132360458, 1.4846112728118896, -0.09008463472127914, -0.059477340430021286] [0.3237159848213196, -0.8360719680786133, 0.5598680377006531, 0.8575479984283447, 1.1182440519332886, 0.15440000593662262, -1.3007900714874268, -1.3008739948272705]
[0.16989651322364807, -0.1801234483718872, 0.09035158157348633, 1.487786889076233, -0.08961252123117447, -0.05573827773332596] [0.3237159848213196, -0.8360719680786133, 0.5552660226821899, 0.8621499538421631, 1.119778037071228, 0.15440000593662262, -1.3007900714874268, -1.3008739948272705]
[0.1701076477766037, -0.1787784844636917, 0.08999000489711761, 1.485649585723877, -0.08741025626659393, -0.045489829033613205] [0.3237159848213196, -0.8345379829406738, 0.552198052406311, 0.8713539838790894, 1.1259140968322754, 0.15440000593662262, -1.3007900714874268, -1.3008739948272705]
[0.17003658413887024, -0.1764126569032669, 0.09037267416715622, 1.4907431602478027, -0.09061552584171295, -0.02554124779999256] [0.3237159848213196, -0.8330039978027344, 0.544528067111969, 0.8882279992103577, 1.1320500373840332, 0.15440000593662262, -1.3007900714874268, -1.3008739948272705]
[0.1697414070367813, -0.17362381517887115, 0.08985444903373718, 1.489466905593872, -0.08770762383937836, -0.0009525769273750484] [0.3267839550971985, -0.8330039978027344, 0.5353240370750427, 0.9158399701118469, 1.13972008228302, 0.15440000593662262, -1.3007900714874268, -1.3008739948272705]
[0.1693217158317566, -0.17043957114219666, 0.09025777131319046, 1.4884408712387085, -0.09137698262929916, 0.02719968929886818] [0.3267839550971985, -0.8330039978027344, 0.5215180516242981, 0.943452000617981, 1.1458560228347778, 0.15399999916553497, -1.3007900714874268, -1.3008739948272705]
[0.16902080178260803, -0.16796031594276428, 0.08945706486701965, 1.4858076572418213, -0.08459684997797012, 0.049182068556547165] [0.3267839550971985, -0.8330039978027344, 0.5092460513114929, 0.9633939862251282, 1.162730097770691, 0.15440000593662262, -1.3007900714874268, -1.3008739948272705]
[0.16853675246238708, -0.16453002393245697, 0.08982513099908829, 1.4917829036712646, -0.08758042752742767, 0.07886702567338943] [0.3267839550971985, -0.8330039978027344, 0.4985080361366272, 1.0032780170440674, 1.1734681129455566, 0.15440000593662262, -1.3007900714874268, -1.3008739948272705]
[0.16753539443016052, -0.16045403480529785, 0.08993898332118988, 1.4926869869232178, -0.08810621500015259, 0.11620456725358963] [0.3267839550971985, -0.8330039978027344, 0.48470205068588257, 1.0431619882583618, 1.1888080835342407, 0.15440000593662262, -1.3007900714874268, -1.299340009689331]
[0.16601049900054932, -0.15461650490760803, 0.08987578749656677, 1.4950850009918213, -0.08805278688669205, 0.1690467745065689] [0.3267839550971985, -0.8314700126647949, 0.4693620502948761, 1.090716004371643, 1.198012113571167, 0.15440000593662262, -1.3007900714874268, -1.3008739948272705]
[0.16390764713287354, -0.14801831543445587, 0.08998136967420578, 1.49203360080719, -0.08931353688240051, 0.22982080280780792] [0.3283179700374603, -0.8330039978027344, 0.4463520646095276, 1.1582119464874268, 1.213352084159851, 0.15440000593662262, -1.3007900714874268, -1.3008739948272705]
[0.1615520417690277, -0.14176154136657715, 0.08982573449611664, 1.4915603399276733, -0.08722861856222153, 0.28858470916748047] [0.3267839550971985, -0.8330039978027344, 0.4294780492782593, 1.1996300220489502, 1.2179540395736694, 0.15440000593662262, -1.3007900714874268, -1.3008739948272705]
[0.15994776785373688, -0.13811802864074707, 0.08987031877040863, 1.4882186651229858, -0.08798228204250336, 0.3235301673412323] [0.3283179700374603, -0.8330039978027344, 0.41874003410339355, 1.2425819635391235, 1.2256240844726562, 0.15440000593662262, -1.3007900714874268, -1.299340009689331]
[0.15786229074001312, -0.13384093344211578, 0.08953659236431122, 1.488746166229248, -0.08574415743350983, 0.36516717076301575] [0.3283179700374603, -0.8330039978027344, 0.4034000635147095, 1.282465934753418, 1.231760025024414, 0.15440000593662262, -1.3007900714874268, -1.299340009689331]
[0.15491536259651184, -0.12839768826961517, 0.08963974565267563, 1.4867733716964722, -0.08610402047634125, 0.4195954501628876] [0.3283179700374603, -0.8330039978027344, 0.3911280632019043, 1.3284859657287598, 1.2424980401992798, 0.15440000593662262, -1.3007900714874268, -1.3008739948272705]
[0.15261586010456085, -0.12401655316352844, 0.08940324932336807, 1.4904719591140747, -0.08438103646039963, 0.46266958117485046] [0.3267839550971985, -0.8268679976463318, 0.3788560628890991, 1.3699040412902832, 1.2532360553741455, 0.15440000593662262, -1.3007900714874268, -1.299340009689331]
[0.15019817650318146, -0.11853011697530746, 0.08933736383914948, 1.500097632408142, -0.0854150727391243, 0.5139710903167725] [0.3267839550971985, -0.8130619525909424, 0.36658406257629395, 1.4067200422286987, 1.2685760259628296, 0.15440000593662262, -1.3007900714874268, -1.299340009689331]
[0.14722289144992828, -0.11300942301750183, 0.08875520527362823, 1.5144805908203125, -0.0809856578707695, 0.5683140754699707] [0.3267839550971985, -0.8099939823150635, 0.35431206226348877, 1.437399983406067, 1.2854501008987427, 0.15440000593662262, -1.3007900714874268, -1.3008739948272705]
[0.14557600021362305, -0.11099574714899063, 0.0886794701218605, 1.530067801475525, -0.07863285392522812, 0.5910468101501465] [0.3267839550971985, -0.8099939823150635, 0.34664204716682434, 1.469614028930664, 1.3023240566253662, 0.15440000593662262, -1.3007900714874268, -1.299340009689331]
[0.14307841658592224, -0.10763800144195557, 0.08842281997203827, 1.5378655195236206, -0.07627560198307037, 0.6278033256530762] [0.3267839550971985, -0.8069260120391846, 0.335904061794281, 1.4972259998321533, 1.313062071800232, 0.15399999916553497, -1.3007900714874268, -1.299340009689331]
[0.14047212898731232, -0.10462997853755951, 0.08837214857339859, 1.5488605499267578, -0.0750131607055664, 0.6627822518348694] [0.3283179700374603, -0.8053919672966003, 0.32363206148147583, 1.5371099710464478, 1.3299360275268555, 0.15440000593662262, -1.3007900714874268, -1.299340009689331]
[0.13777807354927063, -0.10188478976488113, 0.08730672299861908, 1.5682631731033325, -0.06431347876787186, 0.6963391304016113] [0.3283179700374603, -0.8038579821586609, 0.3067580461502075, 1.5723919868469238, 1.3468101024627686, 0.15440000593662262, -1.3007900714874268, -1.299340009689331]
[0.13761480152606964, -0.10120700299739838, 0.08609160780906677, 1.5808098316192627, -0.05299905687570572, 0.7019731998443604] [0.3283179700374603, -0.8023239970207214, 0.2990880608558655, 1.589266061782837, 1.3529460430145264, 0.15440000593662262, -1.3007900714874268, -1.299340009689331]
[0.13759689033031464, -0.10096781700849533, 0.08593862503767014, 1.5826632976531982, -0.051825039088726044, 0.7037526369094849] [0.3283179700374603, -0.8007899522781372, 0.29755404591560364, 1.5938680171966553, 1.3560140132904053, 0.15440000593662262, -1.3007900714874268, -1.299340009689331]
[0.1375914067029953, -0.09986831992864609, 0.08582198619842529, 1.5849599838256836, -0.05160759016871452, 0.711665153503418] [0.3283179700374603, -0.7869839668273926, 0.2960200309753418, 1.5969359874725342, 1.3560140132904053, 0.15399999916553497, -1.3007900714874268, -1.299340009689331]
[0.1375347375869751, -0.09545678645372391, 0.08550409227609634, 1.5941123962402344, -0.05549635365605354, 0.7424690127372742] [0.3283179700374603, -0.7517019510269165, 0.29141804575920105, 1.5984699726104736, 1.3575481176376343, 0.15399999916553497, -1.3007900714874268, -1.299340009689331]
[0.13728630542755127, -0.09042450785636902, 0.08503258973360062, 1.6051815748214722, -0.05956606566905975, 0.777506947517395] [0.3267839550971985, -0.714885950088501, 0.2898840308189392, 1.5984699726104736, 1.3590821027755737, 0.15399999916553497, -1.3007900714874268, -1.299340009689331]
[0.1369410902261734, -0.08581177145242691, 0.08503031730651855, 1.613120675086975, -0.06540984660387039, 0.8098112940788269] [0.3267839550971985, -0.6826719641685486, 0.2868160605430603, 1.5984699726104736, 1.3606160879135132, 0.15399999916553497, -1.3007900714874268, -1.299340009689331]
[0.13649490475654602, -0.0820314958691597, 0.0846075490117073, 1.6201696395874023, -0.06791310757398605, 0.8362553715705872] [0.3283179700374603, -0.6550599932670593, 0.28221404552459717, 1.5984699726104736, 1.3606160879135132, 0.15440000593662262, -1.3007900714874268, -1.299340009689331]
[0.1361101120710373, -0.07928904891014099, 0.08440029621124268, 1.6258422136306763, -0.06976418197154999, 0.8556334972381592] [0.3267839550971985, -0.6259139776229858, 0.2760780453681946, 1.600003957748413, 1.3606160879135132, 0.15440000593662262, -1.3007900714874268, -1.299340009689331]
[0.13506416976451874, -0.07330520451068878, 0.08393578231334686, 1.631832242012024, -0.07197125256061554, 0.898690938949585] [0.3237159848213196, -0.5936999917030334, 0.26534003019332886, 1.6015379428863525, 1.3621500730514526, 0.15440000593662262, -1.3007900714874268, -1.3008739948272705]
[0.1341836005449295, -0.06922583281993866, 0.08360555768013, 1.6361902952194214, -0.0723203495144844, 0.9285598397254944] [0.32218196988105774, -0.5599519610404968, 0.2576700448989868, 1.6015379428863525, 1.3682861328125, 0.15399999916553497, -1.2992560863494873, -1.299340009689331]
[0.13342273235321045, -0.06608842313289642, 0.08339733630418777, 1.6464234590530396, -0.07377559691667557, 0.9513221979141235] [0.31911396980285645, -0.5400099754333496, 0.2530680298805237, 1.6015379428863525, 1.3698201179504395, 0.15440000593662262, -1.3007900714874268, -1.299340009689331]
[0.13312731683254242, -0.0649406835436821, 0.08341658115386963, 1.6437667608261108, -0.07249750196933746, 0.9604483842849731] [0.317579984664917, -0.5415439605712891, 0.2500000596046448, 1.6015379428863525, 1.3698201179504395, 0.15440000593662262, -1.2992560863494873, -1.299340009689331]
[0.13328394293785095, -0.06571537256240845, 0.08318576216697693, 1.642591953277588, -0.06945376843214035, 0.955112636089325] [0.317579984664917, -0.5476799607276917, 0.24846604466438293, 1.6015379428863525, 1.3698201179504395, 0.15440000593662262, -1.2992560863494873, -1.299340009689331]
[0.13383044302463531, -0.06828539073467255, 0.08286122977733612, 1.637569785118103, -0.062355395406484604, 0.9373054504394531] [0.31604596972465515, -0.5737580060958862, 0.243864044547081, 1.6015379428863525, 1.371354103088379, 0.15440000593662262, -1.2977221012115479, -1.299340009689331]
[0.13399410247802734, -0.06958331912755966, 0.08210854977369308, 1.6368588209152222, -0.053756725043058395, 0.9288336038589478] [0.31604596972465515, -0.5768259763717651, 0.2377280443906784, 1.6015379428863525, 1.3728880882263184, 0.15440000593662262, -1.2977221012115479, -1.299340009689331]
[0.13396096229553223, -0.06955329328775406, 0.08195865899324417, 1.6383312940597534, -0.052276983857154846, 0.9292364716529846] [0.31604596972465515, -0.5814279913902283, 0.23619404435157776, 1.6015379428863525, 1.3790240287780762, 0.15440000593662262, -1.2977221012115479, -1.299340009689331]
[0.134373277425766, -0.07195047289133072, 0.08155923336744308, 1.6424163579940796, -0.04476071521639824, 0.9127085208892822] [0.31604596972465515, -0.6013699769973755, 0.2346600443124771, 1.6015379428863525, 1.383626103401184, 0.15440000593662262, -1.2977221012115479, -1.299340009689331]
[0.1346711665391922, -0.0737677663564682, 0.08132001757621765, 1.6427793502807617, -0.03990069776773453, 0.9000937342643738] [0.31604596972465515, -0.6151759624481201, 0.23312604427337646, 1.6015379428863525, 1.386694073677063, 0.15440000593662262, -1.2977221012115479, -1.299340009689331]
[0.13510580360889435, -0.07662099599838257, 0.08105511963367462, 1.6431236267089844, -0.03323008120059967, 0.8802249431610107] [0.31604596972465515, -0.6458559632301331, 0.23159204423427582, 1.6015379428863525, 1.3928301334381104, 0.15440000593662262, -1.2977221012115479, -1.299340009689331]
[0.135784313082695, -0.08196663856506348, 0.08069144189357758, 1.638065218925476, -0.0223378948867321, 0.8429210186004639] [0.31604596972465515, -0.6826719641685486, 0.23005804419517517, 1.6015379428863525, 1.3928301334381104, 0.15440000593662262, -1.2977221012115479, -1.299340009689331]
[0.13623976707458496, -0.08635406941175461, 0.08074144273996353, 1.632870078086853, -0.016454903408885002, 0.8120640516281128] [0.31604596972465515, -0.7133519649505615, 0.23159204423427582, 1.6015379428863525, 1.3928301334381104, 0.15440000593662262, -1.2977221012115479, -1.299340009689331]
[0.13658827543258667, -0.09197451174259186, 0.08064653724431992, 1.6253654956817627, -0.007288894150406122, 0.7728042006492615] [0.31604596972465515, -0.7593719959259033, 0.23312604427337646, 1.600003957748413, 1.3928301334381104, 0.15440000593662262, -1.2977221012115479, -1.299340009689331]
[0.13679859042167664, -0.09809960424900055, 0.08109799027442932, 1.61385178565979, -0.00233633304014802, 0.7295385003089905] [0.31604596972465515, -0.8053919672966003, 0.2377280443906784, 1.600003957748413, 1.3928301334381104, 0.15440000593662262, -1.2977221012115479, -1.299340009689331]
[0.1366647183895111, -0.10479308664798737, 0.08132140338420868, 1.6022827625274658, 0.006063894368708134, 0.6825316548347473] [0.3145119547843933, -0.8560140132904053, 0.23926204442977905, 1.600003957748413, 1.3928301334381104, 0.15440000593662262, -1.2977221012115479, -1.299340009689331]
[0.1362370401620865, -0.11126022040843964, 0.0816408321261406, 1.5906413793563843, 0.01362019032239914, 0.6369070410728455] [0.31604596972465515, -0.8989659547805786, 0.2407960444688797, 1.5969359874725342, 1.3928301334381104, 0.15440000593662262, -1.2992560863494873, -1.299340009689331]
[0.1354261040687561, -0.11851906031370163, 0.08228318393230438, 1.5746270418167114, 0.02041008695960045, 0.5853247046470642] [0.31604596972465515, -0.9449859857559204, 0.2407960444688797, 1.5938680171966553, 1.3912960290908813, 0.15479999780654907, -1.2992560863494873, -1.299340009689331]
[0.13431484997272491, -0.12508243322372437, 0.08264468610286713, 1.5617730617523193, 0.028499307110905647, 0.5383293628692627] [0.31604596972465515, -0.99714195728302, 0.2407960444688797, 1.5908000469207764, 1.3912960290908813, 0.15440000593662262, -1.2992560863494873, -1.299340009689331]
[0.13334709405899048, -0.1295584887266159, 0.08272736519575119, 1.5519301891326904, 0.035047754645347595, 0.5059805512428284] [0.31604596972465515, -1.0293560028076172, 0.2407960444688797, 1.584663987159729, 1.3882280588150024, 0.15440000593662262, -1.2992560863494873, -1.299340009689331]
[0.13231386244297028, -0.13380157947540283, 0.08297029882669449, 1.535422444343567, 0.039764177054166794, 0.4750312268733978] [0.31604596972465515, -1.0661720037460327, 0.24233004450798035, 1.5723919868469238, 1.3774900436401367, 0.15440000593662262, -1.2992560863494873, -1.3008739948272705]
[0.13087625801563263, -0.13902491331100464, 0.08348726481199265, 1.5135749578475952, 0.04370301961898804, 0.4364314377307892] [0.31604596972465515, -1.0999200344085693, 0.24233004450798035, 1.569324016571045, 1.366752028465271, 0.15440000593662262, -1.2992560863494873, -1.3008739948272705]
[0.12975186109542847, -0.14258986711502075, 0.08379818499088287, 1.501139760017395, 0.0472269169986248, 0.40983083844184875] [0.31604596972465515, -1.132133960723877, 0.24233004450798035, 1.566256046295166, 1.3652180433273315, 0.15440000593662262, -1.2992560863494873, -1.3008739948272705]
[0.12806302309036255, -0.14727826416492462, 0.08387184143066406, 1.4834147691726685, 0.054548487067222595, 0.3745347857475281] [0.31604596972465515, -1.1658819913864136, 0.2407960444688797, 1.5570520162582397, 1.3544800281524658, 0.15440000593662262, -1.2992560863494873, -1.3008739948272705]
[0.1266816109418869, -0.15074211359024048, 0.08385297656059265, 1.466072916984558, 0.060641735792160034, 0.34820684790611267] [0.317579984664917, -1.1950279474258423, 0.23619404435157776, 1.5447800159454346, 1.348344087600708, 0.15440000593662262, -1.2992560863494873, -1.3008739948272705]
[0.1256006956100464, -0.15425533056259155, 0.08400019258260727, 1.4554399251937866, 0.06517723202705383, 0.32018736004829407] [0.31911396980285645, -1.2149699926376343, 0.23619404435157776, 1.5340420007705688, 1.3437421321868896, 0.15440000593662262, -1.2992560863494873, -1.3008739948272705]
[0.12569822371006012, -0.15719962120056152, 0.08394036442041397, 1.4466187953948975, 0.0678226500749588, 0.2944864332675934] [0.317579984664917, -1.2211060523986816, 0.23619404435157776, 1.5125659704208374, 1.3406740427017212, 0.15399999916553497, -1.2992560863494873, -1.3008739948272705]
[0.12671320140361786, -0.1606656312942505, 0.08342166990041733, 1.4425435066223145, 0.07256273180246353, 0.26247474551200867] [0.31911396980285645, -1.2272419929504395, 0.23619404435157776, 1.4788179397583008, 1.3406740427017212, 0.15440000593662262, -1.2992560863494873, -1.3008739948272705]
[0.1277051419019699, -0.16537366807460785, 0.08292520046234131, 1.4377696514129639, 0.07819956541061401, 0.21992123126983643] [0.31911396980285645, -1.2349120378494263, 0.2346600443124771, 1.4389339685440063, 1.3376060724258423, 0.15399999916553497, -1.2992560863494873, -1.3008739948272705]
[0.12822292745113373, -0.16968752443790436, 0.0826970711350441, 1.429890513420105, 0.08158070594072342, 0.1818092316389084] [0.3206479549407959, -1.2379800081253052, 0.2346600443124771, 1.4097880125045776, 1.3360720872879028, 0.15440000593662262, -1.2992560863494873, -1.3008739948272705]
[0.12897178530693054, -0.17378847301006317, 0.08219131082296371, 1.4263575077056885, 0.08630238473415375, 0.14510928094387054] [0.3206479549407959, -1.241047978401184, 0.2346600443124771, 1.392914056777954, 1.3360720872879028, 0.15440000593662262, -1.2992560863494873, -1.3008739948272705]
[0.1290951371192932, -0.17430005967617035, 0.0821218341588974, 1.4244260787963867, 0.08670937269926071, 0.1405080407857895] [0.3206479549407959, -1.241047978401184, 0.2346600443124771, 1.3898459672927856, 1.3360720872879028, 0.15399999916553497, -1.2992560863494873, -1.3008739948272705]
[0.12906880676746368, -0.17429712414741516, 0.08194243907928467, 1.4261757135391235, 0.08822827786207199, 0.1405268758535385] [0.32218196988105774, -1.241047978401184, 0.2346600443124771, 1.3898459672927856, 1.3376060724258423, 0.15440000593662262, -1.2992560863494873, -1.3008739948272705]
[0.1290951371192932, -0.17430005967617035, 0.0821218341588974, 1.4244260787963867, 0.08670937269926071, 0.1405080407857895] [0.32218196988105774, -1.241047978401184, 0.2346600443124771, 1.3898459672927856, 1.3360720872879028, 0.15399999916553497, -1.2992560863494873, -1.3008739948272705]
[0.12908895313739777, -0.17431189119815826, 0.08209703862667084, 1.4249060153961182, 0.08672525733709335, 0.14039269089698792] [0.32218196988105774, -1.241047978401184, 0.23619404435157776, 1.3898459672927856, 1.3376060724258423, 0.15399999916553497, -1.2992560863494873, -1.3008739948272705]
[0.12908895313739777, -0.17431189119815826, 0.08209703862667084, 1.4249060153961182, 0.08672525733709335, 0.14039269089698792] [0.32218196988105774, -1.241047978401184, 0.23619404435157776, 1.3898459672927856, 1.3376060724258423, 0.15399999916553497, -1.2992560863494873, -1.3008739948272705]
[0.12919984757900238, -0.17411528527736664, 0.08206002414226532, 1.4253888130187988, 0.08665692806243896, 0.1418895423412323] [0.32218196988105774, -1.241047978401184, 0.23619404435157776, 1.3898459672927856, 1.3360720872879028, 0.15399999916553497, -1.2992560863494873, -1.3008739948272705]
[0.12909017503261566, -0.17430895566940308, 0.08211565017700195, 1.4264400005340576, 0.08672525733709335, 0.14039269089698792] [0.32218196988105774, -1.241047978401184, 0.2377280443906784, 1.3898459672927856, 1.3360720872879028, 0.15399999916553497, -1.2992560863494873, -1.3008739948272705]
[0.12911009788513184, -0.17432379722595215, 0.08227027207612991, 1.4251705408096313, 0.0852222666144371, 0.14025813341140747] [0.3237159848213196, -1.2395139932632446, 0.23926204442977905, 1.3898459672927856, 1.3360720872879028, 0.15440000593662262, -1.2992560863494873, -1.3008739948272705]
[0.1291038990020752, -0.1743357926607132, 0.08224546909332275, 1.4256502389907837, 0.08523830026388168, 0.1401413381099701] [0.3237159848213196, -1.2395139932632446, 0.2377280443906784, 1.3898459672927856, 1.3360720872879028, 0.15399999916553497, -1.2992560863494873, -1.3008739948272705]
[0.12911009788513184, -0.17432379722595215, 0.08227027207612991, 1.4251705408096313, 0.0852222666144371, 0.14025813341140747] [0.3237159848213196, -1.2395139932632446, 0.23926204442977905, 1.3898459672927856, 1.3360720872879028, 0.15440000593662262, -1.2992560863494873, -1.3008739948272705]
