[0.17643341422080994, -0.21459348499774933, 0.05924493819475174, 2.91902232170105, 0.14458037912845612, -0.46559739112854004] [0.46024197340011597, -0.5507479906082153, 1.313062071800232, 0.27616196870803833, 1.857632040977478, 0.9971999526023865, -1.2992560863494873, -1.2978060245513916]
[0.17640861868858337, -0.21464820206165314, 0.059270597994327545, 2.9204440116882324, 0.1443891078233719, -0.4659733176231384] [0.46024197340011597, -0.5507479906082153, 1.3145960569381714, 0.27616196870803833, 1.857632040977478, 0.20200000703334808, -1.3007900714874268, -1.3008739948272705]
[0.17640861868858337, -0.21464820206165314, 0.059270597994327545, 2.9204440116882324, 0.1443891078233719, -0.4659733176231384] [0.46024197340011597, -0.5492140054702759, 1.3145960569381714, 0.27616196870803833, 1.857632040977478, 0.20200000703334808, -1.2992560863494873, -1.3008739948272705]
[0.17640861868858337, -0.21464820206165314, 0.059270597994327545, 2.9204440116882324, 0.1443891078233719, -0.4659733176231384] [0.46024197340011597, -0.5507479906082153, 1.3145960569381714, 0.27616196870803833, 1.857632040977478, 0.20200000703334808, -1.2992560863494873, -1.299340009689331]
[0.17671619355678558, -0.21404950320720673, 0.05903621017932892, 2.9125301837921143, 0.14584894478321075, -0.46225813031196594] [0.4587079882621765, -0.5476799607276917, 1.3038580417633057, 0.27616196870803833, 1.857632040977478, 0.20200000703334808, -1.2992560863494873, -1.3008739948272705]
[0.17717184126377106, -0.2132691740989685, 0.05917256698012352, 2.902569055557251, 0.1449909210205078, -0.4569719433784485] [0.4587079882621765, -0.5476799607276917, 1.2793140411376953, 0.2776959538459778, 1.8300200700759888, 0.20280000567436218, -1.2992560863494873, -1.299340009689331]
[0.17864423990249634, -0.21049368381500244, 0.05984668433666229, 2.719358205795288, 0.1380823850631714, -0.44784051179885864] [0.4510379731655121, -0.5492140054702759, 1.2563040256500244, 0.2976379692554474, 1.518618106842041, 0.23000000417232513, -1.2992560863494873, -1.299340009689331]
[0.1807706207036972, -0.20621797442436218, 0.06127024441957474, 2.454710006713867, 0.11629433929920197, -0.432757705450058] [0.4387659728527069, -0.5476799607276917, 1.2409640550613403, 0.30377396941185, 1.4097040891647339, 0.20720000565052032, -1.2992560863494873, -1.3008739948272705]
[0.1817527711391449, -0.205434650182724, 0.06490204483270645, 2.4498374462127686, 0.09611111879348755, -0.42563965916633606] [0.42035797238349915, -0.5476799607276917, 1.2302260398864746, 0.30684196949005127, 1.4097040891647339, 0.20319999754428864, -1.2992560863494873, -1.299340009689331]
[0.1828441470861435, -0.2049058973789215, 0.07020099461078644, 2.4542605876922607, 0.06813468039035797, -0.42035606503486633] [0.3866099715232849, -0.5476799607276917, 1.2256240844726562, 0.31297796964645386, 1.4097040891647339, 0.20360000431537628, -1.3007900714874268, -1.299340009689331]
[0.18405748903751373, -0.2045866847038269, 0.07743275165557861, 2.471116781234741, 0.03216236084699631, -0.41767963767051697] [0.3543959856033325, -0.5461459755897522, 1.221022129058838, 0.3114439845085144, 1.4097040891647339, 0.20360000431537628, -1.2992560863494873, -1.299340009689331]
[0.18565361201763153, -0.20258992910385132, 0.08278743922710419, 2.4640257358551025, 0.005359264090657234, -0.4051160216331482] [0.317579984664917, -0.5400099754333496, 1.198012113571167, 0.31604596972465515, 1.4081701040267944, 0.20319999754428864, -1.2992560863494873, -1.299340009689331]
[0.18639108538627625, -0.20133166015148163, 0.08746570348739624, 2.44929575920105, -0.020955059677362442, -0.39561957120895386] [0.2853659689426422, -0.5369420051574707, 1.1704000234603882, 0.3436579704284668, 1.3989660739898682, 0.20360000431537628, -1.3007900714874268, -1.299340009689331]
[0.18775829672813416, -0.19731755554676056, 0.09601964801549911, 2.422797918319702, -0.07666683942079544, -0.3669033348560333] [0.25775396823883057, -0.5308059453964233, 1.1443220376968384, 0.37893998622894287, 1.3728880882263184, 0.20319999754428864, -1.3007900714874268, -1.299340009689331]
[0.18985266983509064, -0.19049343466758728, 0.10299009084701538, 2.3670246601104736, -0.12650486826896667, -0.3231235146522522] [0.2362779676914215, -0.5123980045318604, 1.1029040813446045, 0.41728997230529785, 1.2915860414505005, 0.21119999885559082, -1.2992560863494873, -1.299340009689331]
[0.1936226487159729, -0.17784090340137482, 0.10713568329811096, 2.261282444000244, -0.1658000349998474, -0.24581380188465118] [0.22553996741771698, -0.4740479588508606, 1.0507481098175049, 0.4587079882621765, 1.2869840860366821, 0.20360000431537628, -1.3007900714874268, -1.299340009689331]
[0.19637876749038696, -0.16576984524726868, 0.10950908809900284, 2.20448899269104, -0.18918739259243011, -0.16774900257587433] [0.21786996722221375, -0.44643598794937134, 0.9556400775909424, 0.5200679898262024, 1.2869840860366821, 0.20399999618530273, -1.2992560863494873, -1.299340009689331]
[0.19602073729038239, -0.1447530835866928, 0.11062289029359818, 2.004214286804199, -0.21868863701820374, 0.007318052928894758] [0.21786996722221375, -0.4449019730091095, 0.7454820871353149, 0.6872739791870117, 1.2869840860366821, 0.20360000431537628, -1.3007900714874268, -1.299340009689331]
[0.19401486217975616, -0.12630341947078705, 0.10940273851156235, 1.859482765197754, -0.21771375834941864, 0.16112880408763885] [0.2101999670267105, -0.4188239574432373, 0.6672480702400208, 0.7256239652633667, 1.2793140411376953, 0.20399999618530273, -1.3007900714874268, -1.299340009689331]
[0.1946522742509842, -0.120790496468544, 0.10913611948490143, 1.8426690101623535, -0.21738025546073914, 0.19029049575328827] [0.20559796690940857, -0.40041595697402954, 0.6580440402030945, 0.7271579504013062, 1.251702070236206, 0.20440000295639038, -1.3007900714874268, -1.299340009689331]
[0.1950499713420868, -0.115369513630867, 0.10913018137216568, 1.810923457145691, -0.21939978003501892, 0.2194686383008957] [0.20252996683120728, -0.37126997113227844, 0.6503740549087524, 0.7286919951438904, 1.2409640550613403, 0.20360000431537628, -1.3007900714874268, -1.299340009689331]
[0.19563424587249756, -0.10699372738599777, 0.10810715705156326, 1.7980778217315674, -0.21535369753837585, 0.2621840834617615] [0.20252996683120728, -0.3329199552536011, 0.6335000395774841, 0.7286919951438904, 1.2225561141967773, 0.20360000431537628, -1.3007900714874268, -1.299340009689331]
[0.1958262324333191, -0.10061270743608475, 0.10612355172634125, 1.7680439949035645, -0.20303013920783997, 0.2969587445259094] [0.20252996683120728, -0.3053079843521118, 0.6120240688323975, 0.7271579504013062, 1.2087500095367432, 0.20360000431537628, -1.2992560863494873, -1.299340009689331]
[0.19589780271053314, -0.09599527716636658, 0.10434502363204956, 1.743951439857483, -0.19123774766921997, 0.32194527983665466] [0.20252996683120728, -0.28689998388290405, 0.582878053188324, 0.7286919951438904, 1.2056820392608643, 0.20319999754428864, -1.2992560863494873, -1.3008739948272705]
[0.19574931263923645, -0.09180625528097153, 0.10207883268594742, 1.720562219619751, -0.17462682723999023, 0.34686964750289917] [0.20252996683120728, -0.2715599536895752, 0.5491300821304321, 0.7286919951438904, 1.2041480541229248, 0.20360000431537628, -1.2992560863494873, -1.299340009689331]
[0.19534175097942352, -0.08654987066984177, 0.09967125207185745, 1.697126865386963, -0.15713746845722198, 0.3781452476978302] [0.20252996683120728, -0.24701596796512604, 0.516916036605835, 0.7286919951438904, 1.2041480541229248, 0.20319999754428864, -1.2992560863494873, -1.299340009689331]
[0.19473041594028473, -0.07984073460102081, 0.09739712625741959, 1.6752092838287354, -0.14131614565849304, 0.41548746824264526] [0.20406396687030792, -0.21786996722221375, 0.486236035823822, 0.7271579504013062, 1.1964781284332275, 0.20319999754428864, -1.2992560863494873, -1.299340009689331]
[0.19378544390201569, -0.07269926369190216, 0.0946168377995491, 1.6442668437957764, -0.12198078632354736, 0.45583295822143555] [0.20252996683120728, -0.1963939666748047, 0.4570900499820709, 0.7286919951438904, 1.193410038948059, 0.20360000431537628, -1.2992560863494873, -1.299340009689331]
[0.19348479807376862, -0.0712168738245964, 0.09174893796443939, 1.6190637350082397, -0.10083085298538208, 0.46646878123283386] [0.20559796690940857, -0.19485996663570404, 0.4233420491218567, 0.7271579504013062, 1.1918760538101196, 0.20360000431537628, -1.3007900714874268, -1.299340009689331]
[0.19320182502269745, -0.07049048691987991, 0.08923649787902832, 1.6015102863311768, -0.08318713307380676, 0.47299790382385254] [0.20713196694850922, -0.19485996663570404, 0.4049340486526489, 0.7271579504013062, 1.1918760538101196, 0.20360000431537628, -1.3007900714874268, -1.299340009689331]
[0.19313620030879974, -0.07027304917573929, 0.0889299139380455, 1.5949130058288574, -0.07986851036548615, 0.4750770330429077] [0.20559796690940857, -0.19485996663570404, 0.4003320336341858, 0.7271579504013062, 1.1918760538101196, 0.20360000431537628, -1.3007900714874268, -1.299340009689331]
[0.19321337342262268, -0.07036242634057999, 0.08874250203371048, 1.5938464403152466, -0.07833019644021988, 0.4740615785121918] [0.20559796690940857, -0.19485996663570404, 0.39879804849624634, 0.7256239652633667, 1.1918760538101196, 0.20360000431537628, -1.3007900714874268, -1.299340009689331]
[0.19331954419612885, -0.07120108604431152, 0.08859625458717346, 1.59182870388031, -0.07696578651666641, 0.4700201153755188] [0.20559796690940857, -0.20252996683120728, 0.3972640633583069, 0.7256239652633667, 1.1918760538101196, 0.20360000431537628, -1.2992560863494873, -1.299340009689331]
[0.1937539130449295, -0.07473106682300568, 0.0881861075758934, 1.5875917673110962, -0.07391379773616791, 0.4522063732147217] [0.20713196694850922, -0.22247196733951569, 0.3972640633583069, 0.7240899801254272, 1.1903420686721802, 0.20319999754428864, -1.3007900714874268, -1.299340009689331]
[0.19419950246810913, -0.07811135798692703, 0.08804544061422348, 1.5845520496368408, -0.07183386385440826, 0.43450266122817993] [0.20713196694850922, -0.2362779676914215, 0.3972640633583069, 0.7240899801254272, 1.1903420686721802, 0.20360000431537628, -1.2992560863494873, -1.3008739948272705]
[0.1942572146654129, -0.07870287448167801, 0.08805191516876221, 1.5855118036270142, -0.07156911492347717, 0.4315413534641266] [0.20713196694850922, -0.23781196773052216, 0.3972640633583069, 0.7194879651069641, 1.1903420686721802, 0.20360000431537628, -1.2992560863494873, -1.3008739948272705]
[0.19522681832313538, -0.08126656711101532, 0.08735505491495132, 1.5837937593460083, -0.06517043709754944, 0.4114149212837219] [0.20713196694850922, -0.24854996800422668, 0.3972640633583069, 0.7087500095367432, 1.1903420686721802, 0.20319999754428864, -1.2992560863494873, -1.299340009689331]
[0.19557268917560577, -0.08572658896446228, 0.0875864177942276, 1.578843593597412, -0.0647457018494606, 0.389214426279068] [0.20559796690940857, -0.2746279835700989, 0.3972640633583069, 0.7087500095367432, 1.1903420686721802, 0.20360000431537628, -1.2992560863494873, -1.299340009689331]
[0.19591064751148224, -0.09376832842826843, 0.08746009320020676, 1.5663405656814575, -0.061694592237472534, 0.34916770458221436] [0.20406396687030792, -0.317579984664917, 0.3972640633583069, 0.7087500095367432, 1.1826720237731934, 0.20360000431537628, -1.2992560863494873, -1.299340009689331]
[0.1959458589553833, -0.10152068734169006, 0.08772006630897522, 1.5550857782363892, -0.06051778793334961, 0.3106171488761902] [0.20559796690940857, -0.36513397097587585, 0.3972640633583069, 0.7087500095367432, 1.181138038635254, 0.20360000431537628, -1.3007900714874268, -1.299340009689331]
[0.195622056722641, -0.10956591367721558, 0.08746444433927536, 1.5459073781967163, -0.05663500353693962, 0.2705122232437134] [0.20559796690940857, -0.4050179719924927, 0.3972640633583069, 0.7087500095367432, 1.181138038635254, 0.20360000431537628, -1.2992560863494873, -1.299340009689331]
[0.19501952826976776, -0.11729457974433899, 0.08759009838104248, 1.538008689880371, -0.054611098021268845, 0.23190715909004211] [0.20559796690940857, -0.4449019730091095, 0.3972640633583069, 0.7026139497756958, 1.181138038635254, 0.20319999754428864, -1.3007900714874268, -1.3008739948272705]
[0.19450435042381287, -0.1253434121608734, 0.0874091237783432, 1.5310992002487183, -0.04986056685447693, 0.1876036375761032] [0.20559796690940857, -0.4801839590072632, 0.3972640633583069, 0.6980119943618774, 1.181138038635254, 0.20360000431537628, -1.2992560863494873, -1.299340009689331]
[0.1930423229932785, -0.13464586436748505, 0.0873655453324318, 1.5217952728271484, -0.04623914137482643, 0.1400633454322815] [0.20713196694850922, -0.5231359601020813, 0.3972640633583069, 0.6995459794998169, 1.181138038635254, 0.20360000431537628, -1.2992560863494873, -1.3008739948272705]
[0.1912260353565216, -0.14296433329582214, 0.08779559284448624, 1.5126360654830933, -0.04565691202878952, 0.09839529544115067] [0.20713196694850922, -0.5706899762153625, 0.39573004841804504, 0.6949439644813538, 1.1765360832214355, 0.20360000431537628, -1.2992560863494873, -1.3008739948272705]
[0.18925610184669495, -0.15153194963932037, 0.08783172816038132, 1.4936186075210571, -0.04258086904883385, 0.052703239023685455] [0.20713196694850922, -0.6075059771537781, 0.39573004841804504, 0.6949439644813538, 1.1704000234603882, 0.20360000431537628, -1.3007900714874268, -1.299340009689331]
[0.18796515464782715, -0.15645599365234375, 0.0879688411951065, 1.48562490940094, -0.041419509798288345, 0.025980180129408836] [0.20713196694850922, -0.6351180076599121, 0.39573004841804504, 0.6857399940490723, 1.1688660383224487, 0.20360000431537628, -1.3007900714874268, -1.3008739948272705]
[0.18679364025592804, -0.16144150495529175, 0.0876319631934166, 1.4815495014190674, -0.03698700666427612, -0.0036189008969813585] [0.20713196694850922, -0.6473900079727173, 0.39573004841804504, 0.6826719641685486, 1.1688660383224487, 0.20319999754428864, -1.3007900714874268, -1.3008739948272705]
[0.1867748200893402, -0.1613081395626068, 0.08780447393655777, 1.48269522190094, -0.03838127478957176, -0.0024572135880589485] [0.20866596698760986, -0.6458559632301331, 0.3972640633583069, 0.6857399940490723, 1.1688660383224487, 0.20319999754428864, -1.2992560863494873, -1.3008739948272705]
[0.18685011565685272, -0.16082525253295898, 0.08771786093711853, 1.4817581176757812, -0.03793061152100563, 0.000791143043898046] [0.20866596698760986, -0.6458559632301331, 0.39573004841804504, 0.6903419494628906, 1.1688660383224487, 0.20360000431537628, -1.2992560863494873, -1.3008739948272705]
[0.18666255474090576, -0.1592981070280075, 0.0880914255976677, 1.481579303741455, -0.041236765682697296, 0.014241699129343033] [0.20866596698760986, -0.6458559632301331, 0.3941960334777832, 0.7072159647941589, 1.1704000234603882, 0.20360000431537628, -1.2992560863494873, -1.3008739948272705]
[0.18649981915950775, -0.15813376009464264, 0.08851581066846848, 1.4857426881790161, -0.04452233016490936, 0.024474114179611206] [0.20866596698760986, -0.6458559632301331, 0.39573004841804504, 0.7118179798126221, 1.1765360832214355, 0.20360000431537628, -1.3007900714874268, -1.3008739948272705]
[0.1864306479692459, -0.157864511013031, 0.08865588158369064, 1.4941368103027344, -0.04583759233355522, 0.026779739186167717] [0.20866596698760986, -0.6458559632301331, 0.3972640633583069, 0.714885950088501, 1.1842060089111328, 0.20360000431537628, -1.2992560863494873, -1.3008739948272705]
[0.18629607558250427, -0.15702541172504425, 0.08910802006721497, 1.5091335773468018, -0.048198066651821136, 0.03408563882112503] [0.21173396706581116, -0.6443219780921936, 0.3972640633583069, 0.7240899801254272, 1.201080083847046, 0.20319999754428864, -1.2992560863494873, -1.3008739948272705]
[0.18612876534461975, -0.155416339635849, 0.08905269205570221, 1.5182173252105713, -0.048919714987277985, 0.047254711389541626] [0.2132679671049118, -0.6443219780921936, 0.3972640633583069, 0.7409639954566956, 1.2118180990219116, 0.20360000431537628, -1.2992560863494873, -1.3008739948272705]
[0.1856386512517929, -0.15294262766838074, 0.08940297365188599, 1.5280179977416992, -0.052921656519174576, 0.06917260587215424] [0.21786996722221375, -0.6443219780921936, 0.3972640633583069, 0.7685759663581848, 1.2194880247116089, 0.20319999754428864, -1.2992560863494873, -1.3008739948272705]
[0.18476620316505432, -0.14917469024658203, 0.08958244323730469, 1.5358915328979492, -0.0576029010117054, 0.10278496891260147] [0.22400596737861633, -0.6427879929542542, 0.3972640633583069, 0.8069260120391846, 1.2286920547485352, 0.20319999754428864, -1.2992560863494873, -1.3008739948272705]
[0.18390636146068573, -0.1458834707736969, 0.08973340690135956, 1.5412811040878296, -0.06131111457943916, 0.13236796855926514] [0.22860796749591827, -0.6443219780921936, 0.39573004841804504, 0.8376059532165527, 1.2409640550613403, 0.20319999754428864, -1.2992560863494873, -1.3008739948272705]
[0.18288397789001465, -0.14205695688724518, 0.08957774192094803, 1.551491379737854, -0.06400033831596375, 0.1659940481185913] [0.2362779676914215, -0.6427879929542542, 0.39573004841804504, 0.8744219541549683, 1.2501680850982666, 0.20319999754428864, -1.2992560863494873, -1.3008739948272705]
[0.1817806512117386, -0.1388622522354126, 0.08930275589227676, 1.5586423873901367, -0.06573226302862167, 0.19520989060401917] [0.24394796788692474, -0.6443219780921936, 0.39573004841804504, 0.9004999995231628, 1.2563040256500244, 0.20360000431537628, -1.2992560863494873, -1.3008739948272705]
[0.18029053509235382, -0.13534300029277802, 0.0892535001039505, 1.5651909112930298, -0.06925930827856064, 0.22881950438022614] [0.251617968082428, -0.6427879929542542, 0.39573004841804504, 0.943452000617981, 1.2609061002731323, 0.20319999754428864, -1.2992560863494873, -1.3008739948272705]
[0.17854949831962585, -0.13044168055057526, 0.08902472257614136, 1.5668373107910156, -0.07346895337104797, 0.272634893655777] [0.2623559832572937, -0.6412539482116699, 0.39573004841804504, 0.9956079721450806, 1.2655080556869507, 0.20360000431537628, -1.2992560863494873, -1.3008739948272705]
[0.17218279838562012, -0.11807101964950562, 0.08904778957366943, 1.576687216758728, -0.08535511046648026, 0.39307084679603577] [0.28076398372650146, -0.6412539482116699, 0.37578803300857544, 1.14900803565979, 1.2869840860366821, 0.20319999754428864, -1.2992560863494873, -1.299340009689331]
[0.1656007021665573, -0.10768207162618637, 0.08830276876688004, 1.5717010498046875, -0.0842052474617958, 0.5003107190132141] [0.2884339690208435, -0.6412539482116699, 0.35277804732322693, 1.208833932876587, 1.290052056312561, 0.20319999754428864, -1.2992560863494873, -1.3008739948272705]
[0.16450124979019165, -0.10610827803611755, 0.08769974857568741, 1.5683127641677856, -0.08022632449865341, 0.5170260071754456] [0.2884339690208435, -0.6412539482116699, 0.35277804732322693, 1.2195719480514526, 1.290052056312561, 0.20319999754428864, -1.2992560863494873, -1.3008739948272705]
[0.16270197927951813, -0.10383600741624832, 0.08796454221010208, 1.566260814666748, -0.08473541587591171, 0.5420601963996887] [0.2945699691772461, -0.6397199630737305, 0.3512440323829651, 1.248718023300171, 1.290052056312561, 0.20319999754428864, -1.2992560863494873, -1.3008739948272705]
[0.16045574843883514, -0.1004142165184021, 0.08757980167865753, 1.56864595413208, -0.08586634695529938, 0.576499879360199] [0.29917198419570923, -0.638185977935791, 0.34664204716682434, 1.2901359796524048, 1.2885180711746216, 0.20360000431537628, -1.2992560863494873, -1.299340009689331]
[0.15714189410209656, -0.09595906734466553, 0.08730665594339371, 1.566480040550232, -0.08751890063285828, 0.6240633130073547] [0.30223995447158813, -0.6320499777793884, 0.33743804693222046, 1.3300199508666992, 1.290052056312561, 0.20319999754428864, -1.2992560863494873, -1.3008739948272705]
[0.15388277173042297, -0.09209973365068436, 0.08701368421316147, 1.5632866621017456, -0.08784135431051254, 0.6677342057228088] [0.3053079843521118, -0.6289819478988647, 0.3282340466976166, 1.372972011566162, 1.290052056312561, 0.20319999754428864, -1.2992560863494873, -1.3008739948272705]
[0.1500910371541977, -0.08846288174390793, 0.08667285740375519, 1.5591198205947876, -0.08724793791770935, 0.7134184241294861] [0.3083759546279907, -0.6289819478988647, 0.31749606132507324, 1.4220600128173828, 1.2885180711746216, 0.20319999754428864, -1.2992560863494873, -1.3008739948272705]
[0.14642281830310822, -0.08525130897760391, 0.08640188723802567, 1.556054949760437, -0.08715002238750458, 0.7557482719421387] [0.31297796964645386, -0.6289819478988647, 0.308292031288147, 1.452739953994751, 1.2885180711746216, 0.20319999754428864, -1.2992560863494873, -1.299340009689331]
[0.143616184592247, -0.08294891566038132, 0.08619222044944763, 1.5519248247146606, -0.08672668784856796, 0.7873786091804504] [0.3145119547843933, -0.6289819478988647, 0.30062204599380493, 1.4803520441055298, 1.2885180711746216, 0.20319999754428864, -1.2992560863494873, -1.3008739948272705]
[0.14083170890808105, -0.07865969836711884, 0.08579284697771072, 1.5534027814865112, -0.08739684522151947, 0.8306896090507507] [0.3145119547843933, -0.6090399622917175, 0.29448604583740234, 1.5064300298690796, 1.290052056312561, 0.20360000431537628, -1.2992560863494873, -1.3008739948272705]
[0.1373644471168518, -0.07548476755619049, 0.08518905937671661, 1.5532604455947876, -0.0852968767285347, 0.8717219829559326] [0.317579984664917, -0.6059719920158386, 0.28221404552459717, 1.5340420007705688, 1.290052056312561, 0.20360000431537628, -1.2992560863494873, -1.299340009689331]
[0.1355065256357193, -0.07423318922519684, 0.08486594259738922, 1.5513389110565186, -0.08265350013971329, 0.8914031386375427] [0.317579984664917, -0.6059719920158386, 0.27147603034973145, 1.569324016571045, 1.2885180711746216, 0.20319999754428864, -1.2992560863494873, -1.299340009689331]
[0.13526323437690735, -0.07395823299884796, 0.0835156962275505, 1.550772786140442, -0.07080604881048203, 0.8945964574813843] [0.317579984664917, -0.6059719920158386, 0.26227205991744995, 1.5861979722976685, 1.2885180711746216, 0.20319999754428864, -1.2992560863494873, -1.299340009689331]
[0.13513773679733276, -0.073825903236866, 0.08284024894237518, 1.550504207611084, -0.06488168984651566, 0.8961895704269409] [0.317579984664917, -0.6059719920158386, 0.25920403003692627, 1.5954020023345947, 1.2885180711746216, 0.20319999754428864, -1.2992560863494873, -1.3008739948272705]
[0.13498881459236145, -0.07297306507825851, 0.08292558044195175, 1.5504263639450073, -0.06585148721933365, 0.902418851852417] [0.317579984664917, -0.5967679619789124, 0.2576700448989868, 1.600003957748413, 1.2885180711746216, 0.20360000431537628, -1.2992560863494873, -1.299340009689331]
[0.13434258103370667, -0.06983986496925354, 0.0827782079577446, 1.5546709299087524, -0.06855285167694092, 0.924797534942627] [0.31604596972465515, -0.5691559910774231, 0.2530680298805237, 1.6015379428863525, 1.2885180711746216, 0.20319999754428864, -1.2992560863494873, -1.3008739948272705]
[0.1327771097421646, -0.06358416378498077, 0.08217974007129669, 1.563964605331421, -0.07190847396850586, 0.969907820224762] [0.317579984664917, -0.526203989982605, 0.24539804458618164, 1.6015379428863525, 1.2885180711746216, 0.20360000431537628, -1.2992560863494873, -1.3008739948272705]
[0.131597101688385, -0.05943013355135918, 0.0820588693022728, 1.5676957368850708, -0.07482181489467621, 1.0004507303237915] [0.31604596972465515, -0.4970579743385315, 0.23926204442977905, 1.6015379428863525, 1.2885180711746216, 0.20360000431537628, -1.2992560863494873, -1.3008739948272705]
[0.1311223804950714, -0.057965271174907684, 0.08185408264398575, 1.5693435668945312, -0.07469330728054047, 1.0113730430603027] [0.31604596972465515, -0.48938798904418945, 0.2377280443906784, 1.6015379428863525, 1.2885180711746216, 0.20319999754428864, -1.2992560863494873, -1.3008739948272705]
[0.1311223804950714, -0.057965271174907684, 0.08185408264398575, 1.5693435668945312, -0.07469330728054047, 1.0113730430603027] [0.31604596972465515, -0.48938798904418945, 0.2377280443906784, 1.6015379428863525, 1.2885180711746216, 0.20360000431537628, -1.2992560863494873, -1.299340009689331]
[0.1313723772764206, -0.0587337389588356, 0.08201344311237335, 1.5656546354293823, -0.07324773073196411, 1.0062288045883179] [0.31297796964645386, -0.5047279596328735, 0.23312604427337646, 1.6015379428863525, 1.2885180711746216, 0.20319999754428864, -1.2992560863494873, -1.3008739948272705]
[0.13249652087688446, -0.06289681792259216, 0.08171440660953522, 1.5575286149978638, -0.06371244043111801, 0.9769400358200073] [0.30990996956825256, -0.533873975276947, 0.23312604427337646, 1.6015379428863525, 1.2885180711746216, 0.20360000431537628, -1.2992560863494873, -1.299340009689331]
[0.13326074182987213, -0.06593768298625946, 0.08168312907218933, 1.5522770881652832, -0.05882512032985687, 0.9553422331809998] [0.3083759546279907, -0.5553499460220337, 0.23312604427337646, 1.6015379428863525, 1.2885180711746216, 0.20319999754428864, -1.2992560863494873, -1.299340009689331]
[0.13366477191448212, -0.06774074584245682, 0.08158867061138153, 1.5485268831253052, -0.05483945086598396, 0.9427914619445801] [0.30684196949005127, -0.5676219463348389, 0.23159204423427582, 1.6015379428863525, 1.2885180711746216, 0.20319999754428864, -1.2992560863494873, -1.299340009689331]
[0.13424313068389893, -0.07039853930473328, 0.08162030577659607, 1.543711543083191, -0.050923265516757965, 0.9240307211875916] [0.3053079843521118, -0.5983020067214966, 0.23005804419517517, 1.6015379428863525, 1.2885180711746216, 0.20360000431537628, -1.2992560863494873, -1.299340009689331]
[0.13496020436286926, -0.07465791702270508, 0.08103484660387039, 1.537641167640686, -0.04031354933977127, 0.8943437933921814] [0.30377396941185, -0.6289819478988647, 0.22852404415607452, 1.6015379428863525, 1.290052056312561, 0.20319999754428864, -1.2992560863494873, -1.299340009689331]
[0.13569499552249908, -0.07941403985023499, 0.08102062344551086, 1.5296965837478638, -0.03315567225217819, 0.8609766960144043] [0.30377396941185, -0.6611959934234619, 0.22852404415607452, 1.6015379428863525, 1.2885180711746216, 0.20360000431537628, -1.2992560863494873, -1.299340009689331]
[0.13612638413906097, -0.0833340659737587, 0.08070565015077591, 1.5238722562789917, -0.02513120323419571, 0.8336953520774841] [0.30377396941185, -0.6918759942054749, 0.22699004411697388, 1.600003957748413, 1.2885180711746216, 0.20360000431537628, -1.2992560863494873, -1.2978060245513916]
[0.13640062510967255, -0.08664195239543915, 0.08043990284204483, 1.5188266038894653, -0.018260285258293152, 0.8107373714447021] [0.30377396941185, -0.7164199948310852, 0.22545604407787323, 1.600003957748413, 1.2885180711746216, 0.20319999754428864, -1.2992560863494873, -1.2978060245513916]
[0.13668236136436462, -0.09102839231491089, 0.08035159111022949, 1.5120811462402344, -0.01137895043939352, 0.780098021030426] [0.30377396941185, -0.750167965888977, 0.22545604407787323, 1.600003957748413, 1.2885180711746216, 0.20360000431537628, -1.2992560863494873, -1.2978060245513916]
[0.13681307435035706, -0.0962352529168129, 0.08013077080249786, 1.5037399530410767, -0.0019631555769592524, 0.7438926100730896] [0.30377396941185, -0.7931199669837952, 0.22392204403877258, 1.600003957748413, 1.2885180711746216, 0.20319999754428864, -1.2992560863494873, -1.2978060245513916]
[0.1366601288318634, -0.10351745039224625, 0.07981886714696884, 1.491574764251709, 0.01160832867026329, 0.6932381987571716] [0.30377396941185, -0.8483439683914185, 0.21932004392147064, 1.5984699726104736, 1.2854501008987427, 0.20319999754428864, -1.2992560863494873, -1.299340009689331]
[0.13608765602111816, -0.11164970695972443, 0.07976261526346207, 1.4728524684906006, 0.024149702861905098, 0.6361967325210571] [0.30377396941185, -0.9097039699554443, 0.21932004392147064, 1.5984699726104736, 1.2808480262756348, 0.20319999754428864, -1.2992560863494873, -1.299340009689331]
[0.1353239119052887, -0.11810118705034256, 0.07994639128446579, 1.4566149711608887, 0.03233680501580238, 0.5904906392097473] [0.30377396941185, -0.9557240009307861, 0.21778604388237, 1.5954020023345947, 1.2777800559997559, 0.20319999754428864, -1.2992560863494873, -1.299340009689331]
[0.1339801400899887, -0.12571163475513458, 0.07991477102041245, 1.4345221519470215, 0.04442566633224487, 0.5362984538078308] [0.30377396941185, -1.0048120021820068, 0.2147180438041687, 1.5908000469207764, 1.2670420408248901, 0.20319999754428864, -1.2992560863494873, -1.2978060245513916]
[0.13272790610790253, -0.1312156766653061, 0.07983588427305222, 1.4144762754440308, 0.05357274413108826, 0.4967295825481415] [0.30377396941185, -1.0431619882583618, 0.21011604368686676, 1.584663987159729, 1.2609061002731323, 0.20360000431537628, -1.2992560863494873, -1.299340009689331]
[0.13131849467754364, -0.1362331211566925, 0.0794820636510849, 1.3980329036712646, 0.0649232491850853, 0.4604302942752838] [0.30377396941185, -1.090716004371643, 0.20551404356956482, 1.5739259719848633, 1.2532360553741455, 0.20360000431537628, -1.2992560863494873, -1.2978060245513916]
[0.12943033874034882, -0.14221958816051483, 0.07943984866142273, 1.377792239189148, 0.07532396167516708, 0.4162640869617462] [0.3053079843521118, -1.1244640350341797, 0.20091204345226288, 1.5739259719848633, 1.2455661296844482, 0.20319999754428864, -1.2992560863494873, -1.299340009689331]
[0.1278960406780243, -0.14636237919330597, 0.07906170189380646, 1.360192060470581, 0.08506987988948822, 0.3854407072067261] [0.3053079843521118, -1.1612800359725952, 0.19631004333496094, 1.569324016571045, 1.2332940101623535, 0.20319999754428864, -1.2992560863494873, -1.299340009689331]
[0.12644490599632263, -0.15009035170078278, 0.0790284052491188, 1.3412100076675415, 0.09129511564970016, 0.3572790026664734] [0.3053079843521118, -1.190425992012024, 0.1947760432958603, 1.569324016571045, 1.2240900993347168, 0.20319999754428864, -1.2992560863494873, -1.299340009689331]
[0.1252688467502594, -0.15303011238574982, 0.07927097380161285, 1.3239376544952393, 0.09364072233438492, 0.3347296416759491] [0.3053079843521118, -1.2119020223617554, 0.19324204325675964, 1.566256046295166, 1.21642005443573, 0.20319999754428864, -1.2992560863494873, -1.299340009689331]
[0.12433777749538422, -0.15515941381454468, 0.07929201424121857, 1.311416745185852, 0.09679291397333145, 0.3183363378047943] [0.30684196949005127, -1.2211060523986816, 0.19324204325675964, 1.566256046295166, 1.2102841138839722, 0.20319999754428864, -1.2992560863494873, -1.299340009689331]
[0.12438932806253433, -0.15496787428855896, 0.07907487452030182, 1.312341332435608, 0.09810443222522736, 0.3198890686035156] [0.3053079843521118, -1.2195719480514526, 0.1947760432958603, 1.566256046295166, 1.2102841138839722, 0.20360000431537628, -1.2992560863494873, -1.299340009689331]
[0.12441720813512802, -0.1549772173166275, 0.07924732565879822, 1.312366247177124, 0.0965789332985878, 0.31973209977149963] [0.30684196949005127, -1.2195719480514526, 0.1947760432958603, 1.566256046295166, 1.2102841138839722, 0.20360000431537628, -1.3007900714874268, -1.299340009689331]
[0.12441720813512802, -0.1549772173166275, 0.07924732565879822, 1.312366247177124, 0.0965789332985878, 0.31973209977149963] [0.3083759546279907, -1.2195719480514526, 0.1947760432958603, 1.566256046295166, 1.2102841138839722, 0.20360000431537628, -1.2992560863494873, -1.299340009689331]
[0.1243850365281105, -0.15498237311840057, 0.07903832197189331, 1.3113166093826294, 0.09803515672683716, 0.3197791576385498] [0.3083759546279907, -1.2195719480514526, 0.19631004333496094, 1.5677900314331055, 1.2102841138839722, 0.20360000431537628, -1.2992560863494873, -1.2978060245513916]
[0.1244131326675415, -0.1549866646528244, 0.0792289450764656, 1.312875509262085, 0.09650975465774536, 0.31962141394615173] [0.30990996956825256, -1.2195719480514526, 0.19784404337406158, 1.566256046295166, 1.2102841138839722, 0.20360000431537628, -1.2992560863494873, -1.299340009689331]
[0.12449216097593307, -0.15480463206768036, 0.07918394356966019, 1.3138307332992554, 0.09629346430301666, 0.3210136592388153] [0.30990996956825256, -1.2180379629135132, 0.19784404337406158, 1.5677900314331055, 1.2102841138839722, 0.20360000431537628, -1.2992560863494873, -1.299340009689331]
[0.12449216097593307, -0.15480463206768036, 0.07918394356966019, 1.3138307332992554, 0.09629346430301666, 0.3210136592388153] [0.30990996956825256, -1.2180379629135132, 0.19784404337406158, 1.5677900314331055, 1.2102841138839722, 0.20360000431537628, -1.3007900714874268, -1.299340009689331]
[0.1244090273976326, -0.15499617159366608, 0.0792105570435524, 1.3133846521377563, 0.09644075483083725, 0.3195098638534546] [0.30990996956825256, -1.2180379629135132, 0.19784404337406158, 1.5677900314331055, 1.2102841138839722, 0.20360000431537628, -1.2992560863494873, -1.299340009689331]
[0.1244090273976326, -0.15499617159366608, 0.0792105570435524, 1.3133846521377563, 0.09644075483083725, 0.3195098638534546] [0.30990996956825256, -1.2180379629135132, 0.19784404337406158, 1.5677900314331055, 1.2102841138839722, 0.20360000431537628, -1.2992560863494873, -1.299340009689331]
[0.12449216097593307, -0.15480463206768036, 0.07918394356966019, 1.3138307332992554, 0.09629346430301666, 0.3210136592388153] [0.30990996956825256, -1.2180379629135132, 0.19784404337406158, 1.5677900314331055, 1.2087500095367432, 0.20360000431537628, -1.2992560863494873, -1.299340009689331]
[0.12446007877588272, -0.15480463206768036, 0.07899299263954163, 1.3143171072006226, 0.09774912148714066, 0.32106077671051025] [0.30990996956825256, -1.2180379629135132, 0.19784404337406158, 1.5677900314331055, 1.2102841138839722, 0.20360000431537628, -1.2992560863494873, -1.299340009689331]
[0.12446007877588272, -0.15480463206768036, 0.07899299263954163, 1.3143171072006226, 0.09774912148714066, 0.32106077671051025] [0.3114439845085144, -1.2180379629135132, 0.19784404337406158, 1.5677900314331055, 1.2102841138839722, 0.20360000431537628, -1.2992560863494873, -1.299340009689331]
[0.12449216097593307, -0.15480463206768036, 0.07918394356966019, 1.3138307332992554, 0.09629346430301666, 0.3210136592388153] [0.3114439845085144, -1.2180379629135132, 0.19784404337406158, 1.5677900314331055, 1.2102841138839722, 0.20360000431537628, -1.2992560863494873, -1.299340009689331]
[0.12446007877588272, -0.15480463206768036, 0.07899299263954163, 1.3143171072006226, 0.09774912148714066, 0.32106077671051025] [0.3114439845085144, -1.2180379629135132, 0.19784404337406158, 1.5677900314331055, 1.2102841138839722, 0.20360000431537628, -1.2992560863494873, -1.299340009689331]
[0.12446007877588272, -0.15480463206768036, 0.07899299263954163, 1.3143171072006226, 0.09774912148714066, 0.32106077671051025] [0.30990996956825256, -1.2165039777755737, 0.19784404337406158, 1.5677900314331055, 1.2102841138839722, 0.20319999754428864, -1.2992560863494873, -1.299340009689331]
[0.12446007877588272, -0.15480463206768036, 0.07899299263954163, 1.3143171072006226, 0.09774912148714066, 0.32106077671051025] [0.3114439845085144, -1.2180379629135132, 0.19784404337406158, 1.5677900314331055, 1.2102841138839722, 0.20360000431537628, -1.2992560863494873, -1.299340009689331]
[0.12446007877588272, -0.15480463206768036, 0.07899299263954163, 1.3143171072006226, 0.09774912148714066, 0.32106077671051025] [0.3114439845085144, -1.2180379629135132, 0.19937804341316223, 1.5677900314331055, 1.2102841138839722, 0.20360000431537628, -1.2992560863494873, -1.299340009689331]
[0.12443189322948456, -0.1547950804233551, 0.0788205936551094, 1.3142926692962646, 0.09927429258823395, 0.3212207853794098] [0.3114439845085144, -1.2180379629135132, 0.19784404337406158, 1.5708580017089844, 1.2102841138839722, 0.9971999526023865, -1.3007900714874268, -1.299340009689331]
