0
0
0
1
0
0
0
0
0
0
19
252
1194
0
3383
6423
6389
8219
0
9188
8267
8338
9932
0
9969
7799
9163
0
9479
8466
9250
12537
0
11636
11060
11162
11312
0
9672
9302
9754
0
8145
7316
5553
5862
0
5367
4951
5118
0
5107
6009
4989
5830
2
4187
3579
3616
3194
0
3072
2374
2586
0
2140
1844
1557
1516
0
1067
826
873
805
0
595
468
509
0
385
400
356
339
0
345
310
279
219
0
207
164
117
0
80
73
46
39
0
50
38
38
0
30
39
22
23
0
29
23
23
24
0
20
19
24
0
26
19
25
18
0
18
10
17
20
0
24
17
19
0
19
17
10
22
0
18
14
9
17
0
19
11
9
0
19
21
18
14
0
19
22
16
0
55
49
34
20
0
32
30
18
23
0
27
17
26
0
15
24
29
31
0
23
24
34
29
0
52
39
39
0
33
47
48
60
0
50
45
43
47
0
67
74
53
0
53
39
36
31
0
38
25
14
0
28
26
15
20
0
11
14
16
12
0
12
6
6
0
4
4
7
3
0
0
1
1
1
0
1
0
6
0
6
1
3
2
0
6
6
5
2
0
0
1
1
0
0
1
1
3
0
1
2
0
0
1
