0
0
0
1
0
0
0
0
0
0
0
2
0
0
0
3
34
511
0
1768
4144
6275
7699
0
8209
7715
8812
0
9057
8767
9317
10395
0
9047
8445
10466
11250
0
10035
11820
12916
0
11038
9946
10015
9160
0
7536
7339
6854
0
6833
6482
5531
6040
2
5317
5763
5948
5075
0
4359
3619
3599
0
3111
3355
2703
2499
0
2119
1833
1717
1375
0
1078
955
1009
0
720
578
508
442
0
435
414
383
344
0
338
316
256
0
218
180
126
115
0
101
67
78
0
49
40
38
40
0
29
40
28
27
0
32
29
25
0
25
30
27
30
0
13
19
27
15
0
16
19
19
0
28
15
21
19
0
21
23
23
14
0
14
9
11
0
21
12
13
11
0
19
31
15
0
53
52
31
28
0
38
18
15
22
0
20
24
27
0
18
28
16
21
0
20
27
33
24
0
32
30
26
0
18
38
34
43
0
38
57
50
48
0
56
58
59
0
65
42
44
34
0
46
41
32
0
43
35
23
23
0
16
20
21
21
0
18
15
6
0
5
11
10
6
0
3
7
7
1
0
1
0
6
0
6
1
3
2
0
6
6
5
2
0
0
1
1
0
0
1
1
3
0
1
2
0
0
1
