[0.38353186566382647, 0.03666240145685151, 0.16793601075187325] [0.06596330553293228, -0.17958371341228485, 0.2913496792316437, 0.13626424968242645, 0.3211522698402405, -0.2080039381980896] [0.17645196616649628, -0.47251397371292114, -0.23781196773052216, 0.28076398372650146, 0.4172060489654541, 0.9975999593734741, -1.2961881160736084, -1.2947380542755127]
[0.38353186566382647, 0.03666240145685151, 0.16793601075187325] [0.06597261875867844, -0.17986498773097992, 0.29112911224365234, 0.1356794834136963, 0.32213401794433594, -0.2095354050397873] [0.17645196616649628, -0.4740479588508606, -0.2393459677696228, 0.28076398372650146, 0.41567206382751465, 0.9975999593734741, -1.3023240566253662, -1.282465934753418]
[0.38353186566382647, 0.03666240145685151, 0.16793601075187325] [0.06649340689182281, -0.17958194017410278, 0.29009342193603516, 0.13660064339637756, 0.3275185227394104, -0.20833832025527954] [0.17798596620559692, -0.47251397371292114, -0.2393459677696228, 0.28076398372650146, 0.41567206382751465, 0.9975999593734741, -1.3023240566253662, -1.2809319496154785]
[0.38353186566382647, 0.03666240145685151, 0.16793601075187325] [0.06688973307609558, -0.17959560453891754, 0.2896534502506256, 0.1346421241760254, 0.32999950647354126, -0.2083692103624344] [0.17798596620559692, -0.47251397371292114, -0.2393459677696228, 0.28076398372650146, 0.4172060489654541, 0.9979999661445618, -1.3023240566253662, -1.2809319496154785]
[0.38353186566382647, 0.03666240145685151, 0.16793601075187325] [0.06699670851230621, -0.17957764863967896, 0.2896144688129425, 0.13605976104736328, 0.3301140367984772, -0.20830285549163818] [0.17798596620559692, -0.47251397371292114, -0.2393459677696228, 0.28076398372650146, 0.41567206382751465, 0.9975999593734741, -1.3023240566253662, -1.2809319496154785]
[0.38353186566382647, 0.03666240145685151, 0.16793601075187325] [0.06521730124950409, -0.17939263582229614, 0.29027023911476135, 0.13885320723056793, 0.3272869288921356, -0.20664873719215393] [0.18258796632289886, -0.47251397371292114, -0.24087996780872345, 0.2822979688644409, 0.4202740490436554, 0.08760000020265579, -1.29312002658844, -1.2701940536499023]
[0.38353186566382647, 0.03666240145685151, 0.16793601075187325] [0.06533418595790863, -0.17936675250530243, 0.29055702686309814, 0.13900414109230042, 0.3259064853191376, -0.2066488265991211] [0.18258796632289886, -0.47251397371292114, -0.2424139678478241, 0.2822979688644409, 0.4202740490436554, 0.08799999952316284, -1.29312002658844, -1.2701940536499023]
[0.38353186566382647, 0.03666240145685151, 0.16793601075187325] [0.06558579206466675, -0.17852294445037842, 0.2909819781780243, 0.1404169797897339, 0.3245922029018402, -0.1971794068813324] [0.17645196616649628, -0.467911958694458, -0.24394796788692474, 0.2915019690990448, 0.4202740490436554, 0.08760000020265579, -1.2915860414505005, -1.2655919790267944]
[0.38353186566382647, 0.03666240145685151, 0.16793601075187325] [0.06664803624153137, -0.17340020835399628, 0.2926951050758362, 0.14764057099819183, 0.31672075390815735, -0.17008565366268158] [0.17491796612739563, -0.44950395822525024, -0.2454819679260254, 0.3007059693336487, 0.4202740490436554, 0.08799999952316284, -1.2793140411376953, -1.245650053024292]
[0.38353186566382647, 0.03666240145685151, 0.16793601075187325] [0.06523313373327255, -0.17111195623874664, 0.2963103950023651, 0.15061958134174347, 0.30095043778419495, -0.15748031437397003] [0.17184996604919434, -0.4418339729309082, -0.2454819679260254, 0.30223995447158813, 0.4202740490436554, 0.08799999952316284, -1.2578380107879639, -1.228775978088379]
[0.38353186566382647, 0.03666240145685151, 0.16793601075187325] [0.06492878496646881, -0.16746774315834045, 0.3000144362449646, 0.15743426978588104, 0.28247296810150146, -0.1376730501651764] [0.1672479659318924, -0.41728997230529785, -0.2454819679260254, 0.3053079843521118, 0.4202740490436554, 0.08799999952316284, -1.231760025024414, -1.1965620517730713]
[0.38353186566382647, 0.03666240145685151, 0.16793601075187325] [0.06472599506378174, -0.15596187114715576, 0.3060806393623352, 0.17257358133792877, 0.25056618452072144, -0.07799594104290009] [0.16571396589279175, -0.36206597089767456, -0.2454819679260254, 0.3053079843521118, 0.4202740490436554, 0.08799999952316284, -1.2118180990219116, -1.1658819913864136]
[0.38353186566382647, 0.03666240145685151, 0.16793601075187325] [0.06429033726453781, -0.14863161742687225, 0.3102162182331085, 0.1807878017425537, 0.22877052426338196, -0.03980497270822525] [0.1641799658536911, -0.32218196988105774, -0.2454819679260254, 0.3053079843521118, 0.4202740490436554, 0.08760000020265579, -1.201080083847046, -1.14900803565979]
[0.38353186566382647, 0.03666240145685151, 0.16793601075187325] [0.06347747892141342, -0.13824383914470673, 0.31547585129737854, 0.18717384338378906, 0.20188356935977936, 0.010163946077227592] [0.15957796573638916, -0.2792299687862396, -0.2454819679260254, 0.3053079843521118, 0.4202740490436554, 0.08799999952316284, -1.1842060089111328, -1.1305999755859375]
[0.38353186566382647, 0.03666240145685151, 0.16793601075187325] [0.06286833435297012, -0.13111698627471924, 0.31965911388397217, 0.1901012808084488, 0.18048810958862305, 0.04423699900507927] [0.15344196557998657, -0.24394796788692474, -0.2454819679260254, 0.3053079843521118, 0.4202740490436554, 0.08799999952316284, -1.178070068359375, -1.1244640350341797]
[0.38353186566382647, 0.03666240145685151, 0.16793601075187325] [0.06275615096092224, -0.1250026673078537, 0.32170942425727844, 0.19252334535121918, 0.16959281265735626, 0.0736599713563919] [0.15037396550178528, -0.2101999670267105, -0.2454819679260254, 0.3053079843521118, 0.4202740490436554, 0.08799999952316284, -1.1765360832214355, -1.1213959455490112]
[0.38353186566382647, 0.03666240145685151, 0.16793601075187325] [0.06309166550636292, -0.11618339270353317, 0.3241245448589325, 0.19486014544963837, 0.15722523629665375, 0.11528761684894562] [0.1442379653453827, -0.15650996565818787, -0.2454819679260254, 0.3053079843521118, 0.4202740490436554, 0.08760000020265579, -1.1796040534973145, -1.1229300498962402]
[0.38353186566382647, 0.03666240145685151, 0.16793601075187325] [0.06411179155111313, -0.09818851202726364, 0.3256935179233551, 0.2003561556339264, 0.14855822920799255, 0.20022937655448914] [0.1381019651889801, -0.0859459638595581, -0.2454819679260254, 0.3053079843521118, 0.4202740490436554, 0.08799999952316284, -1.1826720237731934, -1.1244640350341797]
[0.38353186566382647, 0.03666240145685151, 0.16793601075187325] [0.06436806172132492, -0.08744538575410843, 0.3266379237174988, 0.20323041081428528, 0.14354075491428375, 0.25113096833229065] [0.13043196499347687, -0.02305196225643158, -0.2454819679260254, 0.30377396941185, 0.4202740490436554, 0.08799999952316284, -1.181138038635254, -1.1213959455490112]
[0.38353186566382647, 0.03666240145685151, 0.16793601075187325] [0.06342144310474396, -0.07022690027952194, 0.32922232151031494, 0.20534734427928925, 0.13087929785251617, 0.3325531780719757] [0.11662595719099045, 0.05364803969860077, -0.2454819679260254, 0.3053079843521118, 0.41874003410339355, 0.08799999952316284, -1.1826720237731934, -1.1229300498962402]
[0.38353186566382647, 0.03666240145685151, 0.16793601075187325] [0.062188081443309784, -0.060369689017534256, 0.3309767246246338, 0.20500987768173218, 0.12230821698904037, 0.37850314378738403] [0.10742195695638657, 0.10120204091072083, -0.2454819679260254, 0.30377396941185, 0.4202740490436554, 0.08799999952316284, -1.1826720237731934, -1.1229300498962402]
[0.38353186566382647, 0.03666240145685151, 0.16793601075187325] [0.06047920510172844, -0.050152432173490524, 0.33246031403541565, 0.2031020224094391, 0.11553767323493958, 0.42738229036331177] [0.10128595679998398, 0.15182404220104218, -0.24701596796512604, 0.3053079843521118, 0.4202740490436554, 0.08799999952316284, -1.1857401132583618, -1.1244640350341797]
[0.38353186566382647, 0.03666240145685151, 0.16793601075187325] [0.057486314326524734, -0.03648879751563072, 0.3337012529373169, 0.19969400763511658, 0.11067008972167969, 0.4930364787578583] [0.09514996409416199, 0.21011604368686676, -0.2500839829444885, 0.3053079843521118, 0.4202740490436554, 0.08799999952316284, -1.1857401132583618, -1.1244640350341797]
[0.38353186566382647, 0.03666240145685151, 0.16793601075187325] [0.05527769401669502, -0.029164306819438934, 0.3338702321052551, 0.19904468953609467, 0.11031842976808548, 0.5297690629959106] [0.09514996409416199, 0.24233004450798035, -0.2500839829444885, 0.3053079843521118, 0.4202740490436554, 0.08799999952316284, -1.1872740983963013, -1.1244640350341797]
[0.38353186566382647, 0.03666240145685151, 0.16793601075187325] [0.05318187549710274, -0.022989101707935333, 0.33385416865348816, 0.2003559023141861, 0.11020316928625107, 0.5605677366256714] [0.09514996409416199, 0.2730100452899933, -0.251617968082428, 0.3053079843521118, 0.4202740490436554, 0.08799999952316284, -1.1872740983963013, -1.1259980201721191]
[0.38353186566382647, 0.03666240145685151, 0.16793601075187325] [0.04907451570034027, -0.012732882983982563, 0.33382415771484375, 0.20250393450260162, 0.10954810678958893, 0.6126514673233032] [0.09514996409416199, 0.32670003175735474, -0.251617968082428, 0.3053079843521118, 0.4202740490436554, 0.08760000020265579, -1.1872740983963013, -1.1244640350341797]
[0.38353186566382647, 0.03666240145685151, 0.16793601075187325] [0.04890727624297142, -0.012231539003551006, 0.3334883749485016, 0.200844869017601, 0.11232251673936844, 0.6186572313308716] [0.09668396413326263, 0.3389720320701599, -0.251617968082428, 0.31297796964645386, 0.41874003410339355, 0.08799999952316284, -1.1872740983963013, -1.129065990447998]
[0.38353186566382647, 0.03666240145685151, 0.16793601075187325] [0.04760758951306343, -0.0105061624199152, 0.33283400535583496, 0.20534314215183258, 0.11693436652421951, 0.6384707689285278] [0.09668396413326263, 0.3389720320701599, -0.251617968082428, 0.355929970741272, 0.41874003410339355, 0.08799999952316284, -1.193410038948059, -1.1336679458618164]
[0.38353186566382647, 0.03666240145685151, 0.16793601075187325] [0.045056380331516266, -0.0072273132391273975, 0.3310755491256714, 0.21310022473335266, 0.12878769636154175, 0.6781331896781921] [0.09668396413326263, 0.3389720320701599, -0.25315195322036743, 0.39427995681762695, 0.41874003410339355, 0.08799999952316284, -1.198012113571167, -1.1382700204849243]
[0.38353186566382647, 0.03666240145685151, 0.16793601075187325] [0.04196539521217346, -0.0034724175930023193, 0.32927316427230835, 0.22063666582107544, 0.1418258100748062, 0.7253797650337219] [0.09821796417236328, 0.3389720320701599, -0.251617968082428, 0.44643598794937134, 0.41874003410339355, 0.08799999952316284, -1.1995460987091064, -1.1382700204849243]
[0.38353186566382647, 0.03666240145685151, 0.16793601075187325] [0.03084312006831169, 0.006216071546077728, 0.3245466351509094, 0.24831752479076385, 0.1742984503507614, 0.8595442175865173] [0.10435395687818527, 0.3389720320701599, -0.2546859681606293, 0.5814279913902283, 0.4172060489654541, 0.08760000020265579, -1.2026140689849854, -1.1428719758987427]
[0.38353186566382647, 0.03666240145685151, 0.16793601075187325] [0.023742808029055595, 0.01117379404604435, 0.32186493277549744, 0.26061078906059265, 0.19479387998580933, 0.9411430358886719] [0.10588795691728592, 0.3389720320701599, -0.26388996839523315, 0.6504579782485962, 0.4172060489654541, 0.08799999952316284, -1.213352084159851, -1.1536099910736084]
[0.38353186566382647, 0.03666240145685151, 0.16793601075187325] [0.021952206268906593, 0.012543429620563984, 0.31976228952407837, 0.264555424451828, 0.20846590399742126, 0.970771312713623] [0.10588795691728592, 0.3389720320701599, -0.2776959538459778, 0.6888079643249512, 0.4172060489654541, 0.08799999952316284, -1.2409640550613403, -1.182755947113037]
[0.38353186566382647, 0.03666240145685151, 0.16793601075187325] [0.02006939798593521, 0.014423738233745098, 0.3137115240097046, 0.27314022183418274, 0.2443968504667282, 1.0206761360168457] [0.10742195695638657, 0.34050604701042175, -0.3053079843521118, 0.7286919951438904, 0.4172060489654541, 0.08760000020265579, -1.2563040256500244, -1.1980960369110107]
[0.38353186566382647, 0.03666240145685151, 0.16793601075187325] [0.018926244229078293, 0.015407459810376167, 0.3092852830886841, 0.27691587805747986, 0.27209728956222534, 1.0562278032302856] [0.10588795691728592, 0.34050604701042175, -0.3283179700374603, 0.7655079960823059, 0.4172060489654541, 0.08799999952316284, -1.2685760259628296, -1.205765962600708]
[0.38353186566382647, 0.03666240145685151, 0.16793601075187325] [0.012123753316700459, 0.017866473644971848, 0.3051099479198456, 0.24644629657268524, 0.3208225965499878, 1.1080366373062134] [0.10588795691728592, 0.34050604701042175, -0.41115397214889526, 0.8253339529037476, 0.4172060489654541, 0.08799999952316284, -1.2701101303100586, -1.2042319774627686]
[0.38353186566382647, 0.03666240145685151, 0.16793601075187325] [0.012618828564882278, 0.015255630947649479, 0.2971196472644806, 0.2353266328573227, 0.3737350106239319, 1.134961485862732] [0.10588795691728592, 0.34050604701042175, -0.4356979727745056, 0.8299359679222107, 0.41567206382751465, 0.08799999952316284, -1.2701101303100586, -1.2042319774627686]
[0.38353186566382647, 0.03666240145685151, 0.16793601075187325] [0.013216887600719929, 0.014622878283262253, 0.2957408130168915, 0.23189616203308105, 0.3817252814769745, 1.1353856325149536] [0.10588795691728592, 0.3389720320701599, -0.4387659728527069, 0.8284019827842712, 0.4172060489654541, 0.08760000020265579, -1.271644115447998, -1.205765962600708]
[0.38353186566382647, 0.03666240145685151, 0.16793601075187325] [0.012065019458532333, 0.015577467158436775, 0.29769763350486755, 0.21683205664157867, 0.37854108214378357, 1.1275315284729004] [0.10588795691728592, 0.3389720320701599, -0.44029998779296875, 0.8237999677658081, 0.41567206382751465, 0.08760000020265579, -1.2808480262756348, -1.2180379629135132]
[0.38353186566382647, 0.03666240145685151, 0.16793601075187325] [0.012452361173927784, 0.01576186902821064, 0.2980274260044098, 0.21185359358787537, 0.3777224123477936, 1.1199108362197876] [0.10281995683908463, 0.3389720320701599, -0.44029998779296875, 0.8099939823150635, 0.41567206382751465, 0.08760000020265579, -1.2977221012115479, -1.2364460229873657]
[0.38353186566382647, 0.03666240145685151, 0.16793601075187325] [0.017603127285838127, 0.015110109001398087, 0.29725387692451477, 0.20701342821121216, 0.37852180004119873, 1.0990395545959473] [0.09361596405506134, 0.3389720320701599, -0.44029998779296875, 0.7961879968643188, 0.41260403394699097, 0.08760000020265579, -1.3238000869750977, -1.260990023612976]
[0.38353186566382647, 0.03666240145685151, 0.16793601075187325] [0.020963743329048157, 0.014835144393146038, 0.29451969265937805, 0.2232288122177124, 0.38494089245796204, 1.1025255918502808] [0.09054796397686005, 0.3389720320701599, -0.44029998779296875, 0.7931199669837952, 0.41260403394699097, 0.08760000020265579, -1.333004117012024, -1.2701940536499023]
[0.38353186566382647, 0.03666240145685151, 0.16793601075187325] [0.023645779117941856, 0.014516009017825127, 0.29266443848609924, 0.23590855300426483, 0.38740330934524536, 1.0997843742370605] [0.0859459638595581, 0.3389720320701599, -0.43723195791244507, 0.78084796667099, 0.4110700488090515, 0.08760000020265579, -1.3437421321868896, -1.2809319496154785]
[0.38353186566382647, 0.03666240145685151, 0.16793601075187325] [0.030174704268574715, 0.01238836906850338, 0.28989359736442566, 0.2437489777803421, 0.38779404759407043, 1.0807312726974487] [0.07674196362495422, 0.3389720320701599, -0.43723195791244507, 0.7486339807510376, 0.4110700488090515, 0.08760000020265579, -1.3560140132904053, -1.2962720394134521]
[0.38353186566382647, 0.03666240145685151, 0.16793601075187325] [0.03398807719349861, 0.01201223861426115, 0.29321223497390747, 0.21308298408985138, 0.37712252140045166, 1.0415743589401245] [0.061401963233947754, 0.3389720320701599, -0.43723195791244507, 0.7164199948310852, 0.4110700488090515, 0.08760000020265579, -1.3759560585021973, -1.3146799802780151]
[0.38353186566382647, 0.03666240145685151, 0.16793601075187325] [0.041728440672159195, 0.010395367629826069, 0.29542943835258484, 0.18829071521759033, 0.36314573884010315, 0.9933544993400574] [0.03378996253013611, 0.3389720320701599, -0.4356979727745056, 0.6703999638557434, 0.4110700488090515, 0.08760000020265579, -1.402034044265747, -1.340757966041565]
[0.38353186566382647, 0.03666240145685151, 0.16793601075187325] [0.04975355044007301, 0.008440664038062096, 0.29574427008628845, 0.17398951947689056, 0.35506975650787354, 0.9507572054862976] [0.01844996213912964, 0.3389720320701599, -0.4356979727745056, 0.638185977935791, 0.4110700488090515, 0.08760000020265579, -1.4143060445785522, -1.356097936630249]
[0.38353186566382647, 0.03666240145685151, 0.16793601075187325] [0.05413065850734711, 0.007108458783477545, 0.29568982124328613, 0.16715040802955627, 0.3505235016345978, 0.9274418950080872] [0.006177961826324463, 0.3389720320701599, -0.43723195791244507, 0.6105740070343018, 0.4110700488090515, 0.08760000020265579, -1.4311801195144653, -1.3745059967041016]
[0.38353186566382647, 0.03666240145685151, 0.16793601075187325] [0.06145959347486496, 0.0051177917048335075, 0.29613733291625977, 0.15348848700523376, 0.3409039080142975, 0.8909817337989807] [-0.01683203876018524, 0.3389720320701599, -0.4356979727745056, 0.5783599615097046, 0.4110700488090515, 0.08760000020265579, -1.4465200901031494, -1.3898459672927856]
[0.38353186566382647, 0.03666240145685151, 0.16793601075187325] [0.06635873764753342, 0.0036839849781244993, 0.29591548442840576, 0.14690345525741577, 0.33654212951660156, 0.8663403391838074] [-0.026036038994789124, 0.3389720320701599, -0.43723195791244507, 0.5584179759025574, 0.4110700488090515, 0.08760000020265579, -1.4511220455169678, -1.392914056777954]
[0.38353186566382647, 0.03666240145685151, 0.16793601075187325] [0.0683777779340744, 0.0029077441431581974, 0.2948627769947052, 0.14606015384197235, 0.3380577564239502, 0.8542687296867371] [-0.026036038994789124, 0.3389720320701599, -0.4356979727745056, 0.533873975276947, 0.4110700488090515, 0.08760000020265579, -1.4511220455169678, -1.392914056777954]
[0.38353186566382647, 0.03666240145685151, 0.16793601075187325] [0.07154637575149536, 0.0010091011645272374, 0.2947908043861389, 0.1400013417005539, 0.33288928866386414, 0.825968325138092] [-0.026036038994789124, 0.3389720320701599, -0.4356979727745056, 0.5093299746513367, 0.4110700488090515, 0.08760000020265579, -1.4526560306549072, -1.392914056777954]
[0.38353186566382647, 0.03666240145685151, 0.16793601075187325] [0.07434508949518204, -0.000991479610092938, 0.29422274231910706, 0.13733792304992676, 0.32890039682388306, 0.8022925853729248] [-0.026036038994789124, 0.3389720320701599, -0.4356979727745056, 0.4878539741039276, 0.4110700488090515, 0.08760000020265579, -1.4526560306549072, -1.3944480419158936]
[0.38353186566382647, 0.03666240145685151, 0.16793601075187325] [0.07929670810699463, -0.004594701342284679, 0.29100164771080017, 0.14428739249706268, 0.32909443974494934, 0.7724339365959167] [-0.024502038955688477, 0.33743804693222046, -0.4326299726963043, 0.44950395822525024, 0.4110700488090515, 0.08760000020265579, -1.4541900157928467, -1.3944480419158936]
[0.38353186566382647, 0.03666240145685151, 0.16793601075187325] [0.08199868351221085, -0.006637494079768658, 0.2911176085472107, 0.14447489380836487, 0.32156309485435486, 0.7445602416992188] [-0.024502038955688477, 0.335904061794281, -0.4310959577560425, 0.4188239574432373, 0.4110700488090515, 0.08760000020265579, -1.4541900157928467, -1.395982027053833]
[0.38353186566382647, 0.03666240145685151, 0.16793601075187325] [0.08386935293674469, -0.008229984901845455, 0.29155370593070984, 0.13999421894550323, 0.3155413866043091, 0.7231141924858093] [-0.024502038955688477, 0.335904061794281, -0.429561972618103, 0.41115397214889526, 0.4110700488090515, 0.08799999952316284, -1.4541900157928467, -1.3944480419158936]
[0.38353186566382647, 0.03666240145685151, 0.16793601075187325] [0.08372677862644196, -0.008208105340600014, 0.29180195927619934, 0.14565475285053253, 0.3127332329750061, 0.7222878336906433] [-0.02296803891658783, 0.335904061794281, -0.42342597246170044, 0.4157559871673584, 0.4110700488090515, 0.08799999952316284, -1.4526560306549072, -1.3944480419158936]
[0.38353186566382647, 0.03666240145685151, 0.16793601075187325] [0.08284555375576019, -0.007931088097393513, 0.29180166125297546, 0.14765231311321259, 0.31295451521873474, 0.7282829284667969] [-0.019900038838386536, 0.335904061794281, -0.42342597246170044, 0.4188239574432373, 0.4110700488090515, 0.08760000020265579, -1.4465200901031494, -1.3898459672927856]
[0.38353186566382647, 0.03666240145685151, 0.16793601075187325] [0.08023793250322342, -0.007060609757900238, 0.2917506992816925, 0.15231801569461823, 0.3149014115333557, 0.7435839772224426] [-0.013764038681983948, 0.335904061794281, -0.42342597246170044, 0.43723195791244507, 0.4110700488090515, 0.08760000020265579, -1.4342480897903442, -1.3821760416030884]
[0.38353186566382647, 0.03666240145685151, 0.16793601075187325] [0.07773969322443008, -0.006586224306374788, 0.29232120513916016, 0.15465335547924042, 0.31353703141212463, 0.7521107792854309] [-0.006094038486480713, 0.33743804693222046, -0.42342597246170044, 0.44643598794937134, 0.41260403394699097, 0.08799999952316284, -1.425044059753418, -1.372972011566162]
[0.38353186566382647, 0.03666240145685151, 0.16793601075187325] [0.07467242330312729, -0.0061226277612149715, 0.2916986048221588, 0.1601715236902237, 0.317952036857605, 0.7608546018600464] [0.00771196186542511, 0.33743804693222046, -0.42342597246170044, 0.4510379731655121, 0.41260403394699097, 0.08799999952316284, -1.406636118888855, -1.3514959812164307]
[0.38353186566382647, 0.03666240145685151, 0.16793601075187325] [0.06915447115898132, -0.004930978175252676, 0.2907298803329468, 0.17026357352733612, 0.3266288638114929, 0.7796657085418701] [0.035323962569236755, 0.3389720320701599, -0.4249599575996399, 0.4847859740257263, 0.41260403394699097, 0.08799999952316284, -1.3851600885391235, -1.3300199508666992]
[0.38353186566382647, 0.03666240145685151, 0.16793601075187325] [0.0642886534333229, -0.003143628826364875, 0.2909926474094391, 0.17683722078800201, 0.33090364933013916, 0.8058319091796875] [0.04912996292114258, 0.3389720320701599, -0.42342597246170044, 0.5031939744949341, 0.4141380488872528, 0.08799999952316284, -1.366752028465271, -1.317747950553894]
[0.38353186566382647, 0.03666240145685151, 0.16793601075187325] [0.05700813978910446, -0.0010669046314433217, 0.29077067971229553, 0.18741147220134735, 0.33847665786743164, 0.8387634754180908] [0.07213996350765228, 0.3389720320701599, -0.4249599575996399, 0.5660879611968994, 0.41567206382751465, 0.08760000020265579, -1.3299360275268555, -1.2732620239257812]
[0.38353186566382647, 0.03666240145685151, 0.16793601075187325] [0.04376453161239624, 0.003592156572267413, 0.2906703054904938, 0.21157273650169373, 0.35209178924560547, 0.9167766571044922] [0.10128595679998398, 0.3389720320701599, -0.4310959577560425, 0.6182439923286438, 0.4172060489654541, 0.08799999952316284, -1.3069260120391846, -1.2563879489898682]
[0.38353186566382647, 0.03666240145685151, 0.16793601075187325] [0.037608567625284195, 0.005068340338766575, 0.2913717031478882, 0.20713937282562256, 0.3582640290260315, 0.9464337229728699] [0.11048995703458786, 0.3389720320701599, -0.4356979727745056, 0.6473900079727173, 0.4172060489654541, 0.08760000020265579, -1.29312002658844, -1.241047978401184]
[0.38353186566382647, 0.03666240145685151, 0.16793601075187325] [0.028368860483169556, 0.007107604760676622, 0.29173004627227783, 0.20994964241981506, 0.3673480749130249, 0.9894689321517944] [0.13196596503257751, 0.3389720320701599, -0.4525719881057739, 0.6995459794998169, 0.4172060489654541, 0.08799999952316284, -1.2563040256500244, -1.205765962600708]
[0.38353186566382647, 0.03666240145685151, 0.16793601075187325] [0.02156919240951538, 0.00805693306028843, 0.2916313111782074, 0.19992399215698242, 0.3796660602092743, 1.0192092657089233] [0.14270396530628204, 0.3389720320701599, -0.46330997347831726, 0.7271579504013062, 0.4172060489654541, 0.08799999952316284, -1.2394300699234009, -1.190425992012024]
[0.38353186566382647, 0.03666240145685151, 0.16793601075187325] [0.01749451272189617, 0.008640412241220474, 0.29220300912857056, 0.1886485069990158, 0.3868964612483978, 1.038994550704956] [0.14577196538448334, 0.33437004685401917, -0.47864997386932373, 0.7455660104751587, 0.41874003410339355, 0.08760000020265579, -1.2240900993347168, -1.1750860214233398]
[0.38353186566382647, 0.03666240145685151, 0.16793601075187325] [0.011798729188740253, 0.009001411497592926, 0.2920109033584595, 0.17682038247585297, 0.3989607095718384, 1.0615774393081665] [0.15190796554088593, 0.3190300464630127, -0.49245595932006836, 0.7716439962387085, 0.41874003410339355, 0.08799999952316284, -1.2056820392608643, -1.1628140211105347]
[0.38353186566382647, 0.03666240145685151, 0.16793601075187325] [0.009048492647707462, 0.008726182393729687, 0.2922677993774414, 0.16777148842811584, 0.4048827886581421, 1.0701357126235962] [0.1580439656972885, 0.3098260462284088, -0.5001260042190552, 0.7823820114135742, 0.41874003410339355, 0.08799999952316284, -1.193410038948059, -1.1566779613494873]
[0.38353186566382647, 0.03666240145685151, 0.16793601075187325] [0.006858718581497669, 0.007430163212120533, 0.2924053966999054, 0.16472534835338593, 0.40583357214927673, 1.0652295351028442] [0.16878196597099304, 0.2990880608558655, -0.5031939744949341, 0.7900519967079163, 0.41874003410339355, 0.08760000020265579, -1.1734681129455566, -1.1382700204849243]
[0.38353186566382647, 0.03666240145685151, 0.16793601075187325] [0.004797870758920908, 0.005290000233799219, 0.2929335832595825, 0.16023458540439606, 0.4067826569080353, 1.0593724250793457] [0.17338396608829498, 0.28528204560279846, -0.5016599893569946, 0.7977219820022583, 0.41874003410339355, 0.08760000020265579, -1.1688660383224487, -1.1352019309997559]
[0.38353186566382647, 0.03666240145685151, 0.16793601075187325] [0.004845083691179752, 0.0028251302428543568, 0.29350465536117554, 0.15914590656757355, 0.4069743752479553, 1.0500380992889404] [0.17338396608829498, 0.26534003019332886, -0.5016599893569946, 0.808459997177124, 0.41874003410339355, 0.08760000020265579, -1.1688660383224487, -1.1352019309997559]
[0.38353186566382647, 0.03666240145685151, 0.16793601075187325] [0.007354917004704475, -0.001970850396901369, 0.2934429347515106, 0.15694428980350494, 0.40972334146499634, 1.0213912725448608] [0.17338396608829498, 0.23159204423427582, -0.5016599893569946, 0.808459997177124, 0.4202740490436554, 0.08760000020265579, -1.1688660383224487, -1.1352019309997559]
[0.38353186566382647, 0.03666240145685151, 0.16793601075187325] [0.0090410141274333, -0.004455821122974157, 0.2935839295387268, 0.1554170399904251, 0.4103286862373352, 1.0035508871078491] [0.17184996604919434, 0.22238804399967194, -0.5016599893569946, 0.808459997177124, 0.4202740490436554, 0.08760000020265579, -1.1704000234603882, -1.1352019309997559]
[0.38353186566382647, 0.03666240145685151, 0.16793601075187325] [0.00981675274670124, -0.005187072325497866, 0.29347965121269226, 0.1554548144340515, 0.41149434447288513, 0.9976273775100708] [0.17184996604919434, 0.21625204384326935, -0.5016599893569946, 0.8023239970207214, 0.42180806398391724, 0.08760000020265579, -1.1796040534973145, -1.1398040056228638]
[0.38353186566382647, 0.03666240145685151, 0.16793601075187325] [0.013532192446291447, -0.007314670365303755, 0.2938151955604553, 0.14950279891490936, 0.406874418258667, 0.9664812088012695] [0.16878196597099304, 0.21318404376506805, -0.5016599893569946, 0.7823820114135742, 0.42180806398391724, 0.08760000020265579, -1.1888080835342407, -1.14900803565979]
[0.38353186566382647, 0.03666240145685151, 0.16793601075187325] [0.015235666185617447, -0.007528838235884905, 0.29415813088417053, 0.1465207189321518, 0.40519702434539795, 0.961191713809967] [0.1611119657754898, 0.2116500437259674, -0.5001260042190552, 0.7777799963951111, 0.42180806398391724, 0.08799999952316284, -1.2041480541229248, -1.1628140211105347]
[0.38353186566382647, 0.03666240145685151, 0.16793601075187325] [0.02083835005760193, -0.00812240969389677, 0.288911372423172, 0.17560364305973053, 0.42285269498825073, 0.968543291091919] [0.15497596561908722, 0.2116500437259674, -0.5001260042190552, 0.770110011100769, 0.42180806398391724, 0.08760000020265579, -1.2148860692977905, -1.172018051147461]
[0.38353186566382647, 0.03666240145685151, 0.16793601075187325] [0.022742796689271927, -0.008521202951669693, 0.288443386554718, 0.1749001294374466, 0.4223406910896301, 0.9591323733329773] [0.15190796554088593, 0.2116500437259674, -0.49859195947647095, 0.7593719959259033, 0.4202740490436554, 0.08760000020265579, -1.2225561141967773, -1.1796879768371582]
[0.38353186566382647, 0.03666240145685151, 0.16793601075187325] [0.02499454841017723, -0.008920569904148579, 0.28846073150634766, 0.1752869039773941, 0.41943666338920593, 0.949291467666626] [0.14730596542358398, 0.2116500437259674, -0.4939899742603302, 0.742497980594635, 0.4202740490436554, 0.08760000020265579, -1.2424980401992798, -1.2011640071868896]
[0.38353186566382647, 0.03666240145685151, 0.16793601075187325] [0.03086186572909355, -0.010097452439367771, 0.2890418767929077, 0.1679086536169052, 0.4117927551269531, 0.9239721894264221] [0.12736396491527557, 0.2116500437259674, -0.4909219741821289, 0.7210220098495483, 0.4202740490436554, 0.08760000020265579, -1.2609061002731323, -1.2180379629135132]
[0.38353186566382647, 0.03666240145685151, 0.16793601075187325] [0.03565552830696106, -0.010919589549303055, 0.2890048027038574, 0.16434338688850403, 0.4085746705532074, 0.9072657823562622] [0.11202395707368851, 0.2116500437259674, -0.48938798904418945, 0.7010799646377563, 0.4202740490436554, 0.08760000020265579, -1.2808480262756348, -1.2379800081253052]
[0.38353186566382647, 0.03666240145685151, 0.16793601075187325] [0.04027484729886055, -0.011959155090153217, 0.2894431948661804, 0.15827465057373047, 0.40251055359840393, 0.8881688714027405] [0.09361596405506134, 0.2116500437259674, -0.4878539741039276, 0.6750019788742065, 0.4202740490436554, 0.08760000020265579, -1.3161300420761108, -1.2717280387878418]
[0.38353186566382647, 0.03666240145685151, 0.16793601075187325] [0.049364857375621796, -0.013467789627611637, 0.29011979699134827, 0.1476534903049469, 0.39261794090270996, 0.857620120048523] [0.05986796319484711, 0.2116500437259674, -0.4847859740257263, 0.6535259485244751, 0.4202740490436554, 0.08760000020265579, -1.3391400575637817, -1.2947380542755127]
[0.38353186566382647, 0.03666240145685151, 0.16793601075187325] [0.05512164533138275, -0.014416957274079323, 0.2902447581291199, 0.14354151487350464, 0.3865986466407776, 0.839202880859375] [0.039925962686538696, 0.2116500437259674, -0.48325198888778687, 0.6397199630737305, 0.4202740490436554, 0.08760000020265579, -1.3621500730514526, -1.319282054901123]
[0.38353186566382647, 0.03666240145685151, 0.16793601075187325] [0.060721106827259064, -0.015498357824981213, 0.2905470132827759, 0.13573385775089264, 0.38063138723373413, 0.8212036490440369] [0.01231396198272705, 0.2116500437259674, -0.48325198888778687, 0.6182439923286438, 0.4202740490436554, 0.08760000020265579, -1.3805580139160156, -1.3361560106277466]
[0.38353186566382647, 0.03666240145685151, 0.16793601075187325] [0.06683492660522461, -0.016548845916986465, 0.2901753783226013, 0.13078029453754425, 0.3773321807384491, 0.8043622374534607] [-0.003026038408279419, 0.2116500437259674, -0.48325198888778687, 0.6059719920158386, 0.4202740490436554, 0.08799999952316284, -1.3928301334381104, -1.3514959812164307]
[0.38353186566382647, 0.03666240145685151, 0.16793601075187325] [0.07099411636590958, -0.017663229256868362, 0.2895795404911041, 0.12724675238132477, 0.37478336691856384, 0.7880005836486816] [-0.01836603879928589, 0.2116500437259674, -0.48325198888778687, 0.5829619765281677, 0.41874003410339355, 0.08760000020265579, -1.406636118888855, -1.3622339963912964]
[0.38353186566382647, 0.03666240145685151, 0.16793601075187325] [0.07475942373275757, -0.019039347767829895, 0.28913435339927673, 0.12086272984743118, 0.37093618512153625, 0.7684019804000854] [-0.024502038955688477, 0.21011604368686676, -0.48325198888778687, 0.5691559910774231, 0.41874003410339355, 0.08760000020265579, -1.4081701040267944, -1.3637679815292358]
[0.38353186566382647, 0.03666240145685151, 0.16793601075187325] [0.07615826278924942, -0.019946681335568428, 0.28850001096725464, 0.12202475965023041, 0.371358722448349, 0.7585355639457703] [-0.024502038955688477, 0.2085820436477661, -0.481717973947525, 0.5568839907646179, 0.41874003410339355, 0.08760000020265579, -1.4081701040267944, -1.3622339963912964]
[0.38353186566382647, 0.03666240145685151, 0.16793601075187325] [0.07962054759263992, -0.02848370186984539, 0.2899712920188904, 0.1045440062880516, 0.36774885654449463, 0.6991692185401917] [-0.02296803891658783, 0.16716404259204865, -0.48631995916366577, 0.5492140054702759, 0.4202740490436554, 0.08799999952316284, -1.3974320888519287, -1.356097936630249]
[0.38353186566382647, 0.03666240145685151, 0.16793601075187325] [0.07895766198635101, -0.030561568215489388, 0.29125285148620605, 0.09388075768947601, 0.3670285642147064, 0.6852337718009949] [-0.01683203876018524, 0.15642604231834412, -0.48938798904418945, 0.5507479906082153, 0.4202740490436554, 0.08760000020265579, -1.389762043952942, -1.3484280109405518]
[0.38353186566382647, 0.03666240145685151, 0.16793601075187325] [0.07806816697120667, -0.03199470415711403, 0.29169806838035583, 0.09438883513212204, 0.3677594065666199, 0.6791685819625854] [-0.0122300386428833, 0.15182404220104218, -0.4939899742603302, 0.5538159608840942, 0.4371480345726013, 0.08760000020265579, -1.3759560585021973, -1.3361560106277466]
[0.38353186566382647, 0.03666240145685151, 0.16793601075187325] [0.07510755956172943, -0.03146200627088547, 0.29252684116363525, 0.1347426027059555, 0.3693670928478241, 0.6811394095420837] [-0.004560038447380066, 0.15029004216194153, -0.5001260042190552, 0.56455397605896, 0.4754980504512787, 0.08760000020265579, -1.366752028465271, -1.3238840103149414]
[0.38353186566382647, 0.03666240145685151, 0.16793601075187325] [0.07228157669305801, -0.030568495392799377, 0.2922093868255615, 0.14180144667625427, 0.3747078776359558, 0.6949554085731506] [0.006177961826324463, 0.15182404220104218, -0.5016599893569946, 0.572223961353302, 0.47856605052948, 0.08760000020265579, -1.3560140132904053, -1.3146799802780151]
[0.38353186566382647, 0.03666240145685151, 0.16793601075187325] [0.06986664235591888, -0.03031902015209198, 0.2913627028465271, 0.15163584053516388, 0.37998807430267334, 0.6995559930801392] [0.024585962295532227, 0.15182404220104218, -0.5001260042190552, 0.5768259763717651, 0.4816340506076813, 0.08760000020265579, -1.331470012664795, -1.2870680093765259]
[0.38353186566382647, 0.03666240145685151, 0.16793601075187325] [0.06497107446193695, -0.029844699427485466, 0.2904958128929138, 0.1598859429359436, 0.3860313594341278, 0.7062680721282959] [0.05373196303844452, 0.15489204227924347, -0.5016599893569946, 0.5783599615097046, 0.4831680655479431, 0.08760000020265579, -1.309994101524353, -1.2686599493026733]
[0.38353186566382647, 0.03666240145685151, 0.16793601075187325] [0.06076697260141373, -0.029119284823536873, 0.2904565930366516, 0.16319434344768524, 0.3877347707748413, 0.7132276892662048] [0.07367396354675293, 0.15796004235744476, -0.5016599893569946, 0.579893946647644, 0.4831680655479431, 0.08760000020265579, -1.2823820114135742, -1.241047978401184]
[0.38353186566382647, 0.03666240145685151, 0.16793601075187325] [0.05471639707684517, -0.028371909633278847, 0.28927987813949585, 0.17112012207508087, 0.3943176567554474, 0.7220240235328674] [0.11202395707368851, 0.16102804243564606, -0.5016599893569946, 0.5829619765281677, 0.4831680655479431, 0.08760000020265579, -1.254770040512085, -1.2119020223617554]
[0.38353186566382647, 0.03666240145685151, 0.16793601075187325] [0.04996760934591293, -0.02809479832649231, 0.288597971200943, 0.1763020008802414, 0.39860960841178894, 0.728130578994751] [0.13656796514987946, 0.1594940423965454, -0.5016599893569946, 0.5921659469604492, 0.48470205068588257, 0.08760000020265579, -1.2256240844726562, -1.187358021736145]
[0.38353186566382647, 0.03666240145685151, 0.16793601075187325] [0.0435369610786438, -0.02714318037033081, 0.28872808814048767, 0.1794726699590683, 0.40013253688812256, 0.7390480637550354] [0.17338396608829498, 0.16102804243564606, -0.5016599893569946, 0.6013699769973755, 0.4831680655479431, 0.08760000020265579, -1.158128023147583, -1.1183279752731323]
[0.38353186566382647, 0.03666240145685151, 0.16793601075187325] [0.02872605435550213, -0.024675309658050537, 0.2893207371234894, 0.1891176402568817, 0.4017873704433441, 0.7750301361083984] [0.22093796730041504, 0.1625620424747467, -0.5016599893569946, 0.6458559632301331, 0.4831680655479431, 0.08760000020265579, -1.1366521120071411, -1.0999200344085693]
[0.38353186566382647, 0.03666240145685151, 0.16793601075187325] [0.023262158036231995, -0.022975843399763107, 0.29100021719932556, 0.1879185438156128, 0.39854884147644043, 0.7975921630859375] [0.22553996741771698, 0.1625620424747467, -0.5031939744949341, 0.6673319935798645, 0.48470205068588257, 0.08760000020265579, -1.1228461265563965, -1.0861139297485352]
[0.38353186566382647, 0.03666240145685151, 0.16793601075187325] [0.019160086289048195, -0.02215883694589138, 0.29171931743621826, 0.1851319521665573, 0.40094783902168274, 0.8170909285545349] [0.22707396745681763, 0.15489204227924347, -0.5123980045318604, 0.7210220098495483, 0.4831680655479431, 0.08760000020265579, -1.1136420965194702, -1.0769100189208984]
[0.38353186566382647, 0.03666240145685151, 0.16793601075187325] [0.013502526096999645, -0.021320659667253494, 0.2924322783946991, 0.18072794377803802, 0.41076284646987915, 0.8519235253334045] [0.22553996741771698, 0.1456880420446396, -0.5169999599456787, 0.7486339807510376, 0.48470205068588257, 0.08760000020265579, -1.1105740070343018, -1.0738420486450195]
[0.38353186566382647, 0.03666240145685151, 0.16793601075187325] [0.01148313470184803, -0.022244570776820183, 0.2922838032245636, 0.1844317764043808, 0.417817085981369, 0.8626115322113037] [0.22400596737861633, 0.13188204169273376, -0.5185339450836182, 0.7839159965515137, 0.486236035823822, 0.08760000020265579, -1.104438066482544, -1.0677059888839722]
[0.38353186566382647, 0.03666240145685151, 0.16793601075187325] [0.009564130567014217, -0.025376571342349052, 0.2918882668018341, 0.19496409595012665, 0.42933085560798645, 0.8693461418151855] [0.22247196733951569, 0.09506604075431824, -0.5277379751205444, 0.8161299824714661, 0.5123140811920166, 0.08799999952316284, -1.0967680215835571, -1.0600359439849854]
[0.38353186566382647, 0.03666240145685151, 0.16793601075187325] [0.008353976532816887, -0.029635727405548096, 0.2915668487548828, 0.22373344004154205, 0.440714567899704, 0.8586583733558655] [0.22093796730041504, 0.06285203993320465, -0.5384759902954102, 0.8376059532165527, 0.5291880369186401, 0.08760000020265579, -1.0860300064086914, -1.0492980480194092]
[0.38353186566382647, 0.03666240145685151, 0.16793601075187325] [0.006703617982566357, -0.035249702632427216, 0.2912199795246124, 0.22171293199062347, 0.4525328278541565, 0.8423048257827759] [0.22247196733951569, 0.03370603919029236, -0.5461459755897522, 0.8652179837226868, 0.5291880369186401, 0.08760000020265579, -1.0691560506820679, -1.032423973083496]
[0.38353186566382647, 0.03666240145685151, 0.16793601075187325] [0.004265190567821264, -0.04133354872465134, 0.2912623882293701, 0.2143723964691162, 0.4636800289154053, 0.8245357275009155] [0.22247196733951569, -0.013847962021827698, -0.5568839907646179, 0.8897619843482971, 0.5291880369186401, 0.08760000020265579, -1.0584180355072021, -1.0232199430465698]
[0.38353186566382647, 0.03666240145685151, 0.16793601075187325] [0.003707566997036338, -0.044285692274570465, 0.2921117842197418, 0.20535951852798462, 0.46385419368743896, 0.8089091181755066] [0.22400596737861633, -0.029187962412834167, -0.561486005783081, 0.8943639993667603, 0.5291880369186401, 0.08799999952316284, -1.0568840503692627, -1.0232199430465698]
[0.38353186566382647, 0.03666240145685151, 0.16793601075187325] [0.003186009591445327, -0.04621437191963196, 0.2928013801574707, 0.19728398323059082, 0.46187901496887207, 0.7960675358772278] [0.22093796730041504, -0.0368579626083374, -0.561486005783081, 0.8943639993667603, 0.5291880369186401, 0.08760000020265579, -1.0568840503692627, -1.0216859579086304]
[0.38353186566382647, 0.03666240145685151, 0.16793601075187325] [0.0032747043296694756, -0.04675740376114845, 0.29343321919441223, 0.1936194896697998, 0.45867371559143066, 0.7913870215415955] [0.2194039672613144, -0.03839196264743805, -0.561486005783081, 0.8943639993667603, 0.5291880369186401, 0.08799999952316284, -1.0584180355072021, -1.0232199430465698]
[0.38353186566382647, 0.03666240145685151, 0.16793601075187325] [0.0032361915800720453, -0.0469275526702404, 0.2937687039375305, 0.18636846542358398, 0.45818817615509033, 0.7889623641967773] [0.21480196714401245, -0.03839196264743805, -0.56455397605896, 0.8943639993667603, 0.5291880369186401, 0.08760000020265579, -1.0584180355072021, -1.0232199430465698]
[0.38353186566382647, 0.03666240145685151, 0.16793601075187325] [0.00405548419803381, -0.046735767275094986, 0.2954590320587158, 0.18433396518230438, 0.4476340711116791, 0.7831770777702332] [0.20866596698760986, -0.039925962686538696, -0.5538159608840942, 0.8866939544677734, 0.5291880369186401, 0.08760000020265579, -1.0645540952682495, -1.0278220176696777]
[0.38353186566382647, 0.03666240145685151, 0.16793601075187325] [0.005390179343521595, -0.04709061235189438, 0.29649585485458374, 0.18216472864151, 0.4405885934829712, 0.7739837169647217] [0.20252996683120728, -0.04145996272563934, -0.5522819757461548, 0.8728879690170288, 0.5291880369186401, 0.08799999952316284, -1.0691560506820679, -1.0339579582214355]
[0.38353186566382647, 0.03666240145685151, 0.16793601075187325] [0.00986024085432291, -0.0480467863380909, 0.29705867171287537, 0.17422661185264587, 0.43865156173706055, 0.752518355846405] [0.1871899664402008, -0.04145996272563934, -0.5522819757461548, 0.8590819835662842, 0.5291880369186401, 0.08760000020265579, -1.084496021270752, -1.0492980480194092]
[0.38353186566382647, 0.03666240145685151, 0.16793601075187325] [0.013803617097437382, -0.04895215108990669, 0.29975783824920654, 0.16108448803424835, 0.42855104804039, 0.7387599945068359] [0.15957796573638916, -0.05219796299934387, -0.5522819757461548, 0.8514119982719421, 0.5291880369186401, 0.08799999952316284, -1.1029040813446045, -1.0661720037460327]
[0.38353186566382647, 0.03666240145685151, 0.16793601075187325] [0.01895909570157528, -0.05337994173169136, 0.3020002841949463, 0.1478552222251892, 0.41642868518829346, 0.7005971670150757] [0.13656796514987946, -0.07674196362495422, -0.5522819757461548, 0.8284019827842712, 0.5291880369186401, 0.08760000020265579, -1.1259140968322754, -1.0922499895095825]
[0.38353186566382647, 0.03666240145685151, 0.16793601075187325] [0.031081462278962135, -0.06748092919588089, 0.30537790060043335, 0.1259324699640274, 0.39590659737586975, 0.5940030217170715] [0.09975196421146393, -0.13963596522808075, -0.5522819757461548, 0.7747119665145874, 0.5291880369186401, 0.08760000020265579, -1.1596620082855225, -1.1244640350341797]
[0.38353186566382647, 0.03666240145685151, 0.16793601075187325] [0.03994651883840561, -0.08108493685722351, 0.3073691427707672, 0.10911311209201813, 0.3773631751537323, 0.4952734410762787] [0.07674196362495422, -0.19792796671390533, -0.5522819757461548, 0.7210220098495483, 0.5291880369186401, 0.08760000020265579, -1.1734681129455566, -1.1367360353469849]
[0.38353186566382647, 0.03666240145685151, 0.16793601075187325] [0.05663122609257698, -0.19103923439979553, 0.2944551408290863, -0.008527110330760479, 0.3870071768760681, -0.2115461379289627] [0.06907196342945099, -0.5967679619789124, -0.5538159608840942, 0.45563995838165283, 0.5291880369186401, 0.9971999526023865, -1.3007900714874268, -1.2717280387878418]
[0.38353186566382647, 0.03666240145685151, 0.16793601075187325] [0.05659692361950874, -0.19090279936790466, 0.29432493448257446, -0.008025859482586384, 0.38806429505348206, -0.21039056777954102] [0.06907196342945099, -0.5983020067214966, -0.5538159608840942, 0.45563995838165283, 0.5291880369186401, 0.9971999526023865, -1.3007900714874268, -1.2701940536499023]
[0.38353186566382647, 0.03666240145685151, 0.16793601075187325] [0.05647844821214676, -0.19096073508262634, 0.294319748878479, -0.007349448744207621, 0.38727763295173645, -0.20996612310409546] [0.06907196342945099, -0.5967679619789124, -0.5538159608840942, 0.4541059732437134, 0.5291880369186401, 0.9971999526023865, -1.3007900714874268, -1.2717280387878418]
[0.38353186566382647, 0.03666240145685151, 0.16793601075187325] [0.056554604321718216, -0.1908780336380005, 0.29435867071151733, -0.007748079020529985, 0.3875393867492676, -0.2100968360900879] [0.06907196342945099, -0.5967679619789124, -0.5538159608840942, 0.45563995838165283, 0.5291880369186401, 0.9971999526023865, -1.3023240566253662, -1.2717280387878418]
