[0.3700575854467309, -0.14998821719833041, 0.19177824194016663] [0.05392250418663025, -0.18457068502902985, 0.2992284893989563, 0.06326694786548615, 0.4515547752380371, -0.1433933824300766] [-0.07359004020690918, -0.6044379472732544, -0.8161299824714661, 0.6228460073471069, 0.7700260877609253, 0.9971999526023865, -1.2977221012115479, -1.3008739948272705]
[0.3700575854467309, -0.14998821719833041, 0.19177824194016663] [0.054455891251564026, -0.18454506993293762, 0.29873135685920715, 0.06337494403123856, 0.4541330337524414, -0.14277733862400055] [-0.07205604016780853, -0.6044379472732544, -0.8161299824714661, 0.6228460073471069, 0.7700260877609253, 0.9971999526023865, -1.3115280866622925, -1.2962720394134521]
[0.3700575854467309, -0.14998821719833041, 0.19177824194016663] [0.0559215247631073, -0.18471373617649078, 0.2967182993888855, 0.06230193004012108, 0.46396395564079285, -0.14315836131572723] [-0.07205604016780853, -0.6044379472732544, -0.8145959973335266, 0.6228460073471069, 0.7700260877609253, 0.9971999526023865, -1.3115280866622925, -1.2947380542755127]
[0.3700575854467309, -0.14998821719833041, 0.19177824194016663] [0.0561811625957489, -0.18473924696445465, 0.2963408827781677, 0.06371676921844482, 0.4659701883792877, -0.1432243287563324] [-0.07205604016780853, -0.6044379472732544, -0.8161299824714661, 0.6228460073471069, 0.7700260877609253, 0.9975999593734741, -1.313062071800232, -1.2962720394134521]
[0.3700575854467309, -0.14998821719833041, 0.19177824194016663] [0.056204523891210556, -0.18481068313121796, 0.29619112610816956, 0.06066812947392464, 0.46697890758514404, -0.14368070662021637] [-0.07205604016780853, -0.6044379472732544, -0.8145959973335266, 0.6228460073471069, 0.7700260877609253, 0.9971999526023865, -1.3115280866622925, -1.2947380542755127]
[0.3700575854467309, -0.14998821719833041, 0.19177824194016663] [0.056284017860889435, -0.18473084270954132, 0.29618901014328003, 0.06371663510799408, 0.46659961342811584, -0.14308254420757294] [-0.07205604016780853, -0.6044379472732544, -0.8161299824714661, 0.6228460073471069, 0.7700260877609253, 0.9971999526023865, -1.313062071800232, -1.2962720394134521]
[0.3700575854467309, -0.14998821719833041, 0.19177824194016663] [0.05630994215607643, -0.18475380539894104, 0.29613804817199707, 0.06365986913442612, 0.4669656753540039, -0.14322134852409363] [-0.07205604016780853, -0.6044379472732544, -0.8161299824714661, 0.6228460073471069, 0.7700260877609253, 0.9971999526023865, -1.3115280866622925, -1.2962720394134521]
[0.3700575854467309, -0.14998821719833041, 0.19177824194016663] [0.05619535222649574, -0.18483778834342957, 0.29611536860466003, 0.062320783734321594, 0.4671880304813385, -0.14376327395439148] [-0.07205604016780853, -0.6044379472732544, -0.8161299824714661, 0.6228460073471069, 0.7715600728988647, 0.9971999526023865, -1.3115280866622925, -1.2962720394134521]
[0.3700575854467309, -0.14998821719833041, 0.19177824194016663] [0.05619235709309578, -0.18483808636665344, 0.29615843296051025, 0.06213990971446037, 0.46676743030548096, -0.14356710016727448] [-0.07205604016780853, -0.6044379472732544, -0.8145959973335266, 0.6228460073471069, 0.7700260877609253, 0.9971999526023865, -1.3115280866622925, -1.2962720394134521]
[0.3700575854467309, -0.14998821719833041, 0.19177824194016663] [0.05552256107330322, -0.18394212424755096, 0.2974701523780823, 0.059501972049474716, 0.4624941945075989, -0.14458155632019043] [-0.07205604016780853, -0.6044379472732544, -0.8145959973335266, 0.6243799924850464, 0.7700260877609253, 0.9971999526023865, -1.3115280866622925, -1.2947380542755127]
[0.3700575854467309, -0.14998821719833041, 0.19177824194016663] [0.054804690182209015, -0.18373368680477142, 0.2984229028224945, 0.05611135810613632, 0.45886924862861633, -0.14736314117908478] [-0.07205604016780853, -0.6044379472732544, -0.8161299824714661, 0.6228460073471069, 0.7715600728988647, 0.9971999526023865, -1.3115280866622925, -1.2947380542755127]
[0.3700575854467309, -0.14998821719833041, 0.19177824194016663] [0.054652851074934006, -0.18354716897010803, 0.29874786734580994, 0.05533090606331825, 0.45780667662620544, -0.1478259414434433] [-0.07205604016780853, -0.6044379472732544, -0.8145959973335266, 0.6243799924850464, 0.7715600728988647, 0.9971999526023865, -1.3115280866622925, -1.2947380542755127]
[0.3700575854467309, -0.14998821719833041, 0.19177824194016663] [0.05458919703960419, -0.18336832523345947, 0.2986961901187897, 0.05745396390557289, 0.45877474546432495, -0.14660990238189697] [-0.07205604016780853, -0.6044379472732544, -0.8145959973335266, 0.6228460073471069, 0.7715600728988647, 0.9971999526023865, -1.3115280866622925, -1.2962720394134521]
[0.3700575854467309, -0.14998821719833041, 0.19177824194016663] [0.054599981755018234, -0.1832800954580307, 0.29881441593170166, 0.057280078530311584, 0.45789021253585815, -0.14602629840373993] [-0.07205604016780853, -0.6044379472732544, -0.8145959973335266, 0.6228460073471069, 0.7700260877609253, 0.9971999526023865, -1.3115280866622925, -1.2947380542755127]
[0.3700575854467309, -0.14998821719833041, 0.19177824194016663] [0.054566290229558945, -0.18350833654403687, 0.29885077476501465, 0.05532003566622734, 0.4574274718761444, -0.14793039858341217] [-0.07205604016780853, -0.6044379472732544, -0.8161299824714661, 0.6228460073471069, 0.7715600728988647, 0.9971999526023865, -1.3115280866622925, -1.2947380542755127]
[0.3700575854467309, -0.14998821719833041, 0.19177824194016663] [0.05463942140340805, -0.18339401483535767, 0.2988903522491455, 0.058203473687171936, 0.4569283425807953, -0.1473425179719925] [-0.07205604016780853, -0.6044379472732544, -0.8161299824714661, 0.6228460073471069, 0.7715600728988647, 0.9971999526023865, -1.3115280866622925, -1.2947380542755127]
[0.3700575854467309, -0.14998821719833041, 0.19177824194016663] [0.05474972352385521, -0.18446190655231476, 0.2935619354248047, 0.05700499936938286, 0.48269060254096985, -0.14682172238826752] [-0.05671603977680206, -0.6044379472732544, -0.8145959973335266, 0.6228460073471069, 0.7715600728988647, 0.09400000423192978, -1.313062071800232, -1.2947380542755127]
[0.3700575854467309, -0.14998821719833041, 0.19177824194016663] [0.054755132645368576, -0.18456214666366577, 0.2934455871582031, 0.05717237666249275, 0.4831467866897583, -0.1469530314207077] [-0.05671603977680206, -0.6044379472732544, -0.8145959973335266, 0.6228460073471069, 0.7715600728988647, 0.09400000423192978, -1.313062071800232, -1.2947380542755127]
[0.3700575854467309, -0.14998821719833041, 0.19177824194016663] [0.05476478487253189, -0.18456187844276428, 0.29339921474456787, 0.05893058329820633, 0.483200341463089, -0.14684267342090607] [-0.05671603977680206, -0.6044379472732544, -0.8145959973335266, 0.6228460073471069, 0.7700260877609253, 0.09400000423192978, -1.313062071800232, -1.2947380542755127]
[0.3700575854467309, -0.14998821719833041, 0.19177824194016663] [0.05475609004497528, -0.184522807598114, 0.293455570936203, 0.05693443492054939, 0.4833255112171173, -0.1471814513206482] [-0.05671603977680206, -0.6044379472732544, -0.8145959973335266, 0.6228460073471069, 0.7700260877609253, 0.09400000423192978, -1.313062071800232, -1.2947380542755127]
[0.3700575854467309, -0.14998821719833041, 0.19177824194016663] [0.054738081991672516, -0.18444529175758362, 0.293547660112381, 0.05649459734559059, 0.48321741819381714, -0.1474246233701706] [-0.05671603977680206, -0.6044379472732544, -0.8145959973335266, 0.6228460073471069, 0.7715600728988647, 0.09400000423192978, -1.313062071800232, -1.2947380542755127]
[0.3700575854467309, -0.14998821719833041, 0.19177824194016663] [0.054723843932151794, -0.1844785362482071, 0.2935328185558319, 0.05669784173369408, 0.48306968808174133, -0.14728081226348877] [-0.05671603977680206, -0.6044379472732544, -0.8145959973335266, 0.6228460073471069, 0.7715600728988647, 0.09400000423192978, -1.313062071800232, -1.2947380542755127]
[0.3700575854467309, -0.14998821719833041, 0.19177824194016663] [0.0546846017241478, -0.18455448746681213, 0.2934369444847107, 0.05534742772579193, 0.48375362157821655, -0.1477881819009781] [-0.05671603977680206, -0.6044379472732544, -0.8145959973335266, 0.6228460073471069, 0.7715600728988647, 0.09400000423192978, -1.313062071800232, -1.2947380542755127]
[0.3700575854467309, -0.14998821719833041, 0.19177824194016663] [0.05475737154483795, -0.18452292680740356, 0.293467253446579, 0.056971561163663864, 0.48322296142578125, -0.14709602296352386] [-0.05671603977680206, -0.6044379472732544, -0.8161299824714661, 0.6228460073471069, 0.7715600728988647, 0.09400000423192978, -1.313062071800232, -1.2962720394134521]
[0.3700575854467309, -0.14998821719833041, 0.19177824194016663] [0.054861173033714294, -0.18445569276809692, 0.2931936979293823, 0.0598396435379982, 0.48343929648399353, -0.14509455859661102] [-0.05671603977680206, -0.5967679619789124, -0.8145959973335266, 0.6213119626045227, 0.7700260877609253, 0.09400000423192978, -1.313062071800232, -1.2962720394134521]
[0.3700575854467309, -0.14998821719833041, 0.19177824194016663] [0.05620888993144035, -0.18184423446655273, 0.29365044832229614, 0.05833933874964714, 0.48032525181770325, -0.13067631423473358] [-0.05825003981590271, -0.5829619765281677, -0.8145959973335266, 0.6213119626045227, 0.7715600728988647, 0.09400000423192978, -1.313062071800232, -1.2947380542755127]
[0.3700575854467309, -0.14998821719833041, 0.19177824194016663] [0.057792771607637405, -0.17903250455856323, 0.2944996953010559, 0.06282239407300949, 0.4748600423336029, -0.11395171284675598] [-0.06592004001140594, -0.5706899762153625, -0.8130619525909424, 0.6213119626045227, 0.7715600728988647, 0.09400000423192978, -1.313062071800232, -1.2947380542755127]
[0.3700575854467309, -0.14998821719833041, 0.19177824194016663] [0.05937081202864647, -0.1748422533273697, 0.29675960540771484, 0.06394073367118835, 0.4638901948928833, -0.09345023334026337] [-0.06898804008960724, -0.5430779457092285, -0.8115279674530029, 0.6213119626045227, 0.7700260877609253, 0.09400000423192978, -1.3069260120391846, -1.2870680093765259]
[0.3700575854467309, -0.14998821719833041, 0.19177824194016663] [0.06021625176072121, -0.1705051213502884, 0.29872897267341614, 0.06334255635738373, 0.45523539185523987, -0.07247772067785263] [-0.07052204012870789, -0.5216019749641418, -0.8099939823150635, 0.6213119626045227, 0.7715600728988647, 0.09400000423192978, -1.2992560863494873, -1.2763299942016602]
[0.3700575854467309, -0.14998821719833041, 0.19177824194016663] [0.06108899414539337, -0.16410724818706512, 0.301158607006073, 0.06343116611242294, 0.443565309047699, -0.03879835456609726] [-0.06898804008960724, -0.48631995916366577, -0.8115279674530029, 0.6213119626045227, 0.7715600728988647, 0.09400000423192978, -1.290052056312561, -1.2655919790267944]
[0.3700575854467309, -0.14998821719833041, 0.19177824194016663] [0.062455326318740845, -0.15717466175556183, 0.3028266429901123, 0.06499797850847244, 0.43506306409835815, -0.001353601342998445] [-0.07052204012870789, -0.4449019730091095, -0.8099939823150635, 0.6213119626045227, 0.7715600728988647, 0.09400000423192978, -1.290052056312561, -1.2625240087509155]
[0.3700575854467309, -0.14998821719833041, 0.19177824194016663] [0.06444928795099258, -0.1482776552438736, 0.30420219898223877, 0.06452656537294388, 0.4280802607536316, 0.04600241407752037] [-0.07205604016780853, -0.39427995681762695, -0.8099939823150635, 0.6213119626045227, 0.7700260877609253, 0.09400000423192978, -1.290052056312561, -1.2517859935760498]
[0.3700575854467309, -0.14998821719833041, 0.19177824194016663] [0.06646382808685303, -0.1393144428730011, 0.30626484751701355, 0.06164387986063957, 0.41764014959335327, 0.09299445152282715] [-0.08279404044151306, -0.3574639558792114, -0.8099939823150635, 0.6213119626045227, 0.7715600728988647, 0.09400000423192978, -1.294654130935669, -1.2533199787139893]
[0.3700575854467309, -0.14998821719833041, 0.19177824194016663] [0.06927263736724854, -0.13136455416679382, 0.31073233485221863, 0.05891847983002663, 0.39501625299453735, 0.1327270269393921] [-0.10580404102802277, -0.30990996956825256, -0.8099939823150635, 0.6213119626045227, 0.7700260877609253, 0.09400000423192978, -1.3023240566253662, -1.2533199787139893]
[0.3700575854467309, -0.14998821719833041, 0.19177824194016663] [0.07246508449316025, -0.12008073925971985, 0.3142717182636261, 0.05249065160751343, 0.37805676460266113, 0.1885634958744049] [-0.12421204149723053, -0.251617968082428, -0.8099939823150635, 0.6213119626045227, 0.7715600728988647, 0.09400000423192978, -1.3084601163864136, -1.2594560384750366]
[0.3700575854467309, -0.14998821719833041, 0.19177824194016663] [0.07397906482219696, -0.1108296737074852, 0.31374391913414, 0.05003498122096062, 0.38143372535705566, 0.23517169058322906] [-0.12421204149723053, -0.2101999670267105, -0.8099939823150635, 0.6213119626045227, 0.7715600728988647, 0.09400000423192978, -1.313062071800232, -1.2625240087509155]
[0.3700575854467309, -0.14998821719833041, 0.19177824194016663] [0.0752030611038208, -0.09679095447063446, 0.3125380873680115, 0.04769635945558548, 0.388163298368454, 0.306311696767807] [-0.12421204149723053, -0.1181599572300911, -0.808459997177124, 0.6213119626045227, 0.7715600728988647, 0.09400000423192978, -1.3191981315612793, -1.2686599493026733]
[0.3700575854467309, -0.14998821719833041, 0.19177824194016663] [0.07535897195339203, -0.08398883789777756, 0.31138306856155396, 0.046430837363004684, 0.393904447555542, 0.3717254102230072] [-0.12421204149723053, -0.06907196342945099, -0.808459997177124, 0.6213119626045227, 0.7715600728988647, 0.09400000423192978, -1.333004117012024, -1.284000039100647]
[0.3700575854467309, -0.14998821719833041, 0.19177824194016663] [0.07584351301193237, -0.07290583103895187, 0.3090379536151886, 0.050644002854824066, 0.40462788939476013, 0.43012765049934387] [-0.12421204149723053, -0.009245961904525757, -0.808459997177124, 0.6213119626045227, 0.7700260877609253, 0.09400000423192978, -1.348344087600708, -1.2978060245513916]
[0.3700575854467309, -0.14998821719833041, 0.19177824194016663] [0.07661169022321701, -0.06703239679336548, 0.30631279945373535, 0.05596849322319031, 0.4161515235900879, 0.46289268136024475] [-0.12421204149723053, 0.013764038681983948, -0.808459997177124, 0.6213119626045227, 0.7700260877609253, 0.09400000423192978, -1.366752028465271, -1.317747950553894]
[0.3700575854467309, -0.14998821719833041, 0.19177824194016663] [0.07834748923778534, -0.06121228262782097, 0.30192461609840393, 0.06393686681985855, 0.4339302182197571, 0.49649274349212646] [-0.12421204149723053, 0.04291003942489624, -0.8099939823150635, 0.6213119626045227, 0.7715600728988647, 0.09400000423192978, -1.386694073677063, -1.3346220254898071]
[0.3700575854467309, -0.14998821719833041, 0.19177824194016663] [0.07920913398265839, -0.05782654136419296, 0.29901912808418274, 0.07124312967061996, 0.4466027021408081, 0.5176350474357605] [-0.12421204149723053, 0.05978403985500336, -0.808459997177124, 0.6213119626045227, 0.7715600728988647, 0.09400000423192978, -1.3989660739898682, -1.3453600406646729]
[0.3700575854467309, -0.14998821719833041, 0.19177824194016663] [0.08083663135766983, -0.056633152067661285, 0.2960280179977417, 0.07981055229902267, 0.4583849608898163, 0.5259056091308594] [-0.12421204149723053, 0.061318039894104004, -0.808459997177124, 0.6197779774665833, 0.7715600728988647, 0.09400000423192978, -1.402034044265747, -1.3468940258026123]
[0.3700575854467309, -0.14998821719833041, 0.19177824194016663] [0.08169928938150406, -0.05658092722296715, 0.2941533625125885, 0.08517203480005264, 0.4663872718811035, 0.5293607711791992] [-0.12421204149723053, 0.061318039894104004, -0.808459997177124, 0.6213119626045227, 0.7700260877609253, 0.09400000423192978, -1.402034044265747, -1.3468940258026123]
[0.3700575854467309, -0.14998821719833041, 0.19177824194016663] [0.08180728554725647, -0.05652916431427002, 0.2935066521167755, 0.08676829934120178, 0.46938249468803406, 0.5301202535629272] [-0.12267804145812988, 0.061318039894104004, -0.8069260120391846, 0.6228460073471069, 0.7715600728988647, 0.09400000423192978, -1.4005000591278076, -1.3438260555267334]
[0.3700575854467309, -0.14998821719833041, 0.19177824194016663] [0.08056803047657013, -0.056197892874479294, 0.2920753061771393, 0.09560571610927582, 0.47819164395332336, 0.5393163561820984] [-0.11500804126262665, 0.061318039894104004, -0.8099939823150635, 0.6366519927978516, 0.7715600728988647, 0.09400000423192978, -1.386694073677063, -1.3300199508666992]
[0.3700575854467309, -0.14998821719833041, 0.19177824194016663] [0.07857786864042282, -0.056114308536052704, 0.29125046730041504, 0.09406577795743942, 0.48757341504096985, 0.5452045202255249] [-0.10427004098892212, 0.061318039894104004, -0.8145959973335266, 0.6443219780921936, 0.7715600728988647, 0.09400000423192978, -1.3698201179504395, -1.3100780248641968]
[0.3700575854467309, -0.14998821719833041, 0.19177824194016663] [0.07391254603862762, -0.0556822270154953, 0.29037347435951233, 0.0990249291062355, 0.4966272711753845, 0.553266167640686] [-0.07819204032421112, 0.061318039894104004, -0.8145959973335266, 0.6443219780921936, 0.7730940580368042, 0.09400000423192978, -1.348344087600708, -1.2932039499282837]
[0.3700575854467309, -0.14998821719833041, 0.19177824194016663] [0.07140330970287323, -0.05596476420760155, 0.2899880111217499, 0.10193935036659241, 0.5000320076942444, 0.5540872812271118] [-0.05978403985500336, 0.06285203993320465, -0.8145959973335266, 0.6458559632301331, 0.7715600728988647, 0.09400000423192978, -1.3238000869750977, -1.2701940536499023]
[0.3700575854467309, -0.14998821719833041, 0.19177824194016663] [0.06647773087024689, -0.055882617831230164, 0.2889697551727295, 0.10933505743741989, 0.5065317749977112, 0.5585445165634155] [-0.03217203915119171, 0.061318039894104004, -0.8130619525909424, 0.6473900079727173, 0.7730940580368042, 0.09400000423192978, -1.3069260120391846, -1.2548539638519287]
[0.3700575854467309, -0.14998821719833041, 0.19177824194016663] [0.06309428066015244, -0.05603140592575073, 0.2886561453342438, 0.10975281149148941, 0.5092093348503113, 0.5587695837020874] [-0.0122300386428833, 0.061318039894104004, -0.8130619525909424, 0.6473900079727173, 0.7715600728988647, 0.09400000423192978, -1.2869840860366821, -1.2333779335021973]
[0.3700575854467309, -0.14998821719833041, 0.19177824194016663] [0.057418644428253174, -0.056043390184640884, 0.28809577226638794, 0.11521472781896591, 0.5123798251152039, 0.561256468296051] [0.019983962178230286, 0.061318039894104004, -0.8130619525909424, 0.6473900079727173, 0.7715600728988647, 0.09400000423192978, -1.236362099647522, -1.190425992012024]
[0.3700575854467309, -0.14998821719833041, 0.19177824194016663] [0.05152181163430214, -0.0563330203294754, 0.28800809383392334, 0.11883725970983505, 0.513822615146637, 0.5617837905883789] [0.055265963077545166, 0.05978403985500336, -0.8130619525909424, 0.6535259485244751, 0.7715600728988647, 0.09400000423192978, -1.213352084159851, -1.1643480062484741]
[0.3700575854467309, -0.14998821719833041, 0.19177824194016663] [0.04616208374500275, -0.056107498705387115, 0.28823208808898926, 0.1187325119972229, 0.5147624611854553, 0.5667537450790405] [0.07980996370315552, 0.05825003981590271, -0.8130619525909424, 0.6596620082855225, 0.7715600728988647, 0.09400000423192978, -1.1888080835342407, -1.1398040056228638]
[0.3700575854467309, -0.14998821719833041, 0.19177824194016663] [0.040438197553157806, -0.05634642764925957, 0.28843954205513, 0.12117288261651993, 0.5181326866149902, 0.5722758173942566] [0.09821796417236328, 0.04904603958129883, -0.8145959973335266, 0.6888079643249512, 0.7730940580368042, 0.09400000423192978, -1.1519920825958252, -1.1075899600982666]
[0.3700575854467309, -0.14998821719833041, 0.19177824194016663] [0.032545097172260284, -0.05700531601905823, 0.28999438881874084, 0.1219620332121849, 0.522193431854248, 0.5850685834884644] [0.11355795711278915, 0.0383080393075943, -0.8145959973335266, 0.7179539799690247, 0.7730940580368042, 0.09400000423192978, -1.1320500373840332, -1.0891820192337036]
[0.3700575854467309, -0.14998821719833041, 0.19177824194016663] [0.028680093586444855, -0.05748337134718895, 0.29035484790802, 0.1257593333721161, 0.5277531743049622, 0.593662440776825] [0.12122795730829239, 0.03217203915119171, -0.8145959973335266, 0.7378959655761719, 0.7730940580368042, 0.09400000423192978, -1.1075060367584229, -1.0661720037460327]
[0.3700575854467309, -0.14998821719833041, 0.19177824194016663] [0.02322525717318058, -0.056854307651519775, 0.29080745577812195, 0.13034170866012573, 0.5319862365722656, 0.608034610748291] [0.13196596503257751, 0.02757003903388977, -0.8145959973335266, 0.7593719959259033, 0.7730940580368042, 0.09400000423192978, -1.0937000513076782, -1.0539000034332275]
[0.3700575854467309, -0.14998821719833041, 0.19177824194016663] [0.020046651363372803, -0.057341162115335464, 0.29078856110572815, 0.13299614191055298, 0.5372083187103271, 0.6152337789535522] [0.1381019651889801, 0.01683203876018524, -0.8161299824714661, 0.78084796667099, 0.7730940580368042, 0.09400000423192978, -1.0752921104431152, -1.035491943359375]
[0.3700575854467309, -0.14998821719833041, 0.19177824194016663] [0.016343217343091965, -0.05954926088452339, 0.2911491394042969, 0.13393476605415344, 0.5401521921157837, 0.6096855998039246] [0.14883996546268463, -0.001575961709022522, -0.8222659826278687, 0.7946540117263794, 0.7730940580368042, 0.09400000423192978, -1.0538160800933838, -1.0155500173568726]
[0.3700575854467309, -0.14998821719833041, 0.19177824194016663] [0.012191781774163246, -0.06412021070718765, 0.29156360030174255, 0.11917883157730103, 0.5437496304512024, 0.585845947265625] [0.1611119657754898, -0.024585962295532227, -0.8284019827842712, 0.7992559671401978, 0.7730940580368042, 0.09400000423192978, -1.0369420051574707, -0.9986760020256042]
[0.3700575854467309, -0.14998821719833041, 0.19177824194016663] [0.010466824285686016, -0.06786824017763138, 0.2926025986671448, 0.11229181289672852, 0.5377950072288513, 0.5618345737457275] [0.16571396589279175, -0.04759596288204193, -0.8345379829406738, 0.8038579821586609, 0.7730940580368042, 0.09400000423192978, -1.0338740348815918, -0.9986760020256042]
[0.3700575854467309, -0.14998821719833041, 0.19177824194016663] [0.010079308412969112, -0.07035932689905167, 0.2930162250995636, 0.10388646274805069, 0.5377206802368164, 0.546130895614624] [0.16571396589279175, -0.05679996311664581, -0.8360719680786133, 0.8023239970207214, 0.7730940580368042, 0.09400000423192978, -1.0338740348815918, -0.9986760020256042]
[0.3700575854467309, -0.14998821719833041, 0.19177824194016663] [0.010008024051785469, -0.07130837440490723, 0.29363325238227844, 0.10112378746271133, 0.5346953272819519, 0.5385681986808777] [0.1641799658536911, -0.061401963233947754, -0.8360719680786133, 0.8023239970207214, 0.7746280431747437, 0.09400000423192978, -1.0369420051574707, -1.0002100467681885]
[0.3700575854467309, -0.14998821719833041, 0.19177824194016663] [0.010473565198481083, -0.07195515185594559, 0.2933669984340668, 0.1054854467511177, 0.5372028946876526, 0.5338393449783325] [0.1611119657754898, -0.06446996331214905, -0.8360719680786133, 0.8007899522781372, 0.7792300581932068, 0.09400000423192978, -1.043078064918518, -1.0048120021820068]
[0.3700575854467309, -0.14998821719833041, 0.19177824194016663] [0.012495402246713638, -0.07252144068479538, 0.2927825152873993, 0.10613180696964264, 0.5429427027702332, 0.5282235145568848] [0.15344196557998657, -0.07060596346855164, -0.8360719680786133, 0.7992559671401978, 0.7792300581932068, 0.09400000423192978, -1.0522820949554443, -1.0094139575958252]
[0.3700575854467309, -0.14998821719833041, 0.19177824194016663] [0.01465930137783289, -0.07362451404333115, 0.29194948077201843, 0.10727474838495255, 0.5500310659408569, 0.5204004049301147] [0.15190796554088593, -0.07213996350765228, -0.8360719680786133, 0.7961879968643188, 0.7792300581932068, 0.09400000423192978, -1.0676220655441284, -1.0262880325317383]
[0.3700575854467309, -0.14998821719833041, 0.19177824194016663] [0.016410771757364273, -0.07371009886264801, 0.2915191352367401, 0.10899671167135239, 0.5531345009803772, 0.5202374458312988] [0.1442379653453827, -0.07213996350765228, -0.8360719680786133, 0.7900519967079163, 0.7792300581932068, 0.09400000423192978, -1.081428050994873, -1.040094017982483]
[0.3700575854467309, -0.14998821719833041, 0.19177824194016663] [0.019408227875828743, -0.07364607602357864, 0.29200685024261475, 0.10698658972978592, 0.5515795946121216, 0.5175779461860657] [0.13043196499347687, -0.07213996350765228, -0.8360719680786133, 0.7777799963951111, 0.7792300581932068, 0.09400000423192978, -1.1213120222091675, -1.0799779891967773]
[0.3700575854467309, -0.14998821719833041, 0.19177824194016663] [0.0264147762209177, -0.0746959000825882, 0.2928239107131958, 0.10358701646327972, 0.5459915995597839, 0.506106972694397] [0.09821796417236328, -0.07367396354675293, -0.8360719680786133, 0.7777799963951111, 0.7792300581932068, 0.09400000423192978, -1.1489241123199463, -1.1029880046844482]
[0.3700575854467309, -0.14998821719833041, 0.19177824194016663] [0.031158922240138054, -0.07445205748081207, 0.2930885851383209, 0.1048908680677414, 0.5452823638916016, 0.5064024329185486] [0.07520796358585358, -0.07367396354675293, -0.8345379829406738, 0.7747119665145874, 0.7792300581932068, 0.09360000491142273, -1.1704000234603882, -1.1275320053100586]
[0.3700575854467309, -0.14998821719833041, 0.19177824194016663] [0.03803986683487892, -0.0747188925743103, 0.2934155762195587, 0.10688497126102448, 0.5454829931259155, 0.5052165389060974] [0.035323962569236755, -0.07367396354675293, -0.8345379829406738, 0.7747119665145874, 0.7792300581932068, 0.09360000491142273, -1.2148860692977905, -1.1735520362854004]
[0.3700575854467309, -0.14998821719833041, 0.19177824194016663] [0.042823564261198044, -0.07493423670530319, 0.29389986395835876, 0.10284876078367233, 0.5437185764312744, 0.5038588047027588] [0.003109961748123169, -0.07367396354675293, -0.8360719680786133, 0.773177981376648, 0.7792300581932068, 0.09400000423192978, -1.2440320253372192, -1.202697992324829]
[0.3700575854467309, -0.14998821719833041, 0.19177824194016663] [0.04977930709719658, -0.07455677539110184, 0.29404303431510925, 0.1035182997584343, 0.5422811508178711, 0.5048606991767883] [-0.030638039112091064, -0.07367396354675293, -0.8345379829406738, 0.7716439962387085, 0.7792300581932068, 0.09400000423192978, -1.2915860414505005, -1.245650053024292]
[0.3700575854467309, -0.14998821719833041, 0.19177824194016663] [0.05667946860194206, -0.074623703956604, 0.2941536009311676, 0.10070565342903137, 0.5414041876792908, 0.5035443902015686] [-0.06745404005050659, -0.07367396354675293, -0.8345379829406738, 0.770110011100769, 0.7792300581932068, 0.09400000423192978, -1.309994101524353, -1.2655919790267944]
[0.3700575854467309, -0.14998821719833041, 0.19177824194016663] [0.0619906522333622, -0.07498385012149811, 0.2934912443161011, 0.10300713032484055, 0.541405439376831, 0.501246452331543] [-0.09199804067611694, -0.07367396354675293, -0.8345379829406738, 0.770110011100769, 0.7792300581932068, 0.09400000423192978, -1.331470012664795, -1.284000039100647]
[0.3700575854467309, -0.14998821719833041, 0.19177824194016663] [0.0669192373752594, -0.07526086270809174, 0.2923005521297455, 0.10640282928943634, 0.5432982444763184, 0.5030431747436523] [-0.11807604134082794, -0.07367396354675293, -0.8345379829406738, 0.7685759663581848, 0.7792300581932068, 0.09400000423192978, -1.3544800281524658, -1.3085440397262573]
[0.3700575854467309, -0.14998821719833041, 0.19177824194016663] [0.07082593441009521, -0.07580148428678513, 0.29216188192367554, 0.10582210123538971, 0.5401965975761414, 0.5001940131187439] [-0.13495004177093506, -0.07520796358585358, -0.8345379829406738, 0.7685759663581848, 0.7792300581932068, 0.09360000491142273, -1.371354103088379, -1.3254179954528809]
[0.3700575854467309, -0.14998821719833041, 0.19177824194016663] [0.07479989528656006, -0.076434426009655, 0.29153963923454285, 0.10722734034061432, 0.5400323867797852, 0.49623680114746094] [-0.15489204227924347, -0.0859459638595581, -0.8330039978027344, 0.7655079960823059, 0.7792300581932068, 0.09360000491142273, -1.3882280588150024, -1.337689995765686]
[0.3700575854467309, -0.14998821719833041, 0.19177824194016663] [0.07823013514280319, -0.0794677585363388, 0.2890324592590332, 0.1150558665394783, 0.5480964779853821, 0.48324599862098694] [-0.1594940423965454, -0.10128595679998398, -0.8299359679222107, 0.7639739513397217, 0.7792300581932068, 0.09360000491142273, -1.3912960290908813, -1.340757966041565]
[0.3700575854467309, -0.14998821719833041, 0.19177824194016663] [0.0796249583363533, -0.0823068767786026, 0.2887558341026306, 0.11533758789300919, 0.5461185574531555, 0.4654180705547333] [-0.16102804243564606, -0.1150919571518898, -0.8299359679222107, 0.7563039660453796, 0.7792300581932068, 0.09400000423192978, -1.3928301334381104, -1.3422919511795044]
[0.3700575854467309, -0.14998821719833041, 0.19177824194016663] [0.08051474392414093, -0.08563394844532013, 0.28816384077072144, 0.11558181047439575, 0.5474006533622742, 0.44659408926963806] [-0.16102804243564606, -0.13349996507167816, -0.8299359679222107, 0.7563039660453796, 0.7792300581932068, 0.09400000423192978, -1.3928301334381104, -1.340757966041565]
[0.3700575854467309, -0.14998821719833041, 0.19177824194016663] [0.08071765303611755, -0.08996285498142242, 0.287771999835968, 0.11676312237977982, 0.548603892326355, 0.4247211217880249] [-0.1594940423965454, -0.1580439656972885, -0.8299359679222107, 0.7563039660453796, 0.7792300581932068, 0.09400000423192978, -1.3912960290908813, -1.340757966041565]
[0.3700575854467309, -0.14998821719833041, 0.19177824194016663] [0.0808190107345581, -0.09466231614351273, 0.28689926862716675, 0.12057338654994965, 0.552685022354126, 0.40324050188064575] [-0.15642604231834412, -0.18105396628379822, -0.8299359679222107, 0.7563039660453796, 0.7792300581932068, 0.09400000423192978, -1.383626103401184, -1.3346220254898071]
[0.3700575854467309, -0.14998821719833041, 0.19177824194016663] [0.07818719744682312, -0.10153408348560333, 0.28942248225212097, 0.11244671791791916, 0.5455923676490784, 0.3620908856391907] [-0.14875604212284088, -0.2163359671831131, -0.8330039978027344, 0.7609059810638428, 0.7792300581932068, 0.09400000423192978, -1.3759560585021973, -1.3284859657287598]
[0.3700575854467309, -0.14998821719833041, 0.19177824194016663] [0.07595964521169662, -0.10355010628700256, 0.2909208834171295, 0.10684900730848312, 0.5428059101104736, 0.3486706018447876] [-0.14415404200553894, -0.22400596737861633, -0.8360719680786133, 0.7655079960823059, 0.7792300581932068, 0.09400000423192978, -1.366752028465271, -1.3208160400390625]
[0.3700575854467309, -0.14998821719833041, 0.19177824194016663] [0.07329986989498138, -0.10314471274614334, 0.2914176285266876, 0.11391724646091461, 0.5463764667510986, 0.3584866225719452] [-0.13801804184913635, -0.22707396745681763, -0.8360719680786133, 0.78084796667099, 0.7807640433311462, 0.09400000423192978, -1.3560140132904053, -1.3116120100021362]
[0.3700575854467309, -0.14998821719833041, 0.19177824194016663] [0.07118003815412521, -0.10294727236032486, 0.2905849814414978, 0.11578480899333954, 0.5535815954208374, 0.3642309308052063] [-0.12574604153633118, -0.22707396745681763, -0.8376059532165527, 0.7854499816894531, 0.7792300581932068, 0.09400000423192978, -1.3437421321868896, -1.299340009689331]
[0.3700575854467309, -0.14998821719833041, 0.19177824194016663] [0.06890801340341568, -0.10288020223379135, 0.2901083827018738, 0.11823750287294388, 0.5575779676437378, 0.36649417877197266] [-0.113474041223526, -0.22707396745681763, -0.8376059532165527, 0.788517951965332, 0.7807640433311462, 0.09400000423192978, -1.328402042388916, -1.279397964477539]
[0.3700575854467309, -0.14998821719833041, 0.19177824194016663] [0.06418327242136002, -0.10231053829193115, 0.28957274556159973, 0.12241782993078232, 0.5638502240180969, 0.3732735812664032] [-0.08586204051971436, -0.22553996741771698, -0.8376059532165527, 0.7915859818458557, 0.7807640433311462, 0.09400000423192978, -1.3084601163864136, -1.260990023612976]
[0.3700575854467309, -0.14998821719833041, 0.19177824194016663] [0.06109370291233063, -0.1023908406496048, 0.2886851131916046, 0.12546657025814056, 0.5689594149589539, 0.37486132979393005] [-0.06592004001140594, -0.22553996741771698, -0.8376059532165527, 0.7915859818458557, 0.7807640433311462, 0.09400000423192978, -1.2854501008987427, -1.241047978401184]
[0.3700575854467309, -0.14998821719833041, 0.19177824194016663] [0.05648014694452286, -0.10232686251401901, 0.28842219710350037, 0.1280408352613449, 0.5721616148948669, 0.37720075249671936] [-0.029104039072990417, -0.22553996741771698, -0.8376059532165527, 0.7946540117263794, 0.7792300581932068, 0.09400000423192978, -1.2501680850982666, -1.2072999477386475]
[0.3700575854467309, -0.14998821719833041, 0.19177824194016663] [0.050732750445604324, -0.1021173968911171, 0.2883976399898529, 0.13116198778152466, 0.5744853615760803, 0.3819552958011627] [-0.0122300386428833, -0.22553996741771698, -0.8376059532165527, 0.7977219820022583, 0.7792300581932068, 0.09400000423192978, -1.2332940101623535, -1.1888920068740845]
[0.3700575854467309, -0.14998821719833041, 0.19177824194016663] [0.046727485954761505, -0.10203707218170166, 0.2883678376674652, 0.1334136724472046, 0.5752080082893372, 0.38522863388061523] [0.010779961943626404, -0.22553996741771698, -0.8376059532165527, 0.8069260120391846, 0.7792300581932068, 0.09400000423192978, -1.201080083847046, -1.1597459316253662]
[0.3700575854467309, -0.14998821719833041, 0.19177824194016663] [0.04136193171143532, -0.10131531208753586, 0.28826475143432617, 0.13804705440998077, 0.5791569352149963, 0.3950033485889435] [0.03378996253013611, -0.22553996741771698, -0.8376059532165527, 0.8176639676094055, 0.7792300581932068, 0.09400000423192978, -1.178070068359375, -1.1336679458618164]
[0.3700575854467309, -0.14998821719833041, 0.19177824194016663] [0.036141328513622284, -0.10060212016105652, 0.2877601683139801, 0.14338205754756927, 0.5844532251358032, 0.40520593523979187] [0.055265963077545166, -0.22553996741771698, -0.8376059532165527, 0.8284019827842712, 0.7792300581932068, 0.09360000491142273, -1.1473901271820068, -1.109123945236206]
[0.3700575854467309, -0.14998821719833041, 0.19177824194016663] [0.031427688896656036, -0.10019177943468094, 0.287742018699646, 0.1470646858215332, 0.5855830311775208, 0.4105798900127411] [0.07674196362495422, -0.22553996741771698, -0.8376059532165527, 0.8299359679222107, 0.7807640433311462, 0.09400000423192978, -1.1259140968322754, -1.0815119743347168]
[0.3700575854467309, -0.14998821719833041, 0.19177824194016663] [0.026566356420516968, -0.10013560950756073, 0.2884337902069092, 0.14338098466396332, 0.580199122428894, 0.41049790382385254] [0.09668396413326263, -0.22553996741771698, -0.8376059532165527, 0.8299359679222107, 0.7792300581932068, 0.09400000423192978, -1.1075060367584229, -1.0692399740219116]
[0.3700575854467309, -0.14998821719833041, 0.19177824194016663] [0.023532211780548096, -0.1000954732298851, 0.28929370641708374, 0.1400119811296463, 0.5742497444152832, 0.4086846709251404] [0.10895595699548721, -0.22553996741771698, -0.8376059532165527, 0.8299359679222107, 0.7807640433311462, 0.09400000423192978, -1.0937000513076782, -1.055433988571167]
[0.3700575854467309, -0.14998821719833041, 0.19177824194016663] [0.020559057593345642, -0.10005711019039154, 0.290149450302124, 0.13661834597587585, 0.5682582259178162, 0.406864732503891] [0.12122795730829239, -0.22553996741771698, -0.8360719680786133, 0.8299359679222107, 0.7807640433311462, 0.09400000423192978, -1.0798940658569336, -1.0385600328445435]
[0.3700575854467309, -0.14998821719833041, 0.19177824194016663] [0.018730871379375458, -0.1000019982457161, 0.2903729975223541, 0.13616272807121277, 0.5647412538528442, 0.40562090277671814] [0.13043196499347687, -0.22553996741771698, -0.8360719680786133, 0.8299359679222107, 0.7807640433311462, 0.09400000423192978, -1.0676220655441284, -1.0278220176696777]
[0.3700575854467309, -0.14998821719833041, 0.19177824194016663] [0.015548485331237316, -0.10020908713340759, 0.29024380445480347, 0.13764356076717377, 0.5633577704429626, 0.4051467180252075] [0.14577196538448334, -0.22860796749591827, -0.8360719680786133, 0.8284019827842712, 0.7822980880737305, 0.09400000423192978, -1.0507481098175049, -1.017084002494812]
[0.3700575854467309, -0.14998821719833041, 0.19177824194016663] [0.01379576325416565, -0.1016801968216896, 0.2906200587749481, 0.13572974503040314, 0.5599331855773926, 0.395626038312912] [0.15037396550178528, -0.2362779676914215, -0.8360719680786133, 0.8299359679222107, 0.7838320732116699, 0.09400000423192978, -1.046146035194397, -1.0109479427337646]
[0.3700575854467309, -0.14998821719833041, 0.19177824194016663] [0.012516203336417675, -0.1028495505452156, 0.2916971743106842, 0.13523949682712555, 0.5521490573883057, 0.38692423701286316] [0.15190796554088593, -0.24394796788692474, -0.8360719680786133, 0.8299359679222107, 0.7838320732116699, 0.09400000423192978, -1.0415440797805786, -1.0078799724578857]
[0.3700575854467309, -0.14998821719833041, 0.19177824194016663] [0.011362704448401928, -0.10436160117387772, 0.2926810681819916, 0.13101273775100708, 0.5471013784408569, 0.37394261360168457] [0.15190796554088593, -0.25315195322036743, -0.8360719680786133, 0.8284019827842712, 0.7838320732116699, 0.09400000423192978, -1.0415440797805786, -1.0078799724578857]
[0.3700575854467309, -0.14998821719833041, 0.19177824194016663] [0.011419919319450855, -0.10465110838413239, 0.2931959629058838, 0.1289137303829193, 0.5439757108688354, 0.37027889490127563] [0.15190796554088593, -0.2562199831008911, -0.8360719680786133, 0.8284019827842712, 0.7838320732116699, 0.09400000423192978, -1.0415440797805786, -1.0078799724578857]
[0.3700575854467309, -0.14998821719833041, 0.19177824194016663] [0.011510318145155907, -0.10774450749158859, 0.2937209904193878, 0.1282307505607605, 0.5404711365699768, 0.35015586018562317] [0.14730596542358398, -0.27616196870803833, -0.8360719680786133, 0.8237999677658081, 0.7853660583496094, 0.09360000491142273, -1.0446120500564575, -1.0109479427337646]
[0.3700575854467309, -0.14998821719833041, 0.19177824194016663] [0.013237642124295235, -0.11169995367527008, 0.2963697016239166, 0.11860872060060501, 0.5222163200378418, 0.3190264105796814] [0.1381019651889801, -0.29303598403930664, -0.8360719680786133, 0.8038579821586609, 0.7838320732116699, 0.09400000423192978, -1.0553500652313232, -1.0216859579086304]
[0.3700575854467309, -0.14998821719833041, 0.19177824194016663] [0.01659035123884678, -0.11709246784448624, 0.2978135347366333, 0.10891517996788025, 0.5178351402282715, 0.27889546751976013] [0.11202395707368851, -0.3267839550971985, -0.8345379829406738, 0.7992559671401978, 0.7853660583496094, 0.09400000423192978, -1.0737581253051758, -1.0416280031204224]
[0.3700575854467309, -0.14998821719833041, 0.19177824194016663] [0.019530603662133217, -0.12369289249181747, 0.30079174041748047, 0.10422468930482864, 0.5046812891960144, 0.23670975863933563] [0.08747996389865875, -0.363599956035614, -0.8360719680786133, 0.7946540117263794, 0.7853660583496094, 0.09400000423192978, -1.0921660661697388, -1.0615699291229248]
[0.3700575854467309, -0.14998821719833041, 0.19177824194016663] [0.022145910188555717, -0.12987887859344482, 0.3027239739894867, 0.10065393894910812, 0.49295559525489807, 0.19826048612594604] [0.06446996331214905, -0.4019499719142914, -0.8345379829406738, 0.7793139815330505, 0.7853660583496094, 0.09400000423192978, -1.1305160522460938, -1.0999200344085693]
[0.3700575854467309, -0.14998821719833041, 0.19177824194016663] [0.028797540813684464, -0.14345644414424896, 0.30804476141929626, 0.0899583026766777, 0.4565085470676422, 0.11025185883045197] [0.006177961826324463, -0.4587079882621765, -0.8345379829406738, 0.7332940101623535, 0.7853660583496094, 0.09400000423192978, -1.1642640829086304, -1.1352019309997559]
[0.3700575854467309, -0.14998821719833041, 0.19177824194016663] [0.03500188887119293, -0.15343622863292694, 0.3124096095561981, 0.0787271037697792, 0.4218423366546631, 0.04131690785288811] [-0.024502038955688477, -0.49552398920059204, -0.8345379829406738, 0.6934099793434143, 0.7838320732116699, 0.09400000423192978, -1.2087500095367432, -1.1796879768371582]
[0.3700575854467309, -0.14998821719833041, 0.19177824194016663] [0.04047770798206329, -0.1748933345079422, 0.3126237988471985, 0.05866771936416626, 0.39542126655578613, -0.10255526751279831] [-0.0383080393075943, -0.572223961353302, -0.8345379829406738, 0.6213119626045227, 0.7853660583496094, 0.09400000423192978, -1.236362099647522, -1.205765962600708]
[0.3700575854467309, -0.14998821719833041, 0.19177824194016663] [0.04050907865166664, -0.1844330132007599, 0.30966970324516296, 0.05106496438384056, 0.40499886870384216, -0.1632537990808487] [-0.0383080393075943, -0.6182439923286438, -0.8345379829406738, 0.6013699769973755, 0.7853660583496094, 0.09400000423192978, -1.2563040256500244, -1.2272419929504395]
[0.3700575854467309, -0.14998821719833041, 0.19177824194016663] [0.04055752232670784, -0.19753026962280273, 0.3039614260196686, 0.03566507250070572, 0.4265522360801697, -0.24806436896324158] [-0.03677403926849365, -0.668865978717804, -0.8345379829406738, 0.5829619765281677, 0.7853660583496094, 0.09400000423192978, -1.2885180711746216, -1.2655919790267944]
[0.3700575854467309, -0.14998821719833041, 0.19177824194016663] [0.04071122407913208, -0.20133593678474426, 0.29809755086898804, 0.02897823601961136, 0.4576222896575928, -0.2715355157852173] [-0.029104039072990417, -0.6857399940490723, -0.8330039978027344, 0.5860300064086914, 0.7853660583496094, 0.09400000423192978, -1.3007900714874268, -1.2809319496154785]
[0.3700575854467309, -0.14998821719833041, 0.19177824194016663] [0.042058009654283524, -0.20142994821071625, 0.2959696054458618, 0.028374051675200462, 0.46777087450027466, -0.2719331383705139] [-0.029104039072990417, -0.6857399940490723, -0.8314700126647949, 0.5860300064086914, 0.7853660583496094, 0.09400000423192978, -1.3053920269012451, -1.284000039100647]
[0.3700575854467309, -0.14998821719833041, 0.19177824194016663] [0.04350252449512482, -0.20154814422130585, 0.2940492033958435, 0.02968253381550312, 0.4768534004688263, -0.2714836001396179] [-0.02757003903388977, -0.6842060089111328, -0.8314700126647949, 0.5860300064086914, 0.7853660583496094, 0.09400000423192978, -1.3053920269012451, -1.2809319496154785]
[0.3700575854467309, -0.14998821719833041, 0.19177824194016663] [0.043898921459913254, -0.20148718357086182, 0.2923882305622101, 0.025996962562203407, 0.48591697216033936, -0.26988616585731506] [-0.024502038955688477, -0.6826719641685486, -0.8314700126647949, 0.5860300064086914, 0.7853660583496094, 0.09400000423192978, -1.3069260120391846, -1.2809319496154785]
[0.3700575854467309, -0.14998821719833041, 0.19177824194016663] [0.0442962571978569, -0.20168641209602356, 0.2918871343135834, 0.028124012053012848, 0.487730473279953, -0.2690751254558563] [-0.024502038955688477, -0.6826719641685486, -0.8330039978027344, 0.5860300064086914, 0.7853660583496094, 0.09400000423192978, -1.3069260120391846, -1.2809319496154785]
[0.3700575854467309, -0.14998821719833041, 0.19177824194016663] [0.04443436488509178, -0.2017367035150528, 0.29170510172843933, 0.02799653820693493, 0.48870566487312317, -0.2691403925418854] [-0.024502038955688477, -0.6826719641685486, -0.8314700126647949, 0.5860300064086914, 0.7853660583496094, 0.09400000423192978, -1.3069260120391846, -1.2809319496154785]
[0.3700575854467309, -0.14998821719833041, 0.19177824194016663] [0.04459453746676445, -0.201606884598732, 0.29211756587028503, 0.027523774653673172, 0.4872460961341858, -0.26928791403770447] [-0.026036038994789124, -0.6826719641685486, -0.8314700126647949, 0.5860300064086914, 0.7853660583496094, 0.09400000423192978, -1.3069260120391846, -1.2809319496154785]
[0.3700575854467309, -0.14998821719833041, 0.19177824194016663] [0.044404201209545135, -0.2016528695821762, 0.2917974889278412, 0.02745077572762966, 0.4885445535182953, -0.26935121417045593] [-0.024502038955688477, -0.6826719641685486, -0.8314700126647949, 0.5860300064086914, 0.7853660583496094, 0.09400000423192978, -1.3069260120391846, -1.2809319496154785]
[0.3700575854467309, -0.14998821719833041, 0.19177824194016663] [0.04445808753371239, -0.20159342885017395, 0.2918030917644501, 0.0272828321903944, 0.4887827932834625, -0.2694815397262573] [-0.024502038955688477, -0.6826719641685486, -0.8330039978027344, 0.5844959616661072, 0.7853660583496094, 0.09400000423192978, -1.3069260120391846, -1.2809319496154785]
