[0.36833832131491767, -0.03638013406760163, 0.17124036467737622] [0.044093057513237, -0.20163431763648987, 0.2935928702354431, 0.03468501195311546, 0.4773096740245819, -0.26478245854377747] [-0.02757003903388977, -0.6826719641685486, -0.8299359679222107, 0.5844959616661072, 0.7838320732116699, 0.9971999526023865, -1.2977221012115479, -1.2962720394134521]
[0.36833832131491767, -0.03638013406760163, 0.17124036467737622] [0.04415910691022873, -0.20192007720470428, 0.2929062843322754, 0.03181050717830658, 0.4807176887989044, -0.2664025127887726] [-0.024502038955688477, -0.6826719641685486, -0.8299359679222107, 0.5860300064086914, 0.7853660583496094, 0.9971999526023865, -1.3038580417633057, -1.282465934753418]
[0.36833832131491767, -0.03638013406760163, 0.17124036467737622] [0.042703691869974136, -0.19995509088039398, 0.2946573793888092, 0.032271284610033035, 0.4775879979133606, -0.2617443799972534] [-0.02296803891658783, -0.6811379790306091, -0.8314700126647949, 0.5921659469604492, 0.7853660583496094, 0.09040000289678574, -1.3023240566253662, -1.2763299942016602]
[0.36833832131491767, -0.03638013406760163, 0.17124036467737622] [0.04261345788836479, -0.1999729871749878, 0.2946998178958893, 0.030871402472257614, 0.4771347641944885, -0.2616831064224243] [-0.021434038877487183, -0.6811379790306091, -0.8314700126647949, 0.5921659469604492, 0.7853660583496094, 0.09000000357627869, -1.3023240566253662, -1.2763299942016602]
[0.36833832131491767, -0.03638013406760163, 0.17124036467737622] [0.04263705387711525, -0.1999121755361557, 0.2947518229484558, 0.030577348545193672, 0.4771548807621002, -0.2618178725242615] [-0.02296803891658783, -0.6826719641685486, -0.8314700126647949, 0.5921659469604492, 0.7853660583496094, 0.09000000357627869, -1.3023240566253662, -1.2763299942016602]
[0.36833832131491767, -0.03638013406760163, 0.17124036467737622] [0.042538583278656006, -0.19989043474197388, 0.29449909925460815, 0.030004503205418587, 0.4787299931049347, -0.2620828449726105] [-0.02296803891658783, -0.6811379790306091, -0.8314700126647949, 0.5921659469604492, 0.7838320732116699, 0.09040000289678574, -1.3038580417633057, -1.2763299942016602]
[0.36833832131491767, -0.03638013406760163, 0.17124036467737622] [0.042452964931726456, -0.19985070824623108, 0.2945522964000702, 0.031578660011291504, 0.4782608151435852, -0.2620637118816376] [-0.021434038877487183, -0.6811379790306091, -0.8330039978027344, 0.5921659469604492, 0.7838320732116699, 0.09040000289678574, -1.3023240566253662, -1.2763299942016602]
[0.36833832131491767, -0.03638013406760163, 0.17124036467737622] [0.04224763810634613, -0.20017631351947784, 0.2945508658885956, 0.024386223405599594, 0.47905802726745605, -0.264411985874176] [-0.02296803891658783, -0.6734679937362671, -0.8360719680786133, 0.5906319618225098, 0.7853660583496094, 0.09040000289678574, -1.3023240566253662, -1.2717280387878418]
[0.36833832131491767, -0.03638013406760163, 0.17124036467737622] [0.04457565397024155, -0.19744253158569336, 0.2972050607204437, 0.030996479094028473, 0.46239930391311646, -0.24730585515499115] [-0.03677403926849365, -0.6657979488372803, -0.8314700126647949, 0.5890979766845703, 0.7838320732116699, 0.09040000289678574, -1.3007900714874268, -1.2655919790267944]
[0.36833832131491767, -0.03638013406760163, 0.17124036467737622] [0.04644666239619255, -0.19363254308700562, 0.2981378734111786, 0.03827181085944176, 0.4565289616584778, -0.2226463109254837] [-0.03677403926849365, -0.6427879929542542, -0.8299359679222107, 0.5890979766845703, 0.7838320732116699, 0.09040000289678574, -1.2961881160736084, -1.2548539638519287]
[0.36833832131491767, -0.03638013406760163, 0.17124036467737622] [0.04961908236145973, -0.19035156071186066, 0.3057037889957428, 0.0772065818309784, 0.40835872292518616, -0.1961183249950409] [-0.07359004020690918, -0.6228460073471069, -0.7931199669837952, 0.5890979766845703, 0.7838320732116699, 0.09000000357627869, -1.29312002658844, -1.2517859935760498]
[0.36833832131491767, -0.03638013406760163, 0.17124036467737622] [0.054700300097465515, -0.1823020875453949, 0.3114131689071655, 0.10809970647096634, 0.3716598451137543, -0.14510586857795715] [-0.08893004059791565, -0.5875639915466309, -0.7655079960823059, 0.5890979766845703, 0.7838320732116699, 0.09040000289678574, -1.290052056312561, -1.2471840381622314]
[0.36833832131491767, -0.03638013406760163, 0.17124036467737622] [0.05950598791241646, -0.17224310338497162, 0.31530076265335083, 0.13242454826831818, 0.34685006737709045, -0.08566400408744812] [-0.10120204091072083, -0.5384759902954102, -0.7440319657325745, 0.5890979766845703, 0.7838320732116699, 0.09040000289678574, -1.2854501008987427, -1.2395139932632446]
[0.36833832131491767, -0.03638013406760163, 0.17124036467737622] [0.06491793692111969, -0.15518739819526672, 0.3201500475406647, 0.14103055000305176, 0.31992805004119873, 0.005459453444927931] [-0.11040604114532471, -0.44029998779296875, -0.7332940101623535, 0.5890979766845703, 0.7838320732116699, 0.09040000289678574, -1.271644115447998, -1.2272419929504395]
[0.36833832131491767, -0.03638013406760163, 0.17124036467737622] [0.06626544892787933, -0.1470206081867218, 0.3217409551143646, 0.1378910392522812, 0.3131725490093231, 0.04733896255493164] [-0.11040604114532471, -0.4019499719142914, -0.7332940101623535, 0.5906319618225098, 0.7838320732116699, 0.09040000289678574, -1.2624400854110718, -1.2180379629135132]
[0.36833832131491767, -0.03638013406760163, 0.17124036467737622] [0.06709836423397064, -0.13322611153125763, 0.3245869576931, 0.1314835399389267, 0.30045369267463684, 0.11729466170072556] [-0.11040604114532471, -0.33598798513412476, -0.7332940101623535, 0.5890979766845703, 0.7838320732116699, 0.09000000357627869, -1.254770040512085, -1.208833932876587]
[0.36833832131491767, -0.03638013406760163, 0.17124036467737622] [0.06736719608306885, -0.12760122120380402, 0.3259737193584442, 0.12821605801582336, 0.29426175355911255, 0.14537429809570312] [-0.11040604114532471, -0.30377396941185, -0.7332940101623535, 0.5890979766845703, 0.7838320732116699, 0.09040000289678574, -1.254770040512085, -1.208833932876587]
[0.36833832131491767, -0.03638013406760163, 0.17124036467737622] [0.06798621267080307, -0.12100008875131607, 0.3265010714530945, 0.12478827685117722, 0.29276829957962036, 0.17799562215805054] [-0.11040604114532471, -0.2715599536895752, -0.7332940101623535, 0.5890979766845703, 0.7838320732116699, 0.09040000289678574, -1.254770040512085, -1.210368037223816]
[0.36833832131491767, -0.03638013406760163, 0.17124036467737622] [0.06871601194143295, -0.11371810734272003, 0.32735922932624817, 0.12197846919298172, 0.28976190090179443, 0.2134055495262146] [-0.113474041223526, -0.22247196733951569, -0.7332940101623535, 0.5890979766845703, 0.7838320732116699, 0.09040000289678574, -1.254770040512085, -1.210368037223816]
[0.36833832131491767, -0.03638013406760163, 0.17124036467737622] [0.0693429633975029, -0.10316456854343414, 0.3287501335144043, 0.11350008845329285, 0.2843147814273834, 0.2648737132549286] [-0.12114404141902924, -0.17645196616649628, -0.7332940101623535, 0.5890979766845703, 0.7838320732116699, 0.09040000289678574, -1.254770040512085, -1.210368037223816]
[0.36833832131491767, -0.03638013406760163, 0.17124036467737622] [0.06926176697015762, -0.09470473974943161, 0.32915326952934265, 0.10850533843040466, 0.28327706456184387, 0.306206077337265] [-0.12114404141902924, -0.11969395726919174, -0.7332940101623535, 0.5890979766845703, 0.7838320732116699, 0.09040000289678574, -1.2563040256500244, -1.208833932876587]
[0.36833832131491767, -0.03638013406760163, 0.17124036467737622] [0.06829871237277985, -0.07595773041248322, 0.3287903964519501, 0.09946741908788681, 0.28793010115623474, 0.39827466011047363] [-0.12114404141902924, -0.0368579626083374, -0.7332940101623535, 0.5890979766845703, 0.7853660583496094, 0.09040000289678574, -1.2593721151351929, -1.208833932876587]
[0.36833832131491767, -0.03638013406760163, 0.17124036467737622] [0.06735282391309738, -0.06779489666223526, 0.32851889729499817, 0.09568147361278534, 0.2905367910861969, 0.43839991092681885] [-0.12114404141902924, 0.001492038369178772, -0.7332940101623535, 0.5890979766845703, 0.7838320732116699, 0.09040000289678574, -1.2624400854110718, -1.210368037223816]
[0.36833832131491767, -0.03638013406760163, 0.17124036467737622] [0.06622818857431412, -0.059724111109972, 0.3280353546142578, 0.09260004013776779, 0.2939850687980652, 0.4787253141403198] [-0.12114404141902924, 0.04751203954219818, -0.7332940101623535, 0.5890979766845703, 0.7838320732116699, 0.09040000289678574, -1.2670420408248901, -1.2134360074996948]
[0.36833832131491767, -0.03638013406760163, 0.17124036467737622] [0.06471187621355057, -0.050604067742824554, 0.32735663652420044, 0.09452752023935318, 0.29713520407676697, 0.5255358219146729] [-0.11961004137992859, 0.0904640406370163, -0.7164199948310852, 0.5890979766845703, 0.7838320732116699, 0.09040000289678574, -1.2670420408248901, -1.2165039777755737]
[0.36833832131491767, -0.03638013406760163, 0.17124036467737622] [0.06315772235393524, -0.04338851198554039, 0.3283386826515198, 0.12324550747871399, 0.2859765291213989, 0.5658228993415833] [-0.11807604134082794, 0.11807604134082794, -0.6842060089111328, 0.5906319618225098, 0.7838320732116699, 0.09040000289678574, -1.271644115447998, -1.2195719480514526]
[0.36833832131491767, -0.03638013406760163, 0.17124036467737622] [0.060519441962242126, -0.033373817801475525, 0.32736894488334656, 0.17540143430233002, 0.2796403467655182, 0.6242591142654419] [-0.10733804106712341, 0.1686980426311493, -0.6136419773101807, 0.5890979766845703, 0.7838320732116699, 0.09040000289678574, -1.3084601163864136, -1.2594560384750366]
[0.36833832131491767, -0.03638013406760163, 0.17124036467737622] [0.06104762852191925, -0.023481860756874084, 0.32521718740463257, 0.24299880862236023, 0.2742856442928314, 0.6847102046012878] [-0.10887204110622406, 0.19937804341316223, -0.5752919912338257, 0.5890979766845703, 0.7838320732116699, 0.09040000289678574, -1.3360720872879028, -1.282465934753418]
[0.36833832131491767, -0.03638013406760163, 0.17124036467737622] [0.06240407004952431, -0.016584673896431923, 0.3213918209075928, 0.2777860164642334, 0.28335097432136536, 0.72731614112854] [-0.113474041223526, 0.22545604407787323, -0.5660879611968994, 0.5890979766845703, 0.7838320732116699, 0.09040000289678574, -1.3805580139160156, -1.3300199508666992]
[0.36833832131491767, -0.03638013406760163, 0.17124036467737622] [0.06784554570913315, -0.010656023398041725, 0.31033578515052795, 0.3204628527164459, 0.31876513361930847, 0.7782525420188904] [-0.11961004137992859, 0.2607380449771881, -0.5676219463348389, 0.5890979766845703, 0.7838320732116699, 0.09040000289678574, -1.4005000591278076, -1.3530299663543701]
[0.36833832131491767, -0.03638013406760163, 0.17124036467737622] [0.06992707401514053, -0.007252302020788193, 0.30425959825515747, 0.3407634496688843, 0.3390279710292816, 0.8063466548919678] [-0.12267804145812988, 0.2806800603866577, -0.5691559910774231, 0.5890979766845703, 0.7822980880737305, 0.09000000357627869, -1.4173741340637207, -1.3668359518051147]
[0.36833832131491767, -0.03638013406760163, 0.17124036467737622] [0.07216540724039078, -0.006389851216226816, 0.30198442935943604, 0.34553197026252747, 0.34519699215888977, 0.8145958185195923] [-0.13188204169273376, 0.2868160605430603, -0.5737580060958862, 0.5844959616661072, 0.7807640433311462, 0.09040000289678574, -1.4434521198272705, -1.391379952430725]
[0.36833832131491767, -0.03638013406760163, 0.17124036467737622] [0.07476786524057388, -0.005499435588717461, 0.3033019006252289, 0.3243081569671631, 0.34377554059028625, 0.8064132928848267] [-0.14722204208374023, 0.2868160605430603, -0.5783599615097046, 0.5844959616661072, 0.7792300581932068, 0.09000000357627869, -1.44498610496521, -1.391379952430725]
[0.36833832131491767, -0.03638013406760163, 0.17124036467737622] [0.07499133050441742, -0.005258312914520502, 0.3026011884212494, 0.3248595893383026, 0.34704697132110596, 0.8071955442428589] [-0.14875604212284088, 0.2868160605430603, -0.5783599615097046, 0.5844959616661072, 0.7792300581932068, 0.09040000289678574, -1.44498610496521, -1.391379952430725]
[0.36833832131491767, -0.03638013406760163, 0.17124036467737622] [0.07473140954971313, -0.005320924334228039, 0.3005118668079376, 0.33528080582618713, 0.35538461804389954, 0.8092531561851501] [-0.1364840418100357, 0.28528204560279846, -0.5783599615097046, 0.5844959616661072, 0.7776960730552673, 0.09040000289678574, -1.44498610496521, -1.391379952430725]
[0.36833832131491767, -0.03638013406760163, 0.17124036467737622] [0.07470890879631042, -0.0053102620877325535, 0.30014461278915405, 0.33513307571411133, 0.3568541705608368, 0.809795081615448] [-0.13495004177093506, 0.28528204560279846, -0.5768259763717651, 0.5844959616661072, 0.7776960730552673, 0.09000000357627869, -1.44498610496521, -1.391379952430725]
[0.36833832131491767, -0.03638013406760163, 0.17124036467737622] [0.07472898811101913, -0.00535779632627964, 0.3001411259174347, 0.33539721369743347, 0.3567022383213043, 0.8098176717758179] [-0.13495004177093506, 0.2837480306625366, -0.5737580060958862, 0.5844959616661072, 0.7776960730552673, 0.09040000289678574, -1.44498610496521, -1.391379952430725]
[0.36833832131491767, -0.03638013406760163, 0.17124036467737622] [0.07469362765550613, -0.005261707119643688, 0.3003203272819519, 0.3452494740486145, 0.3531898558139801, 0.8109984993934631] [-0.1334160417318344, 0.2837480306625366, -0.5676219463348389, 0.5814279913902283, 0.7776960730552673, 0.09000000357627869, -1.4465200901031494, -1.392914056777954]
[0.36833832131491767, -0.03638013406760163, 0.17124036467737622] [0.07528892159461975, -0.005753887351602316, 0.30004268884658813, 0.3386138081550598, 0.35492590069770813, 0.8052363395690918] [-0.1334160417318344, 0.2837480306625366, -0.5768259763717651, 0.5768259763717651, 0.7776960730552673, 0.09040000289678574, -1.4465200901031494, -1.391379952430725]
[0.36833832131491767, -0.03638013406760163, 0.17124036467737622] [0.07557593286037445, -0.006619840860366821, 0.299177348613739, 0.3209659159183502, 0.36248743534088135, 0.799541175365448] [-0.1334160417318344, 0.2837480306625366, -0.6029039621353149, 0.5783599615097046, 0.7746280431747437, 0.09040000289678574, -1.4465200901031494, -1.391379952430725]
[0.36833832131491767, -0.03638013406760163, 0.17124036467737622] [0.07584334909915924, -0.00848368089646101, 0.2964508831501007, 0.2747413218021393, 0.3859776556491852, 0.7892338037490845] [-0.13188204169273376, 0.2868160605430603, -0.6427879929542542, 0.5783599615097046, 0.7700260877609253, 0.09040000289678574, -1.4465200901031494, -1.391379952430725]
[0.36833832131491767, -0.03638013406760163, 0.17124036467737622] [0.07574121654033661, -0.009157776832580566, 0.2949957549571991, 0.24942369759082794, 0.39983832836151123, 0.7858520746231079] [-0.13188204169273376, 0.2898840308189392, -0.6750019788742065, 0.579893946647644, 0.7715600728988647, 0.09040000289678574, -1.4465200901031494, -1.391379952430725]
[0.36833832131491767, -0.03638013406760163, 0.17124036467737622] [0.07540633529424667, -0.008800020441412926, 0.2938350439071655, 0.21405716240406036, 0.4122239649295807, 0.7847488522529602] [-0.13188204169273376, 0.3036900460720062, -0.7056819796562195, 0.5737580060958862, 0.7700260877609253, 0.09000000357627869, -1.4480540752410889, -1.391379952430725]
[0.36833832131491767, -0.03638013406760163, 0.17124036467737622] [0.07538090646266937, -0.008605707436800003, 0.2932114601135254, 0.19876275956630707, 0.41763854026794434, 0.7834575176239014] [-0.1334160417318344, 0.3098260462284088, -0.7210220098495483, 0.572223961353302, 0.7700260877609253, 0.09000000357627869, -1.4480540752410889, -1.391379952430725]
[0.36833832131491767, -0.03638013406760163, 0.17124036467737622] [0.07513178884983063, -0.008267894387245178, 0.29239702224731445, 0.180964857339859, 0.42507097125053406, 0.7837433815002441] [-0.1334160417318344, 0.31749606132507324, -0.7409639954566956, 0.572223961353302, 0.7700260877609253, 0.09000000357627869, -1.4480540752410889, -1.391379952430725]
[0.36833832131491767, -0.03638013406760163, 0.17124036467737622] [0.07547268271446228, -0.009585127234458923, 0.2911754548549652, 0.15701062977313995, 0.4367706775665283, 0.7750146389007568] [-0.1334160417318344, 0.3282340466976166, -0.7593719959259033, 0.5752919912338257, 0.7700260877609253, 0.09040000289678574, -1.4480540752410889, -1.3898459672927856]
[0.36833832131491767, -0.03638013406760163, 0.17124036467737622] [0.07507465779781342, -0.009751511737704277, 0.29075443744659424, 0.1524001508951187, 0.4416174590587616, 0.7769015431404114] [-0.1334160417318344, 0.33130204677581787, -0.7639739513397217, 0.5768259763717651, 0.7715600728988647, 0.09040000289678574, -1.44498610496521, -1.3852440118789673]
[0.36833832131491767, -0.03638013406760163, 0.17124036467737622] [0.07383483648300171, -0.009801458567380905, 0.2908627390861511, 0.14704956114292145, 0.44545888900756836, 0.7812243700027466] [-0.13188204169273376, 0.33437004685401917, -0.7685759663581848, 0.5936999917030334, 0.7715600728988647, 0.09040000289678574, -1.4327141046524048, -1.3714380264282227]
[0.36833832131491767, -0.03638013406760163, 0.17124036467737622] [0.07143836468458176, -0.00955986324697733, 0.2904937267303467, 0.14951494336128235, 0.4525952637195587, 0.7896466255187988] [-0.12114404141902924, 0.33437004685401917, -0.7716439962387085, 0.5952339768409729, 0.7700260877609253, 0.09040000289678574, -1.425044059753418, -1.3637679815292358]
[0.36833832131491767, -0.03638013406760163, 0.17124036467737622] [0.06936275959014893, -0.009593586437404156, 0.2898693084716797, 0.15089508891105652, 0.4575400650501251, 0.7932485938072205] [-0.11040604114532471, 0.335904061794281, -0.773177981376648, 0.5983020067214966, 0.7700260877609253, 0.09000000357627869, -1.4143060445785522, -1.3514959812164307]
[0.36833832131491767, -0.03638013406760163, 0.17124036467737622] [0.06756163388490677, -0.009638185612857342, 0.2901111841201782, 0.15147830545902252, 0.45881199836730957, 0.7940281629562378] [-0.09660004079341888, 0.33743804693222046, -0.7777799963951111, 0.6029039621353149, 0.7700260877609253, 0.09000000357627869, -1.371354103088379, -1.3039419651031494]
[0.36833832131491767, -0.03638013406760163, 0.17124036467737622] [0.05880708619952202, -0.010005174204707146, 0.2878994047641754, 0.15408548712730408, 0.4778870642185211, 0.8011967539787292] [-0.04444403946399689, 0.33743804693222046, -0.7869839668273926, 0.6059719920158386, 0.7715600728988647, 0.09040000289678574, -1.345276117324829, -1.2747960090637207]
[0.36833832131491767, -0.03638013406760163, 0.17124036467737622] [0.05421207845211029, -0.01003863476216793, 0.28732848167419434, 0.1593179702758789, 0.48326513171195984, 0.8041443228721619] [-0.013764038681983948, 0.33743804693222046, -0.788517951965332, 0.6059719920158386, 0.7715600728988647, 0.09040000289678574, -1.3038580417633057, -1.2333779335021973]
[0.36833832131491767, -0.03638013406760163, 0.17124036467737622] [0.04438433051109314, -0.010219469666481018, 0.2875975966453552, 0.15910452604293823, 0.48589643836021423, 0.8037760853767395] [0.03839196264743805, 0.33743804693222046, -0.788517951965332, 0.6075059771537781, 0.7715600728988647, 0.09040000289678574, -1.2701101303100586, -1.202697992324829]
[0.36833832131491767, -0.03638013406760163, 0.17124036467737622] [0.04033268615603447, -0.01027519628405571, 0.2875239849090576, 0.16087201237678528, 0.48679935932159424, 0.8045666217803955] [0.0660039633512497, 0.33743804693222046, -0.788517951965332, 0.6075059771537781, 0.7715600728988647, 0.09040000289678574, -1.2486340999603271, -1.1796879768371582]
[0.36833832131491767, -0.03638013406760163, 0.17124036467737622] [0.034140218049287796, -0.010531065985560417, 0.2874550521373749, 0.15814067423343658, 0.4889940321445465, 0.8030102252960205] [0.09821796417236328, 0.33743804693222046, -0.7961879968643188, 0.6059719920158386, 0.7715600728988647, 0.09040000289678574, -1.2041480541229248, -1.1428719758987427]
[0.36833832131491767, -0.03638013406760163, 0.17124036467737622] [0.029235320165753365, -0.010750739835202694, 0.28751781582832336, 0.15453819930553436, 0.4893137812614441, 0.8016080260276794] [0.12889796495437622, 0.33743804693222046, -0.7946540117263794, 0.6059719920158386, 0.7715600728988647, 0.09040000289678574, -1.1826720237731934, -1.1229300498962402]
[0.36833832131491767, -0.03638013406760163, 0.17124036467737622] [0.025324644520878792, -0.01076690573245287, 0.28778165578842163, 0.15294437110424042, 0.4877302050590515, 0.8008737564086914] [0.1442379653453827, 0.33743804693222046, -0.7977219820022583, 0.6059719920158386, 0.7700260877609253, 0.09040000289678574, -1.1565940380096436, -1.1045219898223877]
[0.36833832131491767, -0.03638013406760163, 0.17124036467737622] [0.020838875323534012, -0.011238674633204937, 0.28859883546829224, 0.14120958745479584, 0.4839472770690918, 0.7959718704223633] [0.15957796573638916, 0.33437004685401917, -0.8038579821586609, 0.6075059771537781, 0.7715600728988647, 0.09000000357627869, -1.1458560228347778, -1.090716004371643]
[0.36833832131491767, -0.03638013406760163, 0.17124036467737622] [0.018580865114927292, -0.011441088281571865, 0.28937360644340515, 0.13192330300807953, 0.48188120126724243, 0.794238805770874] [0.16571396589279175, 0.3297680616378784, -0.8115279674530029, 0.6090399622917175, 0.7730940580368042, 0.09040000289678574, -1.1305160522460938, -1.0799779891967773]
[0.36833832131491767, -0.03638013406760163, 0.17124036467737622] [0.016155892983078957, -0.011796634644269943, 0.29026737809181213, 0.11759872734546661, 0.48105815052986145, 0.7908215522766113] [0.17338396608829498, 0.3098260462284088, -0.8176639676094055, 0.6197779774665833, 0.7746280431747437, 0.09040000289678574, -1.1167100667953491, -1.0723079442977905]
[0.36833832131491767, -0.03638013406760163, 0.17124036467737622] [0.014139946550130844, -0.01263795979321003, 0.29132863879203796, 0.11340828239917755, 0.47880876064300537, 0.7871026992797852] [0.17338396608829498, 0.308292031288147, -0.8176639676094055, 0.6228460073471069, 0.7746280431747437, 0.09000000357627869, -1.1136420965194702, -1.0723079442977905]
[0.36833832131491767, -0.03638013406760163, 0.17124036467737622] [0.013566766865551472, -0.012712972238659859, 0.2916567325592041, 0.11168680340051651, 0.47846776247024536, 0.7869389057159424] [0.17338396608829498, 0.3021560311317444, -0.8176639676094055, 0.630515992641449, 0.7761620283126831, 0.09040000289678574, -1.1105740070343018, -1.0738420486450195]
[0.36833832131491767, -0.03638013406760163, 0.17124036467737622] [0.013126078061759472, -0.013782046735286713, 0.29164689779281616, 0.10998397320508957, 0.4819907546043396, 0.7839369177818298] [0.17184996604919434, 0.29755404591560364, -0.8191980123519897, 0.6335839629173279, 0.7776960730552673, 0.09000000357627869, -1.1090400218963623, -1.0723079442977905]
[0.36833832131491767, -0.03638013406760163, 0.17124036467737622] [0.013316070660948753, -0.014521133154630661, 0.29194989800453186, 0.11166483908891678, 0.4820643365383148, 0.7799273133277893] [0.17184996604919434, 0.29141804575920105, -0.8191980123519897, 0.6351180076599121, 0.7776960730552673, 0.09000000357627869, -1.1090400218963623, -1.0723079442977905]
[0.36833832131491767, -0.03638013406760163, 0.17124036467737622] [0.01417726743966341, -0.01670411415398121, 0.29189586639404297, 0.10878463834524155, 0.4828910231590271, 0.7664018869400024] [0.1703159660100937, 0.2745440602302551, -0.8191980123519897, 0.6351180076599121, 0.7776960730552673, 0.09040000289678574, -1.1105740070343018, -1.075376033782959]
[0.36833832131491767, -0.03638013406760163, 0.17124036467737622] [0.015290978364646435, -0.018433505669236183, 0.2926386296749115, 0.10630487650632858, 0.47955548763275146, 0.754450261592865] [0.1641799658536911, 0.26534003019332886, -0.8191980123519897, 0.6320499777793884, 0.7776960730552673, 0.09000000357627869, -1.1182440519332886, -1.0815119743347168]
[0.36833832131491767, -0.03638013406760163, 0.17124036467737622] [0.01878262497484684, -0.021205542609095573, 0.29130634665489197, 0.10991866141557693, 0.4848316013813019, 0.7392524480819702] [0.1611119657754898, 0.25153404474258423, -0.8176639676094055, 0.6289819478988647, 0.7792300581932068, 0.09040000289678574, -1.1366521120071411, -1.0953179597854614]
[0.36833832131491767, -0.03638013406760163, 0.17124036467737622] [0.022058110684156418, -0.022666094824671745, 0.2900546193122864, 0.11474136263132095, 0.4884624481201172, 0.7282472848892212] [0.15650996565818787, 0.2500000596046448, -0.8176639676094055, 0.6151759624481201, 0.7792300581932068, 0.09000000357627869, -1.142788052558899, -1.1014540195465088]
[0.36833832131491767, -0.03638013406760163, 0.17124036467737622] [0.025217460468411446, -0.023277780041098595, 0.28908970952033997, 0.11612129956483841, 0.4902876317501068, 0.7219908833503723] [0.13043196499347687, 0.2469320446252823, -0.8176639676094055, 0.6090399622917175, 0.7792300581932068, 0.09000000357627869, -1.1872740983963013, -1.1428719758987427]
[0.36833832131491767, -0.03638013406760163, 0.17124036467737622] [0.03291616961359978, -0.024719849228858948, 0.2908810079097748, 0.11091825366020203, 0.4823899269104004, 0.7099900245666504] [0.10281995683908463, 0.2407960444688797, -0.8191980123519897, 0.6090399622917175, 0.7792300581932068, 0.09000000357627869, -1.2041480541229248, -1.1612800359725952]
[0.36833832131491767, -0.03638013406760163, 0.17124036467737622] [0.03551795333623886, -0.02532300353050232, 0.29082444310188293, 0.10981926321983337, 0.48297497630119324, 0.7071304321289062] [0.08747996389865875, 0.2377280443906784, -0.8176639676094055, 0.6075059771537781, 0.7792300581932068, 0.09000000357627869, -1.2378960847854614, -1.1980960369110107]
[0.36833832131491767, -0.03638013406760163, 0.17124036467737622] [0.04314067214727402, -0.026990005746483803, 0.29130005836486816, 0.10670126229524612, 0.48113471269607544, 0.6953421831130981] [0.055265963077545166, 0.22852404415607452, -0.8191980123519897, 0.6059719920158386, 0.7792300581932068, 0.09040000289678574, -1.2578380107879639, -1.2165039777755737]
[0.36833832131491767, -0.03638013406760163, 0.17124036467737622] [0.04712768271565437, -0.028367068618535995, 0.2909615635871887, 0.10900986939668655, 0.48319339752197266, 0.6880956888198853] [0.0368579626083374, 0.22238804399967194, -0.8191980123519897, 0.6059719920158386, 0.7792300581932068, 0.09000000357627869, -1.2793140411376953, -1.2395139932632446]
[0.36833832131491767, -0.03638013406760163, 0.17124036467737622] [0.05493582785129547, -0.03087509237229824, 0.29193350672721863, 0.10295964032411575, 0.47666865587234497, 0.6709820032119751] [-0.001492038369178772, 0.2085820436477661, -0.8176639676094055, 0.6044379472732544, 0.7792300581932068, 0.09000000357627869, -1.313062071800232, -1.2686599493026733]
[0.36833832131491767, -0.03638013406760163, 0.17124036467737622] [0.05994671210646629, -0.03291499242186546, 0.2923102080821991, 0.09936032444238663, 0.4735791087150574, 0.657627522945404] [-0.030638039112091064, 0.19784404337406158, -0.8176639676094055, 0.6029039621353149, 0.7792300581932068, 0.09000000357627869, -1.3345381021499634, -1.2962720394134521]
[0.36833832131491767, -0.03638013406760163, 0.17124036467737622] [0.06588448584079742, -0.03417569771409035, 0.2925257384777069, 0.0973624512553215, 0.47020426392555237, 0.6480239033699036] [-0.06285203993320465, 0.1886400431394577, -0.8176639676094055, 0.599835991859436, 0.7792300581932068, 0.09000000357627869, -1.366752028465271, -1.3238840103149414]
[0.36833832131491767, -0.03638013406760163, 0.17124036467737622] [0.07119737565517426, -0.036001164466142654, 0.2917996048927307, 0.0951983705163002, 0.4692724347114563, 0.6363996863365173] [-0.08279404044151306, 0.18250404298305511, -0.8176639676094055, 0.5936999917030334, 0.7792300581932068, 0.09000000357627869, -1.3805580139160156, -1.3361560106277466]
[0.36833832131491767, -0.03638013406760163, 0.17124036467737622] [0.07528956979513168, -0.03746260330080986, 0.2905443608760834, 0.09649569541215897, 0.47016850113868713, 0.6267125606536865] [-0.09353204071521759, 0.17636804282665253, -0.8176639676094055, 0.5875639915466309, 0.7792300581932068, 0.09000000357627869, -1.3928301334381104, -1.3484280109405518]
[0.36833832131491767, -0.03638013406760163, 0.17124036467737622] [0.07823199033737183, -0.038766149431467056, 0.2899981141090393, 0.0971916913986206, 0.46873047947883606, 0.6167014837265015] [-0.10273604094982147, 0.1686980426311493, -0.8161299824714661, 0.5814279913902283, 0.7776960730552673, 0.09000000357627869, -1.3989660739898682, -1.3545639514923096]
[0.36833832131491767, -0.03638013406760163, 0.17124036467737622] [0.08055772632360458, -0.039948903024196625, 0.2884305417537689, 0.10045784711837769, 0.47275009751319885, 0.6105948090553284] [-0.10580404102802277, 0.165630042552948, -0.8161299824714661, 0.5829619765281677, 0.7792300581932068, 0.09040000289678574, -1.3989660739898682, -1.3545639514923096]
[0.36833832131491767, -0.03638013406760163, 0.17124036467737622] [0.08133187144994736, -0.0412152074277401, 0.2877446711063385, 0.10426546633243561, 0.4752110242843628, 0.6054030656814575] [-0.10580404102802277, 0.15796004235744476, -0.8145959973335266, 0.5829619765281677, 0.7776960730552673, 0.09040000289678574, -1.3989660739898682, -1.3545639514923096]
[0.36833832131491767, -0.03638013406760163, 0.17124036467737622] [0.08248508721590042, -0.04522649571299553, 0.2868972718715668, 0.10528191179037094, 0.4789016842842102, 0.5876198410987854] [-0.10273604094982147, 0.1364840418100357, -0.8145959973335266, 0.5829619765281677, 0.7792300581932068, 0.09040000289678574, -1.3974320888519287, -1.3545639514923096]
[0.36833832131491767, -0.03638013406760163, 0.17124036467737622] [0.08295375108718872, -0.04694167152047157, 0.28620192408561707, 0.10624369233846664, 0.4826941192150116, 0.5805107951164246] [-0.10120204091072083, 0.1334160417318344, -0.8145959973335266, 0.5829619765281677, 0.7776960730552673, 0.09000000357627869, -1.3928301334381104, -1.3514959812164307]
[0.36833832131491767, -0.03638013406760163, 0.17124036467737622] [0.0815017819404602, -0.04636701941490173, 0.288589209318161, 0.09767374396324158, 0.47498539090156555, 0.5765954852104187] [-0.09966804087162018, 0.13188204169273376, -0.8161299824714661, 0.5829619765281677, 0.7776960730552673, 0.09000000357627869, -1.3882280588150024, -1.3484280109405518]
[0.36833832131491767, -0.03638013406760163, 0.17124036467737622] [0.07946338504552841, -0.04572431743144989, 0.2901579439640045, 0.09474628418684006, 0.47226521372795105, 0.5766696929931641] [-0.09353204071521759, 0.13188204169273376, -0.8161299824714661, 0.5860300064086914, 0.7792300581932068, 0.09000000357627869, -1.3805580139160156, -1.3438260555267334]
[0.36833832131491767, -0.03638013406760163, 0.17124036467737622] [0.0781063511967659, -0.04528529942035675, 0.28989580273628235, 0.09617742896080017, 0.4764143228530884, 0.5830838084220886] [-0.08893004059791565, 0.13188204169273376, -0.8176639676094055, 0.6029039621353149, 0.7792300581932068, 0.09000000357627869, -1.371354103088379, -1.3315539360046387]
[0.36833832131491767, -0.03638013406760163, 0.17124036467737622] [0.07497715950012207, -0.044114258140325546, 0.2891533672809601, 0.1032378301024437, 0.48547840118408203, 0.5988098978996277] [-0.07052204012870789, 0.13801804184913635, -0.8176639676094055, 0.6075059771537781, 0.7792300581932068, 0.09040000289678574, -1.351412057876587, -1.3116120100021362]
[0.36833832131491767, -0.03638013406760163, 0.17124036467737622] [0.07045260071754456, -0.043137598782777786, 0.2882095277309418, 0.10959236323833466, 0.4926968216896057, 0.6084141135215759] [-0.04751203954219818, 0.14108604192733765, -0.8176639676094055, 0.6090399622917175, 0.7792300581932068, 0.09040000289678574, -1.3376060724258423, -1.2978060245513916]
[0.36833832131491767, -0.03638013406760163, 0.17124036467737622] [0.06769053637981415, -0.04287976771593094, 0.2878548800945282, 0.11238738894462585, 0.49549415707588196, 0.6111987829208374] [-0.03370603919029236, 0.1426200419664383, -0.8176639676094055, 0.6090399622917175, 0.7792300581932068, 0.09000000357627869, -1.313062071800232, -1.2732620239257812]
[0.36833832131491767, -0.03638013406760163, 0.17124036467737622] [0.06309513747692108, -0.042030852288007736, 0.28724205493927, 0.11739367991685867, 0.5001068115234375, 0.6191641092300415] [-0.003026038408279419, 0.14875604212284088, -0.8176639676094055, 0.6105740070343018, 0.7792300581932068, 0.09040000289678574, -1.2961881160736084, -1.2563879489898682]
[0.36833832131491767, -0.03638013406760163, 0.17124036467737622] [0.059576332569122314, -0.04123043268918991, 0.28674259781837463, 0.12087953090667725, 0.5029027462005615, 0.6253927946090698] [0.01844996213912964, 0.15489204227924347, -0.8176639676094055, 0.6105740070343018, 0.7792300581932068, 0.09040000289678574, -1.274712085723877, -1.2379800081253052]
[0.36833832131491767, -0.03638013406760163, 0.17124036467737622] [0.05398336425423622, -0.04018228128552437, 0.2862727642059326, 0.12498141825199127, 0.5054692625999451, 0.6334450244903564] [0.050663962960243225, 0.16102804243564606, -0.8176639676094055, 0.6105740070343018, 0.7792300581932068, 0.09000000357627869, -1.2440320253372192, -1.2042319774627686]
[0.36833832131491767, -0.03638013406760163, 0.17124036467737622] [0.048908717930316925, -0.03922746703028679, 0.2858063578605652, 0.1290825605392456, 0.5088391304016113, 0.6421543955802917] [0.07213996350765228, 0.16409604251384735, -0.8176639676094055, 0.6136419773101807, 0.7792300581932068, 0.09040000289678574, -1.2102841138839722, -1.167415976524353]
[0.36833832131491767, -0.03638013406760163, 0.17124036467737622] [0.04215802624821663, -0.03899525851011276, 0.28607961535453796, 0.12893861532211304, 0.5075659155845642, 0.6436899304389954] [0.10588795691728592, 0.165630042552948, -0.8176639676094055, 0.6151759624481201, 0.7792300581932068, 0.09000000357627869, -1.1888080835342407, -1.1536099910736084]
[0.36833832131491767, -0.03638013406760163, 0.17124036467737622] [0.038615189492702484, -0.038526758551597595, 0.2864992618560791, 0.1280754655599594, 0.5067728161811829, 0.646975040435791] [0.11969395726919174, 0.16409604251384735, -0.8161299824714661, 0.6182439923286438, 0.7792300581932068, 0.09040000289678574, -1.1688660383224487, -1.1305999755859375]
[0.36833832131491767, -0.03638013406760163, 0.17124036467737622] [0.03399522602558136, -0.03814217448234558, 0.2872430384159088, 0.12791818380355835, 0.5055567622184753, 0.6515342593193054] [0.14270396530628204, 0.165630042552948, -0.8176639676094055, 0.6289819478988647, 0.7807640433311462, 0.09040000289678574, -1.13972008228302, -1.1075899600982666]
[0.36833832131491767, -0.03638013406760163, 0.17124036467737622] [0.029153117910027504, -0.0378277413547039, 0.28716227412223816, 0.12853293120861053, 0.5070309042930603, 0.6561652421951294] [0.15957796573638916, 0.16409604251384735, -0.8176639676094055, 0.6320499777793884, 0.7807640433311462, 0.09000000357627869, -1.1213120222091675, -1.0876480340957642]
[0.36833832131491767, -0.03638013406760163, 0.17124036467737622] [0.025426391512155533, -0.037878021597862244, 0.28763431310653687, 0.12633337080478668, 0.5055857300758362, 0.6567922234535217] [0.17798596620559692, 0.16409604251384735, -0.8176639676094055, 0.6366519927978516, 0.7792300581932068, 0.09000000357627869, -1.0983021259307861, -1.0661720037460327]
[0.36833832131491767, -0.03638013406760163, 0.17124036467737622] [0.021337490528821945, -0.039304934442043304, 0.28834325075149536, 0.12238755822181702, 0.5026298761367798, 0.6500098705291748] [0.1902579665184021, 0.15335804224014282, -0.8176639676094055, 0.6443219780921936, 0.7807640433311462, 0.09000000357627869, -1.081428050994873, -1.052366018295288]
[0.36833832131491767, -0.03638013406760163, 0.17124036467737622] [0.019205328077077866, -0.040756650269031525, 0.28831493854522705, 0.12183055281639099, 0.5035173296928406, 0.6437889933586121] [0.20252996683120728, 0.14415404200553894, -0.8176639676094055, 0.6458559632301331, 0.7838320732116699, 0.09000000357627869, -1.0553500652313232, -1.0216859579086304]
[0.36833832131491767, -0.03638013406760163, 0.17124036467737622] [0.015014374628663063, -0.04298219084739685, 0.28893640637397766, 0.11873689293861389, 0.4974927008152008, 0.6286357641220093] [0.22247196733951569, 0.13188204169273376, -0.8191980123519897, 0.6458559632301331, 0.7838320732116699, 0.09040000289678574, -1.0292720794677734, -1.0094139575958252]
[0.36833832131491767, -0.03638013406760163, 0.17124036467737622] [0.012756282463669777, -0.043674856424331665, 0.28906241059303284, 0.11453765630722046, 0.4950982630252838, 0.6236754059791565] [0.23474396765232086, 0.12728004157543182, -0.8191980123519897, 0.6458559632301331, 0.7838320732116699, 0.09000000357627869, -1.0154660940170288, -0.9986760020256042]
[0.36833832131491767, -0.03638013406760163, 0.17124036467737622] [0.010604598559439182, -0.0455867238342762, 0.2898639142513275, 0.1083531528711319, 0.48885443806648254, 0.6100525259971619] [0.2454819679260254, 0.10580404102802277, -0.8191980123519897, 0.6458559632301331, 0.7838320732116699, 0.09000000357627869, -0.9924560785293579, -0.9771999716758728]
[0.36833832131491767, -0.03638013406760163, 0.17124036467737622] [0.00905249360948801, -0.051999811083078384, 0.29024580121040344, 0.10227282345294952, 0.48468777537345886, 0.5719802379608154] [0.2562199831008911, 0.07665804028511047, -0.8191980123519897, 0.6458559632301331, 0.7838320732116699, 0.09000000357627869, -0.9832520484924316, -0.9725979566574097]
[0.36833832131491767, -0.03638013406760163, 0.17124036467737622] [0.008950750343501568, -0.05828634276986122, 0.2913476824760437, 0.09580893069505692, 0.4781326949596405, 0.5352450609207153] [0.25775396823883057, 0.04291003942489624, -0.8191980123519897, 0.6458559632301331, 0.7838320732116699, 0.09000000357627869, -0.9817180633544922, -0.9710639715194702]
[0.36833832131491767, -0.03638013406760163, 0.17124036467737622] [0.009640218690037727, -0.06521987169981003, 0.29207566380500793, 0.09182476997375488, 0.4740629196166992, 0.4966297149658203] [0.25775396823883057, 0.00762803852558136, -0.8191980123519897, 0.6458559632301331, 0.7838320732116699, 0.09000000357627869, -0.9817180633544922, -0.9710639715194702]
[0.36833832131491767, -0.03638013406760163, 0.17124036467737622] [0.009990053251385689, -0.06838046759366989, 0.2926747500896454, 0.08932950347661972, 0.471029669046402, 0.47862425446510315] [0.2562199831008911, -0.004643961787223816, -0.8191980123519897, 0.6443219780921936, 0.7838320732116699, 0.09000000357627869, -0.9817180633544922, -0.9710639715194702]
[0.36833832131491767, -0.03638013406760163, 0.17124036467737622] [0.01057051494717598, -0.07024885714054108, 0.29355770349502563, 0.08575399219989777, 0.465858519077301, 0.4656987488269806] [0.24854996800422668, -0.030721962451934814, -0.8237999677658081, 0.6397199630737305, 0.7853660583496094, 0.09000000357627869, -0.9878540635108948, -0.9756659865379333]
[0.36833832131491767, -0.03638013406760163, 0.17124036467737622] [0.013081477954983711, -0.07907342910766602, 0.29484495520591736, 0.06977178901433945, 0.464036226272583, 0.4109469950199127] [0.2424139678478241, -0.0629359632730484, -0.8253339529037476, 0.638185977935791, 0.7853660583496094, 0.09040000289678574, -0.9924560785293579, -0.9771999716758728]
[0.36833832131491767, -0.03638013406760163, 0.17124036467737622] [0.0142570361495018, -0.08434556424617767, 0.2953755855560303, 0.06522352993488312, 0.46469807624816895, 0.3793090283870697] [0.23320996761322021, -0.10128595679998398, -0.8268679976463318, 0.6351180076599121, 0.7838320732116699, 0.09000000357627869, -1.0001261234283447, -0.9848699569702148]
[0.36833832131491767, -0.03638013406760163, 0.17124036467737622] [0.01674341782927513, -0.0935288518667221, 0.29848968982696533, 0.05756041780114174, 0.4518272578716278, 0.32713693380355835] [0.2101999670267105, -0.14577196538448334, -0.8268679976463318, 0.6213119626045227, 0.7853660583496094, 0.09000000357627869, -1.010864019393921, -0.9940739870071411]
[0.36833832131491767, -0.03638013406760163, 0.17124036467737622] [0.02049986459314823, -0.10283000767230988, 0.30385351181030273, 0.043855924159288406, 0.4227120876312256, 0.268704354763031] [0.1871899664402008, -0.18258796632289886, -0.8268679976463318, 0.6197779774665833, 0.7838320732116699, 0.09040000289678574, -1.027738094329834, -1.0078799724578857]
[0.36833832131491767, -0.03638013406760163, 0.17124036467737622] [0.023487675935029984, -0.11269266158342361, 0.3060765564441681, 0.04203750938177109, 0.41417229175567627, 0.21627870202064514] [0.15957796573638916, -0.24087996780872345, -0.8268679976463318, 0.6182439923286438, 0.7853660583496094, 0.09040000289678574, -1.0584180355072021, -1.0431619882583618]
[0.36833832131491767, -0.03638013406760163, 0.17124036467737622] [0.027321645990014076, -0.120395228266716, 0.3086303472518921, 0.04316871613264084, 0.4043121337890625, 0.1763816922903061] [0.12429595738649368, -0.27616196870803833, -0.8268679976463318, 0.6167099475860596, 0.7853660583496094, 0.09040000289678574, -1.0829620361328125, -1.0631040334701538]
[0.36833832131491767, -0.03638013406760163, 0.17124036467737622] [0.030648553743958473, -0.1265101581811905, 0.3114472031593323, 0.04002971947193146, 0.3917292058467865, 0.14311812818050385] [0.09514996409416199, -0.3083759546279907, -0.8268679976463318, 0.6136419773101807, 0.7838320732116699, 0.09040000289678574, -1.1075060367584229, -1.090716004371643]
[0.36833832131491767, -0.03638013406760163, 0.17124036467737622] [0.037888411432504654, -0.13941527903079987, 0.31379634141921997, 0.03815365210175514, 0.3779761493206024, 0.07071943581104279] [0.055265963077545166, -0.3605319857597351, -0.8268679976463318, 0.5936999917030334, 0.7838320732116699, 0.09000000357627869, -1.1504580974578857, -1.1336679458618164]
[0.36833832131491767, -0.03638013406760163, 0.17124036467737622] [0.041661594063043594, -0.1482793539762497, 0.3127971291542053, 0.03707573190331459, 0.3793022632598877, 0.018809711560606956] [0.039925962686538696, -0.41115397214889526, -0.8268679976463318, 0.5691559910774231, 0.7853660583496094, 0.09000000357627869, -1.1826720237731934, -1.167415976524353]
[0.36833832131491767, -0.03638013406760163, 0.17124036467737622] [0.044125109910964966, -0.15626752376556396, 0.31146371364593506, 0.032186541706323624, 0.38234278559684753, -0.028028547763824463] [0.029187962412834167, -0.4418339729309082, -0.8268679976463318, 0.5568839907646179, 0.7853660583496094, 0.09040000289678574, -1.2056820392608643, -1.187358021736145]
[0.36833832131491767, -0.03638013406760163, 0.17124036467737622] [0.047995973378419876, -0.16687361896038055, 0.3085058033466339, 0.023919425904750824, 0.3892964720726013, -0.09290038049221039] [0.01691596210002899, -0.4847859740257263, -0.8268679976463318, 0.526203989982605, 0.7838320732116699, 0.09000000357627869, -1.2394300699234009, -1.222640037536621]
[0.36833832131491767, -0.03638013406760163, 0.17124036467737622] [0.04981845244765282, -0.17456620931625366, 0.30688318610191345, 0.015338328666985035, 0.3918839693069458, -0.14164404571056366] [0.010779961943626404, -0.5093299746513367, -0.8268679976463318, 0.506261944770813, 0.7838320732116699, 0.09040000289678574, -1.2609061002731323, -1.244115948677063]
[0.36833832131491767, -0.03638013406760163, 0.17124036467737622] [0.05143769085407257, -0.1803109496831894, 0.30576518177986145, 0.006675235461443663, 0.39108309149742126, -0.1797763556241989] [0.001575961709022522, -0.533873975276947, -0.8268679976463318, 0.4878539741039276, 0.7838320732116699, 0.09000000357627869, -1.2885180711746216, -1.2701940536499023]
[0.36833832131491767, -0.03638013406760163, 0.17124036467737622] [0.054587602615356445, -0.18549534678459167, 0.3034400939941406, -0.00033434564829804003, 0.3985763490200043, -0.21227264404296875] [-0.010696038603782654, -0.5492140054702759, -0.8253339529037476, 0.48325198888778687, 0.7838320732116699, 0.09040000289678574, -1.3084601163864136, -1.2886019945144653]
[0.36833832131491767, -0.03638013406760163, 0.17124036467737622] [0.05731884017586708, -0.1856893002986908, 0.2992842495441437, -0.0033922987058758736, 0.41818201541900635, -0.2146516740322113] [-0.010696038603782654, -0.5507479906082153, -0.8253339529037476, 0.48325198888778687, 0.7838320732116699, 0.09000000357627869, -1.3222661018371582, -1.3008739948272705]
[0.36833832131491767, -0.03638013406760163, 0.17124036467737622] [0.05903918296098709, -0.18604880571365356, 0.29620471596717834, -0.0011723184725269675, 0.43247488141059875, -0.21571432054042816] [-0.009162038564682007, -0.5507479906082153, -0.8207319974899292, 0.48325198888778687, 0.7838320732116699, 0.09040000289678574, -1.3299360275268555, -1.3070099353790283]
[0.36833832131491767, -0.03638013406760163, 0.17124036467737622] [0.06103629991412163, -0.1859649270772934, 0.2933019697666168, -0.0016405632486566901, 0.44757211208343506, -0.2148425430059433] [-0.00762803852558136, -0.5492140054702759, -0.8191980123519897, 0.48325198888778687, 0.7838320732116699, 0.09000000357627869, -1.3299360275268555, -1.3054759502410889]
[0.36833832131491767, -0.03638013406760163, 0.17124036467737622] [0.06154580041766167, -0.1856698989868164, 0.29242727160453796, -0.000666244188323617, 0.4517556130886078, -0.21293070912361145] [-0.00762803852558136, -0.5492140054702759, -0.8176639676094055, 0.4847859740257263, 0.7838320732116699, 0.09040000289678574, -1.3345381021499634, -1.3054759502410889]
[0.36833832131491767, -0.03638013406760163, 0.17124036467737622] [0.06235493719577789, -0.1860044151544571, 0.2908851206302643, -0.0008778254850767553, 0.4587491452693939, -0.21341148018836975] [-0.00762803852558136, -0.5492140054702759, -0.8176639676094055, 0.4847859740257263, 0.7838320732116699, 0.09040000289678574, -1.3360720872879028, -1.3054759502410889]
[0.36833832131491767, -0.03638013406760163, 0.17124036467737622] [0.06237165257334709, -0.1859728842973709, 0.29071614146232605, -0.0011717502493411303, 0.4594089984893799, -0.21356986463069916] [-0.00762803852558136, -0.5492140054702759, -0.8176639676094055, 0.4847859740257263, 0.7838320732116699, 0.09000000357627869, -1.3360720872879028, -1.3054759502410889]
[0.36833832131491767, -0.03638013406760163, 0.17124036467737622] [0.062438420951366425, -0.1860709935426712, 0.2904757261276245, -0.0008775227470323443, 0.460239976644516, -0.2135627567768097] [-0.00762803852558136, -0.5492140054702759, -0.8191980123519897, 0.4847859740257263, 0.7838320732116699, 0.09040000289678574, -1.3360720872879028, -1.3054759502410889]
[0.36833832131491767, -0.03638013406760163, 0.17124036467737622] [0.062454983592033386, -0.18622374534606934, 0.29023122787475586, -4.1776504076551646e-05, 0.4607831537723541, -0.21341794729232788] [-0.00762803852558136, -0.5492140054702759, -0.8176639676094055, 0.4847859740257263, 0.7838320732116699, 0.09000000357627869, -1.3345381021499634, -1.3054759502410889]
[0.36833832131491767, -0.03638013406760163, 0.17124036467737622] [0.062408462166786194, -0.18626995384693146, 0.2901642918586731, 0.0004605508001986891, 0.46060144901275635, -0.2131492793560028] [-0.00762803852558136, -0.5492140054702759, -0.8176639676094055, 0.4847859740257263, 0.7838320732116699, 0.09000000357627869, -1.3360720872879028, -1.3054759502410889]
