[0.3100050950520917, -0.12849644120586545, 0.2091947880230452] [-0.03171658515930176, -0.2999284267425537, 0.3069918155670166] [-0.24233004450798035, -1.1766200065612793, -0.9311800003051758, 0.8038579821586609, 1.7993401288986206, 0.9975999593734741, -1.2992560863494873, -1.299340009689331]
[0.3100050950520917, -0.12849644120586545, 0.2091947880230452] [-0.03162216395139694, -0.29988008737564087, 0.3070310056209564] [-0.24233004450798035, -1.1781539916992188, -0.9327139854431152, 0.8038579821586609, 1.7993401288986206, 0.9975999593734741, -1.3023240566253662, -1.2947380542755127]
[0.3100050950520917, -0.12849644120586545, 0.2091947880230452] [-0.03075156919658184, -0.3000533878803253, 0.30694931745529175] [-0.24233004450798035, -1.1766200065612793, -0.9311800003051758, 0.8038579821586609, 1.7993401288986206, 0.9975999593734741, -1.3023240566253662, -1.2947380542755127]
[0.3100050950520917, -0.12849644120586545, 0.2091947880230452] [-0.03089316189289093, -0.30036094784736633, 0.3066033124923706] [-0.24233004450798035, -1.1766200065612793, -0.9311800003051758, 0.8038579821586609, 1.7993401288986206, 0.9975999593734741, -1.3023240566253662, -1.2947380542755127]
[0.3100050950520917, -0.12849644120586545, 0.2091947880230452] [-0.03081868775188923, -0.3004383444786072, 0.3065118193626404] [-0.24233004450798035, -1.1766200065612793, -0.9311800003051758, 0.8038579821586609, 1.7993401288986206, 0.9975999593734741, -1.3023240566253662, -1.2947380542755127]
[0.3100050950520917, -0.12849644120586545, 0.2091947880230452] [-0.030504269525408745, -0.3004222512245178, 0.30671846866607666] [-0.24233004450798035, -1.1766200065612793, -0.9311800003051758, 0.8038579821586609, 1.7993401288986206, 0.9975999593734741, -1.3023240566253662, -1.2947380542755127]
[0.3100050950520917, -0.12849644120586545, 0.2091947880230452] [-0.030487757176160812, -0.30031710863113403, 0.30657339096069336] [-0.24233004450798035, -1.1766200065612793, -0.9311800003051758, 0.8038579821586609, 1.7993401288986206, 0.9975999593734741, -1.3023240566253662, -1.2947380542755127]
[0.3100050950520917, -0.12849644120586545, 0.2091947880230452] [-0.030162863433361053, -0.3005935549736023, 0.3070208728313446] [-0.24233004450798035, -1.1735520362854004, -0.9204419851303101, 0.8023239970207214, 1.7962720394134521, 0.9975999593734741, -1.3023240566253662, -1.2932039499282837]
[0.3100050950520917, -0.12849644120586545, 0.2091947880230452] [-0.027646269649267197, -0.29993635416030884, 0.30759671330451965] [-0.243864044547081, -1.1643480062484741, -0.9112379550933838, 0.8023239970207214, 1.7962720394134521, 0.9975999593734741, -1.3023240566253662, -1.2886019945144653]
[0.3100050950520917, -0.12849644120586545, 0.2091947880230452] [-0.025471922010183334, -0.3000043034553528, 0.3103004992008209] [-0.24846604466438293, -1.1628140211105347, -0.8790239691734314, 0.8023239970207214, 1.7947380542755127, 0.9975999593734741, -1.3023240566253662, -1.2886019945144653]
[0.3100050950520917, -0.12849644120586545, 0.2091947880230452] [-0.022989243268966675, -0.3000098168849945, 0.3128397464752197] [-0.25153404474258423, -1.1597459316253662, -0.8529459834098816, 0.8023239970207214, 1.7947380542755127, 0.9975999593734741, -1.3038580417633057, -1.2870680093765259]
[0.3100050950520917, -0.12849644120586545, 0.2091947880230452] [-0.02011343091726303, -0.29991334676742554, 0.3163815438747406] [-0.2546020448207855, -1.1582119464874268, -0.8007899522781372, 0.8023239970207214, 1.7947380542755127, 0.9975999593734741, -1.3038580417633057, -1.2855340242385864]
[0.3100050950520917, -0.12849644120586545, 0.2091947880230452] [-0.018071439117193222, -0.2997773587703705, 0.318915456533432] [-0.2546020448207855, -1.1566779613494873, -0.7624399662017822, 0.8053919672966003, 1.7947380542755127, 0.9975999593734741, -1.3038580417633057, -1.2855340242385864]
[0.3100050950520917, -0.12849644120586545, 0.2091947880230452] [-0.013828725554049015, -0.2977961003780365, 0.32272467017173767] [-0.25613605976104736, -1.1536099910736084, -0.7164199948310852, 0.8191980123519897, 1.7947380542755127, 0.9975999593734741, -1.3069260120391846, -1.284000039100647]
[0.3100050950520917, -0.12849644120586545, 0.2091947880230452] [-0.010256480425596237, -0.29711082577705383, 0.32501670718193054] [-0.2576700448989868, -1.1382700204849243, -0.6857399940490723, 0.8222659826278687, 1.7947380542755127, 0.9975999593734741, -1.309994101524353, -1.284000039100647]
[0.3100050950520917, -0.12849644120586545, 0.2091947880230452] [0.0002989395579788834, -0.29356396198272705, 0.3287163972854614] [-0.2576700448989868, -1.0891820192337036, -0.6366519927978516, 0.8268679976463318, 1.7932040691375732, 0.9975999593734741, -1.309994101524353, -1.284000039100647]
[0.3100050950520917, -0.12849644120586545, 0.2091947880230452] [0.009533313103020191, -0.2897045910358429, 0.33312663435935974] [-0.2576700448989868, -1.0477639436721802, -0.5829619765281677, 0.846809983253479, 1.7932040691375732, 0.9975999593734741, -1.309994101524353, -1.284000039100647]
[0.3100050950520917, -0.12849644120586545, 0.2091947880230452] [0.020923683419823647, -0.28101807832717896, 0.3374313414096832] [-0.25613605976104736, -1.0032780170440674, -0.5246700048446655, 0.8928300142288208, 1.7932040691375732, 0.9975999593734741, -1.309994101524353, -1.282465934753418]
[0.3100050950520917, -0.12849644120586545, 0.2091947880230452] [0.02935286983847618, -0.2697402238845825, 0.3431921601295471] [-0.2576700448989868, -0.9633939862251282, -0.47864997386932373, 0.9449859857559204, 1.7916700839996338, 0.9975999593734741, -1.3084601163864136, -1.2778639793395996]
[0.3100050950520917, -0.12849644120586545, 0.2091947880230452] [0.036564599722623825, -0.25733107328414917, 0.34749534726142883] [-0.2576700448989868, -0.9342479705810547, -0.44643598794937134, 1.0155500173568726, 1.7916700839996338, 0.9975999593734741, -1.3069260120391846, -1.2763299942016602]
[0.3100050950520917, -0.12849644120586545, 0.2091947880230452] [0.039754439145326614, -0.24958811700344086, 0.34836283326148987] [-0.25920403003692627, -0.923509955406189, -0.429561972618103, 1.0692399740219116, 1.7932040691375732, 0.9975999593734741, -1.3069260120391846, -1.2747960090637207]
[0.3100050950520917, -0.12849644120586545, 0.2091947880230452] [0.04365726560354233, -0.23434101045131683, 0.348222553730011] [-0.26227205991744995, -0.905102014541626, -0.421891987323761, 1.1919599771499634, 1.7916700839996338, 0.9975999593734741, -1.3069260120391846, -1.2732620239257812]
[0.3100050950520917, -0.12849644120586545, 0.2091947880230452] [0.04436912387609482, -0.22795897722244263, 0.34717628359794617] [-0.26227205991744995, -0.9004999995231628, -0.42035797238349915, 1.241047978401184, 1.7916700839996338, 0.9975999593734741, -1.3069260120391846, -1.2732620239257812]
[0.3100050950520917, -0.12849644120586545, 0.2091947880230452] [0.04474664106965065, -0.22222614288330078, 0.34632089734077454] [-0.26227205991744995, -0.8974319696426392, -0.42035797238349915, 1.279397964477539, 1.7916700839996338, 0.9975999593734741, -1.3069260120391846, -1.2732620239257812]
[0.3100050950520917, -0.12849644120586545, 0.2091947880230452] [0.045562200248241425, -0.2128380835056305, 0.3449651300907135] [-0.26227205991744995, -0.8805580139160156, -0.42035797238349915, 1.3438260555267334, 1.7410480976104736, 0.9975999593734741, -1.3069260120391846, -1.2732620239257812]
[0.3100050950520917, -0.12849644120586545, 0.2091947880230452] [0.046044640243053436, -0.20619173347949982, 0.3438602685928345] [-0.26227205991744995, -0.8652179837226868, -0.42035797238349915, 1.3852440118789673, 1.727242112159729, 0.9975999593734741, -1.3084601163864136, -1.2732620239257812]
[0.3100050950520917, -0.12849644120586545, 0.2091947880230452] [0.045553527772426605, -0.20122385025024414, 0.3429056406021118] [-0.2607380449771881, -0.8621499538421631, -0.42035797238349915, 1.437399983406067, 1.6643481254577637, 0.9971999526023865, -1.309994101524353, -1.2747960090637207]
[0.3100050950520917, -0.12849644120586545, 0.2091947880230452] [0.04447153955698013, -0.19806940853595734, 0.3404373526573181] [-0.2546020448207855, -0.8621499538421631, -0.421891987323761, 1.4512059688568115, 1.6566780805587769, 0.9975999593734741, -1.3115280866622925, -1.2747960090637207]
[0.3100050950520917, -0.12849644120586545, 0.2091947880230452] [0.04393872991204262, -0.19601503014564514, 0.3396429121494293] [-0.25153404474258423, -0.8621499538421631, -0.42649397253990173, 1.4680800437927246, 1.6275321245193481, 0.9975999593734741, -1.313062071800232, -1.2747960090637207]
[0.3100050950520917, -0.12849644120586545, 0.2091947880230452] [0.04395988956093788, -0.19510114192962646, 0.33754485845565796] [-0.24846604466438293, -0.854479968547821, -0.4326299726963043, 1.469614028930664, 1.6275321245193481, 0.9975999593734741, -1.3161300420761108, -1.2763299942016602]
[0.3100050950520917, -0.12849644120586545, 0.2091947880230452] [0.04456936568021774, -0.19480635225772858, 0.3372441828250885] [-0.24846604466438293, -0.8529459834098816, -0.4326299726963043, 1.469614028930664, 1.6275321245193481, 0.9975999593734741, -1.3222661018371582, -1.279397964477539]
[0.3100050950520917, -0.12849644120586545, 0.2091947880230452] [0.04611882567405701, -0.19359298050403595, 0.3361997902393341] [-0.2469320446252823, -0.8284019827842712, -0.4387659728527069, 1.469614028930664, 1.6275321245193481, 0.9975999593734741, -1.328402042388916, -1.282465934753418]
[0.3100050950520917, -0.12849644120586545, 0.2091947880230452] [0.048354946076869965, -0.19042088091373444, 0.3331305980682373] [-0.2469320446252823, -0.8007899522781372, -0.46637797355651855, 1.469614028930664, 1.6275321245193481, 0.9975999593734741, -1.328402042388916, -1.282465934753418]
[0.3100050950520917, -0.12849644120586545, 0.2091947880230452] [0.048205986618995667, -0.1903110146522522, 0.3302757740020752] [-0.2469320446252823, -0.7992559671401978, -0.48631995916366577, 1.469614028930664, 1.6275321245193481, 0.9975999593734741, -1.3299360275268555, -1.282465934753418]
[0.3100050950520917, -0.12849644120586545, 0.2091947880230452] [0.04735808074474335, -0.1907876580953598, 0.3265191912651062] [-0.243864044547081, -0.7900519967079163, -0.5216019749641418, 1.469614028930664, 1.6275321245193481, 0.9975999593734741, -1.3299360275268555, -1.282465934753418]
[0.3100050950520917, -0.12849644120586545, 0.2091947880230452] [0.0477709025144577, -0.18908634781837463, 0.32399430871009827] [-0.243864044547081, -0.770110011100769, -0.5415439605712891, 1.469614028930664, 1.6275321245193481, 0.9975999593734741, -1.331470012664795, -1.282465934753418]
[0.3100050950520917, -0.12849644120586545, 0.2091947880230452] [0.04808171093463898, -0.18757234513759613, 0.3214358687400818] [-0.24233004450798035, -0.7547699809074402, -0.5752919912338257, 1.469614028930664, 1.6275321245193481, 0.9975999593734741, -1.331470012664795, -1.282465934753418]
[0.3100050950520917, -0.12849644120586545, 0.2091947880230452] [0.046130839735269547, -0.1875758022069931, 0.3157625198364258] [-0.21932004392147064, -0.7547699809074402, -0.5906319618225098, 1.4711480140686035, 1.6275321245193481, 0.9975999593734741, -1.331470012664795, -1.282465934753418]
[0.3100050950520917, -0.12849644120586545, 0.2091947880230452] [0.0450700968503952, -0.18742641806602478, 0.31258559226989746] [-0.20091204345226288, -0.7547699809074402, -0.5952339768409729, 1.4711480140686035, 1.6259980201721191, 0.9975999593734741, -1.331470012664795, -1.282465934753418]
[0.3100050950520917, -0.12849644120586545, 0.2091947880230452] [0.04456397145986557, -0.1875600963830948, 0.3111843764781952] [-0.19937804341316223, -0.7547699809074402, -0.6029039621353149, 1.4711480140686035, 1.6275321245193481, 0.9975999593734741, -1.331470012664795, -1.282465934753418]
[0.3100050950520917, -0.12849644120586545, 0.2091947880230452] [0.04410223662853241, -0.18741074204444885, 0.3099927306175232] [-0.19017404317855835, -0.7547699809074402, -0.6044379472732544, 1.4711480140686035, 1.6275321245193481, 0.9975999593734741, -1.331470012664795, -1.282465934753418]
[0.3100050950520917, -0.12849644120586545, 0.2091947880230452] [0.04328753799200058, -0.18733471632003784, 0.30793869495391846] [-0.17483404278755188, -0.7547699809074402, -0.6121079921722412, 1.4711480140686035, 1.6275321245193481, 0.9975999593734741, -1.3345381021499634, -1.2855340242385864]
[0.3100050950520917, -0.12849644120586545, 0.2091947880230452] [0.0428922064602375, -0.18735475838184357, 0.3056570291519165] [-0.16716404259204865, -0.7547699809074402, -0.6105740070343018, 1.469614028930664, 1.6275321245193481, 0.9975999593734741, -1.3345381021499634, -1.2855340242385864]
[0.3100050950520917, -0.12849644120586545, 0.2091947880230452] [0.04294354468584061, -0.18738272786140442, 0.3055070638656616] [-0.16716404259204865, -0.7547699809074402, -0.6105740070343018, 1.4680800437927246, 1.6275321245193481, 0.9975999593734741, -1.3360720872879028, -1.2855340242385864]
[0.3100050950520917, -0.12849644120586545, 0.2091947880230452] [0.04317183047533035, -0.18777412176132202, 0.30551329255104065] [-0.165630042552948, -0.7563039660453796, -0.6090399622917175, 1.4680800437927246, 1.6275321245193481, 0.9975999593734741, -1.3360720872879028, -1.2855340242385864]
[0.3100050950520917, -0.12849644120586545, 0.2091947880230452] [0.04317324608564377, -0.1879323571920395, 0.3055189549922943] [-0.16716404259204865, -0.7563039660453796, -0.6090399622917175, 1.4680800437927246, 1.6275321245193481, 0.9975999593734741, -1.3360720872879028, -1.2855340242385864]
[0.3100050950520917, -0.12849644120586545, 0.2091947880230452] [0.04329865053296089, -0.18791577219963074, 0.30564266443252563] [-0.16716404259204865, -0.7563039660453796, -0.6075059771537781, 1.4665460586547852, 1.6275321245193481, 0.9975999593734741, -1.3345381021499634, -1.284000039100647]
[0.3100050950520917, -0.12849644120586545, 0.2091947880230452] [0.043223313987255096, -0.18787512183189392, 0.3056657612323761] [-0.16716404259204865, -0.7563039660453796, -0.6075059771537781, 1.4665460586547852, 1.6275321245193481, 0.9975999593734741, -1.3360720872879028, -1.2855340242385864]
[0.3100050950520917, -0.12849644120586545, 0.2091947880230452] [0.043319061398506165, -0.18791040778160095, 0.30567222833633423] [-0.16716404259204865, -0.7563039660453796, -0.6075059771537781, 1.4665460586547852, 1.6275321245193481, 0.9975999593734741, -1.3360720872879028, -1.2855340242385864]
[0.3100050950520917, -0.12849644120586545, 0.2091947880230452] [0.04319328814744949, -0.18785782158374786, 0.3056635558605194] [-0.16716404259204865, -0.7563039660453796, -0.6075059771537781, 1.4665460586547852, 1.6275321245193481, 0.9975999593734741, -1.3360720872879028, -1.2855340242385864]
[0.3100050950520917, -0.12849644120586545, 0.2091947880230452] [0.043235450983047485, -0.18786406517028809, 0.30564337968826294] [-0.16716404259204865, -0.7563039660453796, -0.6075059771537781, 1.4665460586547852, 1.6275321245193481, 0.9975999593734741, -1.3360720872879028, -1.2855340242385864]
[0.3100050950520917, -0.12849644120586545, 0.2091947880230452] [0.04241441935300827, -0.18955697119235992, 0.3015728294849396] [-0.16409604251384735, -0.7578380107879639, -0.6366519927978516, 1.4619439840316772, 1.6290661096572876, 0.031200004741549492, -1.3406740427017212, -1.2932039499282837]
[0.3100050950520917, -0.12849644120586545, 0.2091947880230452] [0.040987778455019, -0.18979746103286743, 0.29889267683029175] [-0.15182404220104218, -0.7578380107879639, -0.6535259485244751, 1.4619439840316772, 1.6290661096572876, 0.031200004741549492, -1.3406740427017212, -1.2932039499282837]
[0.3100050950520917, -0.12849644120586545, 0.2091947880230452] [0.040570471435785294, -0.1898111253976822, 0.29810288548469543] [-0.15335804224014282, -0.7578380107879639, -0.6565939784049988, 1.4619439840316772, 1.6290661096572876, 0.031200004741549492, -1.3406740427017212, -1.2932039499282837]
[0.3100050950520917, -0.12849644120586545, 0.2091947880230452] [0.04047044366598129, -0.1898506134748459, 0.2979728877544403] [-0.15335804224014282, -0.7578380107879639, -0.6565939784049988, 1.4619439840316772, 1.6290661096572876, 0.031200004741549492, -1.3406740427017212, -1.2932039499282837]
[0.3100050950520917, -0.12849644120586545, 0.2091947880230452] [0.04046905040740967, -0.18990576267242432, 0.29793477058410645] [-0.15182404220104218, -0.7563039660453796, -0.6565939784049988, 1.4619439840316772, 1.6290661096572876, 0.031200004741549492, -1.3406740427017212, -1.2932039499282837]
[0.3100050950520917, -0.12849644120586545, 0.2091947880230452] [0.04076188802719116, -0.19027063250541687, 0.2982677221298218] [-0.15182404220104218, -0.7563039660453796, -0.6504579782485962, 1.4481379985809326, 1.6290661096572876, 0.03160000592470169, -1.3422080278396606, -1.2932039499282837]
[0.3100050950520917, -0.12849644120586545, 0.2091947880230452] [0.043091993778944016, -0.19232971966266632, 0.2998883128166199] [-0.15489204227924347, -0.7563039660453796, -0.6351180076599121, 1.434332013130188, 1.630600094795227, 0.031200004741549492, -1.345276117324829, -1.2932039499282837]
[0.3100050950520917, -0.12849644120586545, 0.2091947880230452] [0.04377158358693123, -0.19296051561832428, 0.3000631630420685] [-0.15642604231834412, -0.7547699809074402, -0.6335839629173279, 1.4266619682312012, 1.630600094795227, 0.031200004741549492, -1.345276117324829, -1.2932039499282837]
[0.3100050950520917, -0.12849644120586545, 0.2091947880230452] [0.04856693372130394, -0.19502513110637665, 0.303606241941452] [-0.165630042552948, -0.7225559949874878, -0.6136419773101807, 1.372972011566162, 1.630600094795227, 0.031200004741549492, -1.345276117324829, -1.2932039499282837]
[0.3100050950520917, -0.12849644120586545, 0.2091947880230452] [0.05682539567351341, -0.1942192167043686, 0.30686673521995544] [-0.16716404259204865, -0.6657979488372803, -0.5875639915466309, 1.3085440397262573, 1.6321340799331665, 0.03160000592470169, -1.345276117324829, -1.2932039499282837]
[0.3100050950520917, -0.12849644120586545, 0.2091947880230452] [0.0627351775765419, -0.19393858313560486, 0.3090583384037018] [-0.165630042552948, -0.6167099475860596, -0.572223961353302, 1.244115948677063, 1.630600094795227, 0.031200004741549492, -1.345276117324829, -1.2947380542755127]
[0.3100050950520917, -0.12849644120586545, 0.2091947880230452] [0.06863132119178772, -0.1919257938861847, 0.31078192591667175] [-0.16716404259204865, -0.5538159608840942, -0.5630199909210205, 1.1781539916992188, 1.6321340799331665, 0.031200004741549492, -1.345276117324829, -1.2962720394134521]
[0.3100050950520917, -0.12849644120586545, 0.2091947880230452] [0.07616319507360458, -0.19079440832138062, 0.3128703236579895] [-0.16716404259204865, -0.5031939744949341, -0.5599519610404968, 1.1198619604110718, 1.630600094795227, 0.031200004741549492, -1.3498780727386475, -1.3008739948272705]
[0.3100050950520917, -0.12849644120586545, 0.2091947880230452] [0.08397401124238968, -0.19127216935157776, 0.3146236538887024] [-0.165630042552948, -0.44950395822525024, -0.5568839907646179, 1.0293560028076172, 1.630600094795227, 0.031200004741549492, -1.3560140132904053, -1.3100780248641968]
[0.3100050950520917, -0.12849644120586545, 0.2091947880230452] [0.08998867869377136, -0.1924567073583603, 0.31542789936065674] [-0.16716404259204865, -0.4096199870109558, -0.5584179759025574, 0.9695299863815308, 1.630600094795227, 0.031200004741549492, -1.3682861328125, -1.322350025177002]
[0.3100050950520917, -0.12849644120586545, 0.2091947880230452] [0.09815219044685364, -0.19421613216400146, 0.31620752811431885] [-0.16716404259204865, -0.355929970741272, -0.5568839907646179, 0.8606159687042236, 1.630600094795227, 0.031200004741549492, -1.3805580139160156, -1.3315539360046387]
[0.3100050950520917, -0.12849644120586545, 0.2091947880230452] [0.10455477982759476, -0.19528861343860626, 0.3168924152851105] [-0.16716404259204865, -0.3206479549407959, -0.5568839907646179, 0.8023239970207214, 1.6321340799331665, 0.031200004741549492, -1.3820921182632446, -1.3330880403518677]
[0.3100050950520917, -0.12849644120586545, 0.2091947880230452] [0.10824485123157501, -0.19589115679264069, 0.3181213438510895] [-0.16716404259204865, -0.2884339690208435, -0.5553499460220337, 0.7455660104751587, 1.6321340799331665, 0.03160000592470169, -1.386694073677063, -1.3361560106277466]
[0.3100050950520917, -0.12849644120586545, 0.2091947880230452] [0.11245256662368774, -0.1959439069032669, 0.3195687532424927] [-0.16716404259204865, -0.2562199831008911, -0.5522819757461548, 0.7010799646377563, 1.630600094795227, 0.03160000592470169, -1.3974320888519287, -1.3499619960784912]
[0.3100050950520917, -0.12849644120586545, 0.2091947880230452] [0.11686492711305618, -0.19665642082691193, 0.3199993073940277] [-0.17176604270935059, -0.23474396765232086, -0.5476799607276917, 0.6611959934234619, 1.630600094795227, 0.03160000592470169, -1.4235100746154785, -1.3745059967041016]
[0.3100050950520917, -0.12849644120586545, 0.2091947880230452] [0.12424478679895401, -0.19849669933319092, 0.32140034437179565] [-0.191708043217659, -0.20559796690940857, -0.5354079604148865, 0.6121079921722412, 1.630600094795227, 0.031200004741549492, -1.4434521198272705, -1.392914056777954]
[0.3100050950520917, -0.12849644120586545, 0.2091947880230452] [0.128990039229393, -0.1986679881811142, 0.3219795227050781] [-0.20244604349136353, -0.18872396647930145, -0.5231359601020813, 0.5844959616661072, 1.6321340799331665, 0.031200004741549492, -1.4495880603790283, -1.3975160121917725]
[0.3100050950520917, -0.12849644120586545, 0.2091947880230452] [0.132570281624794, -0.20076124370098114, 0.32203906774520874] [-0.20398004353046417, -0.17951996624469757, -0.5154659748077393, 0.5461459755897522, 1.630600094795227, 0.031200004741549492, -1.463394045829773, -1.4128559827804565]
[0.3100050950520917, -0.12849644120586545, 0.2091947880230452] [0.1347268968820572, -0.20440499484539032, 0.32162028551101685] [-0.20704804360866547, -0.17951996624469757, -0.5139319896697998, 0.5154659748077393, 1.6321340799331665, 0.031200004741549492, -1.4848700761795044, -1.434332013130188]
[0.3100050950520917, -0.12849644120586545, 0.2091947880230452] [0.13893644511699677, -0.20606498420238495, 0.31821849942207336] [-0.21011604368686676, -0.1580439656972885, -0.5123980045318604, 0.48325198888778687, 1.6321340799331665, 0.031200004741549492, -1.5002100467681885, -1.4542739391326904]
[0.3100050950520917, -0.12849644120586545, 0.2091947880230452] [0.1440175175666809, -0.20271103084087372, 0.3150103986263275] [-0.2116500437259674, -0.13196596503257751, -0.5108639597892761, 0.47251397371292114, 1.630600094795227, 0.031200004741549492, -1.5078800916671753, -1.4604099988937378]
[0.3100050950520917, -0.12849644120586545, 0.2091947880230452] [0.1449311375617981, -0.20327578485012054, 0.3138137757778168] [-0.21318404376506805, -0.13196596503257751, -0.5108639597892761, 0.47251397371292114, 1.630600094795227, 0.031200004741549492, -1.5078800916671753, -1.4619439840316772]
[0.3100050950520917, -0.12849644120586545, 0.2091947880230452] [0.1464850753545761, -0.2048082947731018, 0.3112041652202606] [-0.21932004392147064, -0.13196596503257751, -0.5108639597892761, 0.47251397371292114, 1.630600094795227, 0.031200004741549492, -1.5109480619430542, -1.4634779691696167]
[0.3100050950520917, -0.12849644120586545, 0.2091947880230452] [0.14752057194709778, -0.20605017244815826, 0.3083276152610779] [-0.21932004392147064, -0.13196596503257751, -0.5108639597892761, 0.47251397371292114, 1.6321340799331665, 0.031200004741549492, -1.5109480619430542, -1.4634779691696167]
[0.3100050950520917, -0.12849644120586545, 0.2091947880230452] [0.1477227807044983, -0.206244558095932, 0.30781090259552] [-0.21932004392147064, -0.13196596503257751, -0.5108639597892761, 0.47251397371292114, 1.6321340799331665, 0.031200004741549492, -1.5109480619430542, -1.4634779691696167]
[0.3100050950520917, -0.12849644120586545, 0.2091947880230452] [0.14784832298755646, -0.20635655522346497, 0.30746474862098694] [-0.21932004392147064, -0.13196596503257751, -0.5108639597892761, 0.47251397371292114, 1.630600094795227, 0.031200004741549492, -1.5109480619430542, -1.4634779691696167]
[0.3100050950520917, -0.12849644120586545, 0.2091947880230452] [0.14791877567768097, -0.20639851689338684, 0.30734720826148987] [-0.21932004392147064, -0.13196596503257751, -0.5108639597892761, 0.47251397371292114, 1.630600094795227, 0.031200004741549492, -1.5109480619430542, -1.4634779691696167]
[0.3100050950520917, -0.12849644120586545, 0.2091947880230452] [0.14779025316238403, -0.20644034445285797, 0.30737918615341187] [-0.21932004392147064, -0.13196596503257751, -0.5108639597892761, 0.47251397371292114, 1.6321340799331665, 0.031200004741549492, -1.5109480619430542, -1.4634779691696167]
