[0.26765598340348884, -0.20378998364066028, 0.21034851768514612] [0.030506648123264313, -0.27988991141319275, 0.28918689489364624] [0.1381019651889801, -0.7378959655761719, -0.5461459755897522, 0.5093299746513367, 1.6382701396942139, 0.9975999593734741, -1.2992560863494873, -1.2978060245513916]
[0.26765598340348884, -0.20378998364066028, 0.21034851768514612] [0.03050711750984192, -0.2798978388309479, 0.2891669273376465] [0.1381019651889801, -0.7378959655761719, -0.5446119904518127, 0.5093299746513367, 1.6382701396942139, 0.9975999593734741, -1.3084601163864136, -1.2962720394134521]
[0.26765598340348884, -0.20378998364066028, 0.21034851768514612] [0.03165983408689499, -0.28011688590049744, 0.2882097661495209] [0.1381019651889801, -0.7378959655761719, -0.5461459755897522, 0.5093299746513367, 1.6382701396942139, 0.9975999593734741, -1.309994101524353, -1.2962720394134521]
[0.26765598340348884, -0.20378998364066028, 0.21034851768514612] [0.03174850717186928, -0.28034481406211853, 0.28765401244163513] [0.1381019651889801, -0.7378959655761719, -0.5446119904518127, 0.5093299746513367, 1.6382701396942139, 0.9975999593734741, -1.3084601163864136, -1.2962720394134521]
[0.26765598340348884, -0.20378998364066028, 0.21034851768514612] [0.03180835768580437, -0.28034403920173645, 0.2876691222190857] [0.1381019651889801, -0.7378959655761719, -0.5446119904518127, 0.5093299746513367, 1.6367360353469849, 0.9975999593734741, -1.3084601163864136, -1.2947380542755127]
[0.26765598340348884, -0.20378998364066028, 0.21034851768514612] [0.030998336151242256, -0.2797166407108307, 0.28887277841567993] [0.1381019651889801, -0.7378959655761719, -0.5446119904518127, 0.5093299746513367, 1.6367360353469849, 0.9971999526023865, -1.2961881160736084, -1.2809319496154785]
[0.26765598340348884, -0.20378998364066028, 0.21034851768514612] [0.029225829988718033, -0.2793124318122864, 0.29221445322036743] [0.1350339651107788, -0.7394299507141113, -0.5446119904518127, 0.5093299746513367, 1.6367360353469849, 0.9975999593734741, -1.2655080556869507, -1.248718023300171]
[0.26765598340348884, -0.20378998364066028, 0.21034851768514612] [0.02706458978354931, -0.27842631936073303, 0.29652419686317444] [0.13196596503257751, -0.7394299507141113, -0.5430779457092285, 0.5093299746513367, 1.6367360353469849, 0.9975999593734741, -1.2455661296844482, -1.222640037536621]
[0.26765598340348884, -0.20378998364066028, 0.21034851768514612] [0.024965371936559677, -0.27741947770118713, 0.30006736516952515] [0.13196596503257751, -0.7394299507141113, -0.5430779457092285, 0.5093299746513367, 1.6367360353469849, 0.9975999593734741, -1.2225561141967773, -1.1980960369110107]
[0.26765598340348884, -0.20378998364066028, 0.21034851768514612] [0.02147604338824749, -0.2758202850818634, 0.3057132959365845] [0.13043196499347687, -0.7394299507141113, -0.5430779457092285, 0.5093299746513367, 1.6367360353469849, 0.9975999593734741, -1.198012113571167, -1.1689499616622925]
[0.26765598340348884, -0.20378998364066028, 0.21034851768514612] [0.019469084218144417, -0.2748078405857086, 0.3090223968029022] [0.12889796495437622, -0.7394299507141113, -0.5430779457092285, 0.5108639597892761, 1.6352020502090454, 0.9975999593734741, -1.1719341278076172, -1.1413379907608032]
[0.26765598340348884, -0.20378998364066028, 0.21034851768514612] [0.015725864097476006, -0.273171067237854, 0.3140687346458435] [0.12889796495437622, -0.7394299507141113, -0.5384759902954102, 0.5093299746513367, 1.6352020502090454, 0.9975999593734741, -1.1412540674209595, -1.113726019859314]
[0.26765598340348884, -0.20378998364066028, 0.21034851768514612] [0.013405315577983856, -0.2705647051334381, 0.3180895745754242] [0.12736396491527557, -0.7394299507141113, -0.5369420051574707, 0.5277379751205444, 1.633668065071106, 0.9975999593734741, -1.1213120222091675, -1.0876480340957642]
[0.26765598340348884, -0.20378998364066028, 0.21034851768514612] [0.011545886285603046, -0.2682717740535736, 0.3213534951210022] [0.12582996487617493, -0.7394299507141113, -0.5369420051574707, 0.5369420051574707, 1.633668065071106, 0.9975999593734741, -1.0998361110687256, -1.0615699291229248]
[0.26765598340348884, -0.20378998364066028, 0.21034851768514612] [0.008668296039104462, -0.263547420501709, 0.32553064823150635] [0.12429595738649368, -0.7378959655761719, -0.533873975276947, 0.5860300064086914, 1.633668065071106, 0.9975999593734741, -1.0829620361328125, -1.0446959733963013]
[0.26765598340348884, -0.20378998364066028, 0.21034851768514612] [0.009810865856707096, -0.25718826055526733, 0.32824355363845825] [0.10281995683908463, -0.7317599654197693, -0.5277379751205444, 0.6243799924850464, 1.6321340799331665, 0.9975999593734741, -1.0752921104431152, -1.035491943359375]
[0.26765598340348884, -0.20378998364066028, 0.21034851768514612] [0.012168276123702526, -0.24957120418548584, 0.33753135800361633] [0.05986796319484711, -0.7317599654197693, -0.5169999599456787, 0.7010799646377563, 1.6321340799331665, 0.9975999593734741, -1.0737581253051758, -1.035491943359375]
[0.26765598340348884, -0.20378998364066028, 0.21034851768514612] [0.01357919629663229, -0.2451445460319519, 0.3381255865097046] [0.04452796280384064, -0.7317599654197693, -0.5154659748077393, 0.7486339807510376, 1.6321340799331665, 0.9975999593734741, -1.0737581253051758, -1.035491943359375]
[0.26765598340348884, -0.20378998364066028, 0.21034851768514612] [0.016034265980124474, -0.23555153608322144, 0.3377123773097992] [0.03378996253013611, -0.7317599654197693, -0.5154659748077393, 0.8376059532165527, 1.633668065071106, 0.9975999593734741, -1.0737581253051758, -1.0339579582214355]
[0.26765598340348884, -0.20378998364066028, 0.21034851768514612] [0.017276031896471977, -0.2297593653202057, 0.337215393781662] [0.026119962334632874, -0.7317599654197693, -0.5154659748077393, 0.8974319696426392, 1.633668065071106, 0.9975999593734741, -1.0737581253051758, -1.035491943359375]
[0.26765598340348884, -0.20378998364066028, 0.21034851768514612] [0.018292924389243126, -0.22354553639888763, 0.3369605541229248] [0.013847962021827698, -0.7317599654197693, -0.5139319896697998, 0.9541900157928467, 1.6321340799331665, 0.9975999593734741, -1.0737581253051758, -1.035491943359375]
[0.26765598340348884, -0.20378998364066028, 0.21034851768514612] [0.019275154918432236, -0.21328352391719818, 0.335908442735672] [0.00771196186542511, -0.7317599654197693, -0.5077959895133972, 1.035491943359375, 1.633668065071106, 0.9975999593734741, -1.0737581253051758, -1.0339579582214355]
[0.26765598340348884, -0.20378998364066028, 0.21034851768514612] [0.01951112598180771, -0.20541462302207947, 0.33572709560394287] [4.1961669921875e-05, -0.7317599654197693, -0.506261944770813, 1.1367360353469849, 1.6321340799331665, 0.9975999593734741, -1.0737581253051758, -1.035491943359375]
[0.26765598340348884, -0.20378998364066028, 0.21034851768514612] [0.01874670572578907, -0.19641299545764923, 0.33346062898635864] [4.1961669921875e-05, -0.7317599654197693, -0.506261944770813, 1.1796879768371582, 1.6321340799331665, 0.9975999593734741, -1.0737581253051758, -1.035491943359375]
[0.26765598340348884, -0.20378998364066028, 0.21034851768514612] [0.01815921813249588, -0.19307345151901245, 0.3323934078216553] [4.1961669921875e-05, -0.7317599654197693, -0.5108639597892761, 1.205765962600708, 1.6321340799331665, 0.9975999593734741, -1.0737581253051758, -1.035491943359375]
[0.26765598340348884, -0.20378998364066028, 0.21034851768514612] [0.017549827694892883, -0.19121065735816956, 0.33132871985435486] [4.1961669921875e-05, -0.7317599654197693, -0.5185339450836182, 1.2272419929504395, 1.6321340799331665, 0.9975999593734741, -1.0737581253051758, -1.035491943359375]
[0.26765598340348884, -0.20378998364066028, 0.21034851768514612] [0.016392188146710396, -0.19038930535316467, 0.3285008370876312] [0.001575961709022522, -0.7317599654197693, -0.5476799607276917, 1.2303099632263184, 1.6321340799331665, 0.9975999593734741, -1.0737581253051758, -1.035491943359375]
[0.26765598340348884, -0.20378998364066028, 0.21034851768514612] [0.015378758311271667, -0.1910022795200348, 0.32570138573646545] [0.00771196186542511, -0.7317599654197693, -0.572223961353302, 1.2303099632263184, 1.6321340799331665, 0.9975999593734741, -1.0737581253051758, -1.035491943359375]
[0.26765598340348884, -0.20378998364066028, 0.21034851768514612] [0.012790950015187263, -0.19243335723876953, 0.3192746639251709] [0.010779961943626404, -0.7317599654197693, -0.630515992641449, 1.2303099632263184, 1.633668065071106, 0.9975999593734741, -1.0737581253051758, -1.0370259284973145]
[0.26765598340348884, -0.20378998364066028, 0.21034851768514612] [0.011103594675660133, -0.19353008270263672, 0.3152044415473938] [0.019983962178230286, -0.7302259802818298, -0.6627299785614014, 1.2303099632263184, 1.6321340799331665, 0.9975999593734741, -1.0752921104431152, -1.0370259284973145]
[0.26765598340348884, -0.20378998364066028, 0.21034851768514612] [0.009680372662842274, -0.19405493140220642, 0.3117524981498718] [0.024585962295532227, -0.7317599654197693, -0.696478009223938, 1.2303099632263184, 1.6321340799331665, 0.9975999593734741, -1.0737581253051758, -1.0370259284973145]
[0.26765598340348884, -0.20378998364066028, 0.21034851768514612] [0.0075872368179261684, -0.1952584683895111, 0.3074640929698944] [0.029187962412834167, -0.7302259802818298, -0.7225559949874878, 1.2257080078125, 1.6321340799331665, 0.9975999593734741, -1.0737581253051758, -1.0370259284973145]
[0.26765598340348884, -0.20378998364066028, 0.21034851768514612] [0.006500054616481066, -0.19649337232112885, 0.30536943674087524] [0.030721962451934814, -0.7302259802818298, -0.7394299507141113, 1.222640037536621, 1.633668065071106, 0.9975999593734741, -1.0798940658569336, -1.0385600328445435]
[0.26765598340348884, -0.20378998364066028, 0.21034851768514612] [0.005514343269169331, -0.19812676310539246, 0.30287620425224304] [0.030721962451934814, -0.7302259802818298, -0.7593719959259033, 1.2211060523986816, 1.6321340799331665, 0.9975999593734741, -1.081428050994873, -1.040094017982483]
[0.26765598340348884, -0.20378998364066028, 0.21034851768514612] [0.0055914511904120445, -0.1983010172843933, 0.3023369014263153] [0.030721962451934814, -0.7302259802818298, -0.7593719959259033, 1.2211060523986816, 1.633668065071106, 0.9975999593734741, -1.081428050994873, -1.040094017982483]
[0.26765598340348884, -0.20378998364066028, 0.21034851768514612] [0.005518132820725441, -0.19837403297424316, 0.30214473605155945] [0.030721962451934814, -0.7317599654197693, -0.7609059810638428, 1.2211060523986816, 1.633668065071106, 0.9975999593734741, -1.081428050994873, -1.040094017982483]
[0.26765598340348884, -0.20378998364066028, 0.21034851768514612] [0.005408384371548891, -0.19840332865715027, 0.3019598722457886] [0.030721962451934814, -0.7302259802818298, -0.7639739513397217, 1.2211060523986816, 1.6321340799331665, 0.9975999593734741, -1.0829620361328125, -1.040094017982483]
[0.26765598340348884, -0.20378998364066028, 0.21034851768514612] [0.005273701157420874, -0.19847406446933746, 0.3015797436237335] [0.030721962451934814, -0.7302259802818298, -0.7639739513397217, 1.2211060523986816, 1.633668065071106, 0.9975999593734741, -1.081428050994873, -1.040094017982483]
[0.26765598340348884, -0.20378998364066028, 0.21034851768514612] [0.005058247596025467, -0.19862332940101624, 0.30159735679626465] [0.03225596249103546, -0.7302259802818298, -0.7639739513397217, 1.2211060523986816, 1.633668065071106, 0.9975999593734741, -1.081428050994873, -1.040094017982483]
[0.26765598340348884, -0.20378998364066028, 0.21034851768514612] [0.005158097483217716, -0.1986854374408722, 0.30178672075271606] [0.030721962451934814, -0.7302259802818298, -0.7639739513397217, 1.2211060523986816, 1.633668065071106, 0.9975999593734741, -1.081428050994873, -1.040094017982483]
[0.26765598340348884, -0.20378998364066028, 0.21034851768514612] [0.005170740187168121, -0.19866202771663666, 0.3018513023853302] [0.030721962451934814, -0.7317599654197693, -0.7639739513397217, 1.2195719480514526, 1.6321340799331665, 0.9975999593734741, -1.081428050994873, -1.040094017982483]
[0.26765598340348884, -0.20378998364066028, 0.21034851768514612] [0.008101272396743298, -0.20171672105789185, 0.304185152053833] [0.02305196225643158, -0.7302259802818298, -0.7409639954566956, 1.187358021736145, 1.6321340799331665, 0.03960000351071358, -1.101370096206665, -1.0600359439849854]
[0.26765598340348884, -0.20378998364066028, 0.21034851768514612] [0.010797131806612015, -0.20216402411460876, 0.3054946959018707] [0.019983962178230286, -0.7302259802818298, -0.714885950088501, 1.187358021736145, 1.6321340799331665, 0.03960000351071358, -1.1167100667953491, -1.0769100189208984]
[0.26765598340348884, -0.20378998364066028, 0.21034851768514612] [0.013697880320250988, -0.20296688377857208, 0.3060190975666046] [0.01844996213912964, -0.714885950088501, -0.6903419494628906, 1.1597459316253662, 1.633668065071106, 0.03960000351071358, -1.13972008228302, -1.0983860492706299]
[0.26765598340348884, -0.20378998364066028, 0.21034851768514612] [0.020127130672335625, -0.20336468517780304, 0.3067750930786133] [0.015381962060928345, -0.7087500095367432, -0.6642639636993408, 1.1459399461746216, 1.6321340799331665, 0.03960000351071358, -1.1611961126327515, -1.1213959455490112]
[0.26765598340348884, -0.20378998364066028, 0.21034851768514612] [0.02733120508491993, -0.2071186751127243, 0.3091263771057129] [-0.0122300386428833, -0.7087500095367432, -0.6289819478988647, 1.1183279752731323, 1.633668065071106, 0.03960000351071358, -1.2026140689849854, -1.1612800359725952]
[0.26765598340348884, -0.20378998364066028, 0.21034851768514612] [0.03904614970088005, -0.21162506937980652, 0.31959983706474304] [-0.09966804087162018, -0.7072159647941589, -0.579893946647644, 1.0968519449234009, 1.633668065071106, 0.03960000351071358, -1.2655080556869507, -1.2257080078125]
[0.26765598340348884, -0.20378998364066028, 0.21034851768514612] [0.050397858023643494, -0.21826496720314026, 0.3267018795013428] [-0.16409604251384735, -0.7072159647941589, -0.5676219463348389, 1.0692399740219116, 1.633668065071106, 0.03960000351071358, -1.3023240566253662, -1.2579219341278076]
[0.26765598340348884, -0.20378998364066028, 0.21034851768514612] [0.05659216269850731, -0.22314973175525665, 0.32947444915771484] [-0.20398004353046417, -0.7072159647941589, -0.5599519610404968, 1.058501958847046, 1.633668065071106, 0.03960000351071358, -1.3222661018371582, -1.279397964477539]
[0.26765598340348884, -0.20378998364066028, 0.21034851768514612] [0.060959842056035995, -0.2254122495651245, 0.3316313624382019] [-0.2346600443124771, -0.7072159647941589, -0.5538159608840942, 1.0508320331573486, 1.633668065071106, 0.03960000351071358, -1.3575481176376343, -1.3162139654159546]
[0.26765598340348884, -0.20378998364066028, 0.21034851768514612] [0.06978979706764221, -0.23177941143512726, 0.33686286211013794] [-0.3036900460720062, -0.7010799646377563, -0.5461459755897522, 1.017084002494812, 1.633668065071106, 0.03960000351071358, -1.3958981037139893, -1.3530299663543701]
[0.26765598340348884, -0.20378998364066028, 0.21034851768514612] [0.07733745872974396, -0.2321000099182129, 0.33747991919517517] [-0.3297680616378784, -0.6780699491500854, -0.5369420051574707, 1.0094139575958252, 1.633668065071106, 0.03960000351071358, -1.4189081192016602, -1.372972011566162]
[0.26765598340348884, -0.20378998364066028, 0.21034851768514612] [0.09035083651542664, -0.2265152633190155, 0.33716264367103577] [-0.35431206226348877, -0.6059719920158386, -0.526203989982605, 0.9756659865379333, 1.633668065071106, 0.03960000351071358, -1.4465200901031494, -1.4005839824676514]
[0.26765598340348884, -0.20378998364066028, 0.21034851768514612] [0.10019636154174805, -0.22195421159267426, 0.3363510072231293] [-0.36044806241989136, -0.5277379751205444, -0.5246700048446655, 0.9388499855995178, 1.633668065071106, 0.03960000351071358, -1.4541900157928467, -1.411321997642517]
[0.26765598340348884, -0.20378998364066028, 0.21034851768514612] [0.10627993941307068, -0.21937082707881927, 0.33573275804519653] [-0.36044806241989136, -0.48325198888778687, -0.5246700048446655, 0.905102014541626, 1.633668065071106, 0.03960000351071358, -1.463394045829773, -1.4205260276794434]
[0.26765598340348884, -0.20378998364066028, 0.21034851768514612] [0.11986266821622849, -0.20935454964637756, 0.33532363176345825] [-0.36044806241989136, -0.36206597089767456, -0.526203989982605, 0.8237999677658081, 1.6321340799331665, 0.03960000351071358, -1.4649280309677124, -1.4220600128173828]
[0.26765598340348884, -0.20378998364066028, 0.21034851768514612] [0.12462352216243744, -0.20545697212219238, 0.33638468384742737] [-0.36044806241989136, -0.3053079843521118, -0.526203989982605, 0.7563039660453796, 1.633668065071106, 0.03960000351071358, -1.4741320610046387, -1.4281959533691406]
[0.26765598340348884, -0.20378998364066028, 0.21034851768514612] [0.1306527853012085, -0.2040873020887375, 0.3380729854106903] [-0.36044806241989136, -0.2623559832572937, -0.526203989982605, 0.6888079643249512, 1.6321340799331665, 0.03960000351071358, -1.4864040613174438, -1.4450700283050537]
[0.26765598340348884, -0.20378998364066028, 0.21034851768514612] [0.13786883652210236, -0.20291398465633392, 0.3386077582836151] [-0.3589140474796295, -0.20406396687030792, -0.526203989982605, 0.6243799924850464, 1.6321340799331665, 0.03960000351071358, -1.4971420764923096, -1.4588760137557983]
[0.26765598340348884, -0.20378998364066028, 0.21034851768514612] [0.14312036335468292, -0.20128114521503448, 0.3370838463306427] [-0.35277804732322693, -0.16264596581459045, -0.5354079604148865, 0.5706899762153625, 1.633668065071106, 0.03960000351071358, -1.5032780170440674, -1.4665460586547852]
[0.26765598340348884, -0.20378998364066028, 0.21034851768514612] [0.14808577299118042, -0.19964492321014404, 0.3351438343524933] [-0.34357404708862305, -0.12276195734739304, -0.5369420051574707, 0.5169999599456787, 1.6321340799331665, 0.03960000351071358, -1.5048121213912964, -1.4711480140686035]
[0.26765598340348884, -0.20378998364066028, 0.21034851768514612] [0.15025541186332703, -0.19936822354793549, 0.33482426404953003] [-0.34050604701042175, -0.10128595679998398, -0.5369420051574707, 0.4939899742603302, 1.633668065071106, 0.03960000351071358, -1.5078800916671753, -1.4742159843444824]
[0.26765598340348884, -0.20378998364066028, 0.21034851768514612] [0.15216389298439026, -0.19761762022972107, 0.33448824286460876] [-0.3389720320701599, -0.0859459638595581, -0.5384759902954102, 0.48325198888778687, 1.633668065071106, 0.03960000351071358, -1.5124820470809937, -1.4788179397583008]
[0.26765598340348884, -0.20378998364066028, 0.21034851768514612] [0.15414534509181976, -0.19861580431461334, 0.3300161063671112] [-0.3389720320701599, -0.08441196382045746, -0.5400099754333496, 0.48325198888778687, 1.633668065071106, 0.03960000351071358, -1.515550136566162, -1.4818860292434692]
[0.26765598340348884, -0.20378998364066028, 0.21034851768514612] [0.1547270268201828, -0.19915559887886047, 0.3281812071800232] [-0.3389720320701599, -0.08441196382045746, -0.5384759902954102, 0.48631995916366577, 1.6321340799331665, 0.03960000351071358, -1.515550136566162, -1.4818860292434692]
[0.26765598340348884, -0.20378998364066028, 0.21034851768514612] [0.15494292974472046, -0.1992007941007614, 0.32757243514060974] [-0.3389720320701599, -0.08441196382045746, -0.5384759902954102, 0.48631995916366577, 1.633668065071106, 0.03960000351071358, -1.515550136566162, -1.4818860292434692]
[0.26765598340348884, -0.20378998364066028, 0.21034851768514612] [0.15493033826351166, -0.19910912215709686, 0.32738304138183594] [-0.3389720320701599, -0.08441196382045746, -0.5384759902954102, 0.4878539741039276, 1.633668065071106, 0.03960000351071358, -1.515550136566162, -1.4818860292434692]
[0.26765598340348884, -0.20378998364066028, 0.21034851768514612] [0.1549031138420105, -0.19916830956935883, 0.3273421823978424] [-0.3389720320701599, -0.08441196382045746, -0.5384759902954102, 0.4878539741039276, 1.6321340799331665, 0.03960000351071358, -1.515550136566162, -1.4818860292434692]
[0.26765598340348884, -0.20378998364066028, 0.21034851768514612] [0.15483883023262024, -0.19913357496261597, 0.32746002078056335] [-0.3389720320701599, -0.08441196382045746, -0.5369420051574707, 0.4878539741039276, 1.6321340799331665, 0.03960000351071358, -1.515550136566162, -1.4818860292434692]
[0.26765598340348884, -0.20378998364066028, 0.21034851768514612] [0.15443556010723114, -0.20012085139751434, 0.32693347334861755] [-0.3389720320701599, -0.0859459638595581, -0.5384759902954102, 0.4909219741821289, 1.633668065071106, 0.9975999593734741, -1.515550136566162, -1.4834200143814087]
[0.26765598340348884, -0.20378998364066028, 0.21034851768514612] [0.15455099940299988, -0.1999121606349945, 0.32706838846206665] [-0.3389720320701599, -0.0859459638595581, -0.5384759902954102, 0.48938798904418945, 1.633668065071106, 0.9975999593734741, -1.515550136566162, -1.4834200143814087]
[0.26765598340348884, -0.20378998364066028, 0.21034851768514612] [0.15438859164714813, -0.20009632408618927, 0.3270359933376312] [-0.3389720320701599, -0.08441196382045746, -0.5384759902954102, 0.4909219741821289, 1.633668065071106, 0.9975999593734741, -1.515550136566162, -1.4818860292434692]
[0.26765598340348884, -0.20378998364066028, 0.21034851768514612] [0.1543130874633789, -0.20009393990039825, 0.32706937193870544] [-0.3389720320701599, -0.0859459638595581, -0.5384759902954102, 0.4909219741821289, 1.633668065071106, 0.9975999593734741, -1.515550136566162, -1.4818860292434692]
[0.26765598340348884, -0.20378998364066028, 0.21034851768514612] [0.15441159904003143, -0.19977281987667084, 0.3270971477031708] [-0.3389720320701599, -0.0859459638595581, -0.5384759902954102, 0.4909219741821289, 1.633668065071106, 0.9975999593734741, -1.515550136566162, -1.4834200143814087]
