[0.32868646347522734, -0.09513516809046269, 0.28088936293125155] [0.1700030267238617, -0.18831674754619598, 0.05544621869921684] [0.355929970741272, -0.8053919672966003, 0.2530680298805237, 0.6734679937362671, 1.3345381021499634, 0.9995999932289124]
[0.32868646347522734, -0.09513516809046269, 0.28088936293125155] [0.1700030267238617, -0.18831674754619598, 0.05544621869921684] [0.355929970741272, -0.8053919672966003, 0.2546020448207855, 0.6734679937362671, 1.3345381021499634, 1.0]
[0.32868646347522734, -0.09513516809046269, 0.28088936293125155] [0.1700030267238617, -0.18831674754619598, 0.05544621869921684] [0.355929970741272, -0.8053919672966003, 0.2546020448207855, 0.6734679937362671, 1.3360720872879028, 0.9995999932289124]
[0.32868646347522734, -0.09513516809046269, 0.28088936293125155] [0.16999919712543488, -0.18831783533096313, 0.055427759885787964] [0.355929970741272, -0.8053919672966003, 0.2530680298805237, 0.6750019788742065, 1.3345381021499634, 0.9995999932289124]
[0.32868646347522734, -0.09513516809046269, 0.28088936293125155] [0.16996657848358154, -0.18847081065177917, 0.05529789999127388] [0.355929970741272, -0.8053919672966003, 0.2530680298805237, 0.6750019788742065, 1.3360720872879028, 1.0]
[0.32868646347522734, -0.09513516809046269, 0.28088936293125155] [0.16999047994613647, -0.18848928809165955, 0.05541735514998436] [0.355929970741272, -0.8053919672966003, 0.2530680298805237, 0.6750019788742065, 1.3345381021499634, 1.0]
[0.32868646347522734, -0.09513516809046269, 0.28088936293125155] [0.16999919712543488, -0.18831783533096313, 0.055427759885787964] [0.355929970741272, -0.8053919672966003, 0.2546020448207855, 0.6734679937362671, 1.3360720872879028, 1.0]
[0.32868646347522734, -0.09513516809046269, 0.28088936293125155] [0.1700030267238617, -0.18831674754619598, 0.05544621869921684] [0.355929970741272, -0.8053919672966003, 0.2546020448207855, 0.6750019788742065, 1.3360720872879028, 1.0]
[0.32868646347522734, -0.09513516809046269, 0.28088936293125155] [0.1700030267238617, -0.18831674754619598, 0.05544621869921684] [0.355929970741272, -0.8053919672966003, 0.2546020448207855, 0.6750019788742065, 1.3360720872879028, 1.0]
[0.32868646347522734, -0.09513516809046269, 0.28088936293125155] [0.1700030267238617, -0.18831674754619598, 0.05544621869921684] [0.355929970741272, -0.8053919672966003, 0.2546020448207855, 0.6734679937362671, 1.3360720872879028, 1.0]
[0.32868646347522734, -0.09513516809046269, 0.28088936293125155] [0.16999919712543488, -0.18831783533096313, 0.055427759885787964] [0.355929970741272, -0.8053919672966003, 0.2546020448207855, 0.6734679937362671, 1.3345381021499634, 0.9995999932289124]
[0.32868646347522734, -0.09513516809046269, 0.28088936293125155] [0.1700030267238617, -0.18831674754619598, 0.05544621869921684] [0.355929970741272, -0.8053919672966003, 0.2546020448207855, 0.6750019788742065, 1.3360720872879028, 1.0]
[0.32868646347522734, -0.09513516809046269, 0.28088936293125155] [0.16999919712543488, -0.18831783533096313, 0.055427759885787964] [0.355929970741272, -0.8053919672966003, 0.2546020448207855, 0.6750019788742065, 1.3360720872879028, 0.9995999932289124]
[0.32868646347522734, -0.09513516809046269, 0.28088936293125155] [0.16997525095939636, -0.18829935789108276, 0.05530812591314316] [0.355929970741272, -0.8053919672966003, 0.2546020448207855, 0.6750019788742065, 1.3360720872879028, 0.9995999932289124]
[0.32868646347522734, -0.09513516809046269, 0.28088936293125155] [0.16997911036014557, -0.18829825520515442, 0.05532657727599144] [0.355929970741272, -0.8053919672966003, 0.2530680298805237, 0.6734679937362671, 1.3345381021499634, 0.9995999932289124]
[0.32868646347522734, -0.09513516809046269, 0.28088936293125155] [0.16996657848358154, -0.18847081065177917, 0.05529789999127388] [0.355929970741272, -0.8053919672966003, 0.2546020448207855, 0.6750019788742065, 1.3345381021499634, 0.9995999932289124]
[0.32868646347522734, -0.09513516809046269, 0.28088936293125155] [0.16986913979053497, -0.18858602643013, 0.0554761104285717] [0.355929970741272, -0.8053919672966003, 0.2546020448207855, 0.6750019788742065, 1.3345381021499634, 0.9995999932289124]
[0.32868646347522734, -0.09513516809046269, 0.28088936293125155] [0.16997525095939636, -0.18829935789108276, 0.05530812591314316] [0.355929970741272, -0.8053919672966003, 0.2546020448207855, 0.6734679937362671, 1.3345381021499634, 1.0]
[0.32868646347522734, -0.09513516809046269, 0.28088936293125155] [0.16996657848358154, -0.18847081065177917, 0.05529789999127388] [0.355929970741272, -0.8053919672966003, 0.2530680298805237, 0.6750019788742065, 1.3345381021499634, 1.0]
[0.32868646347522734, -0.09513516809046269, 0.28088936293125155] [0.16999047994613647, -0.18848928809165955, 0.05541735514998436] [0.355929970741272, -0.8053919672966003, 0.2546020448207855, 0.6734679937362671, 1.3345381021499634, 0.9995999932289124]
[0.32868646347522734, -0.09513516809046269, 0.28088936293125155] [0.16999919712543488, -0.18831783533096313, 0.055427759885787964] [0.355929970741272, -0.8053919672966003, 0.2530680298805237, 0.6750019788742065, 1.3360720872879028, 0.9995999932289124]
[0.32868646347522734, -0.09513516809046269, 0.28088936293125155] [0.16997911036014557, -0.18829825520515442, 0.05532657727599144] [0.355929970741272, -0.8053919672966003, 0.2530680298805237, 0.6734679937362671, 1.3345381021499634, 0.9995999932289124]
[0.32868646347522734, -0.09513516809046269, 0.28088936293125155] [0.16999047994613647, -0.18848928809165955, 0.05541735514998436] [0.355929970741272, -0.8053919672966003, 0.2546020448207855, 0.6734679937362671, 1.3345381021499634, 0.9995999932289124]
[0.32868646347522734, -0.09513516809046269, 0.28088936293125155] [0.16999919712543488, -0.18831783533096313, 0.055427759885787964] [0.355929970741272, -0.8053919672966003, 0.2546020448207855, 0.6734679937362671, 1.3360720872879028, 0.9995999932289124]
[0.32868646347522734, -0.09513516809046269, 0.28088936293125155] [0.16999047994613647, -0.18848928809165955, 0.05541735514998436] [0.355929970741272, -0.8053919672966003, 0.2546020448207855, 0.6734679937362671, 1.3345381021499634, 0.9995999932289124]
[0.32868646347522734, -0.09513516809046269, 0.28088936293125155] [0.16999919712543488, -0.18831783533096313, 0.055427759885787964] [0.355929970741272, -0.8053919672966003, 0.2530680298805237, 0.6750019788742065, 1.3360720872879028, 1.0]
[0.32868646347522734, -0.09513516809046269, 0.28088936293125155] [0.1701764464378357, -0.1862267255783081, 0.055935438722372055] [0.3543959856033325, -0.8053919672966003, 0.2530680298805237, 0.6949439644813538, 1.3345381021499634, 0.9995999932289124]
[0.32868646347522734, -0.09513516809046269, 0.28088936293125155] [0.17031672596931458, -0.18561410903930664, 0.05592891201376915] [0.3543959856033325, -0.8038579821586609, 0.2530680298805237, 0.6980119943618774, 1.3360720872879028, 0.9995999932289124]
[0.32868646347522734, -0.09513516809046269, 0.28088936293125155] [0.1706354022026062, -0.18498119711875916, 0.05660378560423851] [0.3497939705848694, -0.8007899522781372, 0.25153404474258423, 0.70414799451828, 1.3345381021499634, 0.9995999932289124]
[0.32868646347522734, -0.09513516809046269, 0.28088936293125155] [0.171107679605484, -0.1834842413663864, 0.05795364826917648] [0.3436579704284668, -0.8007899522781372, 0.2500000596046448, 0.7179539799690247, 1.3345381021499634, 1.0]
[0.32868646347522734, -0.09513516809046269, 0.28088936293125155] [0.1711539924144745, -0.18089304864406586, 0.05840510502457619] [0.34212398529052734, -0.8007899522781372, 0.24846604466438293, 0.7440319657325745, 1.3345381021499634, 1.0]
[0.32868646347522734, -0.09513516809046269, 0.28088936293125155] [0.17135567963123322, -0.17776548862457275, 0.05988012254238129] [0.33598798513412476, -0.7992559671401978, 0.24846604466438293, 0.7869839668273926, 1.3345381021499634, 1.0]
[0.32868646347522734, -0.09513516809046269, 0.28088936293125155] [0.17155659198760986, -0.16858631372451782, 0.062392495572566986] [0.3283179700374603, -0.7946540117263794, 0.2469320446252823, 0.8452759981155396, 1.3345381021499634, 0.9995999932289124]
[0.32868646347522734, -0.09513516809046269, 0.28088936293125155] [0.17108933627605438, -0.16526086628437042, 0.06340292096138] [0.3267839550971985, -0.7946540117263794, 0.2469320446252823, 0.8820919990539551, 1.3345381021499634, 1.0]
[0.32868646347522734, -0.09513516809046269, 0.28088936293125155] [0.17055262625217438, -0.1586034893989563, 0.06651029735803604] [0.30990996956825256, -0.7946540117263794, 0.23619404435157776, 0.9327139854431152, 1.3345381021499634, 0.9995999932289124]
[0.32868646347522734, -0.09513516809046269, 0.28088936293125155] [0.17046837508678436, -0.15528105199337006, 0.06752140074968338] [0.2976379692554474, -0.7854499816894531, 0.22238804399967194, 0.9480539560317993, 1.3345381021499634, 0.9995999932289124]
[0.32868646347522734, -0.09513516809046269, 0.28088936293125155] [0.17194591462612152, -0.14962390065193176, 0.0680890902876854] [0.28383195400238037, -0.7409639954566956, 0.20551404356956482, 0.951121985912323, 1.3345381021499634, 0.9995999932289124]
[0.32868646347522734, -0.09513516809046269, 0.28088936293125155] [0.1749049872159958, -0.1397024244070053, 0.06987205892801285] [0.26082196831703186, -0.7056819796562195, 0.18710604310035706, 0.9495880007743835, 1.3345381021499634, 1.0]
[0.32868646347522734, -0.09513516809046269, 0.28088936293125155] [0.1753731667995453, -0.13668560981750488, 0.0687832459807396] [0.251617968082428, -0.6872739791870117, 0.15796004235744476, 0.9495880007743835, 1.333004117012024, 0.9995999932289124]
[0.32868646347522734, -0.09513516809046269, 0.28088936293125155] [0.1761542558670044, -0.13140147924423218, 0.06732651591300964] [0.2362779676914215, -0.6596620082855225, 0.11961004137992859, 0.9495880007743835, 1.3345381021499634, 0.9995999932289124]
[0.32868646347522734, -0.09513516809046269, 0.28088936293125155] [0.17680087685585022, -0.12797045707702637, 0.0675792321562767] [0.22400596737861633, -0.6412539482116699, 0.10273604094982147, 0.9480539560317993, 1.333004117012024, 1.0]
[0.32868646347522734, -0.09513516809046269, 0.28088936293125155] [0.1776704490184784, -0.12472519278526306, 0.0690377727150917] [0.20406396687030792, -0.6228460073471069, 0.08432804048061371, 0.9480539560317993, 1.3345381021499634, 0.9995999932289124]
[0.32868646347522734, -0.09513516809046269, 0.28088936293125155] [0.17802779376506805, -0.1226462870836258, 0.0694640502333641] [0.17951996624469757, -0.6167099475860596, 0.04137603938579559, 0.9480539560317993, 1.333004117012024, 1.0]
[0.32868646347522734, -0.09513516809046269, 0.28088936293125155] [0.17811031639575958, -0.12278369814157486, 0.06950307637453079] [0.1672479659318924, -0.6167099475860596, 0.01836603879928589, 0.9449859857559204, 1.333004117012024, 1.0]
[0.32868646347522734, -0.09513516809046269, 0.28088936293125155] [0.178301602602005, -0.12314377725124359, 0.06975827366113663] [0.14883996546268463, -0.6167099475860596, -0.010779961943626404, 0.9419180154800415, 1.3345381021499634, 1.0]
[0.32868646347522734, -0.09513516809046269, 0.28088936293125155] [0.1783614605665207, -0.12338437139987946, 0.06969195604324341] [0.1350339651107788, -0.6167099475860596, -0.026119962334632874, 0.9419180154800415, 1.3345381021499634, 0.9995999932289124]
[0.32868646347522734, -0.09513516809046269, 0.28088936293125155] [0.17887701094150543, -0.12354840338230133, 0.07240653038024902] [0.12122795730829239, -0.6167099475860596, -0.02765396237373352, 0.9403839707374573, 1.3345381021499634, 0.9995999932289124]
[0.32868646347522734, -0.09513516809046269, 0.28088936293125155] [0.18023806810379028, -0.12100321799516678, 0.07278085500001907] [0.11355795711278915, -0.5844959616661072, -0.04145996272563934, 0.9250440001487732, 1.333004117012024, 0.9995999932289124]
[0.32868646347522734, -0.09513516809046269, 0.28088936293125155] [0.18136413395404816, -0.1137196272611618, 0.07313485443592072] [0.10281995683908463, -0.5430779457092285, -0.05986796319484711, 0.9204419851303101, 1.3345381021499634, 1.0]
[0.32868646347522734, -0.09513516809046269, 0.28088936293125155] [0.18149526417255402, -0.10893327742815018, 0.0715164989233017] [0.09361596405506134, -0.5216019749641418, -0.0890139639377594, 0.9189079999923706, 1.3345381021499634, 1.0]
[0.32868646347522734, -0.09513516809046269, 0.28088936293125155] [0.18169856071472168, -0.10906699299812317, 0.0715985968708992] [0.08747996389865875, -0.5216019749641418, -0.09668396413326263, 0.9158399701118469, 1.3345381021499634, 1.0]
[0.32868646347522734, -0.09513516809046269, 0.28088936293125155] [0.18214131891727448, -0.10939045995473862, 0.07340841740369797] [0.07674196362495422, -0.5216019749641418, -0.09821796417236328, 0.9143059849739075, 1.3345381021499634, 0.9995999932289124]
[0.32868646347522734, -0.09513516809046269, 0.28088936293125155] [0.18347878754138947, -0.11202695965766907, 0.07428442686796188] [0.07060596346855164, -0.5216019749641418, -0.10128595679998398, 0.8866939544677734, 1.3345381021499634, 0.9995999932289124]
[0.32868646347522734, -0.09513516809046269, 0.28088936293125155] [0.18398317694664001, -0.11241129785776138, 0.07415996491909027] [0.07213996350765228, -0.5169999599456787, -0.10281995683908463, 0.8790239691734314, 1.3345381021499634, 0.9995999932289124]
[0.32868646347522734, -0.09513516809046269, 0.28088936293125155] [0.18458500504493713, -0.10799741744995117, 0.0736997127532959] [0.07213996350765228, -0.4740479588508606, -0.11662595719099045, 0.8682860136032104, 1.333004117012024, 1.0]
[0.32868646347522734, -0.09513516809046269, 0.28088936293125155] [0.18557916581630707, -0.09935140609741211, 0.07176580280065536] [0.07213996350765228, -0.429561972618103, -0.13196596503257751, 0.854479968547821, 1.3345381021499634, 0.9995999932289124]
[0.32868646347522734, -0.09513516809046269, 0.28088936293125155] [0.1867322027683258, -0.09758839756250381, 0.07171561568975449] [0.07060596346855164, -0.41422197222709656, -0.13196596503257751, 0.8360719680786133, 1.3345381021499634, 0.9995999932289124]
[0.32868646347522734, -0.09513516809046269, 0.28088936293125155] [0.18746764957904816, -0.09839069098234177, 0.07135705649852753] [0.07213996350765228, -0.4126879572868347, -0.13196596503257751, 0.8222659826278687, 1.3345381021499634, 0.9995999932289124]
[0.32868646347522734, -0.09513516809046269, 0.28088936293125155] [0.18783485889434814, -0.09926752746105194, 0.0715252086520195] [0.07213996350765228, -0.41422197222709656, -0.13196596503257751, 0.8145959973335266, 1.3345381021499634, 1.0]
[0.32868646347522734, -0.09513516809046269, 0.28088936293125155] [0.1883959174156189, -0.1000448688864708, 0.0712907463312149] [0.07367396354675293, -0.4126879572868347, -0.13196596503257751, 0.8053919672966003, 1.3345381021499634, 1.0]
[0.32868646347522734, -0.09513516809046269, 0.28088936293125155] [0.18864235281944275, -0.10094985365867615, 0.07074388861656189] [0.07980996370315552, -0.41422197222709656, -0.13349996507167816, 0.8007899522781372, 1.3345381021499634, 0.9995999932289124]
[0.32868646347522734, -0.09513516809046269, 0.28088936293125155] [0.1886957585811615, -0.10113967955112457, 0.06947388499975204] [0.08287796378135681, -0.41422197222709656, -0.13349996507167816, 0.7961879968643188, 1.333004117012024, 0.9995999932289124]
[0.32868646347522734, -0.09513516809046269, 0.28088936293125155] [0.18885743618011475, -0.101740263402462, 0.06948953866958618] [0.08287796378135681, -0.41422197222709656, -0.13349996507167816, 0.7946540117263794, 1.3345381021499634, 0.9995999932289124]
[0.32868646347522734, -0.09513516809046269, 0.28088936293125155] [0.18874198198318481, -0.10185787826776505, 0.06932728737592697] [0.08441196382045746, -0.41728997230529785, -0.13196596503257751, 0.7961879968643188, 1.3345381021499634, 1.0]
[0.32868646347522734, -0.09513516809046269, 0.28088936293125155] [0.18873584270477295, -0.1021503433585167, 0.06932780146598816] [0.08441196382045746, -0.41728997230529785, -0.13349996507167816, 0.7961879968643188, 1.333004117012024, 1.0]
[0.32868646347522734, -0.09513516809046269, 0.28088936293125155] [0.1887826919555664, -0.1021503433585167, 0.069617360830307] [0.08441196382045746, -0.41728997230529785, -0.13196596503257751, 0.7961879968643188, 1.3345381021499634, 1.0]
[0.32868646347522734, -0.09513516809046269, 0.28088936293125155] [0.18873584270477295, -0.1021503433585167, 0.06932780146598816] [0.08441196382045746, -0.41728997230529785, -0.13196596503257751, 0.7961879968643188, 1.3345381021499634, 1.0]
[0.32868646347522734, -0.09513516809046269, 0.28088936293125155] [0.18873584270477295, -0.1021503433585167, 0.06932780146598816] [0.08441196382045746, -0.41728997230529785, -0.13043196499347687, 0.7961879968643188, 1.3345381021499634, 0.9995999932289124]
[0.32868646347522734, -0.09513516809046269, 0.28088936293125155] [0.18873584270477295, -0.1021503433585167, 0.06932780146598816] [0.08441196382045746, -0.41728997230529785, -0.13196596503257751, 0.7961879968643188, 1.333004117012024, 0.9995999932289124]
[0.32868646347522734, -0.09513516809046269, 0.28088936293125155] [0.1887563318014145, -0.10212989151477814, 0.06946229189634323] [0.08441196382045746, -0.41728997230529785, -0.13196596503257751, 0.7961879968643188, 1.3345381021499634, 1.0]
[0.32868646347522734, -0.09513516809046269, 0.28088936293125155] [0.18880295753479004, -0.10212989151477814, 0.06975188106298447] [0.08287796378135681, -0.41728997230529785, -0.13196596503257751, 0.7961879968643188, 1.3345381021499634, 0.028800005093216896]
[0.32868646347522734, -0.09513516809046269, 0.28088936293125155] [0.18880295753479004, -0.10212989151477814, 0.06975188106298447] [0.08441196382045746, -0.41728997230529785, -0.13043196499347687, 0.7961879968643188, 1.3345381021499634, 0.028400003910064697]
[0.32868646347522734, -0.09513516809046269, 0.28088936293125155] [0.1887200027704239, -0.10197555273771286, 0.06974457204341888] [0.08287796378135681, -0.41728997230529785, -0.13043196499347687, 0.7961879968643188, 1.333004117012024, 0.028400003910064697]
[0.32868646347522734, -0.09513516809046269, 0.28088936293125155] [0.18880295753479004, -0.10212989151477814, 0.06975188106298447] [0.08287796378135681, -0.41728997230529785, -0.13043196499347687, 0.7961879968643188, 1.3345381021499634, 0.028400003910064697]
[0.32868646347522734, -0.09513516809046269, 0.28088936293125155] [0.1887200027704239, -0.10197555273771286, 0.06974457204341888] [0.08287796378135681, -0.41728997230529785, -0.13043196499347687, 0.7961879968643188, 1.3345381021499634, 0.028800005093216896]
[0.32868646347522734, -0.09513516809046269, 0.28088936293125155] [0.1887563318014145, -0.10212989151477814, 0.06946229189634323] [0.08287796378135681, -0.41728997230529785, -0.13043196499347687, 0.7961879968643188, 1.3345381021499634, 0.028400003910064697]
[0.32868646347522734, -0.09513516809046269, 0.28088936293125155] [0.18880295753479004, -0.10212989151477814, 0.06975188106298447] [0.08287796378135681, -0.41728997230529785, -0.13043196499347687, 0.7961879968643188, 1.3345381021499634, 0.028400003910064697]
[0.32868646347522734, -0.09513516809046269, 0.28088936293125155] [0.1887200027704239, -0.10197555273771286, 0.06974457204341888] [0.08287796378135681, -0.41728997230529785, -0.13043196499347687, 0.7961879968643188, 1.3345381021499634, 0.028400003910064697]
[0.32868646347522734, -0.09513516809046269, 0.28088936293125155] [0.1887200027704239, -0.10197555273771286, 0.06974457204341888] [0.08287796378135681, -0.41728997230529785, -0.13043196499347687, 0.7977219820022583, 1.3345381021499634, 0.028800005093216896]
[0.32868646347522734, -0.09513516809046269, 0.28088936293125155] [0.18880295753479004, -0.10212989151477814, 0.06975188106298447] [0.08287796378135681, -0.41728997230529785, -0.13043196499347687, 0.7961879968643188, 1.3345381021499634, 0.028800005093216896]
[0.32868646347522734, -0.09513516809046269, 0.28088936293125155] [0.1887192279100418, -0.10198181867599487, 0.06972678005695343] [0.08287796378135681, -0.41728997230529785, -0.13043196499347687, 0.7961879968643188, 1.3345381021499634, 0.028400003910064697]
