[0.44029998779296875, -0.13656796514987946, 1.7916700839996338, 0.40041595697402954, 1.859166145324707, 0.996399998664856, -1.3007900714874268, -1.2962720394134521]
[0.44029998779296875, -0.13656796514987946, 1.7901360988616943, 0.40041595697402954, 1.859166145324707, 0.9968000054359436, -1.3069260120391846, -1.2809319496154785]
[0.44643598794937134, -0.13656796514987946, 1.7916700839996338, 0.40041595697402954, 1.857632040977478, 0.996399998664856, -1.3069260120391846, -1.2763299942016602]
[0.4479699730873108, -0.13656796514987946, 1.7901360988616943, 0.40041595697402954, 1.859166145324707, 0.996399998664856, -1.3053920269012451, -1.2747960090637207]
[0.4510379731655121, -0.1350339651107788, 1.7747961282730103, 0.39121198654174805, 1.4956080913543701, 0.3691999912261963, -1.2731781005859375, -1.2364460229873657]
[0.44336795806884766, -0.1350339651107788, 1.7747961282730103, 0.39734798669815063, 1.3851600885391235, 0.3951999843120575, -1.2731781005859375, -1.2349120378494263]
[0.4356979727745056, -0.13043196499347687, 1.768660068511963, 0.40041595697402954, 1.3652180433273315, 0.06520000100135803, -1.271644115447998, -1.2318439483642578]
[0.43416398763656616, -0.13043196499347687, 1.7609901428222656, 0.40041595697402954, 1.3437421321868896, 0.06520000100135803, -1.2701101303100586, -1.2303099632263184]
[0.4326299726963043, -0.13043196499347687, 1.7563880681991577, 0.4019499719142914, 1.290052056312561, 0.19280000030994415, -1.2655080556869507, -1.2257080078125]
[0.4280279874801636, -0.12582996487617493, 1.7533200979232788, 0.4034839868545532, 1.213352084159851, 0.3483999967575073, -1.2609061002731323, -1.2195719480514526]
[0.40655195713043213, -0.11662595719099045, 1.748718023300171, 0.40655195713043213, 1.2026140689849854, 0.06520000100135803, -1.2532360553741455, -1.210368037223816]
[0.3804739713668823, -0.1150919571518898, 1.722640037536621, 0.40655195713043213, 1.1949440240859985, 0.06520000100135803, -1.2440320253372192, -1.2011640071868896]
[0.3543959856033325, -0.1150919571518898, 1.6858240365982056, 0.40655195713043213, 1.181138038635254, 0.06520000100135803, -1.2286920547485352, -1.1858240365982056]
[0.3344539701938629, -0.10588795691728592, 1.64900803565979, 0.40655195713043213, 1.1765360832214355, 0.06520000100135803, -1.2087500095367432, -1.167415976524353]
[0.31604596972465515, -0.09975196421146393, 1.6045221090316772, 0.40655195713043213, 1.1765360832214355, 0.06520000100135803, -1.193410038948059, -1.1474740505218506]
[0.30377396941185, -0.09514996409416199, 1.5170841217041016, 0.40655195713043213, 1.1765360832214355, 0.06520000100135803, -1.1688660383224487, -1.1275320053100586]
[0.29303598403930664, -0.09668396413326263, 1.236362099647522, 0.40808597207069397, 1.1765360832214355, 0.06520000100135803, -1.1519920825958252, -1.1121920347213745]
[0.2853659689426422, -0.09361596405506134, 0.9817180633544922, 0.4939899742603302, 1.1765360832214355, 0.06520000100135803, -1.1489241123199463, -1.1075899600982666]
[0.2822979688644409, -0.09361596405506134, 0.8237160444259644, 0.630515992641449, 1.1765360832214355, 0.06520000100135803, -1.1489241123199463, -1.1060559749603271]
[0.2792299687862396, -0.0920819640159607, 0.7086660861968994, 0.6796039938926697, 1.1765360832214355, 0.06520000100135803, -1.1458560228347778, -1.1014540195465088]
[0.2792299687862396, -0.07213996350765228, 0.6963940858840942, 0.6888079643249512, 1.1765360832214355, 0.06520000100135803, -1.1381860971450806, -1.093783974647522]
[0.2792299687862396, -0.03378996253013611, 0.69486004114151, 0.7256239652633667, 1.1765360832214355, 0.06520000100135803, -1.1305160522460938, -1.0876480340957642]
[0.2792299687862396, 0.004560038447380066, 0.6887240409851074, 0.7624399662017822, 1.1765360832214355, 0.06520000100135803, -1.1228461265563965, -1.0815119743347168]
[0.28076398372650146, 0.035240039229393005, 0.6733840703964233, 0.7992559671401978, 1.1765360832214355, 0.06520000100135803, -1.1167100667953491, -1.0738420486450195]
[0.28076398372650146, 0.07819204032421112, 0.6396360397338867, 0.8376059532165527, 1.1765360832214355, 0.06520000100135803, -1.1090400218963623, -1.0677059888839722]
[0.28076398372650146, 0.10427004098892212, 0.6135580539703369, 0.8621499538421631, 1.1765360832214355, 0.06520000100135803, -1.1075060367584229, -1.0661720037460327]
[0.2822979688644409, 0.12574604153633118, 0.5859460830688477, 0.8882279992103577, 1.1765360832214355, 0.06520000100135803, -1.1075060367584229, -1.0661720037460327]
[0.2822979688644409, 0.14108604192733765, 0.5598680377006531, 0.9081699848175049, 1.178070068359375, 0.06520000100135803, -1.1075060367584229, -1.0661720037460327]
[0.28689998388290405, 0.15335804224014282, 0.5337900519371033, 0.9357819557189941, 1.178070068359375, 0.06520000100135803, -1.1059720516204834, -1.0646380186080933]
[0.2915019690990448, 0.16102804243564606, 0.5015760660171509, 0.9603259563446045, 1.1796040534973145, 0.06520000100135803, -1.104438066482544, -1.0631040334701538]
[0.2945699691772461, 0.16102804243564606, 0.4693620502948761, 0.9910060167312622, 1.1796040534973145, 0.06520000100135803, -1.104438066482544, -1.0631040334701538]
[0.29917198419570923, 0.16102804243564606, 0.44481804966926575, 1.014016032218933, 1.1796040534973145, 0.06480000168085098, -1.1029040813446045, -1.0615699291229248]
[0.29917198419570923, 0.1594940423965454, 0.41567206382751465, 1.0431619882583618, 1.1826720237731934, 0.06520000100135803, -1.0983021259307861, -1.058501958847046]
[0.3007059693336487, 0.15796004235744476, 0.3941960334777832, 1.0615699291229248, 1.2041480541229248, 0.06480000168085098, -1.0952340364456177, -1.055433988571167]
[0.3007059693336487, 0.15796004235744476, 0.36658406257629395, 1.0876480340957642, 1.2271580696105957, 0.06480000168085098, -1.0937000513076782, -1.0508320331573486]
[0.3007059693336487, 0.15642604231834412, 0.3481760621070862, 1.1075899600982666, 1.2501680850982666, 0.06520000100135803, -1.0890980958938599, -1.0477639436721802]
[0.3053079843521118, 0.15029004216194153, 0.3282340466976166, 1.132133960723877, 1.2639740705490112, 0.06520000100135803, -1.0860300064086914, -1.0446959733963013]
[0.3083759546279907, 0.1426200419664383, 0.308292031288147, 1.1459399461746216, 1.2685760259628296, 0.06520000100135803, -1.081428050994873, -1.0416280031204224]
[0.3114439845085144, 0.13034804165363312, 0.2929520606994629, 1.1582119464874268, 1.2701101303100586, 0.06520000100135803, -1.0798940658569336, -1.0385600328445435]
[0.317579984664917, 0.12728004157543182, 0.28221404552459717, 1.1643480062484741, 1.2701101303100586, 0.06520000100135803, -1.0752921104431152, -1.0339579582214355]
[0.32218196988105774, 0.12728004157543182, 0.2745440602302551, 1.1658819913864136, 1.2701101303100586, 0.06520000100135803, -1.0722240209579468, -1.032423973083496]
[0.3267839550971985, 0.12728004157543182, 0.26534003019332886, 1.1643480062484741, 1.2701101303100586, 0.06520000100135803, -1.0706900358200073, -1.0308899879455566]
[0.3344539701938629, 0.12728004157543182, 0.2546020448207855, 1.1643480062484741, 1.2701101303100586, 0.06480000168085098, -1.0722240209579468, -1.0308899879455566]
[0.33905595541000366, 0.12881404161453247, 0.2500000596046448, 1.1643480062484741, 1.271644115447998, 0.06520000100135803, -1.0722240209579468, -1.0308899879455566]
[0.33905595541000366, 0.12728004157543182, 0.2500000596046448, 1.1643480062484741, 1.271644115447998, 0.06520000100135803, -1.0706900358200073, -1.032423973083496]
[0.33905595541000366, 0.12728004157543182, 0.2500000596046448, 1.1643480062484741, 1.271644115447998, 0.06520000100135803, -1.0722240209579468, -1.032423973083496]
[0.33905595541000366, 0.12728004157543182, 0.2500000596046448, 1.1628140211105347, 1.271644115447998, 0.06520000100135803, -1.0737581253051758, -1.0339579582214355]
[0.33905595541000366, 0.12728004157543182, 0.2500000596046448, 1.1612800359725952, 1.271644115447998, 0.06520000100135803, -1.0783600807189941, -1.0370259284973145]
[0.33905595541000366, 0.12881404161453247, 0.2500000596046448, 1.1612800359725952, 1.2701101303100586, 0.06520000100135803, -1.081428050994873, -1.0431619882583618]
[0.3375219702720642, 0.12728004157543182, 0.25153404474258423, 1.1551439762115479, 1.2701101303100586, 0.06520000100135803, -1.0875641107559204, -1.052366018295288]
[0.3329199552536011, 0.12574604153633118, 0.2530680298805237, 1.1413379907608032, 1.2701101303100586, 0.06520000100135803, -1.0998361110687256, -1.0631040334701538]
[0.3267839550971985, 0.12574604153633118, 0.2546020448207855, 1.1413379907608032, 1.2701101303100586, 0.06520000100135803, -1.1151760816574097, -1.0769100189208984]
[0.3237159848213196, 0.12574604153633118, 0.25920403003692627, 1.1382700204849243, 1.2701101303100586, 0.06480000168085098, -1.1289820671081543, -1.0922499895095825]
[0.32218196988105774, 0.12421204149723053, 0.25920403003692627, 1.1367360353469849, 1.2701101303100586, 0.06480000168085098, -1.1412540674209595, -1.1045219898223877]
[0.317579984664917, 0.12421204149723053, 0.26227205991744995, 1.1352019309997559, 1.2701101303100586, 0.06520000100135803, -1.1519920825958252, -1.1167939901351929]
[0.30684196949005127, 0.12421204149723053, 0.26227205991744995, 1.132133960723877, 1.2685760259628296, 0.06520000100135803, -1.1673320531845093, -1.1305999755859375]
[0.2884339690208435, 0.12421204149723053, 0.26227205991744995, 1.132133960723877, 1.2685760259628296, 0.06520000100135803, -1.1826720237731934, -1.1474740505218506]
[0.27002596855163574, 0.12421204149723053, 0.26227205991744995, 1.1305999755859375, 1.2685760259628296, 0.06520000100135803, -1.1995460987091064, -1.1612800359725952]
[0.25315195322036743, 0.12267804145812988, 0.2607380449771881, 1.1305999755859375, 1.2670420408248901, 0.06520000100135803, -1.2179540395736694, -1.182755947113037]
[0.23167596757411957, 0.12267804145812988, 0.2607380449771881, 1.1244640350341797, 1.2655080556869507, 0.06520000100135803, -1.2348281145095825, -1.1996300220489502]
[0.20713196694850922, 0.12267804145812988, 0.25920403003692627, 1.1244640350341797, 1.2655080556869507, 0.06520000100135803, -1.2501680850982666, -1.2149699926376343]
[0.1902579665184021, 0.12267804145812988, 0.2576700448989868, 1.1213959455490112, 1.2578380107879639, 0.06520000100135803, -1.2670420408248901, -1.2303099632263184]
[0.16571396589279175, 0.11961004137992859, 0.2576700448989868, 1.1152600049972534, 1.2486340999603271, 0.06520000100135803, -1.2869840860366821, -1.2517859935760498]
[0.1442379653453827, 0.12114404141902924, 0.2576700448989868, 1.109123945236206, 1.2394300699234009, 0.06520000100135803, -1.3053920269012451, -1.2671259641647339]
[0.11662595719099045, 0.11961004137992859, 0.2576700448989868, 1.0999200344085693, 1.221022129058838, 0.06520000100135803, -1.3207321166992188, -1.284000039100647]
[0.09668396413326263, 0.11961004137992859, 0.2576700448989868, 1.0845799446105957, 1.2148860692977905, 0.06520000100135803, -1.3345381021499634, -1.299340009689331]
[0.08134396374225616, 0.11961004137992859, 0.2576700448989868, 1.0769100189208984, 1.2056820392608643, 0.06520000100135803, -1.3468101024627686, -1.3131459951400757]
[0.0629359632730484, 0.11961004137992859, 0.2576700448989868, 1.070773959159851, 1.1918760538101196, 0.06480000168085098, -1.3590821027755737, -1.3254179954528809]
[0.046061962842941284, 0.11961004137992859, 0.2576700448989868, 1.0661720037460327, 1.175002098083496, 0.06520000100135803, -1.3682861328125, -1.3300199508666992]
[0.035323962569236755, 0.11961004137992859, 0.2576700448989868, 1.0615699291229248, 1.1734681129455566, 0.06480000168085098, -1.3759560585021973, -1.3392239809036255]
[0.024585962295532227, 0.12114404141902924, 0.2576700448989868, 1.058501958847046, 1.158128023147583, 0.06520000100135803, -1.3851600885391235, -1.3484280109405518]
[0.009245961904525757, 0.11961004137992859, 0.2576700448989868, 1.052366018295288, 1.1443220376968384, 0.06520000100135803, -1.3958981037139893, -1.360700011253357]
[4.1961669921875e-05, 0.12114404141902924, 0.2576700448989868, 1.0339579582214355, 1.1443220376968384, 0.06520000100135803, -1.3958981037139893, -1.3622339963912964]
[4.1961669921875e-05, 0.12114404141902924, 0.2576700448989868, 1.020151972770691, 1.1443220376968384, 0.06480000168085098, -1.3974320888519287, -1.3622339963912964]
[-0.003026038408279419, 0.11961004137992859, 0.2576700448989868, 1.0063459873199463, 1.142788052558899, 0.06520000100135803, -1.3974320888519287, -1.3622339963912964]
[-0.006094038486480713, 0.11961004137992859, 0.2576700448989868, 0.9879379868507385, 1.1366521120071411, 0.06520000100135803, -1.3989660739898682, -1.3637679815292358]
[-0.0122300386428833, 0.12114404141902924, 0.2576700448989868, 0.9633939862251282, 1.1335840225219727, 0.06520000100135803, -1.4005000591278076, -1.3668359518051147]
[-0.015298038721084595, 0.11961004137992859, 0.2576700448989868, 0.9419180154800415, 1.1335840225219727, 0.06520000100135803, -1.4005000591278076, -1.3683700561523438]
[-0.019900038838386536, 0.11961004137992859, 0.2576700448989868, 0.9189079999923706, 1.1335840225219727, 0.06520000100135803, -1.402034044265747, -1.3683700561523438]
[-0.02757003903388977, 0.12114404141902924, 0.2576700448989868, 0.8958979845046997, 1.1335840225219727, 0.06520000100135803, -1.4035680294036865, -1.3699040412902832]
[-0.035240039229393005, 0.12114404141902924, 0.2576700448989868, 0.8713539838790894, 1.1320500373840332, 0.06520000100135803, -1.4035680294036865, -1.372972011566162]
[-0.039842039346694946, 0.12114404141902924, 0.2576700448989868, 0.8498779535293579, 1.119778037071228, 0.06520000100135803, -1.4081701040267944, -1.376039981842041]
[-0.04751203954219818, 0.12114404141902924, 0.2576700448989868, 0.8222659826278687, 1.119778037071228, 0.06520000100135803, -1.4112380743026733, -1.37910795211792]
[-0.055182039737701416, 0.11961004137992859, 0.2576700448989868, 0.7931199669837952, 1.119778037071228, 0.06520000100135803, -1.4143060445785522, -1.3821760416030884]
[-0.06285203993320465, 0.11961004137992859, 0.2576700448989868, 0.7578380107879639, 1.119778037071228, 0.06480000168085098, -1.4173741340637207, -1.3837100267410278]
[-0.06745404005050659, 0.11961004137992859, 0.2576700448989868, 0.7256239652633667, 1.119778037071228, 0.06520000100135803, -1.4173741340637207, -1.3837100267410278]
[-0.07205604016780853, 0.11961004137992859, 0.2576700448989868, 0.696478009223938, 1.119778037071228, 0.06520000100135803, -1.4158400297164917, -1.3837100267410278]
[-0.07665804028511047, 0.11807604134082794, 0.2576700448989868, 0.6673319935798645, 1.119778037071228, 0.06520000100135803, -1.4173741340637207, -1.3837100267410278]
[-0.07819204032421112, 0.11807604134082794, 0.2576700448989868, 0.6443219780921936, 1.119778037071228, 0.06520000100135803, -1.4158400297164917, -1.3837100267410278]
[-0.07972604036331177, 0.11500804126262665, 0.2576700448989868, 0.6351180076599121, 1.119778037071228, 0.06520000100135803, -1.4158400297164917, -1.3821760416030884]
[-0.08126004040241241, 0.10273604094982147, 0.2576700448989868, 0.6320499777793884, 1.119778037071228, 0.06520000100135803, -1.4143060445785522, -1.3806419372558594]
[-0.08126004040241241, 0.08126004040241241, 0.2576700448989868, 0.6320499777793884, 1.119778037071228, 0.06520000100135803, -1.4127720594406128, -1.3775739669799805]
[-0.08126004040241241, 0.07052204012870789, 0.2576700448989868, 0.6335839629173279, 1.119778037071228, 0.06480000168085098, -1.4112380743026733, -1.3775739669799805]
[-0.07972604036331177, 0.05364803969860077, 0.2576700448989868, 0.6335839629173279, 1.119778037071228, 0.06520000100135803, -1.4097040891647339, -1.3745059967041016]
[-0.07972604036331177, 0.03217203915119171, 0.2576700448989868, 0.6351180076599121, 1.119778037071228, 0.06520000100135803, -1.4081701040267944, -1.372972011566162]
[-0.07972604036331177, 0.019900038838386536, 0.25920403003692627, 0.6351180076599121, 1.119778037071228, 0.06520000100135803, -1.4081701040267944, -1.372972011566162]
[-0.07972604036331177, 0.013764038681983948, 0.25920403003692627, 0.6351180076599121, 1.119778037071228, 0.06520000100135803, -1.4035680294036865, -1.3683700561523438]
[-0.07819204032421112, -0.001575961709022522, 0.2576700448989868, 0.638185977935791, 1.1213120222091675, 0.06520000100135803, -1.3974320888519287, -1.3622339963912964]
[-0.07819204032421112, -0.019983962178230286, 0.25613605976104736, 0.6397199630737305, 1.124380111694336, 0.06520000100135803, -1.3912960290908813, -1.3545639514923096]
[-0.07359004020690918, -0.03839196264743805, 0.2546020448207855, 0.6427879929542542, 1.1259140968322754, 0.06520000100135803, -1.3851600885391235, -1.3484280109405518]
[-0.06898804008960724, -0.05679996311664581, 0.2530680298805237, 0.6489239931106567, 1.1274480819702148, 0.06520000100135803, -1.3744220733642578, -1.3392239809036255]
[-0.05978403985500336, -0.08134396374225616, 0.2530680298805237, 0.6565939784049988, 1.1289820671081543, 0.06480000168085098, -1.3652180433273315, -1.3269519805908203]
[-0.04751203954219818, -0.10435395687818527, 0.2530680298805237, 0.6611959934234619, 1.1289820671081543, 0.06520000100135803, -1.3560140132904053, -1.317747950553894]
[-0.035240039229393005, -0.12276195734739304, 0.2530680298805237, 0.6657979488372803, 1.1289820671081543, 0.06480000168085098, -1.348344087600708, -1.3100780248641968]
[-0.026036038994789124, -0.13963596522808075, 0.2530680298805237, 0.6703999638557434, 1.1305160522460938, 0.06480000168085098, -1.3422080278396606, -1.3039419651031494]
[-0.01683203876018524, -0.15344196557998657, 0.2530680298805237, 0.676535964012146, 1.1305160522460938, 0.06520000100135803, -1.3345381021499634, -1.2947380542755127]
[-0.00762803852558136, -0.15957796573638916, 0.2530680298805237, 0.6903419494628906, 1.1305160522460938, 0.06480000168085098, -1.3238000869750977, -1.282465934753418]
[0.006177961826324463, -0.16264596581459045, 0.2530680298805237, 0.70414799451828, 1.1305160522460938, 0.06520000100135803, -1.3115280866622925, -1.2686599493026733]
[0.02305196225643158, -0.1703159660100937, 0.2530680298805237, 0.7194879651069641, 1.1320500373840332, 0.06520000100135803, -1.2977221012115479, -1.2579219341278076]
[0.039925962686538696, -0.18258796632289886, 0.2530680298805237, 0.7409639954566956, 1.1305160522460938, 0.06520000100135803, -1.2885180711746216, -1.2471840381622314]
[0.05219796299934387, -0.19485996663570404, 0.25153404474258423, 0.7655079960823059, 1.1320500373840332, 0.06520000100135803, -1.2793140411376953, -1.2379800081253052]
[0.0629359632730484, -0.20713196694850922, 0.25153404474258423, 0.788517951965332, 1.1320500373840332, 0.06480000168085098, -1.271644115447998, -1.2272419929504395]
[0.07367396354675293, -0.2132679671049118, 0.24846604466438293, 0.808459997177124, 1.1320500373840332, 0.06480000168085098, -1.2639740705490112, -1.2211060523986816]
[0.08287796378135681, -0.2163359671831131, 0.24539804458618164, 0.8314700126647949, 1.1335840225219727, 0.06480000168085098, -1.2563040256500244, -1.2149699926376343]
[0.0890139639377594, -0.2163359671831131, 0.23619404435157776, 0.8606159687042236, 1.1335840225219727, 0.06520000100135803, -1.2501680850982666, -1.208833932876587]
[0.0920819640159607, -0.2163359671831131, 0.22392204403877258, 0.8882279992103577, 1.142788052558899, 0.06520000100135803, -1.2455661296844482, -1.2042319774627686]
[0.0920819640159607, -0.2163359671831131, 0.21011604368686676, 0.9066359996795654, 1.1504580974578857, 0.06520000100135803, -1.2394300699234009, -1.1965620517730713]
[0.09668396413326263, -0.2163359671831131, 0.19784404337406158, 0.9373160004615784, 1.1565940380096436, 0.06520000100135803, -1.2332940101623535, -1.1919599771499634]
[0.09975196421146393, -0.2163359671831131, 0.1855720430612564, 0.9557240009307861, 1.1642640829086304, 0.06480000168085098, -1.2256240844726562, -1.182755947113037]
[0.10588795691728592, -0.2163359671831131, 0.17330004274845123, 0.9848699569702148, 1.1734681129455566, 0.06520000100135803, -1.2179540395736694, -1.1750860214233398]
[0.11048995703458786, -0.2163359671831131, 0.16409604251384735, 1.0155500173568726, 1.181138038635254, 0.06480000168085098, -1.2118180990219116, -1.1689499616622925]
[0.11355795711278915, -0.2132679671049118, 0.15335804224014282, 1.0416280031204224, 1.1857401132583618, 0.06520000100135803, -1.2056820392608643, -1.1628140211105347]
[0.11969395726919174, -0.20559796690940857, 0.15182404220104218, 1.0646380186080933, 1.1903420686721802, 0.06520000100135803, -1.2041480541229248, -1.1612800359725952]
[0.12276195734739304, -0.1902579665184021, 0.15029004216194153, 1.0799779891967773, 1.198012113571167, 0.06520000100135803, -1.2026140689849854, -1.1628140211105347]
[0.12736396491527557, -0.09514996409416199, 0.15029004216194153, 1.0738420486450195, 1.198012113571167, 0.06520000100135803, -1.2026140689849854, -1.1628140211105347]
[0.12736396491527557, -0.05833396315574646, 0.15182404220104218, 1.058501958847046, 1.198012113571167, 0.06520000100135803, -1.2026140689849854, -1.1643480062484741]
[0.12736396491527557, -0.019983962178230286, 0.15182404220104218, 1.0477639436721802, 1.198012113571167, 0.06520000100135803, -1.2056820392608643, -1.1658819913864136]
[0.12736396491527557, 0.006094038486480713, 0.15335804224014282, 1.0431619882583618, 1.198012113571167, 0.06520000100135803, -1.2102841138839722, -1.172018051147461]
[0.12582996487617493, 0.03677403926849365, 0.15335804224014282, 1.0308899879455566, 1.198012113571167, 0.06520000100135803, -1.2118180990219116, -1.1735520362854004]
[0.12429595738649368, 0.06745404005050659, 0.15489204227924347, 1.014016032218933, 1.198012113571167, 0.06520000100135803, -1.213352084159851, -1.1750860214233398]
[0.12582996487617493, 0.1165420413017273, 0.15642604231834412, 1.0002100467681885, 1.1964781284332275, 0.06520000100135803, -1.2179540395736694, -1.1812219619750977]
[0.12429595738649368, 0.16102804243564606, 0.15796004235744476, 0.9771999716758728, 1.193410038948059, 0.06520000100135803, -1.2256240844726562, -1.187358021736145]
[0.12122795730829239, 0.18250404298305511, 0.1594940423965454, 0.9664620161056519, 1.193410038948059, 0.06480000168085098, -1.2271580696105957, -1.190425992012024]
[0.1181599572300911, 0.18250404298305511, 0.1594940423965454, 0.9649279713630676, 1.193410038948059, 0.06520000100135803, -1.2286920547485352, -1.190425992012024]
[0.11662595719099045, 0.18250404298305511, 0.1594940423965454, 0.9649279713630676, 1.193410038948059, 0.06520000100135803, -1.2286920547485352, -1.190425992012024]
[0.11662595719099045, 0.17483404278755188, 0.1594940423965454, 0.9649279713630676, 1.193410038948059, 0.06520000100135803, -1.2286920547485352, -1.1888920068740845]
[0.11662595719099045, 0.16409604251384735, 0.15796004235744476, 0.9664620161056519, 1.193410038948059, 0.06480000168085098, -1.2271580696105957, -1.187358021736145]
[0.11662595719099045, 0.1625620424747467, 0.15796004235744476, 0.9664620161056519, 1.193410038948059, 0.06520000100135803, -1.2240900993347168, -1.1842899322509766]
[0.11662595719099045, 0.1594940423965454, 0.15796004235744476, 0.9664620161056519, 1.193410038948059, 0.06520000100135803, -1.221022129058838, -1.1812219619750977]
[0.1181599572300911, 0.15029004216194153, 0.15796004235744476, 0.9679960012435913, 1.1949440240859985, 0.06520000100135803, -1.2179540395736694, -1.1766200065612793]
[0.1181599572300911, 0.14415404200553894, 0.15796004235744476, 0.9695299863815308, 1.1949440240859985, 0.06520000100135803, -1.2148860692977905, -1.1735520362854004]
[0.11969395726919174, 0.13495004177093506, 0.15796004235744476, 0.9695299863815308, 1.1964781284332275, 0.06520000100135803, -1.213352084159851, -1.1735520362854004]
[0.11969395726919174, 0.12421204149723053, 0.15796004235744476, 0.9695299863815308, 1.198012113571167, 0.06520000100135803, -1.213352084159851, -1.172018051147461]
[0.11969395726919174, 0.11194004118442535, 0.15796004235744476, 0.9725979566574097, 1.2026140689849854, 0.06480000168085098, -1.2118180990219116, -1.170483946800232]
[0.11969395726919174, 0.08586204051971436, 0.15796004235744476, 0.9741320013999939, 1.2041480541229248, 0.06520000100135803, -1.2102841138839722, -1.167415976524353]
[0.11969395726919174, 0.061318039894104004, 0.15796004235744476, 0.9910060167312622, 1.2072160243988037, 0.06480000168085098, -1.2056820392608643, -1.1628140211105347]
[0.12122795730829239, 0.035240039229393005, 0.15642604231834412, 0.9940739870071411, 1.2087500095367432, 0.06520000100135803, -1.1995460987091064, -1.1582119464874268]
[0.12582996487617493, 0.01683203876018524, 0.15642604231834412, 0.9956079721450806, 1.2118180990219116, 0.06520000100135803, -1.193410038948059, -1.152076005935669]
[0.12736396491527557, -0.003109961748123169, 0.15335804224014282, 0.99714195728302, 1.21642005443573, 0.06520000100135803, -1.1842060089111328, -1.1428719758987427]
[0.13349996507167816, -0.019983962178230286, 0.15182404220104218, 0.99714195728302, 1.221022129058838, 0.06520000100135803, -1.175002098083496, -1.132133960723877]
[0.1411699652671814, -0.04145996272563934, 0.15182404220104218, 1.001744031906128, 1.2271580696105957, 0.06480000168085098, -1.1704000234603882, -1.1275320053100586]
[0.1442379653453827, -0.061401963233947754, 0.15182404220104218, 1.001744031906128, 1.2332940101623535, 0.06480000168085098, -1.1673320531845093, -1.1259980201721191]
[0.14577196538448334, -0.08134396374225616, 0.15182404220104218, 1.0032780170440674, 1.2409640550613403, 0.06480000168085098, -1.1657980680465698, -1.1229300498962402]
[0.14730596542358398, -0.09975196421146393, 0.15029004216194153, 1.0109479427337646, 1.2455661296844482, 0.06480000168085098, -1.1657980680465698, -1.1229300498962402]
[0.14883996546268463, -0.1181599572300911, 0.15182404220104218, 1.0155500173568726, 1.2532360553741455, 0.06520000100135803, -1.1657980680465698, -1.1229300498962402]
[0.14883996546268463, -0.13656796514987946, 0.15029004216194153, 1.0278220176696777, 1.2578380107879639, 0.06520000100135803, -1.1642640829086304, -1.1213959455490112]
[0.15037396550178528, -0.15957796573638916, 0.1456880420446396, 1.0385600328445435, 1.2655080556869507, 0.06480000168085098, -1.162730097770691, -1.1198619604110718]
[0.15037396550178528, -0.17338396608829498, 0.139552041888237, 1.0492980480194092, 1.271644115447998, 0.06480000168085098, -1.1611961126327515, -1.1198619604110718]
[0.14883996546268463, -0.1963939666748047, 0.1334160417318344, 1.0738420486450195, 1.2793140411376953, 0.06520000100135803, -1.1611961126327515, -1.1167939901351929]
[0.14883996546268463, -0.2194039672613144, 0.12574604153633118, 1.090716004371643, 1.2869840860366821, 0.06520000100135803, -1.158128023147583, -1.113726019859314]
[0.14883996546268463, -0.23781196773052216, 0.1165420413017273, 1.1106579303741455, 1.294654130935669, 0.06520000100135803, -1.1519920825958252, -1.109123945236206]
[0.14883996546268463, -0.26082196831703186, 0.10580404102802277, 1.1398040056228638, 1.3007900714874268, 0.06520000100135803, -1.1473901271820068, -1.1029880046844482]
[0.15037396550178528, -0.28076398372650146, 0.08893004059791565, 1.1643480062484741, 1.309994101524353, 0.06480000168085098, -1.13972008228302, -1.0953179597854614]
[0.14883996546268463, -0.29917198419570923, 0.07512404024600983, 1.1919599771499634, 1.3161300420761108, 0.06520000100135803, -1.1289820671081543, -1.0845799446105957]
[0.14883996546268463, -0.30684196949005127, 0.05671603977680206, 1.2134360074996948, 1.3191981315612793, 0.06480000168085098, -1.119778037071228, -1.0769100189208984]
[0.14883996546268463, -0.30684196949005127, 0.04291003942489624, 1.2364460229873657, 1.3268680572509766, 0.06480000168085098, -1.1121081113815308, -1.0692399740219116]
[0.15037396550178528, -0.30684196949005127, 0.035240039229393005, 1.2548539638519287, 1.3376060724258423, 0.06520000100135803, -1.1090400218963623, -1.0661720037460327]
[0.14883996546268463, -0.30684196949005127, 0.03217203915119171, 1.2855340242385864, 1.348344087600708, 0.06480000168085098, -1.1090400218963623, -1.0661720037460327]
[0.14883996546268463, -0.30684196949005127, 0.029104039072990417, 1.3039419651031494, 1.3652180433273315, 0.06520000100135803, -1.1090400218963623, -1.0661720037460327]
[0.14883996546268463, -0.30684196949005127, 0.026036038994789124, 1.3300199508666992, 1.3774900436401367, 0.06480000168085098, -1.1090400218963623, -1.0661720037460327]
[0.14883996546268463, -0.30684196949005127, 0.02296803891658783, 1.3514959812164307, 1.3912960290908813, 0.06520000100135803, -1.1090400218963623, -1.0661720037460327]
[0.14883996546268463, -0.30684196949005127, 0.021434038877487183, 1.3806419372558594, 1.4097040891647339, 0.06520000100135803, -1.1090400218963623, -1.0661720037460327]
[0.14883996546268463, -0.3053079843521118, 0.01683203876018524, 1.4097880125045776, 1.4311801195144653, 0.06520000100135803, -1.1090400218963623, -1.0661720037460327]
[0.15037396550178528, -0.30223995447158813, 0.0122300386428833, 1.4327980279922485, 1.4511220455169678, 0.06520000100135803, -1.1090400218963623, -1.0661720037460327]
[0.15190796554088593, -0.2915019690990448, 0.010696038603782654, 1.437399983406067, 1.4618600606918335, 0.06480000168085098, -1.1090400218963623, -1.0661720037460327]
[0.15344196557998657, -0.2715599536895752, 0.010696038603782654, 1.437399983406067, 1.4710640907287598, 0.06480000168085098, -1.1090400218963623, -1.0661720037460327]
[0.1580439656972885, -0.2500839829444885, 0.009162038564682007, 1.4358659982681274, 1.4772000312805176, 0.06480000168085098, -1.1090400218963623, -1.0677059888839722]
[0.1580439656972885, -0.22860796749591827, 0.010696038603782654, 1.431264042854309, 1.478734016418457, 0.06520000100135803, -1.1090400218963623, -1.0677059888839722]
[0.15957796573638916, -0.20252996683120728, 0.010696038603782654, 1.4266619682312012, 1.478734016418457, 0.06520000100135803, -1.1090400218963623, -1.0677059888839722]
[0.15957796573638916, -0.1672479659318924, 0.010696038603782654, 1.4067200422286987, 1.478734016418457, 0.06480000168085098, -1.1090400218963623, -1.0692399740219116]
[0.16264596581459045, -0.11202395707368851, 0.0122300386428833, 1.399049997329712, 1.478734016418457, 0.06520000100135803, -1.1136420965194702, -1.0738420486450195]
[0.16264596581459045, -0.07980996370315552, 0.0122300386428833, 1.3837100267410278, 1.478734016418457, 0.06520000100135803, -1.1167100667953491, -1.078444004058838]
[0.16264596581459045, -0.05373196303844452, 0.013764038681983948, 1.3653019666671753, 1.478734016418457, 0.06520000100135803, -1.1182440519332886, -1.0815119743347168]
[0.1611119657754898, -0.026119962334632874, 0.013764038681983948, 1.3453600406646729, 1.478734016418457, 0.06520000100135803, -1.1213120222091675, -1.0830459594726562]
[0.16264596581459045, -0.004643961787223816, 0.01683203876018524, 1.3238840103149414, 1.478734016418457, 0.06520000100135803, -1.124380111694336, -1.0861139297485352]
[0.16264596581459045, 0.024502038955688477, 0.01836603879928589, 1.2932039499282837, 1.478734016418457, 0.06520000100135803, -1.1274480819702148, -1.090716004371643]
[0.1611119657754898, 0.05978403985500336, 0.021434038877487183, 1.2625240087509155, 1.478734016418457, 0.06520000100135803, -1.1320500373840332, -1.0953179597854614]
[0.1611119657754898, 0.08586204051971436, 0.024502038955688477, 1.2333779335021973, 1.478734016418457, 0.06520000100135803, -1.1381860971450806, -1.1014540195465088]
[0.1611119657754898, 0.11961004137992859, 0.029104039072990417, 1.1950279474258423, 1.478734016418457, 0.06520000100135803, -1.142788052558899, -1.1060559749603271]
[0.16264596581459045, 0.15029004216194153, 0.03370603919029236, 1.1628140211105347, 1.478734016418457, 0.06480000168085098, -1.1473901271820068, -1.1121920347213745]
[0.16264596581459045, 0.17176604270935059, 0.039842039346694946, 1.132133960723877, 1.478734016418457, 0.06520000100135803, -1.1519920825958252, -1.1152600049972534]
[0.16264596581459045, 0.1886400431394577, 0.04444403946399689, 1.1029880046844482, 1.4772000312805176, 0.06520000100135803, -1.155060052871704, -1.1198619604110718]
[0.16264596581459045, 0.19937804341316223, 0.04904603958129883, 1.078444004058838, 1.4772000312805176, 0.06480000168085098, -1.1596620082855225, -1.1229300498962402]
[0.1611119657754898, 0.20551404356956482, 0.055182039737701416, 1.0646380186080933, 1.4772000312805176, 0.06520000100135803, -1.1611961126327515, -1.1244640350341797]
[0.16264596581459045, 0.20704804360866547, 0.061318039894104004, 1.0569679737091064, 1.4772000312805176, 0.06520000100135803, -1.162730097770691, -1.1275320053100586]
[0.16264596581459045, 0.1947760432958603, 0.08893004059791565, 1.0508320331573486, 1.4772000312805176, 0.06520000100135803, -1.1704000234603882, -1.132133960723877]
[0.1611119657754898, 0.14415404200553894, 0.14722204208374023, 1.0477639436721802, 1.4772000312805176, 0.06480000168085098, -1.1719341278076172, -1.1352019309997559]
[0.16264596581459045, 0.09506604075431824, 0.20398004353046417, 1.0446959733963013, 1.4772000312805176, 0.06480000168085098, -1.1734681129455566, -1.1352019309997559]
[0.1641799658536911, 0.02296803891658783, 0.2806800603866577, 1.0308899879455566, 1.4772000312805176, 0.06480000168085098, -1.1734681129455566, -1.1352019309997559]
[0.16878196597099304, -0.09821796417236328, 0.3420400619506836, 1.0278220176696777, 1.4772000312805176, 0.06520000100135803, -1.175002098083496, -1.1367360353469849]
[0.19179196655750275, -0.22707396745681763, 0.41260403394699097, 1.0278220176696777, 1.4772000312805176, 0.06480000168085098, -1.178070068359375, -1.1413379907608032]
[0.22707396745681763, -0.38507598638534546, 0.4754980504512787, 1.0278220176696777, 1.4772000312805176, 0.06520000100135803, -1.181138038635254, -1.1459399461746216]
[0.29303598403930664, -0.43416398763656616, 0.7869000434875488, 0.9756659865379333, 1.478734016418457, 0.06520000100135803, -1.1826720237731934, -1.1474740505218506]
[0.30684196949005127, -0.43416398763656616, 1.0798940658569336, 0.7777799963951111, 1.478734016418457, 0.06480000168085098, -1.1842060089111328, -1.14900803565979]
[0.317579984664917, -0.43416398763656616, 1.3590821027755737, 0.5292719602584839, 1.4772000312805176, 0.06520000100135803, -1.1842060089111328, -1.14900803565979]
[0.3283179700374603, -0.43416398763656616, 1.5585020780563354, 0.34825998544692993, 1.478734016418457, 0.06480000168085098, -1.1842060089111328, -1.1505420207977295]
[0.3574639558792114, -0.43416398763656616, 1.7870681285858154, 0.27616196870803833, 1.478734016418457, 0.06520000100135803, -1.1872740983963013, -1.152076005935669]
[0.3958139717578888, -0.43416398763656616, 1.9021180868148804, 0.24854996800422668, 1.4772000312805176, 0.06520000100135803, -1.1918760538101196, -1.1566779613494873]
[0.4740479588508606, -0.4356979727745056, 1.9082541465759277, 0.24854996800422668, 1.4772000312805176, 0.06520000100135803, -1.193410038948059, -1.1566779613494873]
[0.5476799607276917, -0.4356979727745056, 1.9113221168518066, 0.251617968082428, 1.4772000312805176, 0.06480000168085098, -1.1918760538101196, -1.1551439762115479]
[0.5522819757461548, -0.4356979727745056, 1.9097881317138672, 0.251617968082428, 1.4772000312805176, 0.06480000168085098, -1.1888080835342407, -1.152076005935669]
[0.5522819757461548, -0.4356979727745056, 1.9113221168518066, 0.251617968082428, 1.4772000312805176, 0.06520000100135803, -1.1888080835342407, -1.1536099910736084]
[0.5522819757461548, -0.4326299726963043, 1.9097881317138672, 0.251617968082428, 1.4772000312805176, 0.06480000168085098, -1.1888080835342407, -1.1536099910736084]
[0.5522819757461548, -0.4280279874801636, 1.9067200422286987, 0.251617968082428, 1.4772000312805176, 0.06480000168085098, -1.1903420686721802, -1.1536099910736084]
[0.5522819757461548, -0.42649397253990173, 1.9082541465759277, 0.25315195322036743, 1.4772000312805176, 0.06520000100135803, -1.1903420686721802, -1.1536099910736084]
[0.5522819757461548, -0.4280279874801636, 1.9067200422286987, 0.25315195322036743, 1.4772000312805176, 0.06520000100135803, -1.1903420686721802, -1.1536099910736084]
[0.5522819757461548, -0.42649397253990173, 1.9082541465759277, 0.25315195322036743, 1.4772000312805176, 0.06520000100135803, -1.1888080835342407, -1.1536099910736084]
[0.5522819757461548, -0.4280279874801636, 1.9067200422286987, 0.251617968082428, 1.4772000312805176, 0.06520000100135803, -1.1903420686721802, -1.1536099910736084]
