[0.02363763004541397, -0.22750692069530487, 0.3021928668022156, 2.7999727725982666, 0.3269527554512024, -0.6031184196472168] [0.3405899703502655, -0.572223961353302, 1.5170841217041016, 0.030721962451934814, 1.52168607711792, 0.996399998664856, -1.3023240566253662, -1.2916699647903442]
[0.04207651689648628, -0.2255622297525406, 0.3047034740447998, 2.76639723777771, 0.3159101903438568, -0.5970434546470642] [0.3405899703502655, -0.56455397605896, 1.4649280309677124, 0.04759596288204193, 1.518618106842041, 0.07800000160932541, -1.3007900714874268, -1.2778639793395996]
[0.045844435691833496, -0.22129863500595093, 0.3078944981098175, 2.7364704608917236, 0.2859192192554474, -0.566351056098938] [0.3313859701156616, -0.5461459755897522, 1.425044059753418, 0.07980996370315552, 1.4971420764923096, 0.07760000228881836, -1.3007900714874268, -1.2778639793395996]
[0.050933074206113815, -0.2157128006219864, 0.314767986536026, 2.684664011001587, 0.2339482307434082, -0.5263096690177917] [0.3053079843521118, -0.5277379751205444, 1.3820921182632446, 0.12429595738649368, 1.463394045829773, 0.07760000228881836, -1.3023240566253662, -1.2778639793395996]
[0.055568501353263855, -0.21057157218456268, 0.3228663504123688, 2.642909049987793, 0.17805993556976318, -0.48910948634147644] [0.27616196870803833, -0.5093299746513367, 1.3345381021499634, 0.16878196597099304, 1.4465200901031494, 0.0820000022649765, -1.3023240566253662, -1.2778639793395996]
[0.06046467274427414, -0.20312486588954926, 0.32962483167648315, 2.597933530807495, 0.12838435173034668, -0.4420667290687561] [0.24701596796512604, -0.47864997386932373, 1.3023240566253662, 0.1963939666748047, 1.425044059753418, 0.07400000095367432, -1.3038580417633057, -1.2778639793395996]
[0.06513019651174545, -0.1946585327386856, 0.3362085819244385, 2.5736396312713623, 0.08187515288591385, -0.3902810215950012] [0.22707396745681763, -0.4449019730091095, 1.2655080556869507, 0.22553996741771698, 1.405102014541626, 0.07400000095367432, -1.3023240566253662, -1.2778639793395996]
[0.06999468803405762, -0.18418775498867035, 0.3421293795108795, 2.533879041671753, 0.040014009922742844, -0.33127743005752563] [0.20252996683120728, -0.4034839868545532, 1.231760025024414, 0.25775396823883057, 1.3790240287780762, 0.07440000027418137, -1.3023240566253662, -1.2778639793395996]
[0.07483532279729843, -0.1716887503862381, 0.34792664647102356, 2.474418878555298, -0.0009110295213758945, -0.2647385597229004] [0.17645196616649628, -0.3497939705848694, 1.198012113571167, 0.2792299687862396, 1.3023240566253662, 0.2468000054359436, -1.3023240566253662, -1.2778639793395996]
[0.07926120609045029, -0.15704603493213654, 0.3518127202987671, 2.40462589263916, -0.031625404953956604, -0.18968099355697632] [0.15957796573638916, -0.2853659689426422, 1.1642640829086304, 0.2945699691772461, 1.29312002658844, 0.07880000025033951, -1.3023240566253662, -1.2763299942016602]
[0.08383074402809143, -0.13750141859054565, 0.35444632172584534, 2.3733439445495605, -0.04672953486442566, -0.09363240748643875] [0.1381019651889801, -0.1933259665966034, 1.1167100667953491, 0.2945699691772461, 1.2685760259628296, 0.07880000025033951, -1.3023240566253662, -1.2747960090637207]
[0.08675076067447662, -0.11561548709869385, 0.3561827838420868, 2.3357303142547607, -0.057294271886348724, 0.009162853471934795] [0.12582996487617493, -0.09668396413326263, 1.0906320810317993, 0.2945699691772461, 1.2424980401992798, 0.08000000566244125, -1.3007900714874268, -1.2732620239257812]
[0.08711899071931839, -0.08897887170314789, 0.3581525683403015, 2.313004732131958, -0.06887811422348022, 0.13292191922664642] [0.11355795711278915, 0.01683203876018524, 1.0599520206451416, 0.2945699691772461, 1.2148860692977905, 0.08000000566244125, -1.3007900714874268, -1.2701940536499023]
[0.0852266177535057, -0.07090335339307785, 0.3592432737350464, 2.2251181602478027, -0.0775771290063858, 0.21713870763778687] [0.10435395687818527, 0.087396040558815, 1.0338740348815918, 0.2945699691772461, 1.1151760816574097, 0.18799999356269836, -1.2992560863494873, -1.2701940536499023]
[0.08330407738685608, -0.05952148512005806, 0.35984551906585693, 2.1544129848480225, -0.08289971947669983, 0.2711235582828522] [0.09975196421146393, 0.13188204169273376, 1.0123980045318604, 0.29610395431518555, 1.1121081113815308, 0.07840000092983246, -1.2915860414505005, -1.260990023612976]
[0.08044648915529251, -0.05057796463370323, 0.3616415560245514, 2.1406235694885254, -0.09237907081842422, 0.31627699732780457] [0.09668396413326263, 0.16409604251384735, 0.9924560785293579, 0.29917198419570923, 1.1121081113815308, 0.07880000025033951, -1.2823820114135742, -1.2533199787139893]
[0.07761755585670471, -0.044019509106874466, 0.3628876805305481, 2.120527982711792, -0.0996134877204895, 0.3515037000179291] [0.09821796417236328, 0.20244604349136353, 0.9633100628852844, 0.30377396941185, 1.1121081113815308, 0.07880000025033951, -1.271644115447998, -1.2395139932632446]
[0.07233145833015442, -0.03314504772424698, 0.3650974929332733, 2.092022657394409, -0.11163123697042465, 0.4096478521823883] [0.09821796417236328, 0.2546020448207855, 0.9264940619468689, 0.317579984664917, 1.1121081113815308, 0.07840000092983246, -1.2578380107879639, -1.2272419929504395]
[0.06534695625305176, -0.02109137549996376, 0.367948055267334, 2.059156656265259, -0.12923112511634827, 0.47791045904159546] [0.09821796417236328, 0.31442803144454956, 0.895814061164856, 0.3313859701156616, 1.1121081113815308, 0.07840000092983246, -1.2455661296844482, -1.2134360074996948]
[0.057931337505578995, -0.012347719632089138, 0.3719683885574341, 2.0011138916015625, -0.15923497080802917, 0.5422884821891785] [0.10128595679998398, 0.3389720320701599, 0.7700260877609253, 0.44643598794937134, 1.1121081113815308, 0.07840000092983246, -1.2348281145095825, -1.2042319774627686]
[0.04118228331208229, 0.003813645103946328, 0.37173745036125183, 1.7292673587799072, -0.18283307552337646, 0.729324221611023] [0.10895595699548721, 0.3297680616378784, 0.5046440362930298, 0.5952339768409729, 1.1136420965194702, 0.07880000025033951, -1.231760025024414, -1.1996300220489502]
[0.02395794354379177, 0.016506139189004898, 0.3692054748535156, 1.5443350076675415, -0.1750277429819107, 0.9107627868652344] [0.11048995703458786, 0.32670003175735474, 0.4034000635147095, 0.6995459794998169, 1.1136420965194702, 0.07840000092983246, -1.2240900993347168, -1.1919599771499634]
[0.017406955361366272, 0.019120894372463226, 0.3716922104358673, 1.5251930952072144, -0.1946023553609848, 0.9619234204292297] [0.11355795711278915, 0.33130204677581787, 0.4034000635147095, 0.7225559949874878, 1.1136420965194702, 0.07880000025033951, -1.2072160243988037, -1.1750860214233398]
[0.012975959107279778, 0.02024109661579132, 0.37211745977401733, 1.5242010354995728, -0.2026485949754715, 0.987396776676178] [0.1350339651107788, 0.3328360319137573, 0.4034000635147095, 0.7609059810638428, 1.1167100667953491, 0.07880000025033951, -1.1918760538101196, -1.1597459316253662]
[0.00559379393234849, 0.022038409486413002, 0.3714299201965332, 1.5297386646270752, -0.21151423454284668, 1.0280416011810303] [0.17184996604919434, 0.335904061794281, 0.39266204833984375, 0.8069260120391846, 1.124380111694336, 0.07840000092983246, -1.1688660383224487, -1.1382700204849243]
[-0.003246727166697383, 0.023710591718554497, 0.3689354658126831, 1.5582232475280762, -0.2109939008951187, 1.0695768594741821] [0.2101999670267105, 0.335904061794281, 0.3911280632019043, 0.839139997959137, 1.1535260677337646, 0.08000000566244125, -1.1519920825958252, -1.1167939901351929]
[-0.010040336288511753, 0.024763895198702812, 0.36911436915397644, 1.5867860317230225, -0.21703943610191345, 1.1004422903060913] [0.23320996761322021, 0.335904061794281, 0.381924033164978, 0.8744219541549683, 1.2041480541229248, 0.0804000049829483, -1.1305160522460938, -1.0953179597854614]
[-0.015428680926561356, 0.0255596786737442, 0.36957716941833496, 1.613637924194336, -0.21922984719276428, 1.1256000995635986] [0.2546859681606293, 0.335904061794281, 0.3650500476360321, 0.8882279992103577, 1.2394300699234009, 0.07720000296831131, -1.0998361110687256, -1.0615699291229248]
[-0.02353578247129917, 0.026504358276724815, 0.3661315143108368, 1.6237518787384033, -0.19532522559165955, 1.1382793188095093] [0.2884339690208435, 0.335904061794281, 0.335904061794281, 0.8882279992103577, 1.2471001148223877, 0.07720000296831131, -1.0737581253051758, -1.040094017982483]
[-0.027822185307741165, 0.02704307809472084, 0.3641684651374817, 1.6152958869934082, -0.18256478011608124, 1.1431008577346802] [0.30990996956825256, 0.335904061794281, 0.31749606132507324, 0.8882279992103577, 1.251702070236206, 0.07720000296831131, -1.0507481098175049, -1.014016032218933]
[-0.03228834271430969, 0.027454109862446785, 0.36172911524772644, 1.6163793802261353, -0.1700630784034729, 1.1481355428695679] [0.33905595541000366, 0.335904061794281, 0.30062204599380493, 0.8882279992103577, 1.2624400854110718, 0.07720000296831131, -1.024670124053955, -0.9940739870071411]
[-0.03655124455690384, 0.027827000245451927, 0.35862892866134644, 1.6224247217178345, -0.15417265892028809, 1.1502783298492432] [0.3728039860725403, 0.335904061794281, 0.28835004568099976, 0.8882279992103577, 1.2762460708618164, 0.07720000296831131, -1.004728078842163, -0.9695299863815308]
[-0.041823431849479675, 0.028061643242836, 0.3563300669193268, 1.6332138776779175, -0.1457442045211792, 1.1535056829452515] [0.3958139717578888, 0.335904061794281, 0.2806800603866577, 0.8882279992103577, 1.2823820114135742, 0.07720000296831131, -0.9832520484924316, -0.9526559710502625]
[-0.045251499861478806, 0.028239108622074127, 0.35534200072288513, 1.630104422569275, -0.14125849306583405, 1.1539757251739502] [0.41422197222709656, 0.33437004685401917, 0.2745440602302551, 0.8882279992103577, 1.2823820114135742, 0.07720000296831131, -0.969446063041687, -0.9388499855995178]
[-0.04822999984025955, 0.028309348970651627, 0.3552979826927185, 1.6215851306915283, -0.14166474342346191, 1.1556355953216553] [0.42342597246170044, 0.3297680616378784, 0.27147603034973145, 0.8882279992103577, 1.2823820114135742, 0.07720000296831131, -0.9633100628852844, -0.9311800003051758]
[-0.05027356371283531, 0.028428884223103523, 0.3550466299057007, 1.6140971183776855, -0.14006933569908142, 1.1574162244796753] [0.4280279874801636, 0.3282340466976166, 0.26534003019332886, 0.8882279992103577, 1.2823820114135742, 0.07720000296831131, -0.9587080478668213, -0.9281119704246521]
[-0.051653895527124405, 0.02861807867884636, 0.35422760248184204, 1.6032955646514893, -0.13329054415225983, 1.159157633781433] [0.4310959577560425, 0.3190300464630127, 0.2500000596046448, 0.8866939544677734, 1.2823820114135742, 0.07720000296831131, -0.9571740627288818, -0.9281119704246521]
[-0.05204451084136963, 0.028188195079565048, 0.35183024406433105, 1.5951626300811768, -0.11829424649477005, 1.1570945978164673] [0.4418339729309082, 0.308292031288147, 0.2377280443906784, 0.8866939544677734, 1.2823820114135742, 0.07720000296831131, -0.9571740627288818, -0.9296460151672363]
[-0.05242893099784851, 0.028303878381848335, 0.3510523736476898, 1.5958534479141235, -0.11464440822601318, 1.1575199365615845] [0.4418339729309082, 0.308292031288147, 0.2377280443906784, 0.8866939544677734, 1.2823820114135742, 0.07680000364780426, -0.9571740627288818, -0.9296460151672363]
[-0.052573081105947495, 0.02827126532793045, 0.3510895073413849, 1.5954562425613403, -0.11509518325328827, 1.1576390266418457] [0.4418339729309082, 0.308292031288147, 0.2377280443906784, 0.885159969329834, 1.2854501008987427, 0.07720000296831131, -0.9587080478668213, -0.9296460151672363]
[-0.05226808041334152, 0.028194911777973175, 0.3511936366558075, 1.5975563526153564, -0.11464350670576096, 1.15484619140625] [0.4418339729309082, 0.3067580461502075, 0.23619404435157776, 0.8836259841918945, 1.2854501008987427, 0.07720000296831131, -0.9587080478668213, -0.9327139854431152]
[-0.05161507800221443, 0.02796361781656742, 0.3506595492362976, 1.5969566106796265, -0.11059694737195969, 1.1510010957717896] [0.44029998779296875, 0.3067580461502075, 0.23619404435157776, 0.8805580139160156, 1.2854501008987427, 0.07720000296831131, -0.961776077747345, -0.9357819557189941]
[-0.0510859377682209, 0.027934817597270012, 0.350847065448761, 1.5962636470794678, -0.11053731292486191, 1.149667739868164] [0.43416398763656616, 0.3067580461502075, 0.2346600443124771, 0.8774899840354919, 1.2854501008987427, 0.07720000296831131, -0.9663780927658081, -0.9403839707374573]
[-0.0501415953040123, 0.0279859472066164, 0.35115694999694824, 1.5908546447753906, -0.1086510568857193, 1.1478331089019775] [0.4280279874801636, 0.30522406101226807, 0.23005804419517517, 0.8744219541549683, 1.2854501008987427, 0.07720000296831131, -0.9709800481796265, -0.943452000617981]
[-0.055312369018793106, 0.02777494303882122, 0.35026800632476807, 1.5950126647949219, -0.10174079239368439, 1.1430033445358276] [0.4280279874801636, 0.30522406101226807, 0.22852404415607452, 0.8728879690170288, 1.2854501008987427, 0.07720000296831131, -0.9725140333175659, -0.9449859857559204]
[-0.06034952774643898, 0.02774656005203724, 0.3492807447910309, 1.599899411201477, -0.09291574358940125, 1.1316347122192383] [0.42649397253990173, 0.30522406101226807, 0.22699004411697388, 0.8621499538421631, 1.2854501008987427, 0.07720000296831131, -0.9725140333175659, -0.9465199708938599]
[-0.06226864084601402, 0.027899786829948425, 0.3492251932621002, 1.6011978387832642, -0.0911559984087944, 1.131102204322815] [0.4249599575996399, 0.30522406101226807, 0.22699004411697388, 0.8621499538421631, 1.2839161157608032, 0.07720000296831131, -0.9832520484924316, -0.9572579860687256]
[-0.06262898445129395, 0.027993788942694664, 0.34868958592414856, 1.6069061756134033, -0.08787844330072403, 1.1305103302001953] [0.42342597246170044, 0.30522406101226807, 0.22699004411697388, 0.8606159687042236, 1.2854501008987427, 0.07720000296831131, -0.9985920786857605, -0.9725979566574097]
[-0.06151196360588074, 0.028018968179821968, 0.3486291766166687, 1.609488606452942, -0.08676537126302719, 1.1306501626968384] [0.4157559871673584, 0.3036900460720062, 0.22699004411697388, 0.8621499538421631, 1.2854501008987427, 0.07720000296831131, -1.0139321088790894, -0.9910060167312622]
[-0.05840190127491951, 0.0278069619089365, 0.34826359152793884, 1.6161456108093262, -0.0834355428814888, 1.128778338432312] [0.4034839868545532, 0.30522406101226807, 0.22699004411697388, 0.8621499538421631, 1.2854501008987427, 0.07720000296831131, -1.030806064605713, -1.0048120021820068]
[-0.0561491996049881, 0.02804477885365486, 0.34858420491218567, 1.6162278652191162, -0.08288335800170898, 1.1301592588424683] [0.3927459716796875, 0.3036900460720062, 0.22699004411697388, 0.8606159687042236, 1.2854501008987427, 0.07720000296831131, -1.0400100946426392, -1.0109479427337646]
[-0.053285129368305206, 0.027518557384610176, 0.3482550382614136, 1.6210861206054688, -0.07887814939022064, 1.122488021850586] [0.38507598638534546, 0.3021560311317444, 0.22699004411697388, 0.8575479984283447, 1.2854501008987427, 0.07720000296831131, -1.0507481098175049, -1.0262880325317383]
[-0.051001664251089096, 0.027060357853770256, 0.34867027401924133, 1.6179802417755127, -0.07917416095733643, 1.1196377277374268] [0.37126997113227844, 0.2960200309753418, 0.22699004411697388, 0.8575479984283447, 1.2839161157608032, 0.07720000296831131, -1.0691560506820679, -1.0416280031204224]
[-0.04809211567044258, 0.02660277672111988, 0.34922680258750916, 1.6163874864578247, -0.07944276928901672, 1.1167747974395752] [0.3528619706630707, 0.2960200309753418, 0.22545604407787323, 0.8575479984283447, 1.2839161157608032, 0.07720000296831131, -1.0860300064086914, -1.0615699291229248]
[-0.044542860239744186, 0.026767192408442497, 0.349566251039505, 1.6137717962265015, -0.07712236046791077, 1.1180377006530762] [0.33598798513412476, 0.2960200309753418, 0.22238804399967194, 0.8575479984283447, 1.2839161157608032, 0.07720000296831131, -1.1059720516204834, -1.0799779891967773]
[-0.041022397577762604, 0.026525691151618958, 0.34988465905189514, 1.609151840209961, -0.07507622987031937, 1.1149544715881348] [0.3145119547843933, 0.29141804575920105, 0.2208540439605713, 0.854479968547821, 1.2839161157608032, 0.07720000296831131, -1.1289820671081543, -1.1029880046844482]
[-0.03566475585103035, 0.025130540132522583, 0.3499055802822113, 1.6100921630859375, -0.07334444671869278, 1.1060760021209717] [0.2915019690990448, 0.2837480306625366, 0.21932004392147064, 0.854479968547821, 1.2839161157608032, 0.07720000296831131, -1.1504580974578857, -1.1244640350341797]
[-0.03163190186023712, 0.024517247453331947, 0.35030242800712585, 1.6030116081237793, -0.07131960988044739, 1.1030542850494385] [0.27002596855163574, 0.27761203050613403, 0.21625204384326935, 0.854479968547821, 1.2808480262756348, 0.07720000296831131, -1.1704000234603882, -1.1444059610366821]
[-0.027356989681720734, 0.023631975054740906, 0.3504389226436615, 1.5972822904586792, -0.07088619470596313, 1.097395658493042] [0.24854996800422668, 0.2730100452899933, 0.21625204384326935, 0.854479968547821, 1.2793140411376953, 0.07720000296831131, -1.1903420686721802, -1.1612800359725952]
[-0.02321670576930046, 0.02295798435807228, 0.35040777921676636, 1.594706416130066, -0.07013379037380219, 1.0932949781417847] [0.22860796749591827, 0.26840806007385254, 0.21625204384326935, 0.854479968547821, 1.274712085723877, 0.07720000296831131, -1.2087500095367432, -1.1812219619750977]
[-0.018996374681591988, 0.022006837651133537, 0.35030314326286316, 1.593262791633606, -0.06948063522577286, 1.0875823497772217] [0.2101999670267105, 0.26227205991744995, 0.2147180438041687, 0.854479968547821, 1.271644115447998, 0.07720000296831131, -1.2286920547485352, -1.1996300220489502]
[-0.013538658618927002, 0.020740244537591934, 0.35001063346862793, 1.5860729217529297, -0.06685171276330948, 1.077336072921753] [0.1871899664402008, 0.2530680298805237, 0.2147180438041687, 0.8514119982719421, 1.2670420408248901, 0.07720000296831131, -1.2486340999603271, -1.2180379629135132]
[-0.009634639136493206, 0.020225150510668755, 0.35007670521736145, 1.5797758102416992, -0.06702206283807755, 1.073244333267212] [0.16878196597099304, 0.2530680298805237, 0.2147180438041687, 0.8422079682350159, 1.2639740705490112, 0.07720000296831131, -1.2655080556869507, -1.2395139932632446]
[-0.005433353129774332, 0.019840441644191742, 0.350222647190094, 1.5753670930862427, -0.06637994945049286, 1.064817190170288] [0.14730596542358398, 0.2530680298805237, 0.21318404376506805, 0.8360719680786133, 1.2624400854110718, 0.07720000296831131, -1.2854501008987427, -1.2625240087509155]
[0.0002644378109835088, 0.019354766234755516, 0.35006651282310486, 1.5715131759643555, -0.0645255595445633, 1.053491473197937] [0.11969395726919174, 0.2530680298805237, 0.2147180438041687, 0.8222659826278687, 1.2624400854110718, 0.07720000296831131, -1.3069260120391846, -1.282465934753418]
[0.0052420529536902905, 0.018855061382055283, 0.34975647926330566, 1.5679224729537964, -0.060819175094366074, 1.0408234596252441] [0.09668396413326263, 0.2530680298805237, 0.2147180438041687, 0.808459997177124, 1.2609061002731323, 0.07720000296831131, -1.3268680572509766, -1.299340009689331]
[0.010393911972641945, 0.018261639401316643, 0.3492068648338318, 1.5690902471542358, -0.05727595090866089, 1.026054859161377] [0.07980996370315552, 0.2530680298805237, 0.2147180438041687, 0.7915859818458557, 1.2609061002731323, 0.07720000296831131, -1.345276117324829, -1.3208160400390625]
[0.015462007373571396, 0.0175662562251091, 0.34815263748168945, 1.569189190864563, -0.05234649032354355, 1.0115108489990234] [0.05986796319484711, 0.2530680298805237, 0.2147180438041687, 0.7793139815330505, 1.2593721151351929, 0.07720000296831131, -1.363684058189392, -1.3361560106277466]
[0.020339587703347206, 0.01674748584628105, 0.3465573191642761, 1.571711540222168, -0.044946957379579544, 0.9951819777488708] [0.04912996292114258, 0.2530680298805237, 0.2147180438041687, 0.7593719959259033, 1.2593721151351929, 0.07720000296831131, -1.3652180433273315, -1.337689995765686]
[0.02254251390695572, 0.0161751601845026, 0.34517839550971985, 1.5766111612319946, -0.038917187601327896, 0.9848634600639343] [0.04759596288204193, 0.2530680298805237, 0.21625204384326935, 0.7440319657325745, 1.2593721151351929, 0.07720000296831131, -1.3652180433273315, -1.337689995765686]
[0.02595580741763115, 0.014611446298658848, 0.34389984607696533, 1.5860899686813354, -0.032426461577415466, 0.9585542678833008] [0.04759596288204193, 0.2530680298805237, 0.22238804399967194, 0.7179539799690247, 1.2593721151351929, 0.07720000296831131, -1.366752028465271, -1.337689995765686]
[0.028646647930145264, 0.01338902860879898, 0.3428446054458618, 1.591770052909851, -0.02575533092021942, 0.9376224875450134] [0.046061962842941284, 0.2530680298805237, 0.22699004411697388, 0.6918759942054749, 1.2593721151351929, 0.07720000296831131, -1.366752028465271, -1.3392239809036255]
[0.03202098608016968, 0.01153041236102581, 0.34252142906188965, 1.595765471458435, -0.021218987181782722, 0.9068320393562317] [0.04299396276473999, 0.2530680298805237, 0.23312604427337646, 0.6627299785614014, 1.2578380107879639, 0.07720000296831131, -1.366752028465271, -1.340757966041565]
[0.04348490387201309, 0.010280429385602474, 0.3429974615573883, 1.591421127319336, -0.01738063059747219, 0.880104124546051] [0.04145996272563934, 0.2530680298805237, 0.23619404435157776, 0.6397199630737305, 1.2578380107879639, 0.07720000296831131, -1.3682861328125, -1.340757966041565]
[0.050903189927339554, 0.009428068064153194, 0.34364745020866394, 1.5882149934768677, -0.01617417111992836, 0.8607372045516968] [0.0368579626083374, 0.2530680298805237, 0.2407960444688797, 0.6151759624481201, 1.2578380107879639, 0.07720000296831131, -1.3682861328125, -1.3422919511795044]
[0.055463504046201706, 0.007914800196886063, 0.3433985412120819, 1.5943310260772705, -0.013021266087889671, 0.8375096917152405] [0.0368579626083374, 0.2546020448207855, 0.2500000596046448, 0.5921659469604492, 1.2578380107879639, 0.07720000296831131, -1.371354103088379, -1.3438260555267334]
[0.05908948555588722, 0.006073908880352974, 0.3432263433933258, 1.6031447649002075, -0.010427643544971943, 0.8108966946601868] [0.035323962569236755, 0.2546020448207855, 0.2638060450553894, 0.5691559910774231, 1.2578380107879639, 0.07720000296831131, -1.3728880882263184, -1.3438260555267334]
[0.06236137077212334, 0.004135151393711567, 0.3428616523742676, 1.6179084777832031, -0.007652554661035538, 0.7835249304771423] [0.035323962569236755, 0.2546020448207855, 0.2745440602302551, 0.5415439605712891, 1.2578380107879639, 0.07720000296831131, -1.3744220733642578, -1.3453600406646729]
[0.06435699760913849, 0.002825533039867878, 0.3421427607536316, 1.6229296922683716, -0.001973792677745223, 0.764085590839386] [0.035323962569236755, 0.25613605976104736, 0.28221404552459717, 0.5154659748077393, 1.2578380107879639, 0.07720000296831131, -1.3744220733642578, -1.3453600406646729]
[0.06675181537866592, 0.0009423743467777967, 0.3418659567832947, 1.6304997205734253, 0.001787687884643674, 0.739501416683197] [0.03378996253013611, 0.25613605976104736, 0.28835004568099976, 0.49552398920059204, 1.2578380107879639, 0.07720000296831131, -1.3744220733642578, -1.3453600406646729]
[0.06881152093410492, -0.0008352734730578959, 0.3411049246788025, 1.634876012802124, 0.007909881882369518, 0.7170065641403198] [0.03378996253013611, 0.25613605976104736, 0.29755404591560364, 0.4771159887313843, 1.2578380107879639, 0.07720000296831131, -1.3744220733642578, -1.3453600406646729]
[0.07028265297412872, -0.002140722004696727, 0.34120115637779236, 1.648769736289978, 0.008122134022414684, 0.7004241347312927] [0.03378996253013611, 0.2576700448989868, 0.3128940463066101, 0.46024197340011597, 1.2563040256500244, 0.07720000296831131, -1.3744220733642578, -1.3453600406646729]
[0.07192712277173996, -0.0035569164901971817, 0.3408558666706085, 1.6567732095718384, 0.011957119219005108, 0.680293619632721] [0.035323962569236755, 0.25613605976104736, 0.3190300464630127, 0.43416398763656616, 1.2563040256500244, 0.07720000296831131, -1.3744220733642578, -1.3453600406646729]
[0.07446301728487015, -0.006237499415874481, 0.3403315842151642, 1.6716563701629639, 0.017962023615837097, 0.649456262588501] [0.03378996253013611, 0.25613605976104736, 0.3481760621070862, 0.37126997113227844, 1.2563040256500244, 0.07720000296831131, -1.3744220733642578, -1.3453600406646729]
[0.07772965729236603, -0.00981176272034645, 0.34026235342025757, 1.6861152648925781, 0.025711946189403534, 0.6028664112091064] [0.02765396237373352, 0.26227205991744995, 0.35431206226348877, 0.3697359561920166, 1.2578380107879639, 0.07720000296831131, -1.371354103088379, -1.3392239809036255]
[0.07671577483415604, -0.009247524663805962, 0.34223130345344543, 1.6848118305206299, 0.015945281833410263, 0.6082184314727783] [0.024585962295532227, 0.26227205991744995, 0.35277804732322693, 0.3728039860725403, 1.2578380107879639, 0.07720000296831131, -1.3682861328125, -1.337689995765686]
[0.07552991062402725, -0.008640131913125515, 0.3430783450603485, 1.6740036010742188, 0.011548912152647972, 0.6164965033531189] [0.02305196225643158, 0.26227205991744995, 0.34357404708862305, 0.3804739713668823, 1.2593721151351929, 0.07720000296831131, -1.363684058189392, -1.3300199508666992]
[0.07413557916879654, -0.008390421979129314, 0.34439632296562195, 1.6696919202804565, 0.005369048565626144, 0.6210715770721436] [0.02305196225643158, 0.26227205991744995, 0.3420400619506836, 0.3835419714450836, 1.2609061002731323, 0.07720000296831131, -1.3544800281524658, -1.3208160400390625]
[0.07263928651809692, -0.00836610421538353, 0.3457351624965668, 1.6680810451507568, -0.0001507753477199003, 0.6226279139518738] [0.026119962334632874, 0.26227205991744995, 0.3389720320701599, 0.3866099715232849, 1.2639740705490112, 0.07720000296831131, -1.345276117324829, -1.3116120100021362]
[0.07056429982185364, -0.008156076073646545, 0.3458888828754425, 1.665389060974121, -0.00038766476791352034, 0.6260552406311035] [0.03378996253013611, 0.26227205991744995, 0.33437004685401917, 0.38814395666122437, 1.2639740705490112, 0.07720000296831131, -1.3360720872879028, -1.3008739948272705]
[0.06906247138977051, -0.007957978174090385, 0.34667515754699707, 1.6591591835021973, -0.0034838798455893993, 0.6295009851455688] [0.03839196264743805, 0.26227205991744995, 0.32670003175735474, 0.39121198654174805, 1.2655080556869507, 0.07720000296831131, -1.3238000869750977, -1.2870680093765259]
[0.06673970073461533, -0.007860935293138027, 0.3469257056713104, 1.649207592010498, -0.0023515939246863127, 0.6309840083122253] [0.050663962960243225, 0.26227205991744995, 0.3159620463848114, 0.39121198654174805, 1.2655080556869507, 0.07720000296831131, -1.3115280866622925, -1.2732620239257812]
[0.06393303722143173, -0.007731926161795855, 0.3470184803009033, 1.6399729251861572, -0.0013333383249118924, 0.6336840987205505] [0.0629359632730484, 0.2607380449771881, 0.3067580461502075, 0.3927459716796875, 1.2655080556869507, 0.07720000296831131, -1.29312002658844, -1.2579219341278076]
[0.061257097870111465, -0.007894517853856087, 0.34659460186958313, 1.6316859722137451, 0.0026723260525614023, 0.6334261894226074] [0.07520796358585358, 0.2607380449771881, 0.2990880608558655, 0.3958139717578888, 1.2670420408248901, 0.07720000296831131, -1.2808480262756348, -1.244115948677063]
[0.05892246216535568, -0.00800367258489132, 0.34672001004219055, 1.627062439918518, 0.0021923789754509926, 0.6353565454483032] [0.09054796397686005, 0.2576700448989868, 0.29448604583740234, 0.3958139717578888, 1.2670420408248901, 0.07720000296831131, -1.2670420408248901, -1.228775978088379]
[0.056167785078287125, -0.008598636835813522, 0.3471425771713257, 1.6241943836212158, 0.0014123107539489865, 0.6326994299888611] [0.10281995683908463, 0.25613605976104736, 0.2929520606994629, 0.3958139717578888, 1.2670420408248901, 0.07720000296831131, -1.2486340999603271, -1.2119020223617554]
[0.05324195325374603, -0.00881502591073513, 0.34703487157821655, 1.6228457689285278, 0.0027219257317483425, 0.6313864588737488] [0.11969395726919174, 0.2546020448207855, 0.29141804575920105, 0.3958139717578888, 1.2670420408248901, 0.07680000364780426, -1.2302260398864746, -1.1950279474258423]
[0.05028581991791725, -0.009474251419305801, 0.34706833958625793, 1.6211867332458496, 0.0028184030670672655, 0.6285316944122314] [0.13656796514987946, 0.2500000596046448, 0.29141804575920105, 0.3958139717578888, 1.2670420408248901, 0.07720000296831131, -1.213352084159851, -1.1750860214233398]
[0.04747089743614197, -0.010638675652444363, 0.346978098154068, 1.62071692943573, 0.003495296696200967, 0.6224613189697266] [0.15497596561908722, 0.243864044547081, 0.2898840308189392, 0.3958139717578888, 1.2670420408248901, 0.07720000296831131, -1.1964781284332275, -1.1566779613494873]
[0.044748708605766296, -0.011961597949266434, 0.34698212146759033, 1.6216890811920166, 0.00305729266256094, 0.6163949370384216] [0.1703159660100937, 0.23619404435157776, 0.2898840308189392, 0.3958139717578888, 1.2670420408248901, 0.07720000296831131, -1.1765360832214355, -1.1398040056228638]
[0.041281141340732574, -0.013426619581878185, 0.3477979302406311, 1.6184449195861816, -0.001767392153851688, 0.6116089820861816] [0.18565596640110016, 0.22699004411697388, 0.29141804575920105, 0.40041595697402954, 1.2670420408248901, 0.07720000296831131, -1.162730097770691, -1.1259980201721191]
[0.03915761783719063, -0.015166000463068485, 0.34811583161354065, 1.614785075187683, -0.004241496324539185, 0.605536162853241] [0.19946196675300598, 0.2147180438041687, 0.2898840308189392, 0.4050179719924927, 1.2685760259628296, 0.07720000296831131, -1.1504580974578857, -1.113726019859314]
[0.03754943236708641, -0.01711406745016575, 0.34829699993133545, 1.6108806133270264, -0.005895002745091915, 0.5963740944862366] [0.2101999670267105, 0.20551404356956482, 0.2898840308189392, 0.40655195713043213, 1.2685760259628296, 0.07720000296831131, -1.1412540674209595, -1.1045219898223877]
[0.0354086235165596, -0.018164005130529404, 0.34877684712409973, 1.6099669933319092, -0.00904129445552826, 0.5931459665298462] [0.2194039672613144, 0.20091204345226288, 0.2898840308189392, 0.41422197222709656, 1.2685760259628296, 0.07720000296831131, -1.1274480819702148, -1.0891820192337036]
[0.03253551200032234, -0.01892268843948841, 0.3491627275943756, 1.6068987846374512, -0.014485619962215424, 0.5986674427986145] [0.23014196753501892, 0.18710604310035706, 0.28835004568099976, 0.43723195791244507, 1.2685760259628296, 0.07720000296831131, -1.1167100667953491, -1.0799779891967773]
[0.030340053141117096, -0.019785448908805847, 0.3489978015422821, 1.6054677963256836, -0.017251400277018547, 0.6041310429573059] [0.2454819679260254, 0.17330004274845123, 0.28528204560279846, 0.4525719881057739, 1.2685760259628296, 0.07720000296831131, -1.104438066482544, -1.0677059888839722]
[0.028528481721878052, -0.020939063280820847, 0.3488917946815491, 1.6032512187957764, -0.018959561362862587, 0.6039233803749084] [0.2562199831008911, 0.16102804243564606, 0.28221404552459717, 0.467911958694458, 1.2685760259628296, 0.07720000296831131, -1.0921660661697388, -1.055433988571167]
[0.025631237775087357, -0.021602708846330643, 0.3493739068508148, 1.596198320388794, -0.0247456356883049, 0.6127748489379883] [0.26695796847343445, 0.15029004216194153, 0.27761203050613403, 0.4909219741821289, 1.2685760259628296, 0.07720000296831131, -1.081428050994873, -1.0492980480194092]
[0.02340034395456314, -0.02215641178190708, 0.34913986921310425, 1.5864285230636597, -0.02548167295753956, 0.6195859909057617] [0.2746279835700989, 0.14108604192733765, 0.26840806007385254, 0.5016599893569946, 1.2685760259628296, 0.07720000296831131, -1.0722240209579468, -1.040094017982483]
[0.020796122029423714, -0.02213445119559765, 0.3491488993167877, 1.575749158859253, -0.026152698323130608, 0.6252309083938599] [0.28383195400238037, 0.1364840418100357, 0.2607380449771881, 0.5093299746513367, 1.2685760259628296, 0.07720000296831131, -1.061486005783081, -1.0278220176696777]
[0.018801037222146988, -0.022473277524113655, 0.34930187463760376, 1.56951904296875, -0.027951806783676147, 0.6286706924438477] [0.2915019690990448, 0.13188204169273376, 0.25613605976104736, 0.5216019749641418, 1.2701101303100586, 0.07720000296831131, -1.0492141246795654, -1.0186179876327515]
[0.016180407255887985, -0.0219615139067173, 0.3498973548412323, 1.5642743110656738, -0.03316184878349304, 0.6424154043197632] [0.2976379692554474, 0.12267804145812988, 0.24846604466438293, 0.5476799607276917, 1.2701101303100586, 0.07720000296831131, -1.0415440797805786, -1.012481927871704]
[0.01381551381200552, -0.023099858313798904, 0.349890798330307, 1.5531337261199951, -0.035722583532333374, 0.6520982980728149] [0.3053079843521118, 0.10120204091072083, 0.24233004450798035, 0.5752919912338257, 1.2701101303100586, 0.07720000296831131, -1.0323400497436523, -1.0032780170440674]
[0.011552837677299976, -0.024815624579787254, 0.3498428463935852, 1.5463371276855469, -0.03846704214811325, 0.6597838401794434] [0.31297796964645386, 0.07665804028511047, 0.2346600443124771, 0.6029039621353149, 1.271644115447998, 0.07720000296831131, -1.023136019706726, -0.9940739870071411]
[0.00972065795212984, -0.026728229597210884, 0.34944432973861694, 1.5356247425079346, -0.03796980157494545, 0.6621671319007874] [0.32218196988105774, 0.05671603977680206, 0.22699004411697388, 0.630515992641449, 1.271644115447998, 0.07720000296831131, -1.0139321088790894, -0.9848699569702148]
[0.007794308476150036, -0.028260109946131706, 0.34939339756965637, 1.531121015548706, -0.04085147753357887, 0.6696012020111084] [0.3329199552536011, 0.03217203915119171, 0.2208540439605713, 0.6642639636993408, 1.2762460708618164, 0.07720000296831131, -1.0016601085662842, -0.9756659865379333]
[0.004214605316519737, -0.03019600175321102, 0.34943994879722595, 1.5246013402938843, -0.04358060285449028, 0.6812108755111694] [0.3405899703502655, 0.010696038603782654, 0.21011604368686676, 0.6949439644813538, 1.2823820114135742, 0.07720000296831131, -0.9939900636672974, -0.9679960012435913]
[0.0008868854492902756, -0.031081506982445717, 0.3496239483356476, 1.5123575925827026, -0.04642101004719734, 0.6992926001548767] [0.34519195556640625, -0.01231396198272705, 0.19631004333496094, 0.742497980594635, 1.2885180711746216, 0.07720000296831131, -0.9893880486488342, -0.9649279713630676]
[-0.001819866942241788, -0.03186080977320671, 0.35014453530311584, 1.507116436958313, -0.048905905336141586, 0.7157021760940552] [0.34519195556640625, -0.03225596249103546, 0.1855720430612564, 0.7762459516525269, 1.2992560863494873, 0.07720000296831131, -0.9878540635108948, -0.9633939862251282]
[-0.00389082171022892, -0.03338653966784477, 0.3503406345844269, 1.5065346956253052, -0.04858226701617241, 0.7293733954429626] [0.34519195556640625, -0.05833396315574646, 0.17483404278755188, 0.8130619525909424, 1.313062071800232, 0.07720000296831131, -0.9878540635108948, -0.9649279713630676]
[-0.005929443519562483, -0.034451667219400406, 0.3504849076271057, 1.5060184001922607, -0.04837397485971451, 0.7440321445465088] [0.34519195556640625, -0.07980996370315552, 0.16716404259204865, 0.846809983253479, 1.325334072113037, 0.07720000296831131, -0.9878540635108948, -0.9649279713630676]
[-0.007768032141029835, -0.03634432330727577, 0.35034483671188354, 1.5086256265640259, -0.04623676836490631, 0.7574613690376282] [0.34519195556640625, -0.10895595699548721, 0.15489204227924347, 0.8882279992103577, 1.3391400575637817, 0.07720000296831131, -0.9863200783729553, -0.9618600010871887]
[-0.010134096257388592, -0.038595374673604965, 0.3498290479183197, 1.5126385688781738, -0.03941771015524864, 0.7731747031211853] [0.34519195556640625, -0.14270396530628204, 0.13495004177093506, 0.9373160004615784, 1.3575481176376343, 0.07720000296831131, -0.9832520484924316, -0.9572579860687256]
[-0.012981156818568707, -0.04029211774468422, 0.34943410754203796, 1.5113043785095215, -0.034152574837207794, 0.7887287139892578] [0.34519195556640625, -0.16878196597099304, 0.11961004137992859, 0.9741320013999939, 1.3744220733642578, 0.07720000296831131, -0.9755820631980896, -0.9495880007743835]
[-0.01614837348461151, -0.041709866374731064, 0.3491747975349426, 1.5116117000579834, -0.028770266100764275, 0.8057658076286316] [0.34519195556640625, -0.1963939666748047, 0.10120204091072083, 1.0216859579086304, 1.389762043952942, 0.07680000364780426, -0.9709800481796265, -0.9449859857559204]
[-0.01949712447822094, -0.04342192783951759, 0.34890711307525635, 1.5138942003250122, -0.022672763094305992, 0.8227068185806274] [0.34519195556640625, -0.22247196733951569, 0.0904640406370163, 1.058501958847046, 1.4035680294036865, 0.07680000364780426, -0.9648440480232239, -0.9388499855995178]
[-0.02247769944369793, -0.04482840746641159, 0.3487412929534912, 1.5174907445907593, -0.01796329766511917, 0.8361549377441406] [0.34519195556640625, -0.2454819679260254, 0.07665804028511047, 1.0999200344085693, 1.4204421043395996, 0.07720000296831131, -0.9571740627288818, -0.9342479705810547]
[-0.02564212866127491, -0.04618186876177788, 0.34841790795326233, 1.5204840898513794, -0.01160417404025793, 0.8496617078781128] [0.34519195556640625, -0.2715599536895752, 0.0643860399723053, 1.1398040056228638, 1.4373160600662231, 0.07720000296831131, -0.9541060924530029, -0.9296460151672363]
[-0.02967161312699318, -0.047493211925029755, 0.34827616810798645, 1.5248312950134277, -0.005857305601239204, 0.8706613183021545] [0.34519195556640625, -0.2945699691772461, 0.05364803969860077, 1.172018051147461, 1.4541900157928467, 0.07720000296831131, -0.9479700326919556, -0.923509955406189]
[-0.03154054656624794, -0.04889301210641861, 0.3478115499019623, 1.5335884094238281, 0.00016946713731158525, 0.8743696808815002] [0.34519195556640625, -0.31297796964645386, 0.04137603938579559, 1.1934939622879028, 1.4679961204528809, 0.07720000296831131, -0.9387660622596741, -0.9143059849739075]
[-0.034654825925827026, -0.05023745819926262, 0.34760376811027527, 1.5361555814743042, 0.006301929708570242, 0.8813628554344177] [0.34519195556640625, -0.3267839550971985, 0.03217203915119171, 1.2134360074996948, 1.480268120765686, 0.07680000364780426, -0.9326300621032715, -0.9081699848175049]
[-0.03755598142743111, -0.05181022733449936, 0.3478597402572632, 1.5424864292144775, 0.00844208151102066, 0.8878272175788879] [0.34519195556640625, -0.34825998544692993, 0.024502038955688477, 1.2379800081253052, 1.4925401210784912, 0.07720000296831131, -0.9264940619468689, -0.9035679697990417]
[-0.03908426687121391, -0.052881620824337006, 0.3476601243019104, 1.5440040826797485, 0.012545888312160969, 0.889708936214447] [0.34519195556640625, -0.35899797081947327, 0.013764038681983948, 1.2548539638519287, 1.5002100467681885, 0.07720000296831131, -0.9188240766525269, -0.8958979845046997]
[-0.04192962124943733, -0.05324667692184448, 0.34740015864372253, 1.5460155010223389, 0.01758144609630108, 0.9008442163467407] [0.34519195556640625, -0.3697359561920166, 0.004560038447380066, 1.2732620239257812, 1.5109480619430542, 0.07720000296831131, -0.9126880764961243, -0.8897619843482971]
[-0.04372413083910942, -0.05407405272126198, 0.3473323583602905, 1.5479111671447754, 0.019940191879868507, 0.9040920734405518] [0.34519195556640625, -0.38507598638534546, -0.001575961709022522, 1.2901359796524048, 1.52168607711792, 0.07720000296831131, -0.9080860614776611, -0.885159969329834]
[-0.04571489989757538, -0.054984573274850845, 0.3473941683769226, 1.5506242513656616, 0.022195374593138695, 0.9071675539016724] [0.34519195556640625, -0.39427995681762695, -0.00771196186542511, 1.3008739948272705, 1.5293561220169067, 0.07720000296831131, -0.9019500613212585, -0.8790239691734314]
[-0.04749170318245888, -0.05526665225625038, 0.3473699986934662, 1.5491985082626343, 0.024398252367973328, 0.9118486642837524] [0.34519195556640625, -0.4019499719142914, -0.013847962021827698, 1.319282054901123, 1.5324240922927856, 0.07720000296831131, -0.8973480463027954, -0.8759559988975525]
[-0.049770377576351166, -0.05547155439853668, 0.34739741683006287, 1.5503772497177124, 0.025205902755260468, 0.9210938215255737] [0.34519195556640625, -0.40655195713043213, -0.01691596210002899, 1.3254179954528809, 1.5400941371917725, 0.07720000296831131, -0.8942800760269165, -0.8728879690170288]
[-0.0504641979932785, -0.05562983825802803, 0.34762635827064514, 1.5518176555633545, 0.02444220334291458, 0.9210665225982666] [0.34519195556640625, -0.40808597207069397, -0.01691596210002899, 1.3254179954528809, 1.5400941371917725, 0.07720000296831131, -0.8942800760269165, -0.8728879690170288]
[-0.05062207207083702, -0.055839624255895615, 0.34777218103408813, 1.5506221055984497, 0.02375219389796257, 0.9194566607475281] [0.34519195556640625, -0.40808597207069397, -0.01691596210002899, 1.3254179954528809, 1.5400941371917725, 0.07720000296831131, -0.8942800760269165, -0.8728879690170288]
[-0.05048690736293793, -0.05603666231036186, 0.34780117869377136, 1.5500822067260742, 0.02327863499522209, 0.9164170026779175] [0.34519195556640625, -0.40808597207069397, -0.01691596210002899, 1.3208160400390625, 1.5400941371917725, 0.07720000296831131, -0.895814061164856, -0.8744219541549683]
[-0.04997195303440094, -0.056132178753614426, 0.34791043400764465, 1.551344394683838, 0.022832194343209267, 0.9133855104446411] [0.34519195556640625, -0.40808597207069397, -0.013847962021827698, 1.3146799802780151, 1.5400941371917725, 0.07720000296831131, -0.9050180912017822, -0.8836259841918945]
[-0.04865613207221031, -0.056545209139585495, 0.34806567430496216, 1.5543832778930664, 0.02214890718460083, 0.9072637557983398] [0.3436579704284668, -0.4096199870109558, -0.01231396198272705, 1.3131459951400757, 1.5400941371917725, 0.07720000296831131, -0.9142220616340637, -0.8928300142288208]
[-0.0463232547044754, -0.05699361115694046, 0.34777453541755676, 1.5579559803009033, 0.024717476218938828, 0.8996661305427551] [0.3405899703502655, -0.4096199870109558, -0.009245961904525757, 1.2978060245513916, 1.5385600328445435, 0.07720000296831131, -0.9249600768089294, -0.905102014541626]
[-0.05435698851943016, -0.05717603489756584, 0.3472236394882202, 1.5643607378005981, 0.031567029654979706, 0.8856545686721802] [0.3375219702720642, -0.4096199870109558, -0.006177961826324463, 1.2932039499282837, 1.533958077430725, 0.07720000296831131, -0.9372320771217346, -0.9173740148544312]
[-0.05692412704229355, -0.05681554600596428, 0.34674522280693054, 1.5640836954116821, 0.03905024006962776, 0.8837614059448242] [0.3313859701156616, -0.41115397214889526, -0.004643961787223816, 1.2901359796524048, 1.5308901071548462, 0.07720000296831131, -0.9541060924530029, -0.9342479705810547]
[-0.055878933519124985, -0.05686647817492485, 0.34634461998939514, 1.5726873874664307, 0.045155249536037445, 0.8804640173912048] [0.32524996995925903, -0.41115397214889526, -0.003109961748123169, 1.2886019945144653, 1.5308901071548462, 0.07720000296831131, -0.969446063041687, -0.9465199708938599]
[-0.053909819573163986, -0.05742906406521797, 0.34605392813682556, 1.579174280166626, 0.04676065966486931, 0.8759004473686218] [0.3237159848213196, -0.41728997230529785, 0.004560038447380066, 1.2886019945144653, 1.5308901071548462, 0.07720000296831131, -0.9832520484924316, -0.9618600010871887]
[-0.050882309675216675, -0.059829406440258026, 0.3457798361778259, 1.594452142715454, 0.04447479173541069, 0.8602825403213501] [0.3237159848213196, -0.43416398763656616, 0.019900038838386536, 1.2886019945144653, 1.5293561220169067, 0.07720000296831131, -0.9985920786857605, -0.9771999716758728]
[-0.047701865434646606, -0.06286241114139557, 0.3455784320831299, 1.6028010845184326, 0.04383348301053047, 0.8401116728782654] [0.3206479549407959, -0.4510379731655121, 0.030638039112091064, 1.2886019945144653, 1.5293561220169067, 0.07680000364780426, -1.0139321088790894, -0.9940739870071411]
[-0.04501364380121231, -0.06387146562337875, 0.3455089330673218, 1.6137230396270752, 0.04063785821199417, 0.8336465954780579] [0.317579984664917, -0.4541059732437134, 0.039842039346694946, 1.2855340242385864, 1.5278220176696777, 0.07720000296831131, -1.027738094329834, -1.0048120021820068]
[-0.042102184146642685, -0.0638992115855217, 0.3450327217578888, 1.6248630285263062, 0.042786605656147, 0.831501841545105] [0.3145119547843933, -0.4541059732437134, 0.045978039503097534, 1.2855340242385864, 1.5278220176696777, 0.07720000296831131, -1.0354080200195312, -1.0109479427337646]
[-0.040732309222221375, -0.06390692293643951, 0.34493115544319153, 1.6291519403457642, 0.043145790696144104, 0.8312121629714966] [0.3114439845085144, -0.45563995838165283, 0.04904603958129883, 1.2855340242385864, 1.5278220176696777, 0.07720000296831131, -1.046146035194397, -1.0232199430465698]
[-0.03875264152884483, -0.06441543251276016, 0.3451824486255646, 1.6318039894104004, 0.04212213307619095, 0.8280264735221863] [0.30377396941185, -0.4617759585380554, 0.050580039620399475, 1.2778639793395996, 1.5262880325317383, 0.07720000296831131, -1.061486005783081, -1.0385600328445435]
[-0.03528844937682152, -0.06646272540092468, 0.3453179895877838, 1.627920150756836, 0.04418850317597389, 0.809934139251709] [0.28996795415878296, -0.4709799885749817, 0.05211403965950012, 1.2763299942016602, 1.5232200622558594, 0.07720000296831131, -1.0768260955810547, -1.055433988571167]
[-0.03210984542965889, -0.06895370036363602, 0.34540653228759766, 1.6247241497039795, 0.046141814440488815, 0.794623613357544] [0.2746279835700989, -0.48631995916366577, 0.05211403965950012, 1.2763299942016602, 1.5201520919799805, 0.07720000296831131, -1.0967680215835571, -1.0738420486450195]
[-0.027874698862433434, -0.07130947709083557, 0.3456948399543762, 1.6176862716674805, 0.04837382957339287, 0.7794435620307922] [0.2562199831008911, -0.4970579743385315, 0.050580039620399475, 1.2763299942016602, 1.5170841217041016, 0.07720000296831131, -1.1167100667953491, -1.093783974647522]
[-0.024691451340913773, -0.07146848738193512, 0.3457666337490082, 1.6186467409133911, 0.04870094731450081, 0.777996838092804] [0.24087996780872345, -0.4970579743385315, 0.05211403965950012, 1.2717280387878418, 1.5109480619430542, 0.07720000296831131, -1.1305160522460938, -1.109123945236206]
[-0.02138257399201393, -0.0720062404870987, 0.34550487995147705, 1.6168789863586426, 0.05090908333659172, 0.7708157300949097] [0.22860796749591827, -0.4970579743385315, 0.05211403965950012, 1.264057993888855, 1.5109480619430542, 0.07720000296831131, -1.1473901271820068, -1.1259980201721191]
[-0.017769038677215576, -0.0723581463098526, 0.3458116054534912, 1.6167670488357544, 0.05115307494997978, 0.7664228081703186] [0.21173396706581116, -0.4970579743385315, 0.05211403965950012, 1.260990023612976, 1.5094140768051147, 0.07720000296831131, -1.162730097770691, -1.1428719758987427]
[-0.014467387460172176, -0.07280825078487396, 0.34592270851135254, 1.6164014339447021, 0.0515853576362133, 0.7604021430015564] [0.1963939666748047, -0.4970579743385315, 0.05211403965950012, 1.2517859935760498, 1.5094140768051147, 0.07720000296831131, -1.181138038635254, -1.1597459316253662]
[-0.010643523186445236, -0.07344897091388702, 0.34598860144615173, 1.6132194995880127, 0.05195636302232742, 0.7528474926948547] [0.17798596620559692, -0.4970579743385315, 0.05211403965950012, 1.2395139932632446, 1.5063461065292358, 0.07720000296831131, -1.1949440240859985, -1.1750860214233398]
[-0.005968415644019842, -0.07481900602579117, 0.3457878530025482, 1.611558198928833, 0.05358073487877846, 0.73613041639328] [0.1611119657754898, -0.4970579743385315, 0.05211403965950012, 1.2211060523986816, 1.5048121213912964, 0.07720000296831131, -1.2148860692977905, -1.1919599771499634]
[-0.0011776289902627468, -0.0761822983622551, 0.346025288105011, 1.6072192192077637, 0.05371690168976784, 0.717769980430603] [0.1411699652671814, -0.4970579743385315, 0.05211403965950012, 1.2072999477386475, 1.5048121213912964, 0.07720000296831131, -1.231760025024414, -1.2119020223617554]
[0.003034943714737892, -0.07707133144140244, 0.3459583520889282, 1.6065776348114014, 0.054136328399181366, 0.7071204781532288] [0.12276195734739304, -0.4970579743385315, 0.05211403965950012, 1.2011640071868896, 1.5048121213912964, 0.07720000296831131, -1.2486340999603271, -1.2303099632263184]
[0.006906900554895401, -0.07759321480989456, 0.3459009826183319, 1.6062124967575073, 0.05422438681125641, 0.7010628581047058] [0.10435395687818527, -0.4970579743385315, 0.05211403965950012, 1.190425992012024, 1.5063461065292358, 0.07720000296831131, -1.2670420408248901, -1.248718023300171]
[0.011234697885811329, -0.07865392416715622, 0.3459562361240387, 1.6045820713043213, 0.053373951464891434, 0.6888221502304077] [0.08441196382045746, -0.4970579743385315, 0.05364803969860077, 1.1750860214233398, 1.5048121213912964, 0.07720000296831131, -1.2839161157608032, -1.2655919790267944]
[0.015980781987309456, -0.08014003187417984, 0.3459060788154602, 1.6036467552185059, 0.052976105362176895, 0.6703889966011047] [0.0660039633512497, -0.4970579743385315, 0.05364803969860077, 1.1597459316253662, 1.5048121213912964, 0.07720000296831131, -1.3023240566253662, -1.284000039100647]
[0.020880579948425293, -0.0812317505478859, 0.3457452952861786, 1.6022984981536865, 0.052286650985479355, 0.6581682562828064] [0.04452796280384064, -0.4970579743385315, 0.05364803969860077, 1.152076005935669, 1.5048121213912964, 0.07720000296831131, -1.3161300420761108, -1.299340009689331]
[0.02417689561843872, -0.08195672929286957, 0.34567707777023315, 1.602414846420288, 0.05060243606567383, 0.6503922343254089] [0.03378996253013611, -0.4970579743385315, 0.05364803969860077, 1.1413379907608032, 1.5048121213912964, 0.07720000296831131, -1.325334072113037, -1.3070099353790283]
[0.027547072619199753, -0.08345991373062134, 0.3446158170700073, 1.6027334928512573, 0.05535183474421501, 0.6336656808853149] [0.02305196225643158, -0.4970579743385315, 0.05364803969860077, 1.1229300498962402, 1.5048121213912964, 0.07720000296831131, -1.3345381021499634, -1.319282054901123]
[0.030698245391249657, -0.08480804413557053, 0.3447587192058563, 1.6001980304718018, 0.053988538682460785, 0.6182702779769897] [0.009245961904525757, -0.4970579743385315, 0.05364803969860077, 1.1106579303741455, 1.5048121213912964, 0.07720000296831131, -1.345276117324829, -1.3300199508666992]
[0.03420921042561531, -0.08598014712333679, 0.3449237644672394, 1.597969889640808, 0.052194513380527496, 0.6056835651397705] [-0.006094038486480713, -0.4970579743385315, 0.05364803969860077, 1.0922499895095825, 1.5063461065292358, 0.07720000296831131, -1.3560140132904053, -1.340757966041565]
[0.037480615079402924, -0.08794061839580536, 0.3440591096878052, 1.5979299545288086, 0.05679820850491524, 0.5827198624610901] [-0.0122300386428833, -0.49552398920059204, 0.05364803969860077, 1.0646380186080933, 1.5048121213912964, 0.07720000296831131, -1.3560140132904053, -1.340757966041565]
[0.03979763388633728, -0.08963226526975632, 0.3429402709007263, 1.599371075630188, 0.06264853477478027, 0.5627468824386597] [-0.013764038681983948, -0.49552398920059204, 0.05364803969860077, 1.0508320331573486, 1.5048121213912964, 0.07720000296831131, -1.3575481176376343, -1.340757966041565]
[0.041725657880306244, -0.09145574271678925, 0.34250688552856445, 1.590752363204956, 0.06459445506334305, 0.5415674448013306] [-0.013764038681983948, -0.4909219741821289, 0.05364803969860077, 1.0232199430465698, 1.4971420764923096, 0.07720000296831131, -1.3575481176376343, -1.3422919511795044]
[0.04377932846546173, -0.09336292743682861, 0.34241628646850586, 1.5891820192337036, 0.0646858811378479, 0.518508791923523] [-0.01683203876018524, -0.4909219741821289, 0.05364803969860077, 1.0002100467681885, 1.4971420764923096, 0.07720000296831131, -1.3575481176376343, -1.3438260555267334]
[0.04545908421278, -0.09458771347999573, 0.34224963188171387, 1.5848078727722168, 0.06570408493280411, 0.4999132752418518] [-0.01836603879928589, -0.4801839590072632, 0.05364803969860077, 0.9695299863815308, 1.4925401210784912, 0.07720000296831131, -1.3590821027755737, -1.3453600406646729]
[0.04862082004547119, -0.09708108752965927, 0.3418363034725189, 1.5850028991699219, 0.06665228307247162, 0.46451306343078613] [-0.01836603879928589, -0.4709799885749817, 0.061318039894104004, 0.9204419851303101, 1.4925401210784912, 0.07720000296831131, -1.3606160879135132, -1.3453600406646729]
[0.050420936197042465, -0.09910067170858383, 0.3421017825603485, 1.5886684656143188, 0.06357283145189285, 0.44116827845573425] [-0.01836603879928589, -0.46944597363471985, 0.06592004001140594, 0.9081699848175049, 1.4925401210784912, 0.07720000296831131, -1.3606160879135132, -1.3453600406646729]
[0.050812769681215286, -0.09967201203107834, 0.34186476469039917, 1.5890591144561768, 0.06445609033107758, 0.43651583790779114] [-0.01836603879928589, -0.46944597363471985, 0.06745404005050659, 0.905102014541626, 1.4925401210784912, 0.07720000296831131, -1.3606160879135132, -1.3453600406646729]
[0.05094575136899948, -0.09973052889108658, 0.34296876192092896, 1.5940948724746704, 0.05617542937397957, 0.43563348054885864] [-0.021434038877487183, -0.46944597363471985, 0.087396040558815, 0.905102014541626, 1.4925401210784912, 0.07720000296831131, -1.3590821027755737, -1.3438260555267334]
[0.051436398178339005, -0.10147073864936829, 0.3512464463710785, 1.6154354810714722, 0.0008878613007254899, 0.4234606921672821] [-0.04291003942489624, -0.4801839590072632, 0.1334160417318344, 0.905102014541626, 1.4925401210784912, 0.07720000296831131, -1.3590821027755737, -1.3438260555267334]
[0.05178995802998543, -0.10620888322591782, 0.35999345779418945, 1.6368927955627441, -0.057050324976444244, 0.3958449363708496] [-0.061318039894104004, -0.506261944770813, 0.28528204560279846, 0.8728879690170288, 1.4925401210784912, 0.07720000296831131, -1.3590821027755737, -1.3422919511795044]
[0.05482048913836479, -0.12296260893344879, 0.382194459438324, 1.8338285684585571, -0.23427718877792358, 0.2533228099346161] [-0.0643860399723053, -0.5047279596328735, 0.5813440680503845, 0.7026139497756958, 1.4925401210784912, 0.07720000296831131, -1.3590821027755737, -1.3422919511795044]
[0.05698436126112938, -0.16150368750095367, 0.3967203199863434, 2.2289228439331055, -0.32989874482154846, -0.08656346797943115] [-0.05211403965950012, -0.5108639597892761, 1.0170000791549683, 0.4525719881057739, 1.4925401210784912, 0.07720000296831131, -1.3575481176376343, -1.3422919511795044]
[0.05081654340028763, -0.20722800493240356, 0.38264989852905273, 2.703000545501709, -0.1718943566083908, -0.44282665848731995] [-0.04904603958129883, -0.5461459755897522, 1.366752028465271, 0.19946196675300598, 1.4925401210784912, 0.07720000296831131, -1.3575481176376343, -1.3422919511795044]
[0.045705534517765045, -0.2223798781633377, 0.3697550296783447, 2.89333438873291, -0.04788098856806755, -0.5405737161636353] [-0.04751203954219818, -0.572223961353302, 1.533958077430725, 0.04299396276473999, 1.4925401210784912, 0.07720000296831131, -1.3529460430145264, -1.3392239809036255]
[0.039090972393751144, -0.23350805044174194, 0.3541851043701172, 3.0399937629699707, 0.07203152030706406, -0.6006366610527039] [-0.010696038603782654, -0.6105740070343018, 1.6352020502090454, 0.030721962451934814, 1.4925401210784912, 0.07720000296831131, -1.3498780727386475, -1.337689995765686]
[0.03302614018321037, -0.23988473415374756, 0.3484557271003723, 3.042393684387207, 0.10075944662094116, -0.6385161280632019] [0.03378996253013611, -0.6366519927978516, 1.64900803565979, 0.029187962412834167, 1.4925401210784912, 0.07720000296831131, -1.3376060724258423, -1.322350025177002]
[0.030539121478796005, -0.2405964732170105, 0.3388077914714813, 3.020766019821167, 0.14737260341644287, -0.6444028615951538] [0.10895595699548721, -0.6366519927978516, 1.6612800359725952, 0.02765396237373352, 1.4940741062164307, 0.07720000296831131, -1.325334072113037, -1.3100780248641968]
[0.035159047693014145, -0.2404172122478485, 0.31978917121887207, 2.964552402496338, 0.2418658584356308, -0.6604862213134766] [0.2623559832572937, -0.6366519927978516, 1.6904261112213135, 0.02765396237373352, 1.4940741062164307, 0.07720000296831131, -1.3222661018371582, -1.3070099353790283]
[0.03545993193984032, -0.2407374531030655, 0.31178146600723267, 2.9650185108184814, 0.282301664352417, -0.6709100604057312] [0.2915019690990448, -0.6366519927978516, 1.7257081270217896, 0.02765396237373352, 1.4940741062164307, 0.07720000296831131, -1.3222661018371582, -1.3070099353790283]
[0.03279675543308258, -0.24099265038967133, 0.3111710250377655, 2.9819555282592773, 0.28584012389183044, -0.6723499894142151] [0.29610395431518555, -0.6366519927978516, 1.7349120378494263, 0.02765396237373352, 1.4940741062164307, 0.07720000296831131, -1.3222661018371582, -1.3085440397262573]
[0.024780094623565674, -0.24147218465805054, 0.3100945055484772, 2.985198736190796, 0.2897898554801941, -0.6720340251922607] [0.29610395431518555, -0.6351180076599121, 1.7364461421966553, 0.02765396237373352, 1.4940741062164307, 0.07680000364780426, -1.3238000869750977, -1.3070099353790283]
[0.022238722071051598, -0.24045243859291077, 0.3088645935058594, 2.98291015625, 0.2954440116882324, -0.6664040088653564] [0.29917198419570923, -0.6259139776229858, 1.7349120378494263, 0.030721962451934814, 1.4940741062164307, 0.07720000296831131, -1.328402042388916, -1.3116120100021362]
[0.022062385454773903, -0.2388288527727127, 0.30784088373184204, 2.9848155975341797, 0.2999671995639801, -0.6580886244773865] [0.2976379692554474, -0.6213119626045227, 1.7349120378494263, 0.030721962451934814, 1.4956080913543701, 0.07720000296831131, -1.3376060724258423, -1.3208160400390625]
[0.022278808057308197, -0.23878246545791626, 0.30716073513031006, 2.9816348552703857, 0.30291590094566345, -0.6593062281608582] [0.2976379692554474, -0.6213119626045227, 1.7349120378494263, 0.030721962451934814, 1.4956080913543701, 0.07720000296831131, -1.3376060724258423, -1.3208160400390625]
[0.022441059350967407, -0.23877708613872528, 0.3065757751464844, 2.978027582168579, 0.3053742051124573, -0.660062313079834] [0.2976379692554474, -0.6213119626045227, 1.7349120378494263, 0.030721962451934814, 1.4956080913543701, 0.07720000296831131, -1.3376060724258423, -1.3208160400390625]
[0.022491946816444397, -0.2387964129447937, 0.3063402473926544, 2.9787116050720215, 0.3063805401325226, -0.6603735685348511] [0.2976379692554474, -0.6213119626045227, 1.7349120378494263, 0.030721962451934814, 1.4956080913543701, 0.07720000296831131, -1.3376060724258423, -1.3208160400390625]
[0.022509342059493065, -0.23882316052913666, 0.30621248483657837, 2.977010726928711, 0.30681294202804565, -0.660449743270874] [0.2976379692554474, -0.6213119626045227, 1.7349120378494263, 0.030721962451934814, 1.4956080913543701, 0.07720000296831131, -1.3376060724258423, -1.3208160400390625]
[0.022524187341332436, -0.23886801302433014, 0.30612364411354065, 2.9770140647888184, 0.30708494782447815, -0.6604547500610352] [0.2976379692554474, -0.6213119626045227, 1.7349120378494263, 0.030721962451934814, 1.4956080913543701, 0.07720000296831131, -1.3376060724258423, -1.3208160400390625]
[0.02250571921467781, -0.23883280158042908, 0.30618563294410706, 2.9783918857574463, 0.3069531321525574, -0.6605057120323181] [0.2976379692554474, -0.6213119626045227, 1.7349120378494263, 0.030721962451934814, 1.4956080913543701, 0.07720000296831131, -1.3391400575637817, -1.3208160400390625]
[0.023558782413601875, -0.23894532024860382, 0.30441904067993164, 2.9717018604278564, 0.3132113218307495, -0.661720871925354] [0.29610395431518555, -0.6213119626045227, 1.7333780527114868, 0.03225596249103546, 1.4940741062164307, 0.9959999918937683, -1.3468101024627686, -1.3284859657287598]
