[0.02859503962099552, -0.21952779591083527, 0.3026689291000366, 2.782151699066162, 0.2897396683692932, -0.5495787858963013] [0.37126997113227844, -0.5323399901390076, 1.553900122642517, 0.10742195695638657, 1.460326075553894, 0.996399998664856, -1.3023240566253662, -1.2962720394134521]
[0.028615301474928856, -0.2194816917181015, 0.30261436104774475, 2.7801122665405273, 0.29012343287467957, -0.5499600768089294] [0.3697359561920166, -0.5323399901390076, 1.553900122642517, 0.10588795691728592, 1.460326075553894, 0.996399998664856, -1.3069260120391846, -1.2870680093765259]
[0.02907245047390461, -0.21962890028953552, 0.30172479152679443, 2.777852773666382, 0.2952946424484253, -0.5514952540397644] [0.3697359561920166, -0.533873975276947, 1.553900122642517, 0.10588795691728592, 1.4587920904159546, 0.996399998664856, -1.3069260120391846, -1.2870680093765259]
[0.02908473275601864, -0.21977341175079346, 0.3015235960483551, 2.7774577140808105, 0.2961233854293823, -0.5520772933959961] [0.3697359561920166, -0.5323399901390076, 1.553900122642517, 0.10588795691728592, 1.460326075553894, 0.996399998664856, -1.3053920269012451, -1.282465934753418]
[0.029037365689873695, -0.21978510916233063, 0.30158671736717224, 2.777324914932251, 0.296003520488739, -0.5523349642753601] [0.3697359561920166, -0.5323399901390076, 1.553900122642517, 0.10588795691728592, 1.4587920904159546, 0.996399998664856, -1.3038580417633057, -1.2809319496154785]
[0.028719846159219742, -0.21982569992542267, 0.301425039768219, 2.7776429653167725, 0.29735949635505676, -0.5524073839187622] [0.37126997113227844, -0.5323399901390076, 1.5554341077804565, 0.10435395687818527, 1.4587920904159546, 0.996399998664856, -1.3007900714874268, -1.2778639793395996]
[0.0284645427018404, -0.2199331820011139, 0.3018559217453003, 2.7832374572753906, 0.29566338658332825, -0.5524666905403137] [0.37126997113227844, -0.5323399901390076, 1.560036063194275, 0.10435395687818527, 1.460326075553894, 0.996399998664856, -1.2961881160736084, -1.2732620239257812]
[0.03697490692138672, -0.21953409910202026, 0.30383172631263733, 2.7874844074249268, 0.28796353936195374, -0.5523626804351807] [0.3728039860725403, -0.5323399901390076, 1.5631040334701538, 0.10435395687818527, 1.460326075553894, 0.996399998664856, -1.29312002658844, -1.2701940536499023]
[0.041052401065826416, -0.2193724513053894, 0.3047795295715332, 2.792863368988037, 0.285050630569458, -0.5525925159454346] [0.37433797121047974, -0.5308059453964233, 1.5646381378173828, 0.10281995683908463, 1.460326075553894, 0.996399998664856, -1.2885180711746216, -1.264057993888855]
[0.04374709725379944, -0.21894967555999756, 0.30570313334465027, 2.794745683670044, 0.28170013427734375, -0.5505526065826416] [0.37740597128868103, -0.5308059453964233, 1.5646381378173828, 0.10281995683908463, 1.4587920904159546, 0.996399998664856, -1.2854501008987427, -1.2625240087509155]
[0.04432416707277298, -0.21860237419605255, 0.3072942793369293, 2.787402391433716, 0.27396342158317566, -0.5479737520217896] [0.37740597128868103, -0.5308059453964233, 1.5508320331573486, 0.10281995683908463, 1.460326075553894, 0.07440000027418137, -1.2839161157608032, -1.2579219341278076]
[0.04494735598564148, -0.2184819132089615, 0.30941241979599, 2.790432929992676, 0.2630075216293335, -0.5456943511962891] [0.3605319857597351, -0.5323399901390076, 1.5431621074676514, 0.10895595699548721, 1.460326075553894, 0.07440000027418137, -1.2731781005859375, -1.2425819635391235]
[0.045743122696876526, -0.21815623342990875, 0.31771188974380493, 2.8008830547332764, 0.22086940705776215, -0.5373771786689758] [0.3206479549407959, -0.5308059453964233, 1.5247540473937988, 0.10895595699548721, 1.460326075553894, 0.07440000027418137, -1.2455661296844482, -1.205765962600708]
[0.04398169741034508, -0.21745772659778595, 0.3272402882575989, 2.7958595752716064, 0.17523333430290222, -0.5281707644462585] [0.28996795415878296, -0.5308059453964233, 1.4879380464553833, 0.10895595699548721, 1.460326075553894, 0.07440000027418137, -1.2056820392608643, -1.1628140211105347]
[0.039711084216833115, -0.21647991240024567, 0.341836154460907, 2.795689582824707, 0.1046217530965805, -0.5176271200180054] [0.2546859681606293, -0.5292719602584839, 1.4480540752410889, 0.11202395707368851, 1.460326075553894, 0.07440000027418137, -1.1796040534973145, -1.1352019309997559]
[0.03815198317170143, -0.2123265266418457, 0.35240036249160767, 2.7862861156463623, 0.05144057050347328, -0.4931607246398926] [0.22093796730041504, -0.5077959895133972, 1.402034044265747, 0.1181599572300911, 1.4526560306549072, 0.07440000027418137, -1.1519920825958252, -1.1075899600982666]
[0.036853350698947906, -0.20635445415973663, 0.36323630809783936, 2.768937587738037, -0.00385475205257535, -0.46075448393821716] [0.1871899664402008, -0.4801839590072632, 1.3682861328125, 0.12276195734739304, 1.4465200901031494, 0.07440000027418137, -1.1289820671081543, -1.0876480340957642]
[0.03631072863936424, -0.2004328817129135, 0.3709622621536255, 2.753746747970581, -0.04388123378157616, -0.4304720461368561] [0.1641799658536911, -0.44643598794937134, 1.328402042388916, 0.12736396491527557, 1.4388500452041626, 0.07440000027418137, -1.1105740070343018, -1.0677059888839722]
[0.03675214946269989, -0.18736684322357178, 0.37924420833587646, 2.705399513244629, -0.09044034034013748, -0.36387139558792114] [0.15037396550178528, -0.3896779716014862, 1.2685760259628296, 0.1411699652671814, 1.4342480897903442, 0.07400000095367432, -1.084496021270752, -1.0431619882583618]
[0.0376761220395565, -0.1720251739025116, 0.3861843943595886, 2.6161813735961914, -0.1406586915254593, -0.28219541907310486] [0.14577196538448334, -0.30990996956825256, 1.0476800203323364, 0.20406396687030792, 1.4342480897903442, 0.07440000027418137, -1.061486005783081, -1.0186179876327515]
[0.03910013660788536, -0.13417306542396545, 0.39302724599838257, 2.2602713108062744, -0.21223722398281097, -0.05956554785370827] [0.1442379653453827, -0.2163359671831131, 0.7623560428619385, 0.3206479549407959, 1.4342480897903442, 0.07440000027418137, -1.0492141246795654, -1.0109479427337646]
[0.03588644042611122, -0.1072976216673851, 0.396839439868927, 2.0816190242767334, -0.24967536330223083, 0.11022665351629257] [0.1381019651889801, -0.12736396491527557, 0.6764520406723022, 0.3497939705848694, 1.4342480897903442, 0.07440000027418137, -1.0354080200195312, -1.0002100467681885]
[0.032667096704244614, -0.07864969223737717, 0.3988063633441925, 2.066772699356079, -0.2593333125114441, 0.2501504123210907] [0.1381019651889801, 0.03217203915119171, 0.6703160405158997, 0.3497939705848694, 1.4342480897903442, 0.07440000027418137, -1.0216020345687866, -0.9848699569702148]
[0.022940965369343758, -0.04151672124862671, 0.4000605344772339, 2.0362536907196045, -0.26407694816589355, 0.4348939061164856] [0.1381019651889801, 0.2116500437259674, 0.6457720398902893, 0.34825998544692993, 1.4342480897903442, 0.07440000027418137, -1.0139321088790894, -0.9771999716758728]
[0.00898253358900547, -0.009246212430298328, 0.39925417304039, 1.9898920059204102, -0.2568693161010742, 0.6040030121803284] [0.13963596522808075, 0.33437004685401917, 0.610490083694458, 0.35132795572280884, 1.4311801195144653, 0.07440000027418137, -1.010864019393921, -0.9756659865379333]
[0.006413732655346394, -0.006348238326609135, 0.3979550302028656, 1.9320380687713623, -0.24848175048828125, 0.6234355568885803] [0.1411699652671814, 0.3389720320701599, 0.5690720677375793, 0.3528619706630707, 1.425044059753418, 0.07440000027418137, -1.004728078842163, -0.9695299863815308]
[0.003672890132293105, -0.004686655942350626, 0.39715707302093506, 1.8833096027374268, -0.24444034695625305, 0.6411465406417847] [0.1442379653453827, 0.34050604701042175, 0.5307220220565796, 0.3728039860725403, 1.4265780448913574, 0.07440000027418137, -0.9893880486488342, -0.9541900157928467]
[-0.0003714903141371906, -0.0019866644870489836, 0.3965422511100769, 1.8540054559707642, -0.24701490998268127, 0.6736552119255066] [0.15650996565818787, 0.34050604701042175, 0.49390605092048645, 0.4096199870109558, 1.425044059753418, 0.07440000027418137, -0.9755820631980896, -0.9403839707374573]
[-0.006091311573982239, 0.0013345552142709494, 0.3973535895347595, 1.807069182395935, -0.25557711720466614, 0.7155857682228088] [0.15957796573638916, 0.34050604701042175, 0.4570900499820709, 0.4571739733219147, 1.425044059753418, 0.07440000027418137, -0.9663780927658081, -0.9327139854431152]
[-0.01714140921831131, 0.008437912911176682, 0.39678436517715454, 1.709053635597229, -0.2578122019767761, 0.8113649487495422] [0.1672479659318924, 0.335904061794281, 0.22238804399967194, 0.714885950088501, 1.4265780448913574, 0.07440000027418137, -0.9495040774345398, -0.9173740148544312]
[-0.04056927561759949, 0.023878704756498337, 0.3771185576915741, 1.5339521169662476, -0.1533319652080536, 1.0455381870269775] [0.2362779676914215, 0.33130204677581787, 0.19631004333496094, 0.7363619804382324, 1.4265780448913574, 0.07440000027418137, -0.9372320771217346, -0.9081699848175049]
[-0.041929587721824646, 0.02408520132303238, 0.3732932209968567, 1.5501563549041748, -0.14097860455513, 1.0475906133651733] [0.27002596855163574, 0.335904061794281, 0.1855720430612564, 0.7470999956130981, 1.425044059753418, 0.07440000027418137, -0.9341640472412109, -0.905102014541626]
[-0.04368554800748825, 0.024728327989578247, 0.36653804779052734, 1.5743123292922974, -0.11714903265237808, 1.0563076734542847] [0.3083759546279907, 0.33743804693222046, 0.18403804302215576, 0.7517019510269165, 1.425044059753418, 0.07440000027418137, -0.9295620918273926, -0.9020339846611023]
[-0.044129226356744766, 0.024804318323731422, 0.36070528626441956, 1.599779486656189, -0.09607402980327606, 1.053785800933838] [0.34825998544692993, 0.33743804693222046, 0.17483404278755188, 0.7517019510269165, 1.425044059753418, 0.07440000027418137, -0.9280280470848083, -0.8989659547805786]
[-0.04473446309566498, 0.024858949705958366, 0.35516491532325745, 1.6251765489578247, -0.07661804556846619, 1.0518825054168701] [0.3820079565048218, 0.33743804693222046, 0.17176604270935059, 0.7517019510269165, 1.4265780448913574, 0.07440000027418137, -0.9234260320663452, -0.8958979845046997]
[-0.04535285755991936, 0.024899858981370926, 0.35296767950057983, 1.6332927942276, -0.0686294361948967, 1.0515512228012085] [0.3958139717578888, 0.335904061794281, 0.16716404259204865, 0.7517019510269165, 1.425044059753418, 0.07440000027418137, -0.9218920469284058, -0.8943639993667603]
[-0.04598623886704445, 0.024997297674417496, 0.3504272699356079, 1.6394715309143066, -0.058323610574007034, 1.0517492294311523] [0.41115397214889526, 0.33743804693222046, 0.1625620424747467, 0.7517019510269165, 1.4265780448913574, 0.07440000027418137, -0.9172900915145874, -0.8882279992103577]
[-0.046874988824129105, 0.02503509633243084, 0.34879109263420105, 1.6417275667190552, -0.052077990025281906, 1.0521060228347778] [0.42035797238349915, 0.335904061794281, 0.15796004235744476, 0.7517019510269165, 1.425044059753418, 0.07440000027418137, -0.9126880764961243, -0.8866939544677734]
[-0.04732005298137665, 0.0249958373606205, 0.3483563959598541, 1.6394139528274536, -0.04979299381375313, 1.051058053970337] [0.42342597246170044, 0.33743804693222046, 0.15642604231834412, 0.750167965888977, 1.425044059753418, 0.07440000027418137, -0.9126880764961243, -0.885159969329834]
[-0.04765860363841057, 0.025073789060115814, 0.34852156043052673, 1.6376312971115112, -0.05051986500620842, 1.0511466264724731] [0.42342597246170044, 0.335904061794281, 0.15642604231834412, 0.7517019510269165, 1.425044059753418, 0.07440000027418137, -0.9142220616340637, -0.8866939544677734]
[-0.047734156250953674, 0.025138074532151222, 0.3485278785228729, 1.6373398303985596, -0.05042462795972824, 1.0511564016342163] [0.42342597246170044, 0.335904061794281, 0.15642604231834412, 0.750167965888977, 1.425044059753418, 0.07440000027418137, -0.9157560467720032, -0.8912959694862366]
[-0.04726434871554375, 0.025095798075199127, 0.3482748568058014, 1.6385090351104736, -0.048809051513671875, 1.0480961799621582] [0.42342597246170044, 0.335904061794281, 0.15642604231834412, 0.7470999956130981, 1.425044059753418, 0.07440000027418137, -0.9188240766525269, -0.8943639993667603]
[-0.04665997624397278, 0.02524215541779995, 0.34792211651802063, 1.6414817571640015, -0.04652314633131027, 1.0479460954666138] [0.42342597246170044, 0.33437004685401917, 0.15642604231834412, 0.7470999956130981, 1.425044059753418, 0.07440000027418137, -0.9264940619468689, -0.9035679697990417]
[-0.04567069560289383, 0.025287961587309837, 0.3476993143558502, 1.6462115049362183, -0.045222826302051544, 1.0475484132766724] [0.421891987323761, 0.33130204677581787, 0.15642604231834412, 0.7470999956130981, 1.425044059753418, 0.07440000027418137, -0.9372320771217346, -0.9143059849739075]
[-0.044092580676078796, 0.02525111846625805, 0.3471868336200714, 1.6510865688323975, -0.041976336389780045, 1.0458345413208008] [0.41728997230529785, 0.33130204677581787, 0.15642604231834412, 0.7455660104751587, 1.425044059753418, 0.07440000027418137, -0.9541060924530029, -0.9296460151672363]
[-0.04512178152799606, 0.025248989462852478, 0.3468312919139862, 1.6571078300476074, -0.03698213770985603, 1.0424426794052124] [0.41115397214889526, 0.3282340466976166, 0.15642604231834412, 0.742497980594635, 1.425044059753418, 0.07440000027418137, -0.9663780927658081, -0.943452000617981]
[-0.050475217401981354, 0.025512177497148514, 0.34567591547966003, 1.6669069528579712, -0.029297595843672752, 1.0416786670684814] [0.4096199870109558, 0.3251660466194153, 0.1594940423965454, 0.742497980594635, 1.425044059753418, 0.07440000027418137, -0.977116048336029, -0.9526559710502625]
[-0.052700065076351166, 0.025929035618901253, 0.34418806433677673, 1.680896520614624, -0.019079098477959633, 1.0389933586120605] [0.40808597207069397, 0.3190300464630127, 0.16102804243564606, 0.7409639954566956, 1.425044059753418, 0.07440000027418137, -0.9878540635108948, -0.9664620161056519]
[-0.05194401368498802, 0.025671372190117836, 0.34398871660232544, 1.6848914623260498, -0.016452327370643616, 1.0375159978866577] [0.3988819718360901, 0.3128940463066101, 0.16102804243564606, 0.7409639954566956, 1.425044059753418, 0.07440000027418137, -1.004728078842163, -0.9802680015563965]
[-0.050122037529945374, 0.025530146434903145, 0.34444186091423035, 1.6859183311462402, -0.017187105491757393, 1.037209391593933] [0.3835419714450836, 0.3128940463066101, 0.1594940423965454, 0.7409639954566956, 1.4235100746154785, 0.07440000027418137, -1.0200680494308472, -0.9986760020256042]
[-0.047373343259096146, 0.02559952810406685, 0.34497544169425964, 1.6846083402633667, -0.01606784760951996, 1.0374420881271362] [0.3666679859161377, 0.3128940463066101, 0.1594940423965454, 0.7409639954566956, 1.425044059753418, 0.07440000027418137, -1.0415440797805786, -1.014016032218933]
[-0.04390714317560196, 0.025181489065289497, 0.34517189860343933, 1.6864186525344849, -0.01425942312926054, 1.0343618392944336] [0.3528619706630707, 0.308292031288147, 0.1594940423965454, 0.7409639954566956, 1.425044059753418, 0.07440000027418137, -1.06302011013031, -1.0370259284973145]
[-0.0402076318860054, 0.024786364287137985, 0.34535908699035645, 1.689115047454834, -0.013369121588766575, 1.0330657958984375] [0.33598798513412476, 0.308292031288147, 0.1594940423965454, 0.7409639954566956, 1.4235100746154785, 0.07440000027418137, -1.084496021270752, -1.0631040334701538]
[-0.03609666973352432, 0.024797065183520317, 0.3456239700317383, 1.6914845705032349, -0.011981479823589325, 1.0330361127853394] [0.3114439845085144, 0.308292031288147, 0.1594940423965454, 0.7409639954566956, 1.4235100746154785, 0.07440000027418137, -1.1167100667953491, -1.093783974647522]
[-0.03005349077284336, 0.024421824142336845, 0.3462373614311218, 1.6915043592453003, -0.011467216536402702, 1.030261754989624] [0.2853659689426422, 0.30522406101226807, 0.1594940423965454, 0.7409639954566956, 1.4235100746154785, 0.07440000027418137, -1.1443220376968384, -1.1229300498962402]
[-0.02478250116109848, 0.024042194709181786, 0.3466102182865143, 1.693145751953125, -0.010757135227322578, 1.0276787281036377] [0.25928795337677, 0.3021560311317444, 0.1594940423965454, 0.7394299507141113, 1.4235100746154785, 0.07440000027418137, -1.1734681129455566, -1.1505420207977295]
[-0.017890769988298416, 0.023095447570085526, 0.34567707777023315, 1.6961026191711426, -0.003933072555810213, 1.0101122856140137] [0.2362779676914215, 0.30062204599380493, 0.1594940423965454, 0.7210220098495483, 1.4235100746154785, 0.07440000027418137, -1.1995460987091064, -1.1766200065612793]
[-0.01287075225263834, 0.02281987853348255, 0.34547579288482666, 1.7001677751541138, -0.0034511315170675516, 1.0085599422454834] [0.1963939666748047, 0.30062204599380493, 0.16102804243564606, 0.7210220098495483, 1.4235100746154785, 0.07440000027418137, -1.2440320253372192, -1.2180379629135132]
[-0.0035295169800519943, 0.021659323945641518, 0.3450174629688263, 1.7036385536193848, -0.002291690558195114, 1.001200556755066] [0.16264596581459045, 0.29141804575920105, 0.16409604251384735, 0.7210220098495483, 1.4235100746154785, 0.07440000027418137, -1.2777800559997559, -1.2502520084381104]
[0.0023693623952567577, 0.020191920921206474, 0.34500256180763245, 1.7048193216323853, -0.00329786678776145, 0.9921154975891113] [0.13656796514987946, 0.2837480306625366, 0.165630042552948, 0.7210220098495483, 1.4235100746154785, 0.07440000027418137, -1.3023240566253662, -1.2763299942016602]
[0.009030980989336967, 0.01924005337059498, 0.3445264995098114, 1.702695608139038, -0.0025203025434166193, 0.9861286282539368] [0.11202395707368851, 0.27761203050613403, 0.165630042552948, 0.7210220098495483, 1.4235100746154785, 0.07440000027418137, -1.3238000869750977, -1.3008739948272705]
[0.014035508036613464, 0.018501395359635353, 0.34414926171302795, 1.7055768966674805, -0.0023750895634293556, 0.9813872575759888] [0.09054796397686005, 0.2730100452899933, 0.1686980426311493, 0.7210220098495483, 1.421976089477539, 0.07440000027418137, -1.348344087600708, -1.3254179954528809]
[0.01863379217684269, 0.01750899665057659, 0.3434217572212219, 1.7080132961273193, -0.0020796540193259716, 0.9752287864685059] [0.06907196342945099, 0.26534003019332886, 0.17176604270935059, 0.7210220098495483, 1.421976089477539, 0.07440000027418137, -1.3606160879135132, -1.337689995765686]
[0.02277625910937786, 0.01627858728170395, 0.34206682443618774, 1.7152018547058105, 0.0011679130839183927, 0.965721845626831] [0.0629359632730484, 0.26227205991744995, 0.17330004274845123, 0.7179539799690247, 1.421976089477539, 0.07440000027418137, -1.3606160879135132, -1.337689995765686]
[0.024426240473985672, 0.015937987715005875, 0.34042924642562866, 1.722585678100586, 0.006033383309841156, 0.9644041061401367] [0.0629359632730484, 0.2607380449771881, 0.17330004274845123, 0.7164199948310852, 1.421976089477539, 0.07440000027418137, -1.3621500730514526, -1.337689995765686]
[0.025790445506572723, 0.015263055451214314, 0.3396059572696686, 1.7231837511062622, 0.0100411893799901, 0.9556422233581543] [0.0629359632730484, 0.2576700448989868, 0.17330004274845123, 0.7072159647941589, 1.4204421043395996, 0.07440000027418137, -1.3621500730514526, -1.3392239809036255]
[0.028518829494714737, 0.012992379255592823, 0.3392992913722992, 1.7198069095611572, 0.014065161347389221, 0.9332669973373413] [0.05679996311664581, 0.2500000596046448, 0.17330004274845123, 0.6903419494628906, 1.4204421043395996, 0.07440000027418137, -1.3621500730514526, -1.340757966041565]
[0.030501345172524452, 0.0119679169729352, 0.3392493724822998, 1.7166565656661987, 0.01720047928392887, 0.9157383441925049] [0.05219796299934387, 0.2500000596046448, 0.17330004274845123, 0.668865978717804, 1.4189081192016602, 0.07440000027418137, -1.363684058189392, -1.3422919511795044]
[0.03286828473210335, 0.010311503894627094, 0.3385714292526245, 1.7161728143692017, 0.022063618525862694, 0.8932894468307495] [0.05219796299934387, 0.2500000596046448, 0.17636804282665253, 0.6427879929542542, 1.4189081192016602, 0.07440000027418137, -1.363684058189392, -1.3422919511795044]
[0.03595782443881035, 0.008362715132534504, 0.33795660734176636, 1.7188419103622437, 0.02791651524603367, 0.8632882237434387] [0.050663962960243225, 0.2500000596046448, 0.18250404298305511, 0.6136419773101807, 1.4189081192016602, 0.07440000027418137, -1.3652180433273315, -1.3438260555267334]
[0.03918609023094177, 0.006246581207960844, 0.3374888300895691, 1.7244362831115723, 0.03261282667517662, 0.8327476382255554] [0.04912996292114258, 0.2500000596046448, 0.191708043217659, 0.5829619765281677, 1.4189081192016602, 0.07440000027418137, -1.366752028465271, -1.3453600406646729]
[0.04270346835255623, 0.0036189397796988487, 0.3371472656726837, 1.738297939300537, 0.03546769544482231, 0.7960604429244995] [0.04912996292114258, 0.2500000596046448, 0.2085820436477661, 0.5446119904518127, 1.4189081192016602, 0.07440000027418137, -1.366752028465271, -1.3453600406646729]
[0.046023834496736526, 0.0009709899895824492, 0.3367365896701813, 1.7506346702575684, 0.0397116020321846, 0.7600882649421692] [0.04912996292114258, 0.2500000596046448, 0.22699004411697388, 0.5047279596328735, 1.4189081192016602, 0.07440000027418137, -1.366752028465271, -1.3468940258026123]
[0.04997814819216728, -0.0024695470929145813, 0.33628103137016296, 1.7682087421417236, 0.044993601739406586, 0.7158274054527283] [0.04912996292114258, 0.2500000596046448, 0.243864044547081, 0.46637797355651855, 1.4189081192016602, 0.07440000027418137, -1.366752028465271, -1.3468940258026123]
[0.05620241165161133, -0.004728517960757017, 0.33595067262649536, 1.7766656875610352, 0.05004626885056496, 0.6848233342170715] [0.04912996292114258, 0.25153404474258423, 0.25920403003692627, 0.4356979727745056, 1.4189081192016602, 0.07440000027418137, -1.3682861328125, -1.3468940258026123]
[0.06706393510103226, -0.007074921857565641, 0.3366672694683075, 1.7810958623886108, 0.05072614178061485, 0.6550957560539246] [0.04759596288204193, 0.25153404474258423, 0.2668740451335907, 0.4126879572868347, 1.4189081192016602, 0.07440000027418137, -1.3682861328125, -1.3468940258026123]
[0.07257267832756042, -0.009046620689332485, 0.3372443914413452, 1.7772486209869385, 0.0526077076792717, 0.6298465728759766] [0.03839196264743805, 0.2500000596046448, 0.2668740451335907, 0.3758719563484192, 1.4189081192016602, 0.07440000027418137, -1.3698201179504395, -1.3484280109405518]
[0.07665098458528519, -0.011770353652536869, 0.33732905983924866, 1.770969033241272, 0.05803990736603737, 0.597832977771759] [0.030721962451934814, 0.2500000596046448, 0.26840806007385254, 0.34212398529052734, 1.4189081192016602, 0.07440000027418137, -1.3698201179504395, -1.3484280109405518]
[0.07926520705223083, -0.013941312208771706, 0.33732032775878906, 1.7649497985839844, 0.06271709501743317, 0.5732541680335999] [0.026119962334632874, 0.2500000596046448, 0.26840806007385254, 0.3283179700374603, 1.4189081192016602, 0.07440000027418137, -1.3698201179504395, -1.3484280109405518]
[0.0801100879907608, -0.014777546748518944, 0.33769869804382324, 1.7640234231948853, 0.06224304065108299, 0.5642852187156677] [0.024585962295532227, 0.2500000596046448, 0.26840806007385254, 0.31911396980285645, 1.4189081192016602, 0.07440000027418137, -1.3698201179504395, -1.3484280109405518]
[0.08102910965681076, -0.01564524695277214, 0.3378171920776367, 1.7617608308792114, 0.06359751522541046, 0.5540575981140137] [0.019983962178230286, 0.2500000596046448, 0.26840806007385254, 0.3145119547843933, 1.4189081192016602, 0.07440000027418137, -1.3682861328125, -1.3468940258026123]
[0.08108803629875183, -0.015544070862233639, 0.33846554160118103, 1.7604223489761353, 0.060520414263010025, 0.5554042458534241] [0.01844996213912964, 0.2530680298805237, 0.269942045211792, 0.31911396980285645, 1.4189081192016602, 0.07440000027418137, -1.366752028465271, -1.3422919511795044]
[0.08018159866333008, -0.01452664565294981, 0.33924880623817444, 1.7612128257751465, 0.0563189759850502, 0.5625532269477844] [0.01691596210002899, 0.2530680298805237, 0.269942045211792, 0.3313859701156616, 1.4189081192016602, 0.07440000027418137, -1.366752028465271, -1.340757966041565]
[0.07854033261537552, -0.012934987433254719, 0.3406769335269928, 1.7569485902786255, 0.04749089106917381, 0.5801408290863037] [0.01691596210002899, 0.2530680298805237, 0.26227205991744995, 0.3405899703502655, 1.4189081192016602, 0.07440000027418137, -1.363684058189392, -1.3361560106277466]
[0.0776730477809906, -0.012466326355934143, 0.34116894006729126, 1.7496554851531982, 0.04546428844332695, 0.585120439529419] [0.01691596210002899, 0.2530680298805237, 0.2607380449771881, 0.3436579704284668, 1.4204421043395996, 0.07440000027418137, -1.3590821027755737, -1.3315539360046387]
[0.07687307894229889, -0.012489312328398228, 0.3421070873737335, 1.749416470527649, 0.041217297315597534, 0.5864714980125427] [0.01691596210002899, 0.2530680298805237, 0.25920403003692627, 0.3467259705066681, 1.421976089477539, 0.07440000027418137, -1.3498780727386475, -1.317747950553894]
[0.07532715797424316, -0.01236461941152811, 0.34312373399734497, 1.7455891370773315, 0.03788933530449867, 0.588310182094574] [0.021517962217330933, 0.2530680298805237, 0.2546020448207855, 0.3467259705066681, 1.425044059753418, 0.07440000027418137, -1.3360720872879028, -1.3039419651031494]
[0.07345575094223022, -0.012438325211405754, 0.3432955741882324, 1.7448513507843018, 0.03749360516667366, 0.5900142192840576] [0.03225596249103546, 0.25153404474258423, 0.2500000596046448, 0.34825998544692993, 1.425044059753418, 0.07440000027418137, -1.3222661018371582, -1.2886019945144653]
[0.07073729485273361, -0.012543459422886372, 0.3439708650112152, 1.7360690832138062, 0.036179449409246445, 0.5906786322593689] [0.04145996272563934, 0.25153404474258423, 0.24233004450798035, 0.34825998544692993, 1.425044059753418, 0.07400000095367432, -1.3069260120391846, -1.2747960090637207]
[0.06794187426567078, -0.012706125155091286, 0.3447946012020111, 1.7279722690582275, 0.03434595838189125, 0.5912960767745972] [0.05219796299934387, 0.2530680298805237, 0.23619404435157776, 0.35132795572280884, 1.4265780448913574, 0.07440000027418137, -1.29312002658844, -1.260990023612976]
[0.06517533957958221, -0.01258842833340168, 0.345310777425766, 1.72413170337677, 0.033085186034440994, 0.5930241942405701] [0.0660039633512497, 0.25153404474258423, 0.23312604427337646, 0.3543959856033325, 1.4265780448913574, 0.07400000095367432, -1.2808480262756348, -1.245650053024292]
[0.06229815259575844, -0.01240682601928711, 0.3456760048866272, 1.717078685760498, 0.03234371542930603, 0.5964992642402649] [0.07827596366405487, 0.2500000596046448, 0.22699004411697388, 0.355929970741272, 1.4265780448913574, 0.07440000027418137, -1.2685760259628296, -1.2333779335021973]
[0.05970029532909393, -0.012291033752262592, 0.3465594947338104, 1.711902379989624, 0.02911614440381527, 0.598181426525116] [0.0859459638595581, 0.2500000596046448, 0.22545604407787323, 0.355929970741272, 1.4265780448913574, 0.07440000027418137, -1.2578380107879639, -1.222640037536621]
[0.05771154165267944, -0.01284597534686327, 0.34670504927635193, 1.7080014944076538, 0.02924126759171486, 0.5953932404518127] [0.09514996409416199, 0.24539804458618164, 0.2208540439605713, 0.3605319857597351, 1.4265780448913574, 0.07440000027418137, -1.2486340999603271, -1.2119020223617554]
[0.05527124181389809, -0.012940927408635616, 0.3476056456565857, 1.697801947593689, 0.024777038022875786, 0.601763904094696] [0.10435395687818527, 0.23619404435157776, 0.2116500437259674, 0.3804739713668823, 1.4281120300292969, 0.07440000027418137, -1.2394300699234009, -1.202697992324829]
[0.052174679934978485, -0.013865379616618156, 0.3479677140712738, 1.6897104978561401, 0.02064823918044567, 0.6153976321220398] [0.11355795711278915, 0.21932004392147064, 0.20398004353046417, 0.4096199870109558, 1.4265780448913574, 0.07440000027418137, -1.2286920547485352, -1.1950279474258423]
[0.05060664564371109, -0.015448615886271, 0.34833911061286926, 1.683526635169983, 0.017116019502282143, 0.6183520555496216] [0.12429595738649368, 0.191708043217659, 0.19784404337406158, 0.4449019730091095, 1.4281120300292969, 0.07440000027418137, -1.2194880247116089, -1.1858240365982056]
[0.04859638959169388, -0.017891747877001762, 0.348542183637619, 1.674808382987976, 0.013719078153371811, 0.6243927478790283] [0.13349996507167816, 0.1625620424747467, 0.1886400431394577, 0.48325198888778687, 1.4281120300292969, 0.07440000027418137, -1.2102841138839722, -1.1750860214233398]
[0.04547226428985596, -0.019329331815242767, 0.34820011258125305, 1.6686867475509644, 0.011612335219979286, 0.6410585045814514] [0.14730596542358398, 0.1426200419664383, 0.17943604290485382, 0.5200679898262024, 1.4265780448913574, 0.07440000027418137, -1.1964781284332275, -1.1628140211105347]
[0.04177621379494667, -0.01982179656624794, 0.34806057810783386, 1.6589115858078003, 0.009740243665874004, 0.6627787947654724] [0.15650996565818787, 0.12114404141902924, 0.17176604270935059, 0.5630199909210205, 1.4281120300292969, 0.07440000027418137, -1.1872740983963013, -1.1536099910736084]
[0.03824638947844505, -0.020589610561728477, 0.34831151366233826, 1.64732825756073, 0.00690400181338191, 0.6816306114196777] [0.16571396589279175, 0.09966804087162018, 0.16102804243564606, 0.6013699769973755, 1.4281120300292969, 0.07440000027418137, -1.1796040534973145, -1.1474740505218506]
[0.036171913146972656, -0.022226067259907722, 0.3483443558216095, 1.63865327835083, 0.005942316725850105, 0.6897215247154236] [0.17184996604919434, 0.07512404024600983, 0.15182404220104218, 0.6351180076599121, 1.4281120300292969, 0.07440000027418137, -1.1704000234603882, -1.1382700204849243]
[0.032516103237867355, -0.02405962347984314, 0.34847405552864075, 1.62177312374115, 0.005346494261175394, 0.7076879143714905] [0.17798596620559692, 0.045978039503097534, 0.1364840418100357, 0.6780699491500854, 1.4296460151672363, 0.07440000027418137, -1.162730097770691, -1.1305999755859375]
[0.029499797150492668, -0.025398705154657364, 0.3488853871822357, 1.6087664365768433, 0.003926725592464209, 0.7239320874214172] [0.18105396628379822, 0.024502038955688477, 0.12421204149723053, 0.7164199948310852, 1.4296460151672363, 0.07400000095367432, -1.1596620082855225, -1.129065990447998]
[0.026526248082518578, -0.026403505355119705, 0.34922271966934204, 1.5932761430740356, 0.0034908128436654806, 0.7449257373809814] [0.18105396628379822, -4.1961669921875e-05, 0.10887204110622406, 0.7578380107879639, 1.4327141046524048, 0.07400000095367432, -1.1596620082855225, -1.1275320053100586]
[0.02409045398235321, -0.027832861989736557, 0.34922143816947937, 1.5853232145309448, 0.005066293757408857, 0.7627504467964172] [0.18105396628379822, -0.026119962334632874, 0.09660004079341888, 0.8023239970207214, 1.4342480897903442, 0.07440000027418137, -1.1565940380096436, -1.1259980201721191]
[0.021841231733560562, -0.02902079001069069, 0.348847359418869, 1.5773332118988037, 0.009694232605397701, 0.7792367935180664] [0.18105396628379822, -0.050663962960243225, 0.087396040558815, 0.8437420129776001, 1.4434521198272705, 0.07440000027418137, -1.1519920825958252, -1.1198619604110718]
[0.018514562398195267, -0.030617661774158478, 0.34865471720695496, 1.5707284212112427, 0.014012436382472515, 0.8018994927406311] [0.18105396628379822, -0.08441196382045746, 0.06592004001140594, 0.8989659547805786, 1.4526560306549072, 0.07400000095367432, -1.1443220376968384, -1.113726019859314]
[0.01569513790309429, -0.03280780836939812, 0.3483949601650238, 1.5639328956604004, 0.020593278110027313, 0.8139501214027405] [0.18105396628379822, -0.1150919571518898, 0.04751203954219818, 0.9419180154800415, 1.460326075553894, 0.07440000027418137, -1.1366521120071411, -1.1045219898223877]
[0.012181609869003296, -0.03452793136239052, 0.34810176491737366, 1.5533279180526733, 0.028209224343299866, 0.8305272459983826] [0.18105396628379822, -0.14270396530628204, 0.03217203915119171, 0.9848699569702148, 1.4679961204528809, 0.07400000095367432, -1.1274480819702148, -1.0953179597854614]
[0.008420053869485855, -0.03723889961838722, 0.3480403423309326, 1.5480482578277588, 0.03514060378074646, 0.8436993956565857] [0.18105396628379822, -0.17798596620559692, 0.013764038681983948, 1.0308899879455566, 1.478734016418457, 0.07400000095367432, -1.119778037071228, -1.0861139297485352]
[0.004806096199899912, -0.039621345698833466, 0.3475970923900604, 1.5438859462738037, 0.04559682682156563, 0.8553124070167542] [0.18105396628379822, -0.20406396687030792, -0.004643961787223816, 1.0692399740219116, 1.4925401210784912, 0.07440000027418137, -1.1090400218963623, -1.0769100189208984]
[0.0009118673042394221, -0.04174866899847984, 0.34728172421455383, 1.5413334369659424, 0.055299557745456696, 0.8680832386016846] [0.18105396628379822, -0.23320996761322021, -0.02305196225643158, 1.1045219898223877, 1.501744031906128, 0.07440000027418137, -1.101370096206665, -1.0677059888839722]
[-0.0032764391507953405, -0.04412297159433365, 0.34704604744911194, 1.5401458740234375, 0.06452718377113342, 0.8804804682731628] [0.18105396628379822, -0.2654239535331726, -0.03839196264743805, 1.152076005935669, 1.5170841217041016, 0.07440000027418137, -1.0937000513076782, -1.0631040334701538]
[-0.0074167982675135136, -0.046010538935661316, 0.3471469581127167, 1.550967812538147, 0.07089827954769135, 0.8957412838935852] [0.18105396628379822, -0.29303598403930664, -0.05219796299934387, 1.1950279474258423, 1.5431621074676514, 0.07440000027418137, -1.0860300064086914, -1.055433988571167]
[-0.010871274396777153, -0.04757273197174072, 0.3467272222042084, 1.5684369802474976, 0.08110105991363525, 0.9079727530479431] [0.18105396628379822, -0.3145119547843933, -0.0660039633512497, 1.2303099632263184, 1.5646381378173828, 0.07440000027418137, -1.081428050994873, -1.0492980480194092]
[-0.014668700285255909, -0.04827092960476875, 0.34625422954559326, 1.578413963317871, 0.090786412358284, 0.9261535406112671] [0.18105396628379822, -0.3313859701156616, -0.07827596366405487, 1.2594560384750366, 1.5815120935440063, 0.07440000027418137, -1.0737581253051758, -1.0431619882583618]
[-0.01827523298561573, -0.050044868141412735, 0.34588634967803955, 1.5928133726119995, 0.10017848759889603, 0.9364916682243347] [0.18105396628379822, -0.35899797081947327, -0.09514996409416199, 1.2962720394134521, 1.6014540195465088, 0.07440000027418137, -1.061486005783081, -1.0293560028076172]
[-0.022641101852059364, -0.05199310556054115, 0.34521234035491943, 1.602132797241211, 0.11389563977718353, 0.9463023543357849] [0.18105396628379822, -0.38507598638534546, -0.11355795711278915, 1.3361560106277466, 1.6198620796203613, 0.07440000027418137, -1.0522820949554443, -1.0216859579086304]
[-0.024995598942041397, -0.05343041196465492, 0.34520018100738525, 1.6032811403274536, 0.11809544265270233, 0.9487565159797668] [0.18105396628379822, -0.40041595697402954, -0.12122795730829239, 1.3545639514923096, 1.6259980201721191, 0.07440000027418137, -1.043078064918518, -1.012481927871704]
[-0.029701322317123413, -0.05437864363193512, 0.344876766204834, 1.6073904037475586, 0.1271899789571762, 0.9644596576690674] [0.18105396628379822, -0.41728997230529785, -0.13656796514987946, 1.3852440118789673, 1.6352020502090454, 0.07440000027418137, -1.0338740348815918, -1.001744031906128]
[-0.03214399889111519, -0.05513380840420723, 0.3445538282394409, 1.611036777496338, 0.13421273231506348, 0.9696946740150452] [0.18105396628379822, -0.429561972618103, -0.14730596542358398, 1.4067200422286987, 1.6474740505218506, 0.07440000027418137, -1.024670124053955, -0.9940739870071411]
[-0.035252977162599564, -0.055901359766721725, 0.3446108102798462, 1.612060546875, 0.1387304812669754, 0.9761450290679932] [0.18105396628379822, -0.44029998779296875, -0.1580439656972885, 1.4235939979553223, 1.6520761251449585, 0.07440000027418137, -1.0139321088790894, -0.9833359718322754]
[-0.03741854056715965, -0.05618515983223915, 0.3444672226905823, 1.6077617406845093, 0.14394885301589966, 0.9777113795280457] [0.18105396628379822, -0.44029998779296875, -0.16571396589279175, 1.4235939979553223, 1.653610110282898, 0.07440000027418137, -0.9985920786857605, -0.9695299863815308]
[-0.03946876898407936, -0.05625946447253227, 0.34435781836509705, 1.598642349243164, 0.14777253568172455, 0.9776613116264343] [0.18258796632289886, -0.44029998779296875, -0.17491796612739563, 1.4235939979553223, 1.653610110282898, 0.07440000027418137, -0.9863200783729553, -0.9557240009307861]
[-0.041963741183280945, -0.056469354778528214, 0.344579815864563, 1.5888794660568237, 0.15152888000011444, 0.975052535533905] [0.18258796632289886, -0.44029998779296875, -0.1871899664402008, 1.4235939979553223, 1.6597460508346558, 0.07440000027418137, -0.9725140333175659, -0.943452000617981]
[-0.044394347816705704, -0.05663549527525902, 0.3451787531375885, 1.5777122974395752, 0.14913076162338257, 0.9716261029243469] [0.18565596640110016, -0.44029998779296875, -0.18872396647930145, 1.4205260276794434, 1.6582120656967163, 0.07400000095367432, -0.9725140333175659, -0.943452000617981]
[-0.044705163687467575, -0.05679568648338318, 0.34554046392440796, 1.5743274688720703, 0.14686845242977142, 0.9681143164634705] [0.1871899664402008, -0.44029998779296875, -0.18872396647930145, 1.4174580574035645, 1.6566780805587769, 0.07440000027418137, -0.9725140333175659, -0.943452000617981]
[-0.04471690207719803, -0.05692162737250328, 0.3455469012260437, 1.5735524892807007, 0.14666076004505157, 0.9649369120597839] [0.1871899664402008, -0.44029998779296875, -0.1871899664402008, 1.4097880125045776, 1.6551440954208374, 0.07440000027418137, -0.977116048336029, -0.9480539560317993]
[-0.042456984519958496, -0.057853586971759796, 0.3459584712982178, 1.5691065788269043, 0.14189982414245605, 0.9470984935760498] [0.1871899664402008, -0.4418339729309082, -0.1841219663619995, 1.3898459672927856, 1.6520761251449585, 0.07440000027418137, -0.9878540635108948, -0.9603259563446045]
[-0.050194889307022095, -0.05807145684957504, 0.34526580572128296, 1.5791927576065063, 0.14783374965190887, 0.9398264288902283] [0.18565596640110016, -0.4418339729309082, -0.17491796612739563, 1.3883119821548462, 1.64900803565979, 0.07440000027418137, -1.0016601085662842, -0.9771999716758728]
[-0.051684290170669556, -0.05800079181790352, 0.344898521900177, 1.5882134437561035, 0.1508033126592636, 0.9369512796401978] [0.1841219663619995, -0.44336795806884766, -0.1703159660100937, 1.3837100267410278, 1.64900803565979, 0.07440000027418137, -1.0200680494308472, -0.9956079721450806]
[-0.05066898092627525, -0.05836668983101845, 0.3445657789707184, 1.595544695854187, 0.15435893833637238, 0.9319602847099304] [0.17798596620559692, -0.44950395822525024, -0.16571396589279175, 1.3806419372558594, 1.64900803565979, 0.07440000027418137, -1.0354080200195312, -1.0094139575958252]
[-0.04794597998261452, -0.059979673475027084, 0.34381142258644104, 1.6076087951660156, 0.15561331808567047, 0.917034924030304] [0.17798596620559692, -0.4587079882621765, -0.15650996565818787, 1.3699040412902832, 1.64900803565979, 0.07440000027418137, -1.0522820949554443, -1.0262880325317383]
[-0.04427604377269745, -0.0616193562746048, 0.34371399879455566, 1.6189724206924438, 0.1530451476573944, 0.9021871089935303] [0.17338396608829498, -0.4740479588508606, -0.14577196538448334, 1.3699040412902832, 1.64900803565979, 0.07440000027418137, -1.0706900358200073, -1.0446959733963013]
[-0.03997800871729851, -0.06566183269023895, 0.3434624969959259, 1.6312543153762817, 0.15108734369277954, 0.875030517578125] [0.16878196597099304, -0.5001260042190552, -0.13196596503257751, 1.3699040412902832, 1.6474740505218506, 0.07440000027418137, -1.0921660661697388, -1.0661720037460327]
[-0.03664419427514076, -0.06726778298616409, 0.3435949683189392, 1.6452586650848389, 0.1430666595697403, 0.8647847771644592] [0.1672479659318924, -0.5077959895133972, -0.10895595699548721, 1.3683700561523438, 1.6413381099700928, 0.07440000027418137, -1.1136420965194702, -1.090716004371643]
[-0.03188558667898178, -0.06749261170625687, 0.3433816432952881, 1.6569403409957886, 0.13527646660804749, 0.8604815602302551] [0.1641799658536911, -0.5077959895133972, -0.09361596405506134, 1.360700011253357, 1.6367360353469849, 0.07440000027418137, -1.1335840225219727, -1.109123945236206]
[-0.027647532522678375, -0.06793677061796188, 0.34347158670425415, 1.6666938066482544, 0.12679588794708252, 0.8539292812347412] [0.15957796573638916, -0.5077959895133972, -0.07520796358585358, 1.3545639514923096, 1.6321340799331665, 0.07440000027418137, -1.155060052871704, -1.1305999755859375]
[-0.02455039881169796, -0.06801864504814148, 0.3437323272228241, 1.6712204217910767, 0.12135758250951767, 0.8513510227203369] [0.14883996546268463, -0.5077959895133972, -0.0660039633512497, 1.3484280109405518, 1.6259980201721191, 0.07440000027418137, -1.1734681129455566, -1.1474740505218506]
[-0.018964271992444992, -0.06896200776100159, 0.34351882338523865, 1.6735044717788696, 0.1175408810377121, 0.8380590677261353] [0.13656796514987946, -0.5108639597892761, -0.05679996311664581, 1.3315539360046387, 1.6198620796203613, 0.07440000027418137, -1.1903420686721802, -1.167415976524353]
[-0.012137101963162422, -0.07287319004535675, 0.34337106347084045, 1.6598789691925049, 0.11790201812982559, 0.7996472716331482] [0.11355795711278915, -0.5277379751205444, -0.05373196303844452, 1.3116120100021362, 1.6091240644454956, 0.07400000095367432, -1.21642005443573, -1.1919599771499634]
[-0.007359154988080263, -0.07733297348022461, 0.3438657820224762, 1.652147650718689, 0.11400037258863449, 0.7671037316322327] [0.09514996409416199, -0.5492140054702759, -0.04759596288204193, 1.3070099353790283, 1.6014540195465088, 0.07440000027418137, -1.236362099647522, -1.208833932876587]
[-0.003250765847042203, -0.07832866162061691, 0.3437610864639282, 1.6405223608016968, 0.11209437251091003, 0.7579108476638794] [0.07674196362495422, -0.5522819757461548, -0.04452796280384064, 1.3008739948272705, 1.5907161235809326, 0.07440000027418137, -1.251702070236206, -1.228775978088379]
[0.0009786603040993214, -0.07894282788038254, 0.3439178764820099, 1.6368821859359741, 0.10771256685256958, 0.7501258254051208] [0.05833396315574646, -0.5522819757461548, -0.0368579626083374, 1.2916699647903442, 1.579978108406067, 0.07440000027418137, -1.274712085723877, -1.2502520084381104]
[0.0059913587756454945, -0.08013953268527985, 0.3443874716758728, 1.6295822858810425, 0.10021396726369858, 0.7344241738319397] [0.04299396276473999, -0.5522819757461548, -0.02765396237373352, 1.2717280387878418, 1.57230806350708, 0.07440000027418137, -1.2977221012115479, -1.2732620239257812]
[0.011569421738386154, -0.08171462267637253, 0.34469059109687805, 1.6233489513397217, 0.09252253919839859, 0.7141039371490479] [0.02305196225643158, -0.5522819757461548, -0.015381962060928345, 1.2563879489898682, 1.5661721229553223, 0.07440000027418137, -1.3161300420761108, -1.2947380542755127]
[0.015293749049305916, -0.08241353183984756, 0.34473615884780884, 1.622465968132019, 0.08745645731687546, 0.706001877784729] [0.001575961709022522, -0.5522819757461548, -0.009245961904525757, 1.244115948677063, 1.556968092918396, 0.07440000027418137, -1.3391400575637817, -1.319282054901123]
[0.02192889340221882, -0.08407474309206009, 0.3448655605316162, 1.6150511503219604, 0.08067145198583603, 0.6851425766944885] [-0.021434038877487183, -0.5522819757461548, 0.003026038408279419, 1.2165039777755737, 1.5477640628814697, 0.07440000027418137, -1.3590821027755737, -1.3392239809036255]
[0.029386725276708603, -0.08733399957418442, 0.3440171778202057, 1.6068974733352661, 0.08013519644737244, 0.64496248960495] [-0.03370603919029236, -0.5507479906082153, 0.003026038408279419, 1.1766200065612793, 1.5446960926055908, 0.07440000027418137, -1.3621500730514526, -1.340757966041565]
[0.03354112431406975, -0.09038029611110687, 0.342203825712204, 1.6059107780456543, 0.08804597705602646, 0.6115962862968445] [-0.035240039229393005, -0.5522819757461548, 0.003026038408279419, 1.1444059610366821, 1.5385600328445435, 0.07440000027418137, -1.3621500730514526, -1.3438260555267334]
[0.03647712990641594, -0.09239351004362106, 0.34132614731788635, 1.6007784605026245, 0.0915641114115715, 0.5855992436408997] [-0.0383080393075943, -0.5446119904518127, 0.003026038408279419, 1.113726019859314, 1.533958077430725, 0.07440000027418137, -1.363684058189392, -1.3422919511795044]
[0.03879232332110405, -0.09350434690713882, 0.3409685492515564, 1.591412901878357, 0.09182266145944595, 0.5670803189277649] [-0.0383080393075943, -0.5400099754333496, 0.00762803852558136, 1.0891820192337036, 1.5278220176696777, 0.07440000027418137, -1.363684058189392, -1.3453600406646729]
[0.0416150763630867, -0.09562142938375473, 0.341065376996994, 1.5909031629562378, 0.08964961022138596, 0.5375914573669434] [-0.0383080393075943, -0.5277379751205444, 0.0122300386428833, 1.0462299585342407, 1.5232200622558594, 0.07440000027418137, -1.363684058189392, -1.3453600406646729]
[0.04457372799515724, -0.09608780592679977, 0.3412671387195587, 1.587500810623169, 0.08556035906076431, 0.5157263875007629] [-0.0383080393075943, -0.5139319896697998, 0.021434038877487183, 1.0094139575958252, 1.518618106842041, 0.07440000027418137, -1.3652180433273315, -1.3468940258026123]
[0.04710811749100685, -0.09877501428127289, 0.3414131999015808, 1.5866401195526123, 0.08376249670982361, 0.48323944211006165] [-0.0383080393075943, -0.5123980045318604, 0.026036038994789124, 0.9741320013999939, 1.518618106842041, 0.07400000095367432, -1.3652180433273315, -1.3468940258026123]
[0.04896961897611618, -0.1014406606554985, 0.3411836624145508, 1.585555076599121, 0.08499259501695633, 0.4555359482765198] [-0.0383080393075943, -0.5123980045318604, 0.02757003903388977, 0.958791971206665, 1.518618106842041, 0.07440000027418137, -1.3652180433273315, -1.3453600406646729]
[0.04948875680565834, -0.10214757174253464, 0.34160375595092773, 1.5873247385025024, 0.0818495899438858, 0.4476304352283478] [-0.0383080393075943, -0.5123980045318604, 0.035240039229393005, 0.9572579860687256, 1.5170841217041016, 0.07440000027418137, -1.3652180433273315, -1.3453600406646729]
[0.04979359358549118, -0.10235457122325897, 0.34305116534233093, 1.5961812734603882, 0.06970591843128204, 0.44518107175827026] [-0.039842039346694946, -0.5139319896697998, 0.05978403985500336, 0.9572579860687256, 1.518618106842041, 0.07440000027418137, -1.363684058189392, -1.3422919511795044]
[0.050205718725919724, -0.10352333635091782, 0.35052332282066345, 1.6156041622161865, 0.017718032002449036, 0.43693509697914124] [-0.05978403985500336, -0.526203989982605, 0.11807604134082794, 0.9572579860687256, 1.518618106842041, 0.07440000027418137, -1.3606160879135132, -1.337689995765686]
[0.04959750920534134, -0.11039142310619354, 0.363182008266449, 1.6438966989517212, -0.06789306551218033, 0.3973090350627899] [-0.08279404044151306, -0.5599519610404968, 0.20551404356956482, 0.9557240009307861, 1.518618106842041, 0.07440000027418137, -1.351412057876587, -1.3284859657287598]
[0.0472949743270874, -0.11909495294094086, 0.3817393183708191, 1.763573408126831, -0.2190728336572647, 0.33813753724098206] [-0.07052204012870789, -0.5691559910774231, 0.4555560350418091, 0.9035679697990417, 1.518618106842041, 0.07440000027418137, -1.3376060724258423, -1.3085440397262573]
[0.05623312667012215, -0.1425950825214386, 0.4050491750240326, 1.990616798400879, -0.3865182101726532, 0.1257162094116211] [-0.07665804028511047, -0.5691559910774231, 0.7316760420799255, 0.70414799451828, 1.5201520919799805, 0.07440000027418137, -1.3145960569381714, -1.2809319496154785]
[0.05579580366611481, -0.1750216782093048, 0.4139508008956909, 2.3380022048950195, -0.4282166063785553, -0.17383180558681488] [-0.06745404005050659, -0.5691559910774231, 1.0200680494308472, 0.467911958694458, 1.5201520919799805, 0.07440000027418137, -1.2885180711746216, -1.2517859935760498]
[0.049084026366472244, -0.21128709614276886, 0.4035027325153351, 2.760751247406006, -0.2734962999820709, -0.4751792252063751] [-0.06898804008960724, -0.5706899762153625, 1.313062071800232, 0.20099596679210663, 1.5201520919799805, 0.07400000095367432, -1.2593721151351929, -1.2272419929504395]
[0.04466249793767929, -0.22439779341220856, 0.389034628868103, 2.932159423828125, -0.12022396922111511, -0.5590670704841614] [-0.06745404005050659, -0.5814279913902283, 1.4541900157928467, 0.02765396237373352, 1.5232200622558594, 0.07440000027418137, -1.236362099647522, -1.1996300220489502]
[0.03960094600915909, -0.228903129696846, 0.3755241930484772, 2.99600887298584, -0.021480847150087357, -0.5802488923072815] [0.009245961904525757, -0.5844959616661072, 1.4818021059036255, 0.026119962334632874, 1.5232200622558594, 0.07440000027418137, -1.2072160243988037, -1.1766200065612793]
[0.03382079303264618, -0.22920313477516174, 0.3691911995410919, 2.9821996688842773, 0.008541226387023926, -0.5803536176681519] [0.06446996331214905, -0.5844959616661072, 1.4864040613174438, 0.026119962334632874, 1.5232200622558594, 0.07440000027418137, -1.1842060089111328, -1.152076005935669]
[0.029785960912704468, -0.22925828397274017, 0.3611518144607544, 2.9592926502227783, 0.046236131340265274, -0.5809793472290039] [0.13656796514987946, -0.5844959616661072, 1.4864040613174438, 0.026119962334632874, 1.5232200622558594, 0.07440000027418137, -1.1642640829086304, -1.1336679458618164]
[0.025055209174752235, -0.22926081717014313, 0.3406159579753876, 2.894900321960449, 0.1433536857366562, -0.5869784355163574] [0.317579984664917, -0.5829619765281677, 1.4971420764923096, 0.026119962334632874, 1.5232200622558594, 0.07440000027418137, -1.1519920825958252, -1.1198619604110718]
[0.01931498758494854, -0.22926375269889832, 0.32623496651649475, 2.8712081909179688, 0.21193881332874298, -0.5943537950515747] [0.36206597089767456, -0.5844959616661072, 1.515550136566162, 0.026119962334632874, 1.5232200622558594, 0.07440000027418137, -1.1443220376968384, -1.1121920347213745]
[0.017386095598340034, -0.22943036258220673, 0.3265129327774048, 2.8793437480926514, 0.20970968902111053, -0.5941741466522217] [0.3804739713668823, -0.5844959616661072, 1.518618106842041, 0.026119962334632874, 1.5232200622558594, 0.07440000027418137, -1.142788052558899, -1.113726019859314]
[0.014978266321122646, -0.22947396337985992, 0.32047805190086365, 2.862584114074707, 0.2382156252861023, -0.5985636115074158] [0.4126879572868347, -0.5829619765281677, 1.518618106842041, 0.026119962334632874, 1.5232200622558594, 0.07440000027418137, -1.1458560228347778, -1.1167939901351929]
[0.014172548428177834, -0.22858160734176636, 0.31497853994369507, 2.844113826751709, 0.264560341835022, -0.5983912944793701] [0.4541059732437134, -0.5768259763717651, 1.5201520919799805, 0.026119962334632874, 1.5247540473937988, 0.07440000027418137, -1.1458560228347778, -1.1183279752731323]
[0.013572998344898224, -0.2283124327659607, 0.3120257258415222, 2.8358042240142822, 0.2790684998035431, -0.5996341109275818] [0.4587079882621765, -0.5768259763717651, 1.5201520919799805, 0.02765396237373352, 1.5247540473937988, 0.07400000095367432, -1.1458560228347778, -1.1167939901351929]
[0.013412471860647202, -0.22831551730632782, 0.31156739592552185, 2.8341567516326904, 0.2813645601272583, -0.6000863909721375] [0.46330997347831726, -0.5752919912338257, 1.5201520919799805, 0.026119962334632874, 1.5232200622558594, 0.07400000095367432, -1.1443220376968384, -1.1167939901351929]
[0.013759996742010117, -0.2275012880563736, 0.3108813762664795, 2.8339998722076416, 0.28455784916877747, -0.595851719379425] [0.46330997347831726, -0.5706899762153625, 1.5201520919799805, 0.02765396237373352, 1.5232200622558594, 0.07400000095367432, -1.1458560228347778, -1.1167939901351929]
[0.013972114771604538, -0.22718703746795654, 0.3108064532279968, 2.8341476917266846, 0.28504300117492676, -0.5943873524665833] [0.46330997347831726, -0.5706899762153625, 1.518618106842041, 0.02765396237373352, 1.5232200622558594, 0.07400000095367432, -1.1458560228347778, -1.1167939901351929]
[0.013939193449914455, -0.22714295983314514, 0.3108801543712616, 2.8341684341430664, 0.28472939133644104, -0.5943827033042908] [0.46330997347831726, -0.5706899762153625, 1.5201520919799805, 0.02765396237373352, 1.5232200622558594, 0.07440000027418137, -1.1458560228347778, -1.1167939901351929]
[0.013857641257345676, -0.22715680301189423, 0.310886949300766, 2.8344478607177734, 0.2844332754611969, -0.5943037867546082] [0.46330997347831726, -0.5706899762153625, 1.518618106842041, 0.02765396237373352, 1.5232200622558594, 0.07400000095367432, -1.1458560228347778, -1.1167939901351929]
[0.013853061944246292, -0.2271626889705658, 0.310902863740921, 2.835827112197876, 0.28446364402770996, -0.5943511724472046] [0.46330997347831726, -0.5706899762153625, 1.5201520919799805, 0.02765396237373352, 1.5232200622558594, 0.07440000027418137, -1.1458560228347778, -1.1167939901351929]
[0.013891587033867836, -0.22711171209812164, 0.31093963980674744, 2.834069013595581, 0.2844685912132263, -0.5944175124168396] [0.46330997347831726, -0.5706899762153625, 1.518618106842041, 0.02765396237373352, 1.5232200622558594, 0.07440000027418137, -1.1458560228347778, -1.1167939901351929]
[0.013926642015576363, -0.22707584500312805, 0.3109656572341919, 2.8338890075683594, 0.28451433777809143, -0.5944684147834778] [0.46330997347831726, -0.5706899762153625, 1.5201520919799805, 0.02765396237373352, 1.5247540473937988, 0.07440000027418137, -1.1458560228347778, -1.1167939901351929]
[0.013866155408322811, -0.22709020972251892, 0.3109682500362396, 2.8340954780578613, 0.2843250036239624, -0.5944096446037292] [0.46330997347831726, -0.5706899762153625, 1.5201520919799805, 0.02765396237373352, 1.5232200622558594, 0.07440000027418137, -1.1458560228347778, -1.1167939901351929]
