[0.6627299785614014, -0.29917198419570923, 1.4541900157928467, 1.2517859935760498, 1.3498780727386475, 0.21240000426769257, -0.05211403965950012] [0.16558709740638733, -0.13546331226825714, 0.11137848347425461, 2.5935795307159424, -0.5708208084106445, 0.01560481358319521] [0.990032970905304, -0.3634016513824463, -0.5467314720153809]
[0.6627299785614014, -0.29917198419570923, 1.4526560306549072, 1.2502520084381104, 1.3498780727386475, 0.21240000426769257, -0.05211403965950012] [0.1656939685344696, -0.13552969694137573, 0.11097248643636703, 2.589909315109253, -0.567349374294281, 0.01602839305996895] [0.990032970905304, -0.3634016513824463, -0.5467314720153809]
[0.6611959934234619, -0.29917198419570923, 1.4526560306549072, 1.2517859935760498, 1.3498780727386475, 0.21240000426769257, -0.05211403965950012] [0.16563397645950317, -0.1352849304676056, 0.11106634140014648, 2.5907111167907715, -0.568816065788269, 0.017225660383701324] [0.990032970905304, -0.3634016513824463, -0.5467314720153809]
[0.6611959934234619, -0.29917198419570923, 1.4526560306549072, 1.2502520084381104, 1.351412057876587, 0.21240000426769257, -0.05211403965950012] [0.1657392382621765, -0.1353396326303482, 0.11093716323375702, 2.5910282135009766, -0.5673647522926331, 0.01663629338145256] [0.990032970905304, -0.3634016513824463, -0.5467314720153809]
[0.6627299785614014, -0.29917198419570923, 1.4526560306549072, 1.2502520084381104, 1.3498780727386475, 0.21240000426769257, -0.05211403965950012] [0.1656976342201233, -0.13550177216529846, 0.1112411618232727, 2.592362642288208, -0.5693688988685608, 0.015016991645097733] [0.990032970905304, -0.3634016513824463, -0.5467314720153809]
[0.6627299785614014, -0.29917198419570923, 1.4526560306549072, 1.2502520084381104, 1.3498780727386475, 0.21240000426769257, -0.05211403965950012] [0.16561681032180786, -0.1352849304676056, 0.11132039874792099, 2.590679883956909, -0.5703497529029846, 0.017242588102817535] [0.990032970905304, -0.3634016513824463, -0.5467314720153809]
[0.6611959934234619, -0.29917198419570923, 1.4526560306549072, 1.2517859935760498, 1.3498780727386475, 0.21240000426769257, -0.050580039620399475] [0.16572226583957672, -0.1353396326303482, 0.11119137704372406, 2.5909979343414307, -0.5688984394073486, 0.01665259152650833] [0.990032970905304, -0.3634016513824463, -0.5467314720153809]
[0.6596620082855225, -0.29917198419570923, 1.4526560306549072, 1.2502520084381104, 1.351412057876587, 0.21240000426769257, -0.050580039620399475] [0.1655992567539215, -0.1352849304676056, 0.11157442629337311, 2.5906484127044678, -0.571883499622345, 0.017259592190384865] [0.990032970905304, -0.3634016513824463, -0.5467314720153809]
[0.6611959934234619, -0.29917198419570923, 1.4526560306549072, 1.2502520084381104, 1.3498780727386475, 0.21240000426769257, -0.050580039620399475] [0.16572226583957672, -0.1353396326303482, 0.11119137704372406, 2.5909979343414307, -0.5688984394073486, 0.01665259152650833] [0.990032970905304, -0.3634016513824463, -0.5467314720153809]
[0.6596620082855225, -0.29917198419570923, 1.4526560306549072, 1.2502520084381104, 1.3498780727386475, 0.21240000426769257, -0.050580039620399475] [0.16572226583957672, -0.1353396326303482, 0.11119137704372406, 2.5909979343414307, -0.5688984394073486, 0.01665259152650833] [0.990032970905304, -0.3634016513824463, -0.5467314720153809]
[0.6596620082855225, -0.29917198419570923, 1.4526560306549072, 1.2517859935760498, 1.3498780727386475, 0.21240000426769257, -0.05211403965950012] [0.1655992567539215, -0.1352849304676056, 0.11157442629337311, 2.5906484127044678, -0.571883499622345, 0.017259592190384865] [0.990032970905304, -0.3634016513824463, -0.5467314720153809]
[0.6611959934234619, -0.29917198419570923, 1.4526560306549072, 1.2517859935760498, 1.351412057876587, 0.21240000426769257, -0.050580039620399475] [0.16569985449314117, -0.13535581529140472, 0.11145388334989548, 2.592501640319824, -0.570432186126709, 0.016668958589434624] [0.990032970905304, -0.3634016513824463, -0.5467314720153809]
[0.6596620082855225, -0.29917198419570923, 1.4511220455169678, 1.2517859935760498, 1.3498780727386475, 0.21240000426769257, -0.05211403965950012] [0.16582588851451874, -0.13452951610088348, 0.11119384318590164, 2.584149122238159, -0.5680519938468933, 0.02483590506017208] [0.990032970905304, -0.3634016513824463, -0.5467314720153809]
[0.6596620082855225, -0.29917198419570923, 1.4281120300292969, 1.2502520084381104, 1.3498780727386475, 0.21240000426769257, -0.050580039620399475] [0.16607722640037537, -0.13275055587291718, 0.11062260717153549, 2.5692670345306396, -0.5626513361930847, 0.04269062727689743] [0.990032970905304, -0.3634016513824463, -0.5467314720153809]
[0.6581279635429382, -0.29917198419570923, 1.4265780448913574, 1.2517859935760498, 1.3498780727386475, 0.21240000426769257, -0.050580039620399475] [0.16597694158554077, -0.13253344595432281, 0.1109527200460434, 2.5675060749053955, -0.5651212334632874, 0.04497653990983963] [0.990032970905304, -0.3634016513824463, -0.5467314720153809]
[0.6596620082855225, -0.29917198419570923, 1.4265780448913574, 1.2517859935760498, 1.3498780727386475, 0.21240000426769257, -0.050580039620399475] [0.16597694158554077, -0.13253344595432281, 0.1109527200460434, 2.5675060749053955, -0.5651212334632874, 0.04497653990983963] [0.990032970905304, -0.3634016513824463, -0.5467314720153809]
[0.6535259485244751, -0.29917198419570923, 1.4327141046524048, 1.2686599493026733, 1.351412057876587, 0.21240000426769257, -0.04904603958129883] [0.1644727736711502, -0.13269467651844025, 0.11401566863059998, 2.5713014602661133, -0.5925814509391785, 0.04459201917052269] [0.990032970905304, -0.3634016513824463, -0.5467314720153809]
[0.6335839629173279, -0.29917198419570923, 1.4373160600662231, 1.2717280387878418, 1.351412057876587, 0.21240000426769257, -0.04904603958129883] [0.16336920857429504, -0.13279946148395538, 0.12039616703987122, 2.570723533630371, -0.6345985531806946, 0.044916942715644836] [0.990032970905304, -0.3634016513824463, -0.5467314720153809]
[0.5860300064086914, -0.2976379692554474, 1.4373160600662231, 1.2778639793395996, 1.351412057876587, 0.21240000426769257, -0.04904603958129883] [0.1617286503314972, -0.13257426023483276, 0.13046930730342865, 2.569274663925171, -0.697370707988739, 0.0484578013420105] [0.990032970905304, -0.3634016513824463, -0.5467314720153809]
[0.5077959895133972, -0.29610395431518555, 1.4342480897903442, 1.279397964477539, 1.3560140132904053, 0.21240000426769257, -0.04904603958129883] [0.15925925970077515, -0.1310836374759674, 0.1421888917684555, 2.571981430053711, -0.7721091508865356, 0.059162985533475876] [0.990032970905304, -0.3634016513824463, -0.5467314720153809]
[0.4050179719924927, -0.23474396765232086, 1.4357820749282837, 1.279397964477539, 1.3621500730514526, 0.21240000426769257, -0.04751203954219818] [0.1548972725868225, -0.12020201236009598, 0.16124404966831207, 2.6153366565704346, -0.9019560217857361, 0.11300086230039597] [0.990032970905304, -0.3634016513824463, -0.5467314720153809]
[0.2623559832572937, -0.11048995703458786, 1.4342480897903442, 1.279397964477539, 1.363684058189392, 0.21240000426769257, -0.045978039503097534] [0.14724403619766235, -0.10257461667060852, 0.18100190162658691, 2.6384546756744385, -1.0389313697814941, 0.227267324924469] [0.990032970905304, -0.3634016513824463, -0.5467314720153809]
[0.17951996624469757, 0.0122300386428833, 1.4281120300292969, 1.2701940536499023, 1.3621500730514526, 0.21240000426769257, -0.04751203954219818] [0.1416492611169815, -0.08548272401094437, 0.19046173989772797, 2.596519708633423, -1.0968379974365234, 0.38004010915756226] [0.990032970905304, -0.3634016513824463, -0.5467314720153809]
[0.13196596503257751, 0.10427004098892212, 1.3928301334381104, 1.2594560384750366, 1.3621500730514526, 0.21240000426769257, -0.04904603958129883] [0.1382627636194229, -0.07291175425052643, 0.19351407885551453, 2.5105140209198, -1.1041419506072998, 0.5243021249771118] [0.990032970905304, -0.3634016513824463, -0.5467314720153809]
[0.11048995703458786, 0.14108604192733765, 1.3360720872879028, 1.2579219341278076, 1.3621500730514526, 0.21240000426769257, -0.050580039620399475] [0.13523882627487183, -0.06267505139112473, 0.193915456533432, 2.401946544647217, -1.092462420463562, 0.6630374193191528] [0.990032970905304, -0.3634016513824463, -0.5467314720153809]
[0.10742195695638657, 0.17636804282665253, 1.2839161157608032, 1.2579219341278076, 1.3606160879135132, 0.21240000426769257, -0.04904603958129883] [0.13429957628250122, -0.055768612772226334, 0.19190305471420288, 2.3416597843170166, -1.0678108930587769, 0.7401066422462463] [0.990032970905304, -0.3634016513824463, -0.5467314720153809]
[0.09668396413326263, 0.19017404317855835, 1.2639740705490112, 1.2563879489898682, 1.351412057876587, 0.21240000426769257, -0.04904603958129883] [0.13166552782058716, -0.05086451396346092, 0.1928853690624237, 2.2689175605773926, -1.0644701719284058, 0.8138561844825745] [0.990032970905304, -0.3634016513824463, -0.5467314720153809]
[0.10281995683908463, 0.19937804341316223, 1.2348281145095825, 1.2563879489898682, 1.3468101024627686, 0.21320000290870667, -0.050580039620399475] [0.1314336210489273, -0.04718916118144989, 0.19077159464359283, 2.2230746746063232, -1.0424572229385376, 0.8518598675727844] [0.990032970905304, -0.3634016513824463, -0.5467314720153809]
[0.10588795691728592, 0.20091204345226288, 1.1995460987091064, 1.2563879489898682, 1.3084601163864136, 0.2152000069618225, -0.04904603958129883] [0.13100126385688782, -0.04355102777481079, 0.1887878179550171, 2.1528844833374023, -1.0206743478775024, 0.8905388116836548] [0.990032970905304, -0.3634016513824463, -0.5467314720153809]
[0.13196596503257751, 0.165630042552948, 1.0139321088790894, 1.2533199787139893, 1.3069260120391846, 0.21559999883174896, -0.04751203954219818] [0.1311439573764801, -0.02754455804824829, 0.17256203293800354, 1.9265326261520386, -0.8371952772140503, 1.0524013042449951] [0.990032970905304, -0.3634016513824463, -0.5467314720153809]
[0.1641799658536911, 0.12574604153633118, 0.7362780570983887, 1.264057993888855, 1.313062071800232, 0.2152000069618225, -0.04444403946399689] [0.12855419516563416, -0.010237571783363819, 0.14805187284946442, 1.7761179208755493, -0.6077795028686523, 1.1761999130249023] [0.990032970905304, -0.3634016513824463, -0.5467314720153809]
[0.19179196655750275, 0.12574604153633118, 0.6795200705528259, 1.264057993888855, 1.3115280866622925, 0.2152000069618225, -0.04904603958129883] [0.1283239722251892, -0.007193026598542929, 0.1415683478116989, 1.767229676246643, -0.5598975419998169, 1.1876018047332764] [0.990032970905304, -0.3634016513824463, -0.5467314720153809]
[0.20252996683120728, 0.10887204110622406, 0.5690720677375793, 1.2594560384750366, 1.313062071800232, 0.2152000069618225, -0.04751203954219818] [0.1276281327009201, -0.0011974225053563714, 0.12457092851400375, 1.696419358253479, -0.4063710868358612, 1.2226409912109375] [0.990032970905304, -0.3634016513824463, -0.5467314720153809]
[0.22860796749591827, 0.087396040558815, 0.44481804966926575, 1.279397964477539, 1.3299360275268555, 0.2152000069618225, -0.04751203954219818] [0.12496957927942276, 0.0005064991419203579, 0.1165536567568779, 1.7155710458755493, -0.36099568009376526, 1.2468645572662354] [0.990032970905304, -0.3634016513824463, -0.5467314720153809]
[0.2424139678478241, 0.08893004059791565, 0.4340800642967224, 1.2855340242385864, 1.3360720872879028, 0.2152000069618225, -0.04751203954219818] [0.12447068095207214, 0.0013635789509862661, 0.11409054696559906, 1.7196251153945923, -0.34180817008018494, 1.2528923749923706] [0.990032970905304, -0.3634016513824463, -0.5467314720153809]
[0.2623559832572937, 0.087396040558815, 0.4064680337905884, 1.284000039100647, 1.3376060724258423, 0.2152000069618225, -0.04751203954219818] [0.12401182949542999, 0.0024146472569555044, 0.10809344053268433, 1.732296347618103, -0.30791088938713074, 1.2547656297683716] [0.990032970905304, -0.3634016513824463, -0.5467314720153809]
[0.2822979688644409, 0.087396040558815, 0.3650500476360321, 1.284000039100647, 1.3376060724258423, 0.2152000069618225, -0.04751203954219818] [0.12271829694509506, 0.004067049827426672, 0.10055960714817047, 1.741325855255127, -0.2619612514972687, 1.2641799449920654] [0.990032970905304, -0.3634016513824463, -0.5467314720153809]
[0.30684196949005127, 0.08893004059791565, 0.3451080322265625, 1.2855340242385864, 1.3376060724258423, 0.21559999883174896, -0.04751203954219818] [0.12232168018817902, 0.004449701867997646, 0.09722209721803665, 1.7553513050079346, -0.24695900082588196, 1.2638647556304932] [0.990032970905304, -0.3634016513824463, -0.5467314720153809]
[0.31911396980285645, 0.08893004059791565, 0.3420400619506836, 1.2855340242385864, 1.3360720872879028, 0.21559999883174896, -0.04904603958129883] [0.12198679149150848, 0.004654392600059509, 0.09655026346445084, 1.7581127882003784, -0.2461923211812973, 1.2652571201324463] [0.990032970905304, -0.3634016513824463, -0.5467314720153809]
[0.3267839550971985, 0.08893004059791565, 0.3589140474796295, 1.2870680093765259, 1.3299360275268555, 0.2152000069618225, -0.04751203954219818] [0.12258149683475494, 0.004065042361617088, 0.09724581241607666, 1.7675460577011108, -0.2585669457912445, 1.256393551826477] [0.990032970905304, -0.3634016513824463, -0.5467314720153809]
[0.3267839550971985, 0.08893004059791565, 0.3788560628890991, 1.2870680093765259, 1.3053920269012451, 0.2152000069618225, -0.04904603958129883] [0.12319408357143402, 0.0033600633032619953, 0.09934578835964203, 1.7495568990707397, -0.2783428728580475, 1.249110221862793] [0.990032970905304, -0.3634016513824463, -0.5467314720153809]
[0.3267839550971985, 0.08893004059791565, 0.38652604818344116, 1.2870680093765259, 1.2685760259628296, 0.21639999747276306, -0.04904603958129883] [0.1233896017074585, 0.0032738528680056334, 0.09929729253053665, 1.7136375904083252, -0.2831697165966034, 1.2460453510284424] [0.990032970905304, -0.3634016513824463, -0.5467314720153809]
[0.3283179700374603, 0.08893004059791565, 0.3880600333213806, 1.2855340242385864, 1.2563040256500244, 0.21639999747276306, -0.04904603958129883] [0.12354599684476852, 0.0032946220599114895, 0.09912196546792984, 1.704835295677185, -0.2825047969818115, 1.2446057796478271] [0.990032970905304, -0.3634016513824463, -0.5467314720153809]
[0.3283179700374603, 0.087396040558815, 0.39573004841804504, 1.2855340242385864, 1.2440320253372192, 0.21639999747276306, -0.04751203954219818] [0.12377983331680298, 0.0029383229557424784, 0.09989647567272186, 1.6964774131774902, -0.29195427894592285, 1.2409296035766602] [0.990032970905304, -0.3634016513824463, -0.5467314720153809]
[0.32985198497772217, 0.08893004059791565, 0.4034000635147095, 1.2870680093765259, 1.2271580696105957, 0.2160000056028366, -0.04751203954219818] [0.12410867214202881, 0.002810721518471837, 0.10025534778833389, 1.6788493394851685, -0.2957489788532257, 1.237903118133545] [0.990032970905304, -0.3634016513824463, -0.5467314720153809]
[0.3283179700374603, 0.087396040558815, 0.40186604857444763, 1.2855340242385864, 1.221022129058838, 0.21639999747276306, -0.04904603958129883] [0.12419767677783966, 0.0027035074308514595, 0.10001882165670395, 1.674984335899353, -0.2939588725566864, 1.2371753454208374] [0.990032970905304, -0.3634016513824463, -0.5467314720153809]
[0.3283179700374603, 0.087396040558815, 0.39879804849624634, 1.2855340242385864, 1.2194880247116089, 0.21639999747276306, -0.04904603958129883] [0.12424450367689133, 0.002810962963849306, 0.09964896738529205, 1.6741455793380737, -0.2906409800052643, 1.2370822429656982] [0.990032970905304, -0.3634016513824463, -0.5467314720153809]
[0.3283179700374603, 0.087396040558815, 0.39879804849624634, 1.2686599493026733, 1.221022129058838, 0.2160000056028366, -0.04904603958129883] [0.1263308823108673, 0.0026054694317281246, 0.0987386479973793, 1.677882194519043, -0.28186333179473877, 1.2184162139892578] [0.990032970905304, -0.3634016513824463, -0.5467314720153809]
[0.3283179700374603, 0.087396040558815, 0.39879804849624634, 1.2533199787139893, 1.221022129058838, 0.2160000056028366, -0.04904603958129883] [0.1283038854598999, 0.0023077353835105896, 0.09806987643241882, 1.684790849685669, -0.27497896552085876, 1.200595498085022] [0.990032970905304, -0.3634016513824463, -0.5467314720153809]
[0.3283179700374603, 0.087396040558815, 0.4034000635147095, 1.2303099632263184, 1.221022129058838, 0.21639999747276306, -0.050580039620399475] [0.13018101453781128, 0.002110360888764262, 0.09776768088340759, 1.689469337463379, -0.2703205347061157, 1.1839680671691895] [0.990032970905304, -0.3634016513824463, -0.5467314720153809]
[0.3237159848213196, 0.09353204071521759, 0.4141380488872528, 1.1996300220489502, 1.221022129058838, 0.21639999747276306, -0.050580039620399475] [0.13335050642490387, 0.002096650656312704, 0.09897066652774811, 1.6989285945892334, -0.2734006643295288, 1.1563714742660522] [0.990032970905304, -0.3634016513824463, -0.5467314720153809]
[0.3145119547843933, 0.1165420413017273, 0.43868204951286316, 1.1459399461746216, 1.221022129058838, 0.21639999747276306, -0.05211403965950012] [0.13704358041286469, 0.003462949302047491, 0.10104812681674957, 1.718027114868164, -0.2807188630104065, 1.1240959167480469] [0.990032970905304, -0.3634016513824463, -0.5467314720153809]
[0.3007059693336487, 0.139552041888237, 0.4555560350418091, 1.0922499895095825, 1.2194880247116089, 0.2160000056028366, -0.05211403965950012] [0.14004981517791748, 0.005105144809931517, 0.10296700149774551, 1.7243114709854126, -0.2820054888725281, 1.0999665260314941] [0.990032970905304, -0.3634016513824463, -0.5467314720153809]
[0.2546859681606293, 0.1947760432958603, 0.47856605052948, 0.8744219541549683, 1.2194880247116089, 0.2160000056028366, -0.05211403965950012] [0.156797394156456, 0.009491011500358582, 0.10691943764686584, 1.7697569131851196, -0.2444366067647934, 0.9517509341239929] [0.990032970905304, -0.3634016513824463, -0.5467314720153809]
[0.17338396608829498, 0.3420400619506836, 0.5491300821304321, 0.6504579782485962, 1.2194880247116089, 0.2160000056028366, -0.055182039737701416] [0.16747216880321503, 0.011086896061897278, 0.11100904643535614, 1.7846640348434448, -0.2122391164302826, 0.8480676412582397] [0.990032970905304, -0.3634016513824463, -0.5467314720153809]
[0.14577196538448334, 0.34971004724502563, 0.5383920669555664, 0.6167099475860596, 1.2194880247116089, 0.21639999747276306, -0.055182039737701416] [0.17062842845916748, 0.00917853508144617, 0.11050710827112198, 1.7930153608322144, -0.20109018683433533, 0.8162107467651367] [0.990032970905304, -0.3634016513824463, -0.5467314720153809]
[0.13349996507167816, 0.34357404708862305, 0.552198052406311, 0.5691559910774231, 1.2194880247116089, 0.2160000056028366, -0.055182039737701416] [0.1739492267370224, 0.006849159486591816, 0.11281480640172958, 1.7926349639892578, -0.20044471323490143, 0.7821158170700073] [0.990032970905304, -0.3634016513824463, -0.5467314720153809]
[0.09975196421146393, 0.3128940463066101, 0.5614020824432373, 0.5139319896697998, 1.2194880247116089, 0.21639999747276306, -0.055182039737701416] [0.18011118471622467, -9.259033686248586e-05, 0.11609596014022827, 1.779474139213562, -0.19865429401397705, 0.718513011932373] [0.990032970905304, -0.3634016513824463, -0.5467314720153809]
[0.08287796378135681, 0.25153404474258423, 0.5690720677375793, 0.506261944770813, 1.2271580696105957, 0.21639999747276306, -0.05364803969860077] [0.18653418123722076, -0.012755943462252617, 0.11588352918624878, 1.7985105514526367, -0.19680257141590118, 0.6482049226760864] [0.990032970905304, -0.3634016513824463, -0.5467314720153809]
[0.08747996389865875, 0.17943604290485382, 0.5721400380134583, 0.5077959895133972, 1.2808480262756348, 0.21799999475479126, -0.05364803969860077] [0.19322863221168518, -0.02976946346461773, 0.11457420140504837, 1.8592312335968018, -0.18910717964172363, 0.56184321641922] [0.990032970905304, -0.3634016513824463, -0.5467314720153809]
[0.10742195695638657, 0.09199804067611694, 0.5782760381698608, 0.5292719602584839, 1.3176640272140503, 0.21799999475479126, -0.05211403965950012] [0.19584175944328308, -0.039894524961709976, 0.11072956025600433, 1.897583246231079, -0.17500168085098267, 0.5193045735359192] [0.990032970905304, -0.3634016513824463, -0.5467314720153809]
[0.13043196499347687, 0.05978403985500336, 0.5782760381698608, 0.5430779457092285, 1.325334072113037, 0.21799999475479126, -0.050580039620399475] [0.1962544023990631, -0.04343174770474434, 0.10827004164457321, 1.9037787914276123, -0.16791102290153503, 0.5083872079849243] [0.990032970905304, -0.3634016513824463, -0.5467314720153809]
[0.15957796573638916, 0.024502038955688477, 0.5782760381698608, 0.5829619765281677, 1.3268680572509766, 0.21799999475479126, -0.050580039620399475] [0.19565947353839874, -0.047337114810943604, 0.10494288057088852, 1.9070196151733398, -0.16296589374542236, 0.5059227347373962] [0.990032970905304, -0.3634016513824463, -0.5467314720153809]
[0.18105396628379822, -0.001575961709022522, 0.5767420530319214, 0.6259139776229858, 1.333004117012024, 0.21799999475479126, -0.050580039620399475] [0.19430096447467804, -0.04936588928103447, 0.10337966680526733, 1.9147435426712036, -0.166023388504982, 0.5144169926643372] [0.990032970905304, -0.3634016513824463, -0.5467314720153809]
[0.19792796671390533, -0.03225596249103546, 0.5767420530319214, 0.6734679937362671, 1.345276117324829, 0.21799999475479126, -0.04904603958129883] [0.19238878786563873, -0.05177721381187439, 0.10184797644615173, 1.9240520000457764, -0.17145904898643494, 0.5260974764823914] [0.990032970905304, -0.3634016513824463, -0.5467314720153809]
[0.2194039672613144, -0.05679996311664581, 0.5767420530319214, 0.7210220098495483, 1.345276117324829, 0.21799999475479126, -0.04751203954219818] [0.1903771013021469, -0.05208449065685272, 0.10102560371160507, 1.9262553453445435, -0.17857487499713898, 0.5433114171028137] [0.990032970905304, -0.3634016513824463, -0.5467314720153809]
[0.2393459677696228, -0.06907196342945099, 0.5767420530319214, 0.7655079960823059, 1.345276117324829, 0.21799999475479126, -0.045978039503097534] [0.1879192590713501, -0.05131284147500992, 0.09953045099973679, 1.9251232147216797, -0.18276260793209076, 0.567021369934082] [0.990032970905304, -0.3634016513824463, -0.5467314720153809]
[0.2623559832572937, -0.07520796358585358, 0.5736740827560425, 0.8007899522781372, 1.345276117324829, 0.21799999475479126, -0.045978039503097534] [0.18449534475803375, -0.04817953705787659, 0.09595349431037903, 1.929087519645691, -0.17770692706108093, 0.6046417951583862] [0.990032970905304, -0.3634016513824463, -0.5467314720153809]
[0.30223995447158813, -0.07520796358585358, 0.5414600372314453, 0.9219759702682495, 1.3191981315612793, 0.22599999606609344, -0.04751203954219818] [0.17338193953037262, -0.03826255723834038, 0.09136801958084106, 1.8835035562515259, -0.18345358967781067, 0.7268866300582886] [0.990032970905304, -0.3634016513824463, -0.5467314720153809]
[0.34519195556640625, -0.07367396354675293, 0.4893040657043457, 1.032423973083496, 1.2639740705490112, 0.22519999742507935, -0.045978039503097534] [0.16358068585395813, -0.028990350663661957, 0.08967331051826477, 1.79993736743927, -0.19419990479946136, 0.8337496519088745] [0.990032970905304, -0.3634016513824463, -0.5467314720153809]
[0.3436579704284668, -0.04299396276473999, 0.4816340506076813, 1.0339579582214355, 1.2440320253372192, 0.21480000019073486, -0.04751203954219818] [0.161885067820549, -0.02516215108335018, 0.08945470303297043, 1.784334659576416, -0.19384172558784485, 0.8574125170707703] [0.990032970905304, -0.3634016513824463, -0.5467314720153809]
[0.33598798513412476, -0.010779961943626404, 0.46476006507873535, 1.0339579582214355, 1.2348281145095825, 0.21480000019073486, -0.04904603958129883] [0.1589701771736145, -0.019106922671198845, 0.08954094350337982, 1.766639232635498, -0.19279512763023376, 0.8969913125038147] [0.990032970905304, -0.3634016513824463, -0.5467314720153809]
[0.3344539701938629, 0.03217203915119171, 0.4432840347290039, 1.0278220176696777, 1.221022129058838, 0.21480000019073486, -0.04904603958129883] [0.15537400543689728, -0.010818584822118282, 0.08859622478485107, 1.7522436380386353, -0.18643344938755035, 0.9425240755081177] [0.990032970905304, -0.3634016513824463, -0.5467314720153809]
[0.32985198497772217, 0.08432804048061371, 0.4340800642967224, 1.0078799724578857, 1.2179540395736694, 0.21480000019073486, -0.050580039620399475] [0.1524657905101776, -0.003935894463211298, 0.08902031928300858, 1.751278042793274, -0.18725501000881195, 0.9770944714546204] [0.990032970905304, -0.3634016513824463, -0.5467314720153809]
[0.32985198497772217, 0.12421204149723053, 0.4279440641403198, 0.9756659865379333, 1.21642005443573, 0.21439999341964722, -0.05211403965950012] [0.15183311700820923, 0.0009186181705445051, 0.08821545541286469, 1.7581971883773804, -0.17823918163776398, 0.986274242401123] [0.990032970905304, -0.3634016513824463, -0.5467314720153809]
[0.3267839550971985, 0.14108604192733765, 0.43101203441619873, 0.9572579860687256, 1.21642005443573, 0.21439999341964722, -0.05211403965950012] [0.15295061469078064, 0.001104045077227056, 0.08796542882919312, 1.7625691890716553, -0.17415685951709747, 0.9761250615119934] [0.990032970905304, -0.3634016513824463, -0.5467314720153809]
[0.32218196988105774, 0.13188204169273376, 0.44175004959106445, 0.9526559710502625, 1.2179540395736694, 0.21480000019073486, -0.05211403965950012] [0.15576019883155823, -0.002643462736159563, 0.09028159826993942, 1.7614861726760864, -0.18529516458511353, 0.9495326280593872] [0.990032970905304, -0.3634016513824463, -0.5467314720153809]
[0.3083759546279907, 0.09506604075431824, 0.4724300503730774, 0.9526559710502625, 1.2179540395736694, 0.21480000019073486, -0.05364803969860077] [0.16137778759002686, -0.01191502995789051, 0.09373214095830917, 1.7691806554794312, -0.20510926842689514, 0.8889378905296326] [0.990032970905304, -0.3634016513824463, -0.5467314720153809]
[0.3053079843521118, 0.04291003942489624, 0.4985080361366272, 0.9526559710502625, 1.2332940101623535, 0.21480000019073486, -0.05211403965950012] [0.1662319302558899, -0.022552894428372383, 0.09377649426460266, 1.7849465608596802, -0.2033018320798874, 0.8285442590713501] [0.990032970905304, -0.3634016513824463, -0.5467314720153809]
[0.3083759546279907, -0.0368579626083374, 0.5015760660171509, 0.978734016418457, 1.2670420408248901, 0.2152000069618225, -0.05211403965950012] [0.16907396912574768, -0.033117834478616714, 0.09380148351192474, 1.8032329082489014, -0.2008533924818039, 0.7820223569869995] [0.990032970905304, -0.3634016513824463, -0.5467314720153809]
[0.3145119547843933, -0.11355795711278915, 0.5046440362930298, 1.0063459873199463, 1.290052056312561, 0.2152000069618225, -0.050580039620399475] [0.1704055368900299, -0.042211733758449554, 0.0932992696762085, 1.80963134765625, -0.19658735394477844, 0.7470938563346863] [0.990032970905304, -0.3634016513824463, -0.5467314720153809]
[0.3237159848213196, -0.17798596620559692, 0.5046440362930298, 1.0600359439849854, 1.3038580417633057, 0.2152000069618225, -0.050580039620399475] [0.1684456616640091, -0.049466490745544434, 0.09349009394645691, 1.8053730726242065, -0.20340441167354584, 0.7405807375907898] [0.990032970905304, -0.3634016513824463, -0.5467314720153809]
[0.34825998544692993, -0.2822979688644409, 0.5031100511550903, 1.205765962600708, 1.3038580417633057, 0.2152000069618225, -0.05211403965950012] [0.1567801833152771, -0.05996599420905113, 0.09234399348497391, 1.7623664140701294, -0.21809569001197815, 0.7894066572189331] [0.990032970905304, -0.3634016513824463, -0.5467314720153809]
[0.41422197222709656, -0.4310959577560425, 0.49390605092048645, 1.4358659982681274, 1.3069260120391846, 0.2152000069618225, -0.05211403965950012] [0.14147523045539856, -0.0685172900557518, 0.08705765008926392, 1.7520456314086914, -0.20919419825077057, 0.8472270369529724] [0.990032970905304, -0.3634016513824463, -0.5467314720153809]
[0.5016599893569946, -0.506261944770813, 0.5046440362930298, 1.53097403049469, 1.3145960569381714, 0.2152000069618225, -0.045978039503097534] [0.1364840865135193, -0.06973293423652649, 0.08339230716228485, 1.7776663303375244, -0.19802133738994598, 0.8653164505958557] [0.990032970905304, -0.3634016513824463, -0.5467314720153809]
[0.5200679898262024, -0.5047279596328735, 0.5031100511550903, 1.5401780605316162, 1.3145960569381714, 0.21480000019073486, -0.045978039503097534] [0.1351066529750824, -0.0681520402431488, 0.08187942206859589, 1.7827472686767578, -0.19170543551445007, 0.8807628750801086] [0.990032970905304, -0.3634016513824463, -0.5467314720153809]
[0.5231359601020813, -0.481717973947525, 0.49083805084228516, 1.5509159564971924, 1.3038580417633057, 0.21480000019073486, -0.04751203954219818] [0.13391460478305817, -0.06473388522863388, 0.08105622977018356, 1.778859257698059, -0.19322897493839264, 0.905013918876648] [0.990032970905304, -0.3634016513824463, -0.5467314720153809]
[0.5246700048446655, -0.46944597363471985, 0.48010003566741943, 1.5677900314331055, 1.2915860414505005, 0.21480000019073486, -0.04904603958129883] [0.13310423493385315, -0.06254053860902786, 0.07974060624837875, 1.7688347101211548, -0.1858377754688263, 0.921374499797821] [0.990032970905304, -0.3634016513824463, -0.5467314720153809]
[0.5246700048446655, -0.44336795806884766, 0.46169203519821167, 1.5785280466079712, 1.2777800559997559, 0.21480000019073486, -0.04751203954219818] [0.13152511417865753, -0.05805462971329689, 0.07828713208436966, 1.7617504596710205, -0.1813024878501892, 0.953674852848053] [0.990032970905304, -0.3634016513824463, -0.5467314720153809]
[0.5246700048446655, -0.4188239574432373, 0.4463520646095276, 1.5785280466079712, 1.2670420408248901, 0.21480000019073486, -0.04751203954219818] [0.1298225373029709, -0.053372036665678024, 0.07751240581274033, 1.7572567462921143, -0.18192672729492188, 0.9874484539031982] [0.990032970905304, -0.3634016513824463, -0.5467314720153809]
[0.5185339450836182, -0.3804739713668823, 0.4233420491218567, 1.5785280466079712, 1.2578380107879639, 0.21480000019073486, -0.04751203954219818] [0.1275697946548462, -0.047868140041828156, 0.07675205171108246, 1.7485613822937012, -0.18041007220745087, 1.0296251773834229] [0.990032970905304, -0.3634016513824463, -0.5467314720153809]
[0.5154659748077393, -0.34212398529052734, 0.4049340486526489, 1.5785280466079712, 1.2501680850982666, 0.21480000019073486, -0.04751203954219818] [0.12526148557662964, -0.042961485683918, 0.07576769590377808, 1.7472784519195557, -0.1780812293291092, 1.067357063293457] [0.990032970905304, -0.3634016513824463, -0.5467314720153809]
[0.5139319896697998, -0.30684196949005127, 0.381924033164978, 1.5769939422607422, 1.2440320253372192, 0.21480000019073486, -0.04751203954219818] [0.12223567068576813, -0.03711908683180809, 0.07480420172214508, 1.7482846975326538, -0.1766989380121231, 1.113198161125183] [0.990032970905304, -0.3634016513824463, -0.5467314720153809]
[0.5108639597892761, -0.2623559832572937, 0.35277804732322693, 1.5739259719848633, 1.2394300699234009, 0.21480000019073486, -0.04751203954219818] [0.11882016062736511, -0.03125736489892006, 0.07386571913957596, 1.7450039386749268, -0.17287664115428925, 1.1621074676513672] [0.990032970905304, -0.3634016513824463, -0.5467314720153809]
[0.506261944770813, -0.2101999670267105, 0.3328360319137573, 1.5539840459823608, 1.236362099647522, 0.21480000019073486, -0.04751203954219818] [0.11515267938375473, -0.02512241341173649, 0.07418490201234818, 1.742674708366394, -0.17911812663078308, 1.2129902839660645] [0.990032970905304, -0.3634016513824463, -0.5467314720153809]
[0.5016599893569946, -0.1703159660100937, 0.3128940463066101, 1.5401780605316162, 1.2348281145095825, 0.21480000019073486, -0.04751203954219818] [0.1119639128446579, -0.01966192200779915, 0.07440594583749771, 1.7426226139068604, -0.18390078842639923, 1.255899429321289] [0.990032970905304, -0.3634016513824463, -0.5467314720153809]
[0.48938798904418945, -0.12276195734739304, 0.30522406101226807, 1.5033619403839111, 1.2348281145095825, 0.21480000019073486, -0.04904603958129883] [0.11265160888433456, -0.015195652842521667, 0.07450827956199646, 1.7431994676589966, -0.18124930560588837, 1.2642431259155273] [0.990032970905304, -0.3634016513824463, -0.5467314720153809]
[0.47558197379112244, -0.05833396315574646, 0.3021560311317444, 1.437399983406067, 1.2348281145095825, 0.21480000019073486, -0.04904603958129883] [0.11503540724515915, -0.0072031221352517605, 0.07560311257839203, 1.7450532913208008, -0.18048880994319916, 1.2662599086761475] [0.990032970905304, -0.3634016513824463, -0.5467314720153809]
[0.4525719881057739, 0.015298038721084595, 0.2929520606994629, 1.3591660261154175, 1.2348281145095825, 0.21480000019073486, -0.04904603958129883] [0.11659324169158936, -0.0005666045472025871, 0.07605797797441483, 1.7437032461166382, -0.17306917905807495, 1.2682584524154663] [0.990032970905304, -0.3634016513824463, -0.5467314720153809]
[0.4356979727745056, 0.05671603977680206, 0.2837480306625366, 1.3116120100021362, 1.2348281145095825, 0.21439999341964722, -0.04904603958129883] [0.11841561645269394, 0.004653298761695623, 0.07596524059772491, 1.737615942955017, -0.15900887548923492, 1.263934850692749] [0.990032970905304, -0.3634016513824463, -0.5467314720153809]
[0.4157559871673584, 0.11194004118442535, 0.2791460454463959, 1.2303099632263184, 1.2348281145095825, 0.21480000019073486, -0.05211403965950012] [0.12019872665405273, 0.011891632340848446, 0.07764611393213272, 1.7283987998962402, -0.15212728083133698, 1.2610652446746826] [0.990032970905304, -0.3634016513824463, -0.5467314720153809]
[0.38814395666122437, 0.1594940423965454, 0.2760780453681946, 1.182755947113037, 1.236362099647522, 0.21480000019073486, -0.050580039620399475] [0.12206961959600449, 0.014321878552436829, 0.07929787039756775, 1.7179725170135498, -0.1504845917224884, 1.251259207725525] [0.990032970905304, -0.3634016513824463, -0.5467314720153809]
[0.3804739713668823, 0.16102804243564606, 0.2898840308189392, 1.1658819913864136, 1.236362099647522, 0.21480000019073486, -0.050580039620399475] [0.12453348934650421, 0.013732398860156536, 0.07994946837425232, 1.7246313095092773, -0.1528874784708023, 1.2298941612243652] [0.990032970905304, -0.3634016513824463, -0.5467314720153809]
[0.3758719563484192, 0.1625620424747467, 0.308292031288147, 1.1413379907608032, 1.2378960847854614, 0.21480000019073486, -0.050580039620399475] [0.12804202735424042, 0.012891842983663082, 0.0815260037779808, 1.7344138622283936, -0.16050003468990326, 1.1995534896850586] [0.990032970905304, -0.3634016513824463, -0.5467314720153809]
[0.36820197105407715, 0.15642604231834412, 0.34357404708862305, 1.113726019859314, 1.2378960847854614, 0.21480000019073486, -0.05211403965950012] [0.13310512900352478, 0.010174622759222984, 0.08380474895238876, 1.7498317956924438, -0.17386071383953094, 1.1540908813476562] [0.990032970905304, -0.3634016513824463, -0.5467314720153809]
[0.3666679859161377, 0.1334160417318344, 0.374254047870636, 1.1075899600982666, 1.2394300699234009, 0.21480000019073486, -0.05211403965950012] [0.13685467839241028, 0.0061927796341478825, 0.08581823855638504, 1.7640019655227661, -0.19042639434337616, 1.1174217462539673] [0.990032970905304, -0.3634016513824463, -0.5467314720153809]
[0.36820197105407715, 0.13034804165363312, 0.3972640633583069, 1.1075899600982666, 1.2424980401992798, 0.21480000019073486, -0.05211403965950012] [0.137540802359581, 0.005431722849607468, 0.08749190717935562, 1.781151533126831, -0.20641537010669708, 1.1082791090011597] [0.990032970905304, -0.3634016513824463, -0.5467314720153809]
[0.3728039860725403, 0.13034804165363312, 0.426410049200058, 1.109123945236206, 1.271644115447998, 0.21439999341964722, -0.05211403965950012] [0.13976775109767914, 0.003069721395149827, 0.0919402465224266, 1.8423726558685303, -0.24306179583072662, 1.0818305015563965] [0.990032970905304, -0.3634016513824463, -0.5467314720153809]
[0.3728039860725403, 0.12728004157543182, 0.5690720677375793, 1.1075899600982666, 1.2762460708618164, 0.21439999341964722, -0.05211403965950012] [0.1474786102771759, -0.006746619939804077, 0.10701563954353333, 1.9526052474975586, -0.3709518611431122, 0.9795723557472229] [0.990032970905304, -0.3634016513824463, -0.5467314720153809]
[0.36513397097587585, 0.11500804126262665, 0.8053080439567566, 1.1075899600982666, 1.2762460708618164, 0.21439999341964722, -0.05211403965950012] [0.1576642394065857, -0.02618044801056385, 0.12453687191009521, 2.1147236824035645, -0.5221557021141052, 0.8037087917327881] [0.990032970905304, -0.3634016513824463, -0.5467314720153809]
[0.36513397097587585, 0.07972604036331177, 1.010864019393921, 1.1075899600982666, 1.2762460708618164, 0.21439999341964722, -0.05211403965950012] [0.16681843996047974, -0.052646663039922714, 0.13706272840499878, 2.331411361694336, -0.641383945941925, 0.5622385740280151] [0.990032970905304, -0.3634016513824463, -0.5467314720153809]
[0.3666679859161377, 0.0383080393075943, 1.3238000869750977, 1.1075899600982666, 1.2762460708618164, 0.21439999341964722, -0.05211403965950012] [0.17299970984458923, -0.08766689896583557, 0.14592626690864563, 2.6508119106292725, -0.7272936701774597, 0.21747452020645142] [0.990032970905304, -0.3634016513824463, -0.5467314720153809]
[0.3728039860725403, -0.006177961826324463, 1.6858240365982056, 1.1075899600982666, 1.2762460708618164, 0.21439999341964722, -0.05211403965950012] [0.17398089170455933, -0.12765854597091675, 0.14489254355430603, 3.0273337364196777, -0.7153371572494507, -0.18855908513069153] [0.990032970905304, -0.3634016513824463, -0.5467314720153809]
[0.39734798669815063, -0.030721962451934814, 1.932798147201538, 1.1075899600982666, 1.2762460708618164, 0.21439999341964722, -0.05211403965950012] [0.17065653204917908, -0.15899251401424408, 0.1333913803100586, -2.9851744174957275, -0.6131957173347473, -0.4853816032409668] [0.990032970905304, -0.3634016513824463, -0.5467314720153809]
[0.4326299726963043, -0.04759596288204193, 2.0616540908813477, 1.1075899600982666, 1.2639740705490112, 0.21439999341964722, -0.05211403965950012] [0.16938112676143646, -0.16788716614246368, 0.1250235140323639, -2.939641237258911, -0.5531743764877319, -0.5572613477706909] [0.990032970905304, -0.3634016513824463, -0.5467314720153809]
[0.46330997347831726, -0.055265963077545166, 2.0908000469207764, 1.109123945236206, 1.2670420408248901, 0.21439999341964722, -0.05211403965950012] [0.1686820685863495, -0.17128314077854156, 0.1204337626695633, -2.945312261581421, -0.528008759021759, -0.5716975331306458] [0.990032970905304, -0.3634016513824463, -0.5467314720153809]
[0.49245595932006836, -0.06753796339035034, 2.1276161670684814, 1.109123945236206, 1.2685760259628296, 0.21439999341964722, -0.05211403965950012] [0.16899026930332184, -0.1721436232328415, 0.11481965333223343, -2.9678285121917725, -0.4997589886188507, -0.564663827419281] [0.990032970905304, -0.3634016513824463, -0.5467314720153809]
[0.5354079604148865, -0.06753796339035034, 2.1444900035858154, 1.1029880046844482, 1.271644115447998, 0.21559999883174896, -0.05211403965950012] [0.16971455514431, -0.17210173606872559, 0.10897223651409149, -2.986682653427124, -0.46833544969558716, -0.5533450841903687] [0.990032970905304, -0.3634016513824463, -0.5467314720153809]
[0.5384759902954102, -0.06753796339035034, 2.1444900035858154, 1.1014540195465088, 1.2701101303100586, 0.21559999883174896, -0.05211403965950012] [0.169939324259758, -0.17186520993709564, 0.10852169245481491, -2.987172842025757, -0.46523863077163696, -0.5512057542800903] [0.990032970905304, -0.3634016513824463, -0.5467314720153809]
[0.5415439605712891, -0.0660039633512497, 2.139888048171997, 1.1014540195465088, 1.2701101303100586, 0.2152000069618225, -0.05211403965950012] [0.1699521839618683, -0.17186520993709564, 0.10826098173856735, -2.9880712032318115, -0.4639316499233246, -0.5508032441139221] [0.990032970905304, -0.3634016513824463, -0.5467314720153809]
[0.5415439605712891, -0.0660039633512497, 2.139888048171997, 1.1014540195465088, 1.2701101303100586, 0.2152000069618225, -0.05211403965950012] [0.17004914581775665, -0.17164824903011322, 0.10820267349481583, -2.9873175621032715, -0.4635181725025177, -0.5498257875442505] [0.990032970905304, -0.3634016513824463, -0.5467314720153809]
[0.5415439605712891, -0.0660039633512497, 2.139888048171997, 1.1014540195465088, 1.2701101303100586, 0.2152000069618225, -0.05211403965950012] [0.17004914581775665, -0.17164824903011322, 0.10820267349481583, -2.9873175621032715, -0.4635181725025177, -0.5498257875442505] [0.990032970905304, -0.3634016513824463, -0.5467314720153809]
[0.5415439605712891, -0.0660039633512497, 2.139888048171997, 1.1014540195465088, 1.2701101303100586, 0.2152000069618225, -0.05211403965950012] [0.17004914581775665, -0.17164824903011322, 0.10820267349481583, -2.9873175621032715, -0.4635181725025177, -0.5498257875442505] [0.990032970905304, -0.3634016513824463, -0.5467314720153809]
[0.5430779457092285, -0.06446996331214905, 2.139888048171997, 1.1014540195465088, 1.2701101303100586, 0.21559999883174896, -0.05211403965950012] [0.17004914581775665, -0.17164824903011322, 0.10820267349481583, -2.9873175621032715, -0.4635181725025177, -0.5498257875442505] [0.990032970905304, -0.3634016513824463, -0.5467314720153809]
[0.5415439605712891, -0.06446996331214905, 2.139888048171997, 1.1014540195465088, 1.2701101303100586, 0.21559999883174896, -0.05211403965950012] [0.17006152868270874, -0.17164824903011322, 0.10794180631637573, -2.988213062286377, -0.462210088968277, -0.5494259595870972] [0.990032970905304, -0.3634016513824463, -0.5467314720153809]
