[0.0353374108672142, -0.24255260825157166, 0.31312817335128784, 2.698650360107422, 0.1699705868959427, -0.60797119140625] [0.533873975276947, -0.7332940101623535, 1.3238000869750977, 0.3543959856033325, 1.7502521276474, 0.9968000054359436, -1.3023240566253662, -1.2978060245513916]
[0.03547661378979683, -0.24264858663082123, 0.31293559074401855, 2.697988510131836, 0.17112693190574646, -0.6084429025650024] [0.533873975276947, -0.7332940101623535, 1.3238000869750977, 0.3543959856033325, 1.7502521276474, 0.9971999526023865, -1.313062071800232, -1.2932039499282837]
[0.036323901265859604, -0.24284467101097107, 0.3116682171821594, 2.6941921710968018, 0.17799490690231323, -0.6103811860084534] [0.533873975276947, -0.7332940101623535, 1.3238000869750977, 0.3543959856033325, 1.7502521276474, 0.9968000054359436, -1.3176640272140503, -1.2947380542755127]
[0.03699544817209244, -0.24299238622188568, 0.31066933274269104, 2.691477060317993, 0.18259958922863007, -0.6111651659011841] [0.5323399901390076, -0.7332940101623535, 1.3238000869750977, 0.355929970741272, 1.7502521276474, 0.9968000054359436, -1.3176640272140503, -1.2947380542755127]
[0.037424638867378235, -0.24298572540283203, 0.3103049397468567, 2.6900384426116943, 0.18387079238891602, -0.6107998490333557] [0.533873975276947, -0.7332940101623535, 1.3238000869750977, 0.3543959856033325, 1.7502521276474, 0.9968000054359436, -1.3176640272140503, -1.2947380542755127]
[0.037405166774988174, -0.24297882616519928, 0.31024885177612305, 2.6895947456359863, 0.18416434526443481, -0.6111255884170532] [0.533873975276947, -0.7332940101623535, 1.3238000869750977, 0.355929970741272, 1.7502521276474, 0.9971999526023865, -1.3161300420761108, -1.2947380542755127]
[0.03739548102021217, -0.24302352964878082, 0.31016412377357483, 2.6894922256469727, 0.1852327138185501, -0.6118972897529602] [0.533873975276947, -0.734827995300293, 1.3238000869750977, 0.355929970741272, 1.7502521276474, 0.9968000054359436, -1.3161300420761108, -1.2932039499282837]
[0.03746451064944267, -0.24291262030601501, 0.31038954854011536, 2.6898624897003174, 0.18365153670310974, -0.6108092665672302] [0.533873975276947, -0.7332940101623535, 1.3238000869750977, 0.3543959856033325, 1.7502521276474, 0.9968000054359436, -1.3161300420761108, -1.2932039499282837]
[0.037264298647642136, -0.24303801357746124, 0.3103051781654358, 2.690300226211548, 0.1842941790819168, -0.6116328835487366] [0.533873975276947, -0.7332940101623535, 1.3238000869750977, 0.355929970741272, 1.7502521276474, 0.9968000054359436, -1.3145960569381714, -1.2932039499282837]
[0.037221893668174744, -0.24310468137264252, 0.31031686067581177, 2.690624713897705, 0.1841581165790558, -0.6116549968719482] [0.533873975276947, -0.7332940101623535, 1.3238000869750977, 0.355929970741272, 1.7502521276474, 0.9968000054359436, -1.3145960569381714, -1.2916699647903442]
[0.037294790148735046, -0.24313849210739136, 0.31036636233329773, 2.6911425590515137, 0.18394601345062256, -0.6112999320030212] [0.533873975276947, -0.734827995300293, 1.3238000869750977, 0.355929970741272, 1.7502521276474, 0.9968000054359436, -1.3145960569381714, -1.2916699647903442]
[0.03731151670217514, -0.24319659173488617, 0.3103286027908325, 2.6914310455322266, 0.18399034440517426, -0.6111863851547241] [0.533873975276947, -0.7332940101623535, 1.3238000869750977, 0.3543959856033325, 1.7502521276474, 0.9968000054359436, -1.313062071800232, -1.2901359796524048]
[0.030628211796283722, -0.23743991553783417, 0.3229389786720276, 2.7076032161712646, 0.11585733294487, -0.5787419080734253] [0.533873975276947, -0.7210220098495483, 1.3053920269012451, 0.3758719563484192, 1.7395141124725342, 0.08480000495910645, -1.2501680850982666, -1.2119020223617554]
[0.028649140149354935, -0.23692455887794495, 0.3254419267177582, 2.6995487213134766, 0.10336267948150635, -0.5730698704719543] [0.5323399901390076, -0.7225559949874878, 1.2869840860366821, 0.37740597128868103, 1.7395141124725342, 0.0844000056385994, -1.236362099647522, -1.1965620517730713]
[0.02727738581597805, -0.23629315197467804, 0.3271344304084778, 2.6944973468780518, 0.09503699094057083, -0.5678672790527344] [0.5323399901390076, -0.7225559949874878, 1.2394300699234009, 0.3988819718360901, 1.7364461421966553, 0.08480000495910645, -1.193410038948059, -1.1536099910736084]
[0.023237287998199463, -0.2322288453578949, 0.33508241176605225, 2.6602590084075928, 0.047610461711883545, -0.5302972793579102] [0.526203989982605, -0.7225559949874878, 1.198012113571167, 0.421891987323761, 1.7333780527114868, 0.08480000495910645, -1.1596620082855225, -1.1152600049972534]
[0.02146938443183899, -0.22236447036266327, 0.3463882803916931, 2.5911591053009033, -0.03260224685072899, -0.4455934166908264] [0.5200679898262024, -0.7225559949874878, 1.101370096206665, 0.5292719602584839, 1.7241740226745605, 0.0844000056385994, -1.1473901271820068, -1.1029880046844482]
[0.0214897058904171, -0.20728273689746857, 0.35715681314468384, 2.4915452003479004, -0.12241213768720627, -0.3184974491596222] [0.5169999599456787, -0.7256239652633667, 0.9755820631980896, 0.7026139497756958, 1.7026981115341187, 0.08480000495910645, -1.1274480819702148, -1.0845799446105957]
[0.021922660991549492, -0.1848585456609726, 0.3613732159137726, 2.3221595287323, -0.16021046042442322, -0.1311703473329544] [0.5077959895133972, -0.7225559949874878, 0.8482600450515747, 0.788517951965332, 1.6520761251449585, 0.13279999792575836, -1.1136420965194702, -1.070773959159851]
[0.018143050372600555, -0.1803092658519745, 0.36723771691322327, 2.2153825759887695, -0.20433887839317322, -0.1023927628993988] [0.49245595932006836, -0.7225559949874878, 0.8467260599136353, 0.8145959973335266, 1.5907161235809326, 0.0844000056385994, -1.0983021259307861, -1.0539000034332275]
[0.016003569588065147, -0.1772889792919159, 0.3708157539367676, 2.192808151245117, -0.23333604633808136, -0.07763388007879257] [0.48938798904418945, -0.7210220098495483, 0.8467260599136353, 0.9143059849739075, 1.4756660461425781, 0.20679999887943268, -1.0768260955810547, -1.0339579582214355]
[0.008569614961743355, -0.1650703251361847, 0.38088420033454895, 2.0591139793395996, -0.3270847201347351, 0.0258176326751709] [0.4847859740257263, -0.7210220098495483, 0.8451920747756958, 0.9756659865379333, 1.463394045829773, 0.08480000495910645, -1.0768260955810547, -1.0339579582214355]
[0.0067126136273145676, -0.16118644177913666, 0.38389331102371216, 2.007521867752075, -0.35704734921455383, 0.061294205486774445] [0.47864997386932373, -0.7194879651069641, 0.8451920747756958, 1.012481927871704, 1.4235100746154785, 0.08320000022649765, -1.0768260955810547, -1.0339579582214355]
[0.005206936039030552, -0.1575830727815628, 0.38576263189315796, 1.9812110662460327, -0.3764854073524475, 0.09325862675905228] [0.4771159887313843, -0.7194879651069641, 0.8451920747756958, 1.0462299585342407, 1.405102014541626, 0.08799999952316284, -1.0768260955810547, -1.0339579582214355]
[0.0021186736412346363, -0.15073606371879578, 0.3888583481311798, 1.912655234336853, -0.4134860336780548, 0.15834710001945496] [0.47864997386932373, -0.7179539799690247, 0.8451920747756958, 1.1152600049972534, 1.3728880882263184, 0.08320000022649765, -1.0768260955810547, -1.0339579582214355]
[-0.00016573771426919848, -0.14684370160102844, 0.3911529779434204, 1.8941899538040161, -0.43692007660865784, 0.1991584151983261] [0.4771159887313843, -0.7179539799690247, 0.8451920747756958, 1.1750860214233398, 1.3621500730514526, 0.08320000022649765, -1.0768260955810547, -1.0339579582214355]
[-0.003733449149876833, -0.1397237926721573, 0.39398810267448425, 1.8498561382293701, -0.47065964341163635, 0.27125248312950134] [0.47558197379112244, -0.70414799451828, 0.8451920747756958, 1.2318439483642578, 1.3544800281524658, 0.08320000022649765, -1.0722240209579468, -1.0293560028076172]
[-0.00687737762928009, -0.12962986528873444, 0.3968961536884308, 1.8219276666641235, -0.5076170563697815, 0.35875093936920166] [0.47251397371292114, -0.6581279635429382, 0.8451920747756958, 1.2870680093765259, 1.3406740427017212, 0.08320000022649765, -1.066088080406189, -1.0232199430465698]
[-0.009672132320702076, -0.12032516300678253, 0.3994711935520172, 1.803957223892212, -0.5397936701774597, 0.4360223710536957] [0.46330997347831726, -0.6105740070343018, 0.8451920747756958, 1.3208160400390625, 1.3345381021499634, 0.08320000022649765, -1.06302011013031, -1.020151972770691]
[-0.012577520683407784, -0.11071428656578064, 0.4019956588745117, 1.786289095878601, -0.5686426758766174, 0.5180022716522217] [0.4541059732437134, -0.5691559910774231, 0.8344540596008301, 1.340757966041565, 1.3268680572509766, 0.08320000022649765, -1.061486005783081, -1.0186179876327515]
[-0.013463446870446205, -0.10437264293432236, 0.4027833938598633, 1.766314148902893, -0.5773558616638184, 0.566279411315918] [0.44336795806884766, -0.5277379751205444, 0.8129780292510986, 1.357632040977478, 1.3038580417633057, 0.08320000022649765, -1.061486005783081, -1.0186179876327515]
[-0.018057256937026978, -0.07117711752653122, 0.4004756510257721, 1.6909441947937012, -0.5903550982475281, 0.7944809794425964] [0.44029998779296875, -0.2792299687862396, 0.7746280431747437, 1.372972011566162, 1.1964781284332275, 0.13439999520778656, -1.0599520206451416, -1.0186179876327515]
[-0.023330071941018105, -0.047091566026210785, 0.3978356420993805, 1.6605334281921387, -0.5872036218643188, 0.9455965757369995] [0.4418339729309082, -0.16878196597099304, 0.7240060567855835, 1.3668359518051147, 1.1857401132583618, 0.08320000022649765, -1.0645540952682495, -1.0247540473937988]
[-0.02340313419699669, -0.04305555298924446, 0.3926917314529419, 1.6390188932418823, -0.539637565612793, 0.9728590846061707] [0.44336795806884766, -0.1703159660100937, 0.6779860258102417, 1.3668359518051147, 1.1872740983963013, 0.08320000022649765, -1.06302011013031, -1.0232199430465698]
[-0.024195004254579544, -0.039346564561128616, 0.38744792342185974, 1.6156947612762451, -0.4896875023841858, 1.0012953281402588] [0.44336795806884766, -0.1703159660100937, 0.6058880686759949, 1.3683700561523438, 1.1857401132583618, 0.08320000022649765, -1.0599520206451416, -1.020151972770691]
[-0.026898585259914398, -0.031832486391067505, 0.37446150183677673, 1.5669840574264526, -0.3724929988384247, 1.0566128492355347] [0.44643598794937134, -0.1703159660100937, 0.4954400658607483, 1.3714380264282227, 1.1872740983963013, 0.08320000022649765, -1.0538160800933838, -1.014016032218933]
[-0.030339809134602547, -0.027968820184469223, 0.36642101407051086, 1.5428839921951294, -0.30454471707344055, 1.0957298278808594] [0.4541059732437134, -0.16878196597099304, 0.41874003410339355, 1.3806419372558594, 1.1872740983963013, 0.08320000022649765, -1.046146035194397, -1.0048120021820068]
[-0.03581316024065018, -0.02494628168642521, 0.36163389682769775, 1.5228873491287231, -0.2636941075325012, 1.1272517442703247] [0.4648439884185791, -0.15957796573638916, 0.374254047870636, 1.3837100267410278, 1.1949440240859985, 0.08320000022649765, -1.0216020345687866, -0.9833359718322754]
[-0.03824431821703911, -0.023714963346719742, 0.36235958337783813, 1.5251996517181396, -0.26589033007621765, 1.1396021842956543] [0.46637797355651855, -0.14577196538448334, 0.3711860477924347, 1.3821760416030884, 1.2072160243988037, 0.08320000022649765, -1.0093300342559814, -0.9695299863815308]
[-0.04197992384433746, -0.021984290331602097, 0.36236950755119324, 1.533003568649292, -0.2685895264148712, 1.1523188352584839] [0.481717973947525, -0.13656796514987946, 0.37272006273269653, 1.3821760416030884, 1.2087500095367432, 0.08320000022649765, -1.0093300342559814, -0.9725979566574097]
[-0.04211727902293205, -0.021455751731991768, 0.3576059341430664, 1.5681242942810059, -0.25488829612731934, 1.142778754234314] [0.5154659748077393, -0.13196596503257751, 0.37272006273269653, 1.3745059967041016, 1.2087500095367432, 0.08320000022649765, -1.0139321088790894, -0.9771999716758728]
[-0.04160933941602707, -0.021448371931910515, 0.3573901951313019, 1.5717711448669434, -0.25328096747398376, 1.1408239603042603] [0.5139319896697998, -0.13196596503257751, 0.374254047870636, 1.3699040412902832, 1.2087500095367432, 0.08320000022649765, -1.0200680494308472, -0.9833359718322754]
[-0.040254857391119, -0.021632207557559013, 0.35707977414131165, 1.5763599872589111, -0.2523394823074341, 1.1342116594314575] [0.5154659748077393, -0.13196596503257751, 0.381924033164978, 1.3668359518051147, 1.2087500095367432, 0.08320000022649765, -1.0384761095046997, -1.001744031906128]
[-0.03377090394496918, -0.022423826158046722, 0.3547801673412323, 1.611031174659729, -0.24277052283287048, 1.1201153993606567] [0.5139319896697998, -0.13196596503257751, 0.38652604818344116, 1.3545639514923096, 1.2072160243988037, 0.08320000022649765, -1.0492141246795654, -1.0109479427337646]
[-0.02914365939795971, -0.022820020094513893, 0.35408949851989746, 1.6217448711395264, -0.2361612617969513, 1.101497769355774] [0.506261944770813, -0.13196596503257751, 0.3880600333213806, 1.3514959812164307, 1.2072160243988037, 0.08320000022649765, -1.0522820949554443, -1.014016032218933]
[-0.02838229387998581, -0.022813869640231133, 0.35410985350608826, 1.621109127998352, -0.23518167436122894, 1.1023283004760742] [0.5016599893569946, -0.13196596503257751, 0.38959404826164246, 1.3514959812164307, 1.2072160243988037, 0.08320000022649765, -1.0676220655441284, -1.0615699291229248]
[-0.02218887396156788, -0.0233770702034235, 0.35412052273750305, 1.6437890529632568, -0.24145139753818512, 1.0918216705322266] [0.4878539741039276, -0.13196596503257751, 0.4080020487308502, 1.3514959812164307, 1.2072160243988037, 0.08320000022649765, -1.1182440519332886, -1.0815119743347168]
[-0.013756818138062954, -0.023618679493665695, 0.35513561964035034, 1.6427644491195679, -0.2448522001504898, 1.0906096696853638] [0.44029998779296875, -0.13349996507167816, 0.4080020487308502, 1.3514959812164307, 1.1995460987091064, 0.08320000022649765, -1.1673320531845093, -1.1305999755859375]
[-0.00939639937132597, -0.023938020691275597, 0.355508416891098, 1.6351255178451538, -0.24553106725215912, 1.0896042585372925] [0.41728997230529785, -0.13349996507167816, 0.4080020487308502, 1.3514959812164307, 1.1949440240859985, 0.08320000022649765, -1.2148860692977905, -1.182755947113037]
[0.00033800682285800576, -0.02384112775325775, 0.35622072219848633, 1.6247204542160034, -0.24730919301509857, 1.0909335613250732] [0.363599956035614, -0.13349996507167816, 0.4080020487308502, 1.3514959812164307, 1.1857401132583618, 0.08320000022649765, -1.2378960847854614, -1.222640037536621]
[0.008436925709247589, -0.023646801710128784, 0.35615140199661255, 1.6113712787628174, -0.2468668520450592, 1.0923538208007812] [0.317579984664917, -0.13349996507167816, 0.4064680337905884, 1.3514959812164307, 1.1765360832214355, 0.08320000022649765, -1.2777800559997559, -1.2395139932632446]
[0.01575220562517643, -0.023566903546452522, 0.35735103487968445, 1.5777546167373657, -0.25268641114234924, 1.0965577363967896] [0.2546859681606293, -0.13349996507167816, 0.4049340486526489, 1.3514959812164307, 1.155060052871704, 0.08320000022649765, -1.3222661018371582, -1.2870680093765259]
[0.019923998042941093, -0.023564349859952927, 0.35760417580604553, 1.5672258138656616, -0.2537976801395416, 1.0951118469238281] [0.23781196773052216, -0.13349996507167816, 0.4034000635147095, 1.3438260555267334, 1.142788052558899, 0.08320000022649765, -1.3268680572509766, -1.2901359796524048]
[0.022402534261345863, -0.023172229528427124, 0.3563057482242584, 1.5587513446807861, -0.24626202881336212, 1.088183045387268] [0.23320996761322021, -0.13349996507167816, 0.4003320336341858, 1.337689995765686, 1.1412540674209595, 0.08320000022649765, -1.328402042388916, -1.2901359796524048]
[0.026035182178020477, -0.023829927667975426, 0.35696786642074585, 1.5507858991622925, -0.2371453195810318, 1.0524059534072876] [0.2132679671049118, -0.13196596503257751, 0.4003320336341858, 1.2717280387878418, 1.1412540674209595, 0.08320000022649765, -1.331470012664795, -1.2947380542755127]
[0.03441720828413963, -0.022428764030337334, 0.35709327459335327, 1.5565886497497559, -0.21804574131965637, 0.9931581020355225] [0.1871899664402008, -0.08287796378135681, 0.40186604857444763, 1.1612800359725952, 1.1412540674209595, 0.08320000022649765, -1.331470012664795, -1.2947380542755127]
[0.037235092371702194, -0.020038101822137833, 0.3569844365119934, 1.5632438659667969, -0.2095314860343933, 0.9759343266487122] [0.17951996624469757, -0.05833396315574646, 0.40186604857444763, 1.0830459594726562, 1.1412540674209595, 0.08320000022649765, -1.331470012664795, -1.2947380542755127]
[0.043548569083213806, -0.019798221066594124, 0.3563932180404663, 1.569718837738037, -0.19059860706329346, 0.9258449673652649] [0.1641799658536911, -0.039925962686538696, 0.4034000635147095, 1.0446959733963013, 1.1412540674209595, 0.08320000022649765, -1.331470012664795, -1.2947380542755127]
[0.049724895507097244, -0.023142391815781593, 0.35639238357543945, 1.5695067644119263, -0.17702238261699677, 0.8668845295906067] [0.15037396550178528, -0.039925962686538696, 0.4064680337905884, 0.9818019866943359, 1.13972008228302, 0.08320000022649765, -1.331470012664795, -1.2947380542755127]
[0.052701741456985474, -0.024870112538337708, 0.356200635433197, 1.568803071975708, -0.16860687732696533, 0.838183581829071] [0.1411699652671814, -0.039925962686538696, 0.4064680337905884, 0.9495880007743835, 1.1381860971450806, 0.08320000022649765, -1.331470012664795, -1.2947380542755127]
[0.05677603557705879, -0.027214549481868744, 0.356220006942749, 1.5657469034194946, -0.15845640003681183, 0.800037145614624] [0.12889796495437622, -0.03839196264743805, 0.4064680337905884, 0.9112379550933838, 1.1335840225219727, 0.08320000022649765, -1.331470012664795, -1.2947380542755127]
[0.058610107749700546, -0.028620494529604912, 0.3560313880443573, 1.5602717399597168, -0.15314319729804993, 0.7807657122612] [0.12429595738649368, -0.03839196264743805, 0.4064680337905884, 0.8836259841918945, 1.1320500373840332, 0.08320000022649765, -1.331470012664795, -1.2947380542755127]
[0.06436826288700104, -0.03276707977056503, 0.3558838963508606, 1.540688157081604, -0.13761714100837708, 0.721031665802002] [0.10588795691728592, -0.039925962686538696, 0.4049340486526489, 0.8207319974899292, 1.1090400218963623, 0.08320000022649765, -1.331470012664795, -1.2962720394134521]
[0.06637256592512131, -0.034546539187431335, 0.35584649443626404, 1.5236717462539673, -0.13403917849063873, 0.6998211145401001] [0.09821796417236328, -0.039925962686538696, 0.4049340486526489, 0.7915859818458557, 1.0967680215835571, 0.08320000022649765, -1.331470012664795, -1.2947380542755127]
[0.06949073821306229, -0.03726307302713394, 0.35552799701690674, 1.512421727180481, -0.12459894269704819, 0.6656513214111328] [0.09054796397686005, -0.039925962686538696, 0.4049340486526489, 0.7593719959259033, 1.0860300064086914, 0.08320000022649765, -1.331470012664795, -1.2947380542755127]
[0.0714934691786766, -0.03915146738290787, 0.355620414018631, 1.4920231103897095, -0.1203327402472496, 0.6422783136367798] [0.08441196382045746, -0.039925962686538696, 0.4049340486526489, 0.7363619804382324, 1.0706900358200073, 0.08320000022649765, -1.331470012664795, -1.2947380542755127]
[0.07521237432956696, -0.04356841742992401, 0.3549290597438812, 1.4883902072906494, -0.1071673184633255, 0.5946224927902222] [0.07674196362495422, -0.04759596288204193, 0.4049340486526489, 0.6934099793434143, 1.0706900358200073, 0.08320000022649765, -1.331470012664795, -1.2947380542755127]
[0.0764678567647934, -0.04600919038057327, 0.35463711619377136, 1.4875792264938354, -0.10293625295162201, 0.5759878754615784] [0.07367396354675293, -0.055265963077545166, 0.4049340486526489, 0.6826719641685486, 1.0706900358200073, 0.08320000022649765, -1.331470012664795, -1.2947380542755127]
[0.07746774703264236, -0.04865850508213043, 0.35459381341934204, 1.4855462312698364, -0.10054551810026169, 0.5586512088775635] [0.07367396354675293, -0.06753796339035034, 0.4049340486526489, 0.6780699491500854, 1.0706900358200073, 0.08320000022649765, -1.3299360275268555, -1.2932039499282837]
[0.0777093768119812, -0.050405871123075485, 0.3547682762145996, 1.4835472106933594, -0.10071433335542679, 0.5497730374336243] [0.07367396354675293, -0.07367396354675293, 0.4049340486526489, 0.6780699491500854, 1.0706900358200073, 0.08320000022649765, -1.328402042388916, -1.2901359796524048]
[0.05351461470127106, -0.07667328417301178, 0.35382360219955444, 1.4087159633636475, -0.07500851154327393, 0.43379566073417664] [0.20866596698760986, -0.21173396706581116, 0.33743804693222046, 0.6826719641685486, 1.0752921104431152, 0.08320000022649765, -1.1412540674209595, -1.1029880046844482]
[0.048236384987831116, -0.07626686990261078, 0.3550339937210083, 1.406293272972107, -0.08348865807056427, 0.43843352794647217] [0.22553996741771698, -0.2101999670267105, 0.33743804693222046, 0.6857399940490723, 1.0768260955810547, 0.08320000022649765, -1.1228461265563965, -1.0830459594726562]
[0.04449659213423729, -0.07601146399974823, 0.3554740250110626, 1.4051237106323242, -0.08727545291185379, 0.4418150782585144] [0.2393459677696228, -0.2101999670267105, 0.335904061794281, 0.6888079643249512, 1.084496021270752, 0.08320000022649765, -1.1075060367584229, -1.070773959159851]
[0.041236430406570435, -0.07580608874559402, 0.356201171875, 1.41078782081604, -0.09264476597309113, 0.4463053047657013] [0.25315195322036743, -0.21173396706581116, 0.335904061794281, 0.7026139497756958, 1.0952340364456177, 0.08320000022649765, -1.0983021259307861, -1.0615699291229248]
[0.038069576025009155, -0.07366866618394852, 0.35724759101867676, 1.4269790649414062, -0.09956474602222443, 0.46269407868385315] [0.2623559832572937, -0.20406396687030792, 0.33437004685401917, 0.7056819796562195, 1.1182440519332886, 0.08320000022649765, -1.0875641107559204, -1.0508320331573486]
[0.03553036227822304, -0.07165239006280899, 0.3572557270526886, 1.4450669288635254, -0.09949623793363571, 0.47387588024139404] [0.2715599536895752, -0.19792796671390533, 0.33130204677581787, 0.7102839946746826, 1.1320500373840332, 0.0828000009059906, -1.0768260955810547, -1.040094017982483]
[0.033684853464365005, -0.07087842375040054, 0.3574056029319763, 1.4570057392120361, -0.10103671252727509, 0.47842228412628174] [0.28076398372650146, -0.1902579665184021, 0.3328360319137573, 0.7102839946746826, 1.1473901271820068, 0.08320000022649765, -1.0691560506820679, -1.0293560028076172]
[0.031039979308843613, -0.06752248853445053, 0.3576260209083557, 1.4733214378356934, -0.10309097915887833, 0.4968217611312866] [0.28996795415878296, -0.17798596620559692, 0.3297680616378784, 0.7179539799690247, 1.1642640829086304, 0.08320000022649765, -1.0599520206451416, -1.020151972770691]
[0.02856341563165188, -0.06539233773946762, 0.35753124952316284, 1.4882014989852905, -0.10301347821950912, 0.5112026929855347] [0.2976379692554474, -0.16878196597099304, 0.32670003175735474, 0.7210220098495483, 1.1842060089111328, 0.08320000022649765, -1.0553500652313232, -1.017084002494812]
[0.0265045166015625, -0.06302529573440552, 0.35841429233551025, 1.5132392644882202, -0.10761196911334991, 0.5262603163719177] [0.30223995447158813, -0.15957796573638916, 0.32670003175735474, 0.7286919951438904, 1.21642005443573, 0.08320000022649765, -1.0507481098175049, -1.014016032218933]
[0.02483334206044674, -0.06038043648004532, 0.35849034786224365, 1.5396214723587036, -0.10877162963151932, 0.5426071286201477] [0.30684196949005127, -0.14270396530628204, 0.3251660466194153, 0.7302259802818298, 1.2394300699234009, 0.08320000022649765, -1.0507481098175049, -1.012481927871704]
[0.023214295506477356, -0.055546436458826065, 0.35840606689453125, 1.568090796470642, -0.10817967355251312, 0.5683549642562866] [0.3114439845085144, -0.1181599572300911, 0.32670003175735474, 0.7302259802818298, 1.2532360553741455, 0.08320000022649765, -1.0492141246795654, -1.012481927871704]
[0.02166053280234337, -0.049946706742048264, 0.358959823846817, 1.5764976739883423, -0.1121232733130455, 0.5967040061950684] [0.3114439845085144, -0.08747996389865875, 0.32670003175735474, 0.7302259802818298, 1.2532360553741455, 0.08320000022649765, -1.0507481098175049, -1.012481927871704]
[0.019860630854964256, -0.04359574615955353, 0.3588792085647583, 1.5795661211013794, -0.1127946600317955, 0.6300522089004517] [0.31297796964645386, -0.050663962960243225, 0.32670003175735474, 0.7302259802818298, 1.2532360553741455, 0.08320000022649765, -1.0492141246795654, -1.012481927871704]
[0.017757322639226913, -0.03731093183159828, 0.3593664765357971, 1.5835509300231934, -0.11696037650108337, 0.6628815531730652] [0.31297796964645386, -0.01691596210002899, 0.32670003175735474, 0.7271579504013062, 1.2532360553741455, 0.08320000022649765, -1.0492141246795654, -1.012481927871704]
[0.01650366187095642, -0.03328894078731537, 0.3594489097595215, 1.5860562324523926, -0.11789620667695999, 0.6825337409973145] [0.31297796964645386, 0.003026038408279419, 0.32670003175735474, 0.7256239652633667, 1.251702070236206, 0.08320000022649765, -1.0492141246795654, -1.012481927871704]
[0.015330850146710873, -0.02954915724694729, 0.35940563678741455, 1.5873894691467285, -0.11761076003313065, 0.7009982466697693] [0.31297796964645386, 0.02757003903388977, 0.32363206148147583, 0.7240899801254272, 1.251702070236206, 0.08320000022649765, -1.0507481098175049, -1.012481927871704]
[0.013336986303329468, -0.024558933451771736, 0.35899797081947327, 1.5789330005645752, -0.11502359062433243, 0.7282788157463074] [0.31297796964645386, 0.050580039620399475, 0.31136006116867065, 0.7240899801254272, 1.2424980401992798, 0.08320000022649765, -1.0507481098175049, -1.012481927871704]
[0.011492698453366756, -0.020253673195838928, 0.35840702056884766, 1.563137173652649, -0.11057081073522568, 0.7535523176193237] [0.30990996956825256, 0.07512404024600983, 0.29448604583740234, 0.7256239652633667, 1.2240900993347168, 0.08760000020265579, -1.0507481098175049, -1.012481927871704]
[0.009989802725613117, -0.01678490824997425, 0.35787564516067505, 1.5251805782318115, -0.10569275915622711, 0.7750701308250427] [0.3053079843521118, 0.08893004059791565, 0.28221404552459717, 0.7256239652633667, 1.201080083847046, 0.08320000022649765, -1.0492141246795654, -1.012481927871704]
[0.0087214894592762, -0.014204495586454868, 0.3571924865245819, 1.4848663806915283, -0.09931391477584839, 0.7908316850662231] [0.29917198419570923, 0.09813404083251953, 0.2638060450553894, 0.7256239652633667, 1.1857401132583618, 0.08320000022649765, -1.0492141246795654, -1.012481927871704]
[0.00826605036854744, -0.013277113437652588, 0.3563764989376068, 1.4634373188018799, -0.09087220579385757, 0.7972463965415955] [0.29917198419570923, 0.09813404083251953, 0.2546020448207855, 0.7256239652633667, 1.1857401132583618, 0.0835999995470047, -1.0492141246795654, -1.0109479427337646]
[0.008390403352677822, -0.013787266798317432, 0.35644418001174927, 1.459415078163147, -0.0903322622179985, 0.7949331998825073] [0.2976379692554474, 0.08893004059791565, 0.2530680298805237, 0.7256239652633667, 1.1642640829086304, 0.08320000022649765, -1.0492141246795654, -1.0109479427337646]
[0.009459267370402813, -0.01597524993121624, 0.3562820553779602, 1.429699182510376, -0.09043090790510178, 0.7829036116600037] [0.29610395431518555, 0.07512404024600983, 0.25153404474258423, 0.7256239652633667, 1.1565940380096436, 0.08320000022649765, -1.0476800203323364, -1.0094139575958252]
[0.01084048766642809, -0.01916728913784027, 0.3563584089279175, 1.4238786697387695, -0.08936209976673126, 0.765130877494812] [0.2945699691772461, 0.061318039894104004, 0.25153404474258423, 0.7256239652633667, 1.1565940380096436, 0.08320000022649765, -1.0415440797805786, -1.0063459873199463]
[0.010644509457051754, -0.019656576216220856, 0.3564792573451996, 1.4196228981018066, -0.08888234943151474, 0.762789785861969] [0.2945699691772461, 0.061318039894104004, 0.24539804458618164, 0.7256239652633667, 1.1565940380096436, 0.08320000022649765, -1.0369420051574707, -1.0002100467681885]
[0.010323094204068184, -0.020938536152243614, 0.35640794038772583, 1.410095453262329, -0.08674278855323792, 0.7567740082740784] [0.2945699691772461, 0.04444403946399689, 0.2346600443124771, 0.7256239652633667, 1.1565940380096436, 0.08320000022649765, -1.030806064605713, -0.9940739870071411]
[0.011027023196220398, -0.024908188730478287, 0.3565636873245239, 1.3965648412704468, -0.08427509665489197, 0.7359129786491394] [0.29303598403930664, 0.024502038955688477, 0.23159204423427582, 0.7256239652633667, 1.1565940380096436, 0.08320000022649765, -1.027738094329834, -0.989471971988678]
[0.010977518744766712, -0.027094274759292603, 0.3567066192626953, 1.3910374641418457, -0.08422912657260895, 0.7244612574577332] [0.2945699691772461, 0.013764038681983948, 0.22852404415607452, 0.7256239652633667, 1.158128023147583, 0.08320000022649765, -1.0262041091918945, -0.9879379868507385]
[0.011386867612600327, -0.02931254915893078, 0.35687729716300964, 1.3889964818954468, -0.0843554437160492, 0.7126819491386414] [0.2945699691772461, -4.1961669921875e-05, 0.22852404415607452, 0.7256239652633667, 1.158128023147583, 0.08320000022649765, -1.0262041091918945, -0.9879379868507385]
[0.01213635690510273, -0.0322648324072361, 0.3572863042354584, 1.3873342275619507, -0.08581283688545227, 0.6976027488708496] [0.29303598403930664, -0.01844996213912964, 0.22852404415607452, 0.7286919951438904, 1.1596620082855225, 0.08320000022649765, -1.0262041091918945, -0.9879379868507385]
[0.012672455050051212, -0.03490148484706879, 0.3573872447013855, 1.3855266571044922, -0.08646038919687271, 0.6854260563850403] [0.29303598403930664, -0.030721962451934814, 0.22852404415607452, 0.7302259802818298, 1.1596620082855225, 0.08320000022649765, -1.0262041091918945, -0.9879379868507385]
[0.013424293138086796, -0.03780343756079674, 0.35742175579071045, 1.3840417861938477, -0.0865471288561821, 0.671730637550354] [0.29303598403930664, -0.04759596288204193, 0.22852404415607452, 0.7363619804382324, 1.1596620082855225, 0.08320000022649765, -1.0262041091918945, -0.9879379868507385]
[0.013876700773835182, -0.04078581929206848, 0.35768577456474304, 1.3830472230911255, -0.08857814967632294, 0.6607645750045776] [0.29303598403930664, -0.0660039633512497, 0.22852404415607452, 0.7486339807510376, 1.1611961126327515, 0.08320000022649765, -1.0262041091918945, -0.9879379868507385]
[0.01377016305923462, -0.043871764093637466, 0.3580552339553833, 1.3812116384506226, -0.09151633083820343, 0.654498279094696] [0.29303598403930664, -0.0920819640159607, 0.22852404415607452, 0.770110011100769, 1.1611961126327515, 0.08320000022649765, -1.0262041091918945, -0.9879379868507385]
[0.013114347122609615, -0.04718949645757675, 0.35829102993011475, 1.377448320388794, -0.09482785314321518, 0.6526142954826355] [0.29610395431518555, -0.12122795730829239, 0.22852404415607452, 0.8007899522781372, 1.1611961126327515, 0.08320000022649765, -1.0262041091918945, -0.9864040017127991]
[0.012403750792145729, -0.05072148144245148, 0.3583066761493683, 1.3727890253067017, -0.09582021087408066, 0.6497235298156738] [0.29610395431518555, -0.15344196557998657, 0.22545604407787323, 0.8299359679222107, 1.162730097770691, 0.08320000022649765, -1.0262041091918945, -0.9879379868507385]
[0.011911937035620213, -0.054759155958890915, 0.35877296328544617, 1.3678174018859863, -0.0992722362279892, 0.6419810652732849] [0.29610395431518555, -0.1871899664402008, 0.22545604407787323, 0.8529459834098816, 1.162730097770691, 0.08320000022649765, -1.0262041091918945, -0.9879379868507385]
[0.011038116179406643, -0.057856760919094086, 0.3587884306907654, 1.359988808631897, -0.09958378970623016, 0.6395589113235474] [0.29610395431518555, -0.21480196714401245, 0.2208540439605713, 0.8774899840354919, 1.162730097770691, 0.08320000022649765, -1.0262041091918945, -0.9879379868507385]
[0.010478038340806961, -0.059024129062891006, 0.3587690591812134, 1.3556174039840698, -0.0991324931383133, 0.641480565071106] [0.29610395431518555, -0.2362779676914215, 0.21625204384326935, 0.8989659547805786, 1.162730097770691, 0.08320000022649765, -1.024670124053955, -0.9879379868507385]
[0.012444094754755497, -0.062396541237831116, 0.35702836513519287, 1.3573265075683594, -0.08667987585067749, 0.6334049105644226] [0.29610395431518555, -0.26082196831703186, 0.2147180438041687, 0.9173740148544312, 1.1642640829086304, 0.08320000022649765, -1.0262041091918945, -0.9879379868507385]
[0.012311208061873913, -0.06422610580921173, 0.35681384801864624, 1.3570603132247925, -0.08315423876047134, 0.6363054513931274] [0.29610395431518555, -0.28689998388290405, 0.21318404376506805, 0.9449859857559204, 1.1657980680465698, 0.08320000022649765, -1.0262041091918945, -0.9879379868507385]
[0.012035585008561611, -0.06735943257808685, 0.35665175318717957, 1.3514550924301147, -0.08025054633617401, 0.6290613412857056] [0.29917198419570923, -0.31604596972465515, 0.2116500437259674, 0.9649279713630676, 1.1657980680465698, 0.08320000022649765, -1.024670124053955, -0.9879379868507385]
[0.010243921540677547, -0.0694463700056076, 0.3568742275238037, 1.345913290977478, -0.08206352591514587, 0.6352897882461548] [0.3007059693336487, -0.34825998544692993, 0.20704804360866547, 1.0032780170440674, 1.1657980680465698, 0.08320000022649765, -1.024670124053955, -0.9879379868507385]
[0.008308709599077702, -0.07126821577548981, 0.3567928075790405, 1.3385895490646362, -0.08081617206335068, 0.6434629559516907] [0.30223995447158813, -0.37126997113227844, 0.20244604349136353, 1.0446959733963013, 1.1673320531845093, 0.08320000022649765, -1.024670124053955, -0.9879379868507385]
[0.0061244117096066475, -0.07380010932683945, 0.35653212666511536, 1.3317447900772095, -0.07877066731452942, 0.6489496231079102] [0.30223995447158813, -0.40655195713043213, 0.1947760432958603, 1.0830459594726562, 1.1704000234603882, 0.08320000022649765, -1.024670124053955, -0.9879379868507385]
[0.0030091030057519674, -0.07643052935600281, 0.3563866913318634, 1.3344581127166748, -0.0751633420586586, 0.6597685217857361] [0.30223995447158813, -0.43723195791244507, 0.18403804302215576, 1.1213959455490112, 1.193410038948059, 0.08320000022649765, -1.0216020345687866, -0.9864040017127991]
[0.0004258363042026758, -0.07689971476793289, 0.35636305809020996, 1.3390055894851685, -0.07137481123209, 0.675139307975769] [0.30223995447158813, -0.4587079882621765, 0.17023204267024994, 1.1643480062484741, 1.213352084159851, 0.08320000022649765, -1.0154660940170288, -0.9833359718322754]
[-0.003219190053641796, -0.07580573111772537, 0.355851411819458, 1.3483575582504272, -0.06294062733650208, 0.7015324234962463] [0.30223995447158813, -0.46944597363471985, 0.15335804224014282, 1.2011640071868896, 1.2378960847854614, 0.08320000022649765, -1.0062620639801025, -0.9756659865379333]
[-0.00725129758939147, -0.07482673227787018, 0.35552361607551575, 1.3662099838256836, -0.05443505570292473, 0.7268658876419067] [0.3007059693336487, -0.48325198888778687, 0.1364840418100357, 1.2364460229873657, 1.2731781005859375, 0.08320000022649765, -0.9955240488052368, -0.9679960012435913]
[-0.011420456692576408, -0.07414855062961578, 0.355581134557724, 1.3807973861694336, -0.04798000305891037, 0.7488524317741394] [0.30223995447158813, -0.48938798904418945, 0.11807604134082794, 1.264057993888855, 1.290052056312561, 0.08320000022649765, -0.9847860336303711, -0.9557240009307861]
[-0.016266759485006332, -0.07148048281669617, 0.35554662346839905, 1.384738802909851, -0.04187718406319618, 0.7827462553977966] [0.30223995447158813, -0.48938798904418945, 0.10427004098892212, 1.2978060245513916, 1.3161300420761108, 0.08320000022649765, -0.977116048336029, -0.9495880007743835]
[-0.021441709250211716, -0.06869403272867203, 0.35579589009284973, 1.3998459577560425, -0.03819318115711212, 0.8210393190383911] [0.3007059693336487, -0.48938798904418945, 0.09199804067611694, 1.3300199508666992, 1.3406740427017212, 0.08320000022649765, -0.9755820631980896, -0.9480539560317993]
[-0.025094712153077126, -0.06651650369167328, 0.35593023896217346, 1.413408637046814, -0.0354752354323864, 0.8523642420768738] [0.30223995447158813, -0.48938798904418945, 0.087396040558815, 1.360700011253357, 1.3575481176376343, 0.08320000022649765, -0.9755820631980896, -0.9465199708938599]
[-0.029224883764982224, -0.06377460062503815, 0.3563951551914215, 1.4239449501037598, -0.037553321570158005, 0.8921467065811157] [0.30223995447158813, -0.48631995916366577, 0.08586204051971436, 1.395982027053833, 1.371354103088379, 0.08320000022649765, -0.9755820631980896, -0.9465199708938599]
[-0.033708833158016205, -0.060077279806137085, 0.35619261860847473, 1.445660948753357, -0.036326710134744644, 0.9411785006523132] [0.30684196949005127, -0.47558197379112244, 0.08432804048061371, 1.4404679536819458, 1.386694073677063, 0.08320000022649765, -0.9755820631980896, -0.9465199708938599]
[-0.037637755274772644, -0.055697739124298096, 0.3558763265609741, 1.4586435556411743, -0.03728923201560974, 0.9914969801902771] [0.30990996956825256, -0.45563995838165283, 0.08432804048061371, 1.4634779691696167, 1.3912960290908813, 0.08320000022649765, -0.977116048336029, -0.9480539560317993]
[-0.03976421058177948, -0.05230872705578804, 0.35600268840789795, 1.4591560363769531, -0.03838542103767395, 1.0234912633895874] [0.30990996956825256, -0.43723195791244507, 0.08432804048061371, 1.4680800437927246, 1.3912960290908813, 0.08320000022649765, -0.977116048336029, -0.9480539560317993]
[-0.0405130609869957, -0.04999819025397301, 0.35579705238342285, 1.4614591598510742, -0.03857819736003876, 1.0402374267578125] [0.30990996956825256, -0.4126879572868347, 0.08432804048061371, 1.4680800437927246, 1.3912960290908813, 0.08320000022649765, -0.977116048336029, -0.9480539560317993]
[-0.04191867262125015, -0.04536373168230057, 0.35603052377700806, 1.4634135961532593, -0.04197240620851517, 1.0721262693405151] [0.30990996956825256, -0.3697359561920166, 0.08432804048061371, 1.4588760137557983, 1.3912960290908813, 0.08320000022649765, -0.9786500930786133, -0.9495880007743835]
[-0.043409571051597595, -0.0396897979080677, 0.3558765947818756, 1.4677021503448486, -0.04232943058013916, 1.1087937355041504] [0.3114439845085144, -0.32985198497772217, 0.08432804048061371, 1.4512059688568115, 1.3912960290908813, 0.08320000022649765, -0.9786500930786133, -0.9495880007743835]
[-0.04353607818484306, -0.03575841709971428, 0.35593584179878235, 1.47108793258667, -0.04418973997235298, 1.1267062425613403] [0.3114439845085144, -0.29917198419570923, 0.08586204051971436, 1.434332013130188, 1.3928301334381104, 0.08320000022649765, -0.9801840782165527, -0.951121985912323]
[-0.04465671628713608, -0.031200461089611053, 0.35581591725349426, 1.4749553203582764, -0.04579269513487816, 1.1555365324020386] [0.3114439845085144, -0.2654239535331726, 0.08586204051971436, 1.431264042854309, 1.3928301334381104, 0.08320000022649765, -0.9863200783729553, -0.9557240009307861]
[-0.045796506106853485, -0.02564374729990959, 0.3555110991001129, 1.4795912504196167, -0.046684380620718, 1.1885364055633545] [0.3114439845085144, -0.22093796730041504, 0.08586204051971436, 1.4128559827804565, 1.3912960290908813, 0.08320000022649765, -0.9893880486488342, -0.9572579860687256]
[-0.045924413949251175, -0.021676434203982353, 0.35527724027633667, 1.48422372341156, -0.04701607674360275, 1.2051283121109009] [0.3114439845085144, -0.18105396628379822, 0.08586204051971436, 1.3883119821548462, 1.3912960290908813, 0.08320000022649765, -0.9893880486488342, -0.958791971206665]
[-0.045201435685157776, -0.017212750390172005, 0.35512349009513855, 1.4898455142974854, -0.04579910635948181, 1.2126718759536743] [0.3114439845085144, -0.13656796514987946, 0.08586204051971436, 1.3514959812164307, 1.3912960290908813, 0.08320000022649765, -0.9893880486488342, -0.958791971206665]
[-0.043943218886852264, -0.01367519237101078, 0.35491645336151123, 1.493212103843689, -0.04477008432149887, 1.2110395431518555] [0.3114439845085144, -0.10588795691728592, 0.08586204051971436, 1.3131459951400757, 1.3912960290908813, 0.08320000022649765, -0.9909220933914185, -0.9603259563446045]
[-0.04331129416823387, -0.010005725547671318, 0.3548431694507599, 1.4944462776184082, -0.044574618339538574, 1.215070366859436] [0.3114439845085144, -0.06753796339035034, 0.08586204051971436, 1.2886019945144653, 1.3912960290908813, 0.08320000022649765, -0.9924560785293579, -0.9618600010871887]
[-0.04268994927406311, -0.006151233799755573, 0.3546288311481476, 1.5015374422073364, -0.04421377182006836, 1.2177128791809082] [0.30990996956825256, -0.0368579626083374, 0.087396040558815, 1.2533199787139893, 1.3928301334381104, 0.08320000022649765, -0.9955240488052368, -0.9649279713630676]
[-0.04168594628572464, -0.0044048745185136795, 0.35452720522880554, 1.5035547018051147, -0.04357869178056717, 1.2145205736160278] [0.30990996956825256, -0.01844996213912964, 0.087396040558815, 1.2333779335021973, 1.3912960290908813, 0.08320000022649765, -0.9970580339431763, -0.9679960012435913]
[-0.039506182074546814, -0.002163023455068469, 0.3539571166038513, 1.5092017650604248, -0.040596622973680496, 1.2036163806915283] [0.30990996956825256, 0.006094038486480713, 0.087396040558815, 1.202697992324829, 1.3912960290908813, 0.0835999995470047, -1.0001261234283447, -0.9710639715194702]
[-0.039089202880859375, 5.59385480300989e-05, 0.35394129157066345, 1.5107879638671875, -0.03996894881129265, 1.2053003311157227] [0.3083759546279907, 0.02757003903388977, 0.087396040558815, 1.1812219619750977, 1.389762043952942, 0.08320000022649765, -1.0031940937042236, -0.9725979566574097]
[-0.03756428882479668, 0.002254311926662922, 0.35356777906417847, 1.5134177207946777, -0.03898687660694122, 1.1991015672683716] [0.3083759546279907, 0.045978039503097534, 0.0904640406370163, 1.1566779613494873, 1.389762043952942, 0.08320000022649765, -1.0031940937042236, -0.9741320013999939]
[-0.036442868411540985, 0.0034864924382418394, 0.3534092605113983, 1.5170496702194214, -0.038583170622587204, 1.1925594806671143] [0.3083759546279907, 0.055182039737701416, 0.09199804067611694, 1.1413379907608032, 1.389762043952942, 0.08320000022649765, -1.0062620639801025, -0.9771999716758728]
[-0.03524104878306389, 0.0033133188262581825, 0.35346704721450806, 1.5202072858810425, -0.03958407789468765, 1.1849045753479004] [0.30684196949005127, 0.055182039737701416, 0.09506604075431824, 1.1382700204849243, 1.389762043952942, 0.08320000022649765, -1.004728078842163, -0.9741320013999939]
[-0.034583985805511475, 0.00269151059910655, 0.35503193736076355, 1.5130903720855713, -0.04531567543745041, 1.1807295083999634] [0.29610395431518555, 0.0383080393075943, 0.11807604134082794, 1.1382700204849243, 1.389762043952942, 0.08320000022649765, -1.0016601085662842, -0.9710639715194702]
[-0.02921227551996708, -0.005152297671884298, 0.36107876896858215, 1.5278205871582031, -0.09062669426202774, 1.123329758644104] [0.2945699691772461, -0.013847962021827698, 0.165630042552948, 1.1382700204849243, 1.389762043952942, 0.08320000022649765, -1.004728078842163, -0.9756659865379333]
[-0.02534361369907856, -0.010890433564782143, 0.36491692066192627, 1.543687105178833, -0.12204138934612274, 1.081935167312622] [0.29610395431518555, -0.05679996311664581, 0.21778604388237, 1.1367360353469849, 1.389762043952942, 0.08320000022649765, -1.0093300342559814, -0.978734016418457]
[-0.0174156054854393, -0.02458553947508335, 0.3728741705417633, 1.579430103302002, -0.1877537965774536, 0.9882610440254211] [0.2945699691772461, -0.15497596561908722, 0.31136006116867065, 1.132133960723877, 1.389762043952942, 0.08320000022649765, -1.0185340642929077, -0.989471971988678]
[-0.0053944713436067104, -0.04806886240839958, 0.3893096148967743, 1.6920394897460938, -0.33193251490592957, 0.8088866472244263] [0.29917198419570923, -0.23014196753501892, 0.5767420530319214, 1.0339579582214355, 1.389762043952942, 0.08320000022649765, -1.024670124053955, -0.9940739870071411]
[0.011103243567049503, -0.08505319058895111, 0.4098820388317108, 1.9951707124710083, -0.5019263625144958, 0.46235305070877075] [0.30223995447158813, -0.2546859681606293, 0.8712700605392456, 0.8560140132904053, 1.389762043952942, 0.08320000022649765, -1.0292720794677734, -0.9986760020256042]
[0.01986807957291603, -0.11829566955566406, 0.41546133160591125, 2.3104546070098877, -0.5344025492668152, 0.15277573466300964] [0.30223995447158813, -0.28996795415878296, 1.1090400218963623, 0.7194879651069641, 1.389762043952942, 0.08320000022649765, -1.0292720794677734, -0.9986760020256042]
[0.023770462721586227, -0.14405207335948944, 0.4122616946697235, 2.5426669120788574, -0.48670464754104614, -0.06613286584615707] [0.3053079843521118, -0.3145119547843933, 1.2854501008987427, 0.6059719920158386, 1.389762043952942, 0.08320000022649765, -1.0292720794677734, -1.0002100467681885]
[0.024562034755945206, -0.16349104046821594, 0.40695348381996155, 2.7123851776123047, -0.42092272639274597, -0.21463096141815186] [0.3053079843521118, -0.34519195556640625, 1.4143060445785522, 0.526203989982605, 1.389762043952942, 0.08320000022649765, -1.030806064605713, -1.0002100467681885]
[0.024224501103162766, -0.17151817679405212, 0.40207985043525696, 2.752176284790039, -0.3847537636756897, -0.26384666562080383] [0.3313859701156616, -0.37433797121047974, 1.440384030342102, 0.5185339450836182, 1.389762043952942, 0.08320000022649765, -1.0338740348815918, -1.0048120021820068]
[0.024027619510889053, -0.1780601441860199, 0.3932105004787445, 2.744933605194092, -0.33733364939689636, -0.2945820391178131] [0.37433797121047974, -0.3958139717578888, 1.44498610496521, 0.5139319896697998, 1.389762043952942, 0.08320000022649765, -1.0369420051574707, -1.0063459873199463]
[0.02577979303896427, -0.17964480817317963, 0.38441428542137146, 2.744650363922119, -0.2868652045726776, -0.301145076751709] [0.4126879572868347, -0.3958139717578888, 1.460326075553894, 0.49245595932006836, 1.389762043952942, 0.08320000022649765, -1.0384761095046997, -1.0078799724578857]
[0.02734750509262085, -0.18211710453033447, 0.37096965312957764, 2.7527735233306885, -0.2088078409433365, -0.3145168423652649] [0.46637797355651855, -0.3958139717578888, 1.4848700761795044, 0.47558197379112244, 1.389762043952942, 0.08320000022649765, -1.0400100946426392, -1.0078799724578857]
[0.027564769610762596, -0.18350079655647278, 0.35863977670669556, 2.7572646141052246, -0.14639294147491455, -0.32215917110443115] [0.526203989982605, -0.3958139717578888, 1.5078800916671753, 0.46944597363471985, 1.3912960290908813, 0.08320000022649765, -1.0400100946426392, -1.0078799724578857]
[0.027031272649765015, -0.18486133217811584, 0.3521222174167633, 2.7624950408935547, -0.11260797828435898, -0.3301919102668762] [0.5630199909210205, -0.3958139717578888, 1.5324240922927856, 0.467911958694458, 1.3912960290908813, 0.08320000022649765, -1.0400100946426392, -1.0078799724578857]
[0.025990081951022148, -0.1864861398935318, 0.3448858857154846, 2.776266098022461, -0.07727763801813126, -0.3419359028339386] [0.6029039621353149, -0.3958139717578888, 1.5661721229553223, 0.467911958694458, 1.3912960290908813, 0.08320000022649765, -1.0400100946426392, -1.0094139575958252]
[0.024212345480918884, -0.18832942843437195, 0.33448678255081177, 2.7905049324035645, -0.025920938700437546, -0.3553730845451355] [0.6596620082855225, -0.39427995681762695, 1.595318078994751, 0.4648439884185791, 1.3928301334381104, 0.08320000022649765, -1.0400100946426392, -1.0078799724578857]
[0.02207508683204651, -0.1908200979232788, 0.3274688124656677, 2.8307056427001953, 0.00866860430687666, -0.3725947439670563] [0.6934099793434143, -0.39427995681762695, 1.633668065071106, 0.46637797355651855, 1.4388500452041626, 0.0820000022649765, -1.0400100946426392, -1.0078799724578857]
[0.020314961671829224, -0.19272947311401367, 0.3227049708366394, 2.8773677349090576, 0.03255515545606613, -0.384612113237381] [0.7271579504013062, -0.39427995681762695, 1.6582120656967163, 0.46637797355651855, 1.4541900157928467, 0.08240000158548355, -1.0400100946426392, -1.0078799724578857]
[0.018102115020155907, -0.19429084658622742, 0.31626394391059875, 2.893587589263916, 0.06479934602975845, -0.3971986174583435] [0.750167965888977, -0.3958139717578888, 1.6781541109085083, 0.46637797355651855, 1.4541900157928467, 0.08240000158548355, -1.0400100946426392, -1.0078799724578857]
[0.017288222908973694, -0.19535093009471893, 0.31510642170906067, 2.901735782623291, 0.07059132307767868, -0.4049653708934784] [0.7655079960823059, -0.39427995681762695, 1.6934940814971924, 0.46637797355651855, 1.4526560306549072, 0.0820000022649765, -1.0384761095046997, -1.0078799724578857]
[0.015756182372570038, -0.19629108905792236, 0.31102973222732544, 2.9107789993286133, 0.090664803981781, -0.4134391248226166] [0.7823820114135742, -0.39427995681762695, 1.7134361267089844, 0.46637797355651855, 1.4526560306549072, 0.0820000022649765, -1.0384761095046997, -1.0063459873199463]
[0.015092902816832066, -0.19706396758556366, 0.3104522228240967, 2.9211270809173584, 0.09320012480020523, -0.4195833206176758] [0.7869839668273926, -0.39427995681762695, 1.7195720672607422, 0.467911958694458, 1.4526560306549072, 0.0820000022649765, -1.0338740348815918, -1.0032780170440674]
[0.014835923910140991, -0.19669824838638306, 0.3099629878997803, 2.9186763763427734, 0.09515038132667542, -0.4183941185474396] [0.7900519967079163, -0.39121198654174805, 1.7195720672607422, 0.467911958694458, 1.4541900157928467, 0.0820000022649765, -1.030806064605713, -1.0002100467681885]
[0.015405080281198025, -0.1945251077413559, 0.309866726398468, 2.9264888763427734, 0.09368223696947098, -0.40742674469947815] [0.7900519967079163, -0.37433797121047974, 1.7195720672607422, 0.46944597363471985, 1.4541900157928467, 0.0820000022649765, -1.0323400497436523, -1.0002100467681885]
[0.015582391992211342, -0.19338059425354004, 0.309796005487442, 2.930800199508667, 0.0932224839925766, -0.4014185070991516] [0.7900519967079163, -0.37433797121047974, 1.7195720672607422, 0.46944597363471985, 1.4541900157928467, 0.0820000022649765, -1.030806064605713, -1.0002100467681885]
[0.015499761328101158, -0.1933923065662384, 0.3099055886268616, 2.931068181991577, 0.09261644631624222, -0.40143081545829773] [0.7900519967079163, -0.37433797121047974, 1.7195720672607422, 0.46944597363471985, 1.4541900157928467, 0.0820000022649765, -1.030806064605713, -1.0002100467681885]
[0.015506971627473831, -0.19339878857135773, 0.3099006414413452, 2.931067943572998, 0.0926605761051178, -0.40144604444503784] [0.7900519967079163, -0.37433797121047974, 1.7195720672607422, 0.46944597363471985, 1.4526560306549072, 0.0820000022649765, -1.030806064605713, -1.0002100467681885]
[0.015440578572452068, -0.19347111880779266, 0.30995485186576843, 2.9309470653533936, 0.09232362359762192, -0.4021364152431488] [0.7900519967079163, -0.37433797121047974, 1.7195720672607422, 0.46944597363471985, 1.4541900157928467, 0.0820000022649765, -1.030806064605713, -1.0002100467681885]
[0.015453691594302654, -0.1934000700712204, 0.3099673092365265, 2.9312212467193604, 0.09227772802114487, -0.4014405310153961] [0.7900519967079163, -0.37433797121047974, 1.7195720672607422, 0.46944597363471985, 1.4526560306549072, 0.08240000158548355, -1.030806064605713, -1.0002100467681885]
[0.015468208119273186, -0.19340111315250397, 0.3099500238895416, 2.9311838150024414, 0.09238046407699585, -0.40144503116607666] [0.7900519967079163, -0.37433797121047974, 1.7180380821228027, 0.46944597363471985, 1.4526560306549072, 0.0820000022649765, -1.030806064605713, -1.0002100467681885]
