[0.06231699138879776, -0.1982012540102005, 0.314351350069046, 3.0770866870880127, 0.12289945036172867, -0.37104636430740356] [0.4479699730873108, -0.44029998779296875, 1.4587920904159546, 0.37740597128868103, 1.8269520998001099, 0.9968000054359436, -1.2992560863494873, -1.299340009689331]
[0.06245540454983711, -0.1982184648513794, 0.3142583966255188, 3.0768795013427734, 0.12354250252246857, -0.3711061179637909] [0.4479699730873108, -0.44029998779296875, 1.4587920904159546, 0.37740597128868103, 1.8284860849380493, 0.9968000054359436, -1.3069260120391846, -1.3039419651031494]
[0.06329595297574997, -0.19817706942558289, 0.3131522536277771, 3.075216293334961, 0.1285683959722519, -0.37090542912483215] [0.4479699730873108, -0.4418339729309082, 1.4587920904159546, 0.37740597128868103, 1.8284860849380493, 0.9968000054359436, -1.3115280866622925, -1.3070099353790283]
[0.06387709826231003, -0.19810135662555695, 0.3116655945777893, 3.0719287395477295, 0.13502752780914307, -0.3699767291545868] [0.4479699730873108, -0.44336795806884766, 1.4541900157928467, 0.37740597128868103, 1.8269520998001099, 0.07120000571012497, -1.3084601163864136, -1.3131459951400757]
[0.06373511254787445, -0.1983536034822464, 0.3117249608039856, 3.0710246562957764, 0.13476097583770752, -0.3713962435722351] [0.44643598794937134, -0.44336795806884766, 1.4541900157928467, 0.37740597128868103, 1.8269520998001099, 0.07120000571012497, -1.3084601163864136, -1.3131459951400757]
[0.06369845569133759, -0.1986279934644699, 0.31206926703453064, 3.070795774459839, 0.1330890655517578, -0.37274834513664246] [0.4449019730091095, -0.44950395822525024, 1.4480540752410889, 0.4050179719924927, 1.822350025177002, 0.07120000571012497, -1.309994101524353, -1.3070099353790283]
[0.06524545699357986, -0.198113352060318, 0.32364368438720703, 3.0761594772338867, 0.06320066004991531, -0.3636161983013153] [0.3988819718360901, -0.44950395822525024, 1.44498610496521, 0.41115397214889526, 1.819282054901123, 0.07120000571012497, -1.309994101524353, -1.3070099353790283]
[0.06637152284383774, -0.1970052868127823, 0.3296087682247162, 3.070204734802246, 0.029520975425839424, -0.35471928119659424] [0.3697359561920166, -0.44950395822525024, 1.425044059753418, 0.4387659728527069, 1.8162140846252441, 0.07120000571012497, -1.3115280866622925, -1.3054759502410889]
[0.06770781427621841, -0.19484154880046844, 0.34002700448036194, 3.0659427642822266, -0.03639684244990349, -0.3371501564979553] [0.3267839550971985, -0.44950395822525024, 1.405102014541626, 0.47251397371292114, 1.8162140846252441, 0.07120000571012497, -1.3145960569381714, -1.3054759502410889]
[0.06860184669494629, -0.19188563525676727, 0.3541332185268402, 3.063542604446411, -0.12592478096485138, -0.3155849874019623] [0.28076398372650146, -0.44950395822525024, 1.3928301334381104, 0.5169999599456787, 1.8162140846252441, 0.07160000503063202, -1.3161300420761108, -1.3039419651031494]
[0.06862842291593552, -0.18828369677066803, 0.3661928176879883, 3.053375244140625, -0.2058522254228592, -0.29060861468315125] [0.23781196773052216, -0.4479699730873108, 1.366752028465271, 0.5783599615097046, 1.8162140846252441, 0.07120000571012497, -1.3176640272140503, -1.3039419651031494]
[0.06803995370864868, -0.18399037420749664, 0.3748168647289276, 3.0259850025177, -0.26927241683006287, -0.25843700766563416] [0.22400596737861633, -0.4479699730873108, 1.2593721151351929, 0.7010799646377563, 1.8162140846252441, 0.07120000571012497, -1.3176640272140503, -1.3085440397262573]
[0.06743237376213074, -0.14907948672771454, 0.38398534059524536, 2.6964638233184814, -0.36181578040122986, 0.037196747958660126] [0.2163359671831131, -0.4479699730873108, 1.0062620639801025, 0.8299359679222107, 1.8177480697631836, 0.07120000571012497, -1.3191981315612793, -1.2978060245513916]
[0.06539599597454071, -0.12631537020206451, 0.38160550594329834, 2.521174192428589, -0.3405423164367676, 0.22713801264762878] [0.20713196694850922, -0.429561972618103, 0.7776960730552673, 0.9465199708938599, 1.8177480697631836, 0.07160000503063202, -1.3176640272140503, -1.2932039499282837]
[0.05965280532836914, -0.10169760882854462, 0.3705295920372009, 2.3199405670166016, -0.24806469678878784, 0.4462974965572357] [0.20559796690940857, -0.42649397253990173, 0.5598680377006531, 1.0431619882583618, 1.8177480697631836, 0.07120000571012497, -1.3176640272140503, -1.2932039499282837]
[0.05728426203131676, -0.09313555806875229, 0.3639623522758484, 2.2618069648742676, -0.19389492273330688, 0.5175812244415283] [0.20559796690940857, -0.41115397214889526, 0.5153820514678955, 1.0539000034332275, 1.8177480697631836, 0.07120000571012497, -1.3176640272140503, -1.2932039499282837]
[0.05685446411371231, -0.08722185343503952, 0.3627915680408478, 2.2631640434265137, -0.1883353888988495, 0.5513644218444824] [0.20559796690940857, -0.3804739713668823, 0.4985080361366272, 1.0569679737091064, 1.8177480697631836, 0.07120000571012497, -1.3176640272140503, -1.2932039499282837]
[0.05459371581673622, -0.0768573135137558, 0.3603791296482086, 2.2526748180389404, -0.173443004488945, 0.6199222803115845] [0.20713196694850922, -0.33905595541000366, 0.45862406492233276, 1.078444004058838, 1.819282054901123, 0.07120000571012497, -1.3176640272140503, -1.2932039499282837]
[0.025310181081295013, -0.03293885663151741, 0.3300444185733795, 2.1220664978027344, 0.06255828589200974, 1.0276753902435303] [0.2194039672613144, -0.19485996663570404, 0.09660004079341888, 1.248718023300171, 1.8254181146621704, 0.07120000571012497, -1.3161300420761108, -1.2932039499282837]
[0.02116006799042225, -0.026782087981700897, 0.3298436999320984, 2.1373682022094727, 0.05370299890637398, 1.076815128326416] [0.22553996741771698, -0.1611119657754898, 0.09199804067611694, 1.260990023612976, 1.8330880403518677, 0.07120000571012497, -1.3176640272140503, -1.2932039499282837]
[0.018760206177830696, -0.023353854194283485, 0.3299444913864136, 2.139408826828003, 0.05093124136328697, 1.1064872741699219] [0.22707396745681763, -0.14883996546268463, 0.08432804048061371, 1.2625240087509155, 1.8330880403518677, 0.07120000571012497, -1.3176640272140503, -1.2932039499282837]
[0.018404729664325714, -0.023206103593111038, 0.32874277234077454, 2.138129949569702, 0.06010197103023529, 1.1093108654022217] [0.22707396745681763, -0.15037396550178528, 0.07819204032421112, 1.2625240087509155, 1.8330880403518677, 0.07120000571012497, -1.3176640272140503, -1.2932039499282837]
[0.018135881051421165, -0.023124603554606438, 0.3279207646846771, 2.135941505432129, 0.06697110086679459, 1.111557126045227] [0.22707396745681763, -0.14883996546268463, 0.06745404005050659, 1.2625240087509155, 1.8330880403518677, 0.07120000571012497, -1.3176640272140503, -1.2932039499282837]
[0.01740906946361065, -0.022709708660840988, 0.325998455286026, 2.1309902667999268, 0.08324234932661057, 1.1183876991271973] [0.22707396745681763, -0.15037396550178528, 0.04444403946399689, 1.2625240087509155, 1.8330880403518677, 0.07120000571012497, -1.3176640272140503, -1.2947380542755127]
[0.01677701622247696, -0.022753583267331123, 0.32263875007629395, 2.1250853538513184, 0.1102461889386177, 1.1235703229904175] [0.22707396745681763, -0.15037396550178528, 0.024502038955688477, 1.260990023612976, 1.8330880403518677, 0.07120000571012497, -1.3176640272140503, -1.2978060245513916]
[0.016818558797240257, -0.02272704243659973, 0.3223823010921478, 2.1235225200653076, 0.11273790150880814, 1.1243541240692139] [0.22860796749591827, -0.15037396550178528, 0.02296803891658783, 1.2579219341278076, 1.8330880403518677, 0.07120000571012497, -1.3191981315612793, -1.2978060245513916]
[0.017461590468883514, -0.02331952564418316, 0.3219352662563324, 2.1222915649414062, 0.11652714014053345, 1.1174275875091553] [0.22400596737861633, -0.15344196557998657, 0.026036038994789124, 1.2379800081253052, 1.8330880403518677, 0.07120000571012497, -1.3345381021499634, -1.3116120100021362]
[0.02282901667058468, -0.024542653933167458, 0.32108762860298157, 2.123971700668335, 0.11952175199985504, 1.0923601388931274] [0.21480196714401245, -0.15497596561908722, 0.029104039072990417, 1.2333779335021973, 1.8330880403518677, 0.07120000571012497, -1.3468101024627686, -1.3269519805908203]
[0.024852676317095757, -0.024784792214632034, 0.3197391629219055, 2.1346731185913086, 0.12162794917821884, 1.0892961025238037] [0.2132679671049118, -0.15650996565818787, 0.03370603919029236, 1.2303099632263184, 1.8330880403518677, 0.07120000571012497, -1.3560140132904053, -1.3346220254898071]
[0.02883918024599552, -0.025451572611927986, 0.31889477372169495, 2.1392526626586914, 0.123314768075943, 1.0763345956802368] [0.20099596679210663, -0.15957796573638916, 0.039842039346694946, 1.202697992324829, 1.8330880403518677, 0.07120000571012497, -1.4112380743026733, -1.391379952430725]
[0.042184919118881226, -0.027427062392234802, 0.3207295536994934, 2.1087756156921387, 0.11256082355976105, 1.0478397607803345] [0.10895595699548721, -0.1611119657754898, 0.04137603938579559, 1.1919599771499634, 1.8315540552139282, 0.07120000571012497, -1.4281120300292969, -1.4082540273666382]
[0.047751348465681076, -0.02844332344830036, 0.3209199905395508, 2.0979509353637695, 0.11178957670927048, 1.0288017988204956] [0.08134396374225616, -0.1611119657754898, 0.04137603938579559, 1.170483946800232, 1.8315540552139282, 0.07120000571012497, -1.4495880603790283, -1.431264042854309]
[0.053811702877283096, -0.02966342307627201, 0.32194358110427856, 2.0832858085632324, 0.1065928265452385, 1.0073637962341309] [-0.013764038681983948, -0.1611119657754898, 0.04444403946399689, 1.0815119743347168, 1.8315540552139282, 0.07120000571012497, -1.4925401210784912, -1.4711480140686035]
[0.07366404682397842, -0.03593792766332626, 0.3207356333732605, 2.0510916709899902, 0.11391021311283112, 0.9039373993873596] [-0.026036038994789124, -0.1611119657754898, 0.04291003942489624, 0.9557240009307861, 1.8330880403518677, 0.07120000571012497, -1.4925401210784912, -1.472681999206543]
[0.08561433851718903, -0.04302094876766205, 0.32312601804733276, 2.0125479698181152, 0.12129969894886017, 0.779396653175354] [-0.05364803969860077, -0.15497596561908722, 0.04291003942489624, 0.9173740148544312, 1.8315540552139282, 0.07120000571012497, -1.4925401210784912, -1.472681999206543]
[0.08779887109994888, -0.0439905971288681, 0.3239503800868988, 2.0038130283355713, 0.12204886972904205, 0.7532007694244385] [-0.05978403985500336, -0.1411699652671814, 0.04291003942489624, 0.8728879690170288, 1.8315540552139282, 0.07120000571012497, -1.4940741062164307, -1.4742159843444824]
[0.09053085744380951, -0.043549127876758575, 0.3247292637825012, 1.9930732250213623, 0.12244711071252823, 0.7301027774810791] [-0.06745404005050659, -0.11969395726919174, 0.0383080393075943, 0.8284019827842712, 1.8315540552139282, 0.07120000571012497, -1.4956080913543701, -1.4742159843444824]
[0.09328711032867432, -0.0432450957596302, 0.3246389329433441, 1.986965298652649, 0.12518523633480072, 0.7056565880775452] [-0.07205604016780853, -0.10128595679998398, 0.0383080393075943, 0.7747119665145874, 1.8315540552139282, 0.07120000571012497, -1.4956080913543701, -1.4742159843444824]
[0.09678095579147339, -0.04419573023915291, 0.32517150044441223, 1.9782471656799316, 0.12544995546340942, 0.6699676513671875] [-0.07819204032421112, -0.0859459638595581, 0.0383080393075943, 0.7271579504013062, 1.8300200700759888, 0.07120000571012497, -1.4971420764923096, -1.4757499694824219]
[0.10090844333171844, -0.046995896846055984, 0.32508960366249084, 1.969925880432129, 0.12872903048992157, 0.6237563490867615] [-0.08432804048061371, -0.07674196362495422, 0.0383080393075943, 0.6857399940490723, 1.8300200700759888, 0.07120000571012497, -1.498676061630249, -1.4772839546203613]
[0.10389091819524765, -0.04989790543913841, 0.3245358467102051, 1.9662067890167236, 0.13287484645843506, 0.586853563785553] [-0.08586204051971436, -0.07520796358585358, 0.039842039346694946, 0.6397199630737305, 1.8300200700759888, 0.07120000571012497, -1.5002100467681885, -1.4788179397583008]
[0.10682965070009232, -0.05349798500537872, 0.32412880659103394, 1.9628798961639404, 0.13604912161827087, 0.5467046499252319] [-0.087396040558815, -0.07520796358585358, 0.04291003942489624, 0.6013699769973755, 1.8300200700759888, 0.07160000503063202, -1.5002100467681885, -1.4788179397583008]
[0.10936421900987625, -0.05702018737792969, 0.32369890809059143, 1.956852674484253, 0.1401459276676178, 0.50821852684021] [-0.08893004059791565, -0.07674196362495422, 0.04291003942489624, 0.5660879611968994, 1.8300200700759888, 0.07120000571012497, -1.501744031906128, -1.4788179397583008]
[0.11175187677145004, -0.06085481494665146, 0.32301095128059387, 1.9516056776046753, 0.14527785778045654, 0.4698247015476227] [-0.08893004059791565, -0.07827596366405487, 0.04291003942489624, 0.5231359601020813, 1.8284860849380493, 0.07160000503063202, -1.501744031906128, -1.4788179397583008]
[0.11881524324417114, -0.08018097281455994, 0.32283562421798706, 1.9245508909225464, 0.15321846306324005, 0.3164963722229004] [-0.09660004079341888, -0.11662595719099045, 0.04291003942489624, 0.4280279874801636, 1.8284860849380493, 0.07120000571012497, -1.5002100467681885, -1.4788179397583008]
[0.11913607269525528, -0.08306729048490524, 0.32278141379356384, 1.9220012426376343, 0.1540345549583435, 0.3009644150733948] [-0.09660004079341888, -0.1411699652671814, 0.04444403946399689, 0.42649397253990173, 1.8300200700759888, 0.07160000503063202, -1.5002100467681885, -1.4788179397583008]
[0.12005192041397095, -0.10343282669782639, 0.32126927375793457, 1.9095585346221924, 0.1603875309228897, 0.20817089080810547] [-0.09966804087162018, -0.22707396745681763, 0.04291003942489624, 0.4310959577560425, 1.8346221446990967, 0.07120000571012497, -1.5002100467681885, -1.4788179397583008]
[0.11974445730447769, -0.10358308255672455, 0.3215023875236511, 1.9097219705581665, 0.15914668142795563, 0.20967653393745422] [-0.09966804087162018, -0.22860796749591827, 0.04291003942489624, 0.4356979727745056, 1.8346221446990967, 0.07120000571012497, -1.498676061630249, -1.4772839546203613]
[0.11833394318819046, -0.10283063352108002, 0.32418733835220337, 1.9067299365997314, 0.14944587647914886, 0.21843811869621277] [-0.10120204091072083, -0.2393459677696228, 0.04137603938579559, 0.45563995838165283, 1.8346221446990967, 0.07120000571012497, -1.4971420764923096, -1.4757499694824219]
[0.11784353107213974, -0.10351773351430893, 0.3246200978755951, 1.9029083251953125, 0.14876314997673035, 0.2168721854686737] [-0.10120204091072083, -0.2454819679260254, 0.0383080393075943, 0.46024197340011597, 1.8346221446990967, 0.07120000571012497, -1.4940741062164307, -1.4742159843444824]
[0.11734034866094589, -0.10387496650218964, 0.32517796754837036, 1.8963061571121216, 0.14780284464359283, 0.21690204739570618] [-0.10273604094982147, -0.24701596796512604, 0.03370603919029236, 0.4617759585380554, 1.8346221446990967, 0.07120000571012497, -1.4940741062164307, -1.4742159843444824]
[0.1170756071805954, -0.10371600836515427, 0.3254188597202301, 1.8949291706085205, 0.14708620309829712, 0.21845972537994385] [-0.10273604094982147, -0.24701596796512604, 0.03217203915119171, 0.4648439884185791, 1.8346221446990967, 0.07120000571012497, -1.4925401210784912, -1.472681999206543]
[0.11687453836202621, -0.10335403680801392, 0.32591843605041504, 1.8933866024017334, 0.14520145952701569, 0.22151365876197815] [-0.10427004098892212, -0.24701596796512604, 0.030638039112091064, 0.4648439884185791, 1.8346221446990967, 0.07120000571012497, -1.4940741062164307, -1.4711480140686035]
[0.1164356917142868, -0.10252503305673599, 0.3257896602153778, 1.8890235424041748, 0.14670363068580627, 0.2294120043516159] [-0.10580404102802277, -0.24701596796512604, 0.021434038877487183, 0.47864997386932373, 1.8346221446990967, 0.07120000571012497, -1.4925401210784912, -1.4711480140686035]
[0.11577413231134415, -0.10130787640810013, 0.3254248797893524, 1.8751550912857056, 0.151274636387825, 0.24060426652431488] [-0.10580404102802277, -0.24701596796512604, -0.004643961787223816, 0.4909219741821289, 1.8346221446990967, 0.07120000571012497, -1.4864040613174438, -1.4634779691696167]
[0.11431712657213211, -0.09988978505134583, 0.3244195878505707, 1.8361341953277588, 0.16457295417785645, 0.2533698081970215] [-0.11040604114532471, -0.24854996800422668, -0.04759596288204193, 0.5016599893569946, 1.8330880403518677, 0.07160000503063202, -1.4818021059036255, -1.4588760137557983]
[0.11314459145069122, -0.09877075254917145, 0.3248791992664337, 1.8071351051330566, 0.16910207271575928, 0.2652358114719391] [-0.11807604134082794, -0.24701596796512604, -0.08747996389865875, 0.5292719602584839, 1.8330880403518677, 0.07120000571012497, -1.4772000312805176, -1.4558080434799194]
[0.11098617315292358, -0.09492293000221252, 0.3257180154323578, 1.771345853805542, 0.17465560138225555, 0.30087220668792725] [-0.13188204169273376, -0.24701596796512604, -0.1381019651889801, 0.5676219463348389, 1.8330880403518677, 0.07120000571012497, -1.4741320610046387, -1.4542739391326904]
[0.1087486669421196, -0.09164846688508987, 0.326045960187912, 1.7300430536270142, 0.18516623973846436, 0.33351030945777893] [-0.14875604212284088, -0.24701596796512604, -0.17798596620559692, 0.5906319618225098, 1.8330880403518677, 0.07120000571012497, -1.4710640907287598, -1.449671983718872]
[0.10714249312877655, -0.0897422805428505, 0.3265906274318695, 1.6964844465255737, 0.19284793734550476, 0.3531821370124817] [-0.1886400431394577, -0.24701596796512604, -0.3206479549407959, 0.7010799646377563, 1.8330880403518677, 0.07120000571012497, -1.4526560306549072, -1.4235939979553223]
[0.09763079136610031, -0.08138872683048248, 0.3252452313899994, 1.5818350315093994, 0.24962680041790009, 0.44545063376426697] [-0.19784404337406158, -0.24701596796512604, -0.3543959856033325, 0.7332940101623535, 1.8330880403518677, 0.07120000571012497, -1.4480540752410889, -1.418992042541504]
[0.09408032894134521, -0.07899881899356842, 0.32425203919410706, 1.5576531887054443, 0.2701932489871979, 0.47455230355262756] [-0.20244604349136353, -0.24701596796512604, -0.3896779716014862, 0.7777799963951111, 1.8346221446990967, 0.07120000571012497, -1.440384030342102, -1.4097880125045776]
[0.08961019665002823, -0.07592383027076721, 0.3232521414756775, 1.5406423807144165, 0.2922183871269226, 0.5127678513526917] [-0.20704804360866547, -0.24701596796512604, -0.41728997230529785, 0.8191980123519897, 1.8330880403518677, 0.07120000571012497, -1.4327141046524048, -1.4036519527435303]
[0.08648514002561569, -0.07369779795408249, 0.3226434886455536, 1.536486029624939, 0.30524227023124695, 0.5411021709442139] [-0.2085820436477661, -0.24701596796512604, -0.4280279874801636, 0.8560140132904053, 1.8330880403518677, 0.07120000571012497, -1.4281120300292969, -1.399049997329712]
[0.08165092021226883, -0.07004367560148239, 0.3219967186450958, 1.5412412881851196, 0.32004448771476746, 0.5873546004295349] [-0.2085820436477661, -0.24394796788692474, -0.4326299726963043, 0.923509955406189, 1.8330880403518677, 0.07120000571012497, -1.421976089477539, -1.3944480419158936]
[0.07412944734096527, -0.061896804720163345, 0.3214982748031616, 1.5617314577102661, 0.3351553678512573, 0.6762656569480896] [-0.2085820436477661, -0.23014196753501892, -0.4326299726963043, 0.989471971988678, 1.8346221446990967, 0.07120000571012497, -1.421976089477539, -1.391379952430725]
[0.06858830899000168, -0.0559096559882164, 0.321191668510437, 1.5798287391662598, 0.34407180547714233, 0.7436155676841736] [-0.2085820436477661, -0.21786996722221375, -0.4280279874801636, 1.0293560028076172, 1.8346221446990967, 0.07120000571012497, -1.421976089477539, -1.392914056777954]
[0.06537146121263504, -0.05218847468495369, 0.32136857509613037, 1.5975608825683594, 0.3432071805000305, 0.7855086326599121] [-0.20704804360866547, -0.2101999670267105, -0.4157559871673584, 1.0446959733963013, 1.8346221446990967, 0.07120000571012497, -1.421976089477539, -1.3944480419158936]
[0.06445607542991638, -0.04901789501309395, 0.32155799865722656, 1.6068276166915894, 0.33890461921691895, 0.808281660079956] [-0.20551404356956482, -0.1902579665184021, -0.4034839868545532, 1.0446959733963013, 1.8330880403518677, 0.07120000571012497, -1.4265780448913574, -1.4005839824676514]
[0.06359376013278961, -0.04309523105621338, 0.3227391839027405, 1.620392084121704, 0.3245828449726105, 0.8436548709869385] [-0.20398004353046417, -0.15344196557998657, -0.37740597128868103, 1.0446959733963013, 1.8330880403518677, 0.07120000571012497, -1.4327141046524048, -1.4097880125045776]
[0.06256196647882462, -0.036130066961050034, 0.3240499198436737, 1.6492760181427002, 0.3023487329483032, 0.8879271149635315] [-0.20091204345226288, -0.12276195734739304, -0.3405899703502655, 1.0446959733963013, 1.8315540552139282, 0.07120000571012497, -1.4434521198272705, -1.4220600128173828]
[0.061965420842170715, -0.03035897947847843, 0.3253474831581116, 1.6782513856887817, 0.2791663110256195, 0.9250091314315796] [-0.19631004333496094, -0.09054796397686005, -0.30223995447158813, 1.0431619882583618, 1.8315540552139282, 0.07120000571012497, -1.460326075553894, -1.437399983406067]
[0.06249082460999489, -0.023991618305444717, 0.3261181116104126, 1.7230888605117798, 0.24919095635414124, 0.9661675691604614] [-0.19324204325675964, -0.05986796319484711, -0.25775396823883057, 1.0431619882583618, 1.8315540552139282, 0.07120000571012497, -1.480268120765686, -1.4604099988937378]
[0.06335946917533875, -0.019544683396816254, 0.32633182406425476, 1.7584401369094849, 0.226707324385643, 0.9957675337791443] [-0.19017404317855835, -0.039925962686538696, -0.22247196733951569, 1.0431619882583618, 1.8300200700759888, 0.07160000503063202, -1.4956080913543701, -1.4757499694824219]
[0.06545694172382355, -0.017476245760917664, 0.3253403604030609, 1.7896090745925903, 0.21316172182559967, 1.0099619626998901] [-0.19017404317855835, -0.03378996253013611, -0.20099596679210663, 1.0431619882583618, 1.8300200700759888, 0.07120000571012497, -1.5048121213912964, -1.4834200143814087]
[0.06706468015909195, -0.016542911529541016, 0.32449936866760254, 1.8074402809143066, 0.2063935548067093, 1.0140564441680908] [-0.1886400431394577, -0.030721962451934814, -0.1871899664402008, 1.0416280031204224, 1.8300200700759888, 0.07120000571012497, -1.5078800916671753, -1.488021969795227]
[0.06788021326065063, -0.016303662210702896, 0.3238418400287628, 1.8161900043487549, 0.2045992612838745, 1.016775131225586] [-0.1886400431394577, -0.03378996253013611, -0.1841219663619995, 1.0416280031204224, 1.8300200700759888, 0.07120000571012497, -1.5078800916671753, -1.4864879846572876]
[0.06920038163661957, -0.01808919943869114, 0.3237207531929016, 1.813210368156433, 0.20640164613723755, 1.0026031732559204] [-0.1886400431394577, -0.050663962960243225, -0.18872396647930145, 1.0385600328445435, 1.8315540552139282, 0.07120000571012497, -1.5063461065292358, -1.4818860292434692]
[0.07010120153427124, -0.020601121708750725, 0.32308709621429443, 1.8040331602096558, 0.21528185904026031, 0.9863924980163574] [-0.19324204325675964, -0.061401963233947754, -0.20099596679210663, 1.0385600328445435, 1.8315540552139282, 0.07120000571012497, -1.4864040613174438, -1.4619439840316772]
[0.07029139995574951, -0.02897028997540474, 0.32308611273765564, 1.7556788921356201, 0.24451418220996857, 0.9331027269363403] [-0.19784404337406158, -0.11202395707368851, -0.251617968082428, 1.040094017982483, 1.8346221446990967, 0.07120000571012497, -1.4710640907287598, -1.4558080434799194]
[0.07038309425115585, -0.03366290405392647, 0.32208290696144104, 1.7330410480499268, 0.2635502815246582, 0.9044311046600342] [-0.19937804341316223, -0.1381019651889801, -0.2792299687862396, 1.040094017982483, 1.8346221446990967, 0.07120000571012497, -1.460326075553894, -1.4450700283050537]
[0.06693041324615479, -0.05170924961566925, 0.3191870152950287, 1.6183780431747437, 0.34521111845970154, 0.7895397543907166] [-0.19937804341316223, -0.21480196714401245, -0.41422197222709656, 1.040094017982483, 1.8361561298370361, 0.07120000571012497, -1.4005000591278076, -1.3883119821548462]
[0.06497319042682648, -0.053309474140405655, 0.31922248005867004, 1.5926427841186523, 0.3589746654033661, 0.7775311470031738] [-0.19937804341316223, -0.2194039672613144, -0.44336795806884766, 1.040094017982483, 1.8361561298370361, 0.07120000571012497, -1.3882280588150024, -1.3775739669799805]
[0.062201179563999176, -0.05521946772933006, 0.31947454810142517, 1.5651785135269165, 0.3718799352645874, 0.7640300989151001] [-0.1947760432958603, -0.22247196733951569, -0.4648439884185791, 1.040094017982483, 1.8361561298370361, 0.07120000571012497, -1.3698201179504395, -1.357632040977478]
[0.05988287180662155, -0.05610404536128044, 0.31917569041252136, 1.5528528690338135, 0.38140401244163513, 0.7575634121894836] [-0.18710604310035706, -0.22247196733951569, -0.4878539741039276, 1.0431619882583618, 1.8361561298370361, 0.07120000571012497, -1.3560140132904053, -1.340757966041565]
[0.05693048983812332, -0.05727294832468033, 0.3189118206501007, 1.529253602027893, 0.3963397741317749, 0.7504299283027649] [-0.18097004294395447, -0.22247196733951569, -0.5108639597892761, 1.0446959733963013, 1.8361561298370361, 0.07120000571012497, -1.3360720872879028, -1.3254179954528809]
[0.05337432399392128, -0.05769657343626022, 0.3190346360206604, 1.5146238803863525, 0.4049972593784332, 0.7482011318206787] [-0.1686980426311493, -0.22093796730041504, -0.5216019749641418, 1.0462299585342407, 1.8361561298370361, 0.07120000571012497, -1.3238000869750977, -1.3131459951400757]
[0.050894346088171005, -0.057838812470436096, 0.31924644112586975, 1.5154290199279785, 0.40471047163009644, 0.748526394367218] [-0.15489204227924347, -0.22093796730041504, -0.5216019749641418, 1.0477639436721802, 1.8361561298370361, 0.07120000571012497, -1.309994101524353, -1.3039419651031494]
[0.04822493717074394, -0.05778960883617401, 0.3188822567462921, 1.5208544731140137, 0.4075341522693634, 0.7520104050636292] [-0.13801804184913635, -0.22093796730041504, -0.5200679898262024, 1.052366018295288, 1.8361561298370361, 0.07120000571012497, -1.2977221012115479, -1.2870680093765259]
[0.04428865760564804, -0.05664818733930588, 0.3188442885875702, 1.525080680847168, 0.41226980090141296, 0.7686672210693359] [-0.12574604153633118, -0.22247196733951569, -0.5216019749641418, 1.0738420486450195, 1.8376901149749756, 0.07120000571012497, -1.2563040256500244, -1.2379800081253052]
[0.031760621815919876, -0.054010629653930664, 0.3182128667831421, 1.5435513257980347, 0.42472904920578003, 0.8129194378852844] [-0.07359004020690918, -0.22093796730041504, -0.5216019749641418, 1.1259980201721191, 1.8484281301498413, 0.07120000571012497, -1.2409640550613403, -1.2149699926376343]
[0.025785695761442184, -0.05246616527438164, 0.31834733486175537, 1.5535507202148438, 0.42838069796562195, 0.8400511741638184] [-0.05671603977680206, -0.21786996722221375, -0.5216019749641418, 1.1352019309997559, 1.8530300855636597, 0.07120000571012497, -1.2271580696105957, -1.1980960369110107]
[0.020839931443333626, -0.050408657640218735, 0.3179689645767212, 1.55898118019104, 0.432424932718277, 0.8610599040985107] [-0.04291003942489624, -0.20713196694850922, -0.5200679898262024, 1.1444059610366821, 1.8530300855636597, 0.07120000571012497, -1.221022129058838, -1.1934939622879028]
[0.017057515680789948, -0.046617280691862106, 0.3181857764720917, 1.572347640991211, 0.42884907126426697, 0.894801914691925] [-0.029104039072990417, -0.1933259665966034, -0.5077959895133972, 1.1582119464874268, 1.8530300855636597, 0.07120000571012497, -1.2194880247116089, -1.1842899322509766]
[0.015155624598264694, -0.04609116166830063, 0.31831881403923035, 1.5763592720031738, 0.4289810061454773, 0.9046620726585388] [-0.024502038955688477, -0.18872396647930145, -0.5077959895133972, 1.1628140211105347, 1.8530300855636597, 0.07120000571012497, -1.21642005443573, -1.172018051147461]
[0.013331171125173569, -0.04401475936174393, 0.31893160939216614, 1.574358344078064, 0.42676010727882385, 0.917529821395874] [-0.021434038877487183, -0.17798596620559692, -0.506261944770813, 1.1628140211105347, 1.8530300855636597, 0.07120000571012497, -1.21642005443573, -1.172018051147461]
[0.012869661673903465, -0.04339107498526573, 0.31903329491615295, 1.5731862783432007, 0.42628148198127747, 0.9203034043312073] [-0.021434038877487183, -0.17491796612739563, -0.5047279596328735, 1.1643480062484741, 1.8530300855636597, 0.07120000571012497, -1.21642005443573, -1.172018051147461]
[0.011894680559635162, -0.04092938080430031, 0.3193928599357605, 1.573630928993225, 0.423666387796402, 0.9359436631202698] [-0.021434038877487183, -0.15190796554088593, -0.49859195947647095, 1.1643480062484741, 1.8530300855636597, 0.07120000571012497, -1.21642005443573, -1.172018051147461]
[0.009443873539566994, -0.034557223320007324, 0.32065314054489136, 1.588183045387268, 0.40891021490097046, 0.9793873429298401] [-0.015298038721084595, -0.12122795730829239, -0.4740479588508606, 1.1628140211105347, 1.8530300855636597, 0.07120000571012497, -1.21642005443573, -1.172018051147461]
[0.007061790209263563, -0.028811192139983177, 0.32123690843582153, 1.6132302284240723, 0.3925284147262573, 1.0194849967956543] [4.1961669921875e-05, -0.0859459638595581, -0.44643598794937134, 1.1628140211105347, 1.8514961004257202, 0.07120000571012497, -1.2179540395736694, -1.172018051147461]
[0.004259828478097916, -0.02282811887562275, 0.32156607508659363, 1.644283652305603, 0.3748272955417633, 1.0626044273376465] [0.01691596210002899, -0.061401963233947754, -0.41728997230529785, 1.1566779613494873, 1.8514961004257202, 0.07120000571012497, -1.21642005443573, -1.1735520362854004]
[0.002925500273704529, -0.01692144386470318, 0.32233694195747375, 1.6904195547103882, 0.3449859619140625, 1.1007994413375854] [0.03839196264743805, -0.026119962334632874, -0.363599956035614, 1.1382700204849243, 1.8499621152877808, 0.07120000571012497, -1.2240900993347168, -1.1842899322509766]
[0.004189248662441969, -0.014667650684714317, 0.3231428563594818, 1.7053719758987427, 0.3288111388683319, 1.1046597957611084] [0.04145996272563934, -0.01691596210002899, -0.34825998544692993, 1.1382700204849243, 1.8499621152877808, 0.07120000571012497, -1.2256240844726562, -1.190425992012024]
[0.004512714687734842, -0.012513675726950169, 0.3241993486881256, 1.7222257852554321, 0.31260666251182556, 1.1170438528060913] [0.04299396276473999, -0.004643961787223816, -0.3267839550971985, 1.1336679458618164, 1.8484281301498413, 0.07120000571012497, -1.2348281145095825, -1.1996300220489502]
[0.005034312140196562, -0.01082023698836565, 0.3241596221923828, 1.7436715364456177, 0.301777720451355, 1.1303644180297852] [0.04759596288204193, -0.001575961709022522, -0.30990996956825256, 1.1336679458618164, 1.8499621152877808, 0.07120000571012497, -1.236362099647522, -1.2042319774627686]
[0.005804099608212709, -0.010451282374560833, 0.3243086040019989, 1.754834771156311, 0.2953224778175354, 1.1330565214157104] [0.04912996292114258, -0.001575961709022522, -0.3007059693336487, 1.1336679458618164, 1.8499621152877808, 0.07120000571012497, -1.236362099647522, -1.205765962600708]
[0.006426227279007435, -0.010275601409375668, 0.32444319128990173, 1.7633112668991089, 0.2893516421318054, 1.1320003271102905] [0.05373196303844452, 0.001492038369178772, -0.29303598403930664, 1.1305999755859375, 1.8484281301498413, 0.07120000571012497, -1.2394300699234009, -1.2072999477386475]
[0.006105841137468815, -0.00875058677047491, 0.32439813017845154, 1.775404691696167, 0.28260722756385803, 1.1409286260604858] [0.061401963233947754, 0.00762803852558136, -0.2792299687862396, 1.1229300498962402, 1.8484281301498413, 0.07120000571012497, -1.2394300699234009, -1.2072999477386475]
[0.0059224809519946575, -0.007624378893524408, 0.32404783368110657, 1.7941399812698364, 0.27443569898605347, 1.1451226472854614] [0.09054796397686005, 0.021434038877487183, -0.23014196753501892, 1.1029880046844482, 1.8484281301498413, 0.07120000571012497, -1.2378960847854614, -1.2072999477386475]
[0.007583952974528074, -0.006338814739137888, 0.3266773819923401, 1.8253282308578491, 0.2380184829235077, 1.1322683095932007] [0.0890139639377594, 0.019900038838386536, -0.20559796690940857, 1.093783974647522, 1.8484281301498413, 0.07120000571012497, -1.236362099647522, -1.205765962600708]
[0.011208648793399334, -0.008946618065237999, 0.33278515934944153, 1.8379923105239868, 0.19186432659626007, 1.0962913036346436] [0.07980996370315552, -0.021517962217330933, -0.13196596503257751, 1.0692399740219116, 1.8484281301498413, 0.07120000571012497, -1.2348281145095825, -1.2042319774627686]
[0.019152933731675148, -0.01716996543109417, 0.3440231680870056, 1.8618866205215454, 0.10988608747720718, 1.0073572397232056] [0.07827596366405487, -0.05679996311664581, -0.05833396315574646, 1.040094017982483, 1.8484281301498413, 0.07120000571012497, -1.231760025024414, -1.202697992324829]
[0.025488756597042084, -0.025707952678203583, 0.3522896468639374, 1.8874059915542603, 0.04820048436522484, 0.9299609661102295] [0.07674196362495422, -0.10588795691728592, 0.021434038877487183, 1.0032780170440674, 1.8484281301498413, 0.07120000571012497, -1.2271580696105957, -1.2042319774627686]
[0.03850175067782402, -0.04158901795744896, 0.37197089195251465, 2.0072362422943115, -0.11094608902931213, 0.7690081596374512] [0.07520796358585358, -0.1411699652671814, 0.34971004724502563, 0.8514119982719421, 1.8484281301498413, 0.07120000571012497, -1.2286920547485352, -1.2042319774627686]
[0.05062638595700264, -0.0710187777876854, 0.3960675597190857, 2.254530191421509, -0.30537906289100647, 0.5295559167861938] [0.07520796358585358, -0.19485996663570404, 0.5844120383262634, 0.7624399662017822, 1.8484281301498413, 0.07120000571012497, -1.2286920547485352, -1.2042319774627686]
[0.055209461599588394, -0.09670597314834595, 0.40180084109306335, 2.3696961402893066, -0.3506898581981659, 0.35576868057250977] [0.07674196362495422, -0.27002596855163574, 0.6534420251846313, 0.7409639954566956, 1.8484281301498413, 0.07120000571012497, -1.2271580696105957, -1.205765962600708]
[0.05389511585235596, -0.12743909657001495, 0.4015214145183563, 2.3893027305603027, -0.35033556818962097, 0.18920376896858215] [0.0859459638595581, -0.43416398763656616, 0.6887240409851074, 0.7317599654197693, 1.8484281301498413, 0.07120000571012497, -1.2286920547485352, -1.2072999477386475]
[0.043246738612651825, -0.1692011058330536, 0.4030842185020447, 2.4064784049987793, -0.3584193289279938, -0.04139339178800583] [0.09514996409416199, -0.6734679937362671, 0.7362780570983887, 0.714885950088501, 1.8514961004257202, 0.07120000571012497, -1.2286920547485352, -1.2272419929504395]
[0.04154892638325691, -0.18703103065490723, 0.39861440658569336, 2.453627824783325, -0.32338711619377136, -0.16579371690750122] [0.10588795691728592, -0.6857399940490723, 0.7638900279998779, 0.6458559632301331, 1.8545640707015991, 0.07120000571012497, -1.2271580696105957, -1.2471840381622314]
[0.04221799597144127, -0.20738935470581055, 0.38934096693992615, 2.580613374710083, -0.2370302975177765, -0.34133878350257874] [0.10895595699548721, -0.6826719641685486, 0.8866100311279297, 0.429561972618103, 1.8545640707015991, 0.07120000571012497, -1.2271580696105957, -1.2471840381622314]
[0.03564581274986267, -0.23221604526042938, 0.3782447278499603, 2.849895477294922, -0.12561702728271484, -0.5478197932243347] [0.10895595699548721, -0.6842060089111328, 1.158128023147583, 0.1871899664402008, 1.8545640707015991, 0.07120000571012497, -1.2286920547485352, -1.2471840381622314]
[0.02931387536227703, -0.2473321557044983, 0.35506120324134827, 3.023587942123413, 0.07589071989059448, -0.6726301908493042] [0.12736396491527557, -0.6842060089111328, 1.2808480262756348, 0.039925962686538696, 1.8560980558395386, 0.07120000571012497, -1.2286920547485352, -1.248718023300171]
[0.02928026206791401, -0.2473267763853073, 0.3517029881477356, 3.010720729827881, 0.09211363643407822, -0.6735842227935791] [0.14270396530628204, -0.6826719641685486, 1.2823820114135742, 0.039925962686538696, 1.8560980558395386, 0.07120000571012497, -1.2302260398864746, -1.248718023300171]
[0.028949573636054993, -0.24733121693134308, 0.3434876799583435, 2.97933292388916, 0.13242760300636292, -0.6773728132247925] [0.19792796671390533, -0.6826719641685486, 1.2823820114135742, 0.03839196264743805, 1.8560980558395386, 0.07120000571012497, -1.2394300699234009, -1.2625240087509155]
[0.028778135776519775, -0.2472189962863922, 0.33459338545799255, 2.943639039993286, 0.17481058835983276, -0.6818520426750183] [0.2454819679260254, -0.6842060089111328, 1.2808480262756348, 0.03839196264743805, 1.8560980558395386, 0.07120000571012497, -1.2440320253372192, -1.2686599493026733]
[0.02771407552063465, -0.2472560703754425, 0.32195624709129333, 2.8934996128082275, 0.2364824414253235, -0.69232577085495] [0.3405899703502655, -0.6811379790306091, 1.2854501008987427, 0.04452796280384064, 1.8499621152877808, 0.07120000571012497, -1.2455661296844482, -1.2671259641647339]
[0.02529611624777317, -0.24683751165866852, 0.3112972378730774, 2.85848331451416, 0.2868216037750244, -0.7001150846481323] [0.37740597128868103, -0.6811379790306091, 1.294654130935669, 0.04452796280384064, 1.8530300855636597, 0.07160000503063202, -1.2440320253372192, -1.264057993888855]
[0.025169504806399345, -0.24614132940769196, 0.3108316957950592, 2.8580095767974854, 0.2896587550640106, -0.6962850093841553] [0.3820079565048218, -0.6750019788742065, 1.29312002658844, 0.04452796280384064, 1.8530300855636597, 0.07120000571012497, -1.2378960847854614, -1.2579219341278076]
[0.02480553463101387, -0.24579782783985138, 0.31146636605262756, 2.860569953918457, 0.28628289699554443, -0.6933978796005249] [0.3820079565048218, -0.6750019788742065, 1.29312002658844, 0.04452796280384064, 1.8545640707015991, 0.07120000571012497, -1.2378960847854614, -1.2579219341278076]
[0.024649471044540405, -0.2458564043045044, 0.31137898564338684, 2.860720157623291, 0.287261426448822, -0.6941086649894714] [0.3820079565048218, -0.6750019788742065, 1.29312002658844, 0.04299396276473999, 1.8530300855636597, 0.07120000571012497, -1.2409640550613403, -1.2579219341278076]
