[0.6090399622917175, -0.13656796514987946, 1.915924072265625, 1.0446959733963013, 1.5983860492706299, 0.20600000023841858, -0.03370603919029236] [0.1736011803150177, -0.16882279515266418, 0.0986744686961174, -2.888702392578125, -0.41768091917037964, -0.40269628167152405] [0.990032970905304, -0.3634016513824463, -0.5467314720153809]
[0.6090399622917175, -0.13656796514987946, 1.915924072265625, 1.0446959733963013, 1.5983860492706299, 0.20479999482631683, -0.035240039229393005] [0.1736011803150177, -0.16882279515266418, 0.0986744686961174, -2.888702392578125, -0.41768091917037964, -0.40269628167152405] [0.990032970905304, -0.3634016513824463, -0.5467314720153809]
[0.6090399622917175, -0.13656796514987946, 1.915924072265625, 1.0446959733963013, 1.5983860492706299, 0.20440000295639038, -0.035240039229393005] [0.1736011803150177, -0.16882279515266418, 0.0986744686961174, -2.888702392578125, -0.41768091917037964, -0.40269628167152405] [0.990032970905304, -0.3634016513824463, -0.5467314720153809]
[0.6090399622917175, -0.13656796514987946, 1.915924072265625, 1.0446959733963013, 1.5983860492706299, 0.20440000295639038, -0.035240039229393005] [0.1736011803150177, -0.16882279515266418, 0.0986744686961174, -2.888702392578125, -0.41768091917037964, -0.40269628167152405] [0.990032970905304, -0.3634016513824463, -0.5467314720153809]
[0.6090399622917175, -0.13656796514987946, 1.915924072265625, 1.0431619882583618, 1.5983860492706299, 0.20440000295639038, -0.035240039229393005] [0.1736011803150177, -0.16882279515266418, 0.0986744686961174, -2.888702392578125, -0.41768091917037964, -0.40269628167152405] [0.990032970905304, -0.3634016513824463, -0.5467314720153809]
[0.6090399622917175, -0.13656796514987946, 1.915924072265625, 1.0446959733963013, 1.5983860492706299, 0.20479999482631683, -0.035240039229393005] [0.1736011803150177, -0.16882279515266418, 0.0986744686961174, -2.888702392578125, -0.41768091917037964, -0.40269628167152405] [0.990032970905304, -0.3634016513824463, -0.5467314720153809]
[0.6090399622917175, -0.13656796514987946, 1.915924072265625, 1.0446959733963013, 1.5983860492706299, 0.20440000295639038, -0.035240039229393005] [0.1736011803150177, -0.16882279515266418, 0.0986744686961174, -2.888702392578125, -0.41768091917037964, -0.40269628167152405] [0.990032970905304, -0.3634016513824463, -0.5467314720153809]
[0.6090399622917175, -0.13656796514987946, 1.915924072265625, 1.0446959733963013, 1.5983860492706299, 0.20479999482631683, -0.035240039229393005] [0.1736011803150177, -0.16882279515266418, 0.0986744686961174, -2.888702392578125, -0.41768091917037964, -0.40269628167152405] [0.990032970905304, -0.3634016513824463, -0.5467314720153809]
[0.6090399622917175, -0.13656796514987946, 1.915924072265625, 1.0446959733963013, 1.5983860492706299, 0.20440000295639038, -0.035240039229393005] [0.1736011803150177, -0.16882279515266418, 0.0986744686961174, -2.888702392578125, -0.41768091917037964, -0.40269628167152405] [0.990032970905304, -0.3634016513824463, -0.5467314720153809]
[0.6090399622917175, -0.13656796514987946, 1.915924072265625, 1.0446959733963013, 1.5983860492706299, 0.20440000295639038, -0.035240039229393005] [0.1736011803150177, -0.16882279515266418, 0.0986744686961174, -2.888702392578125, -0.41768091917037964, -0.40269628167152405] [0.990032970905304, -0.3634016513824463, -0.5467314720153809]
[0.6090399622917175, -0.13656796514987946, 1.915924072265625, 1.0446959733963013, 1.5983860492706299, 0.20440000295639038, -0.03370603919029236] [0.1736956685781479, -0.16882069408893585, 0.09852666407823563, -2.8888540267944336, -0.4161856472492218, -0.40232160687446594] [0.990032970905304, -0.3634016513824463, -0.5467314720153809]
[0.6090399622917175, -0.13656796514987946, 1.915924072265625, 1.0446959733963013, 1.5983860492706299, 0.20479999482631683, -0.035240039229393005] [0.17364926636219025, -0.16867347061634064, 0.09870752692222595, -2.8900468349456787, -0.41797640919685364, -0.40128132700920105] [0.990032970905304, -0.3634016513824463, -0.5467314720153809]
[0.6090399622917175, -0.1350339651107788, 1.912856101989746, 1.0446959733963013, 1.5983860492706299, 0.20440000295639038, -0.035240039229393005] [0.17364926636219025, -0.16867347061634064, 0.09870752692222595, -2.8900468349456787, -0.41797640919685364, -0.40128132700920105] [0.990032970905304, -0.3634016513824463, -0.5467314720153809]
[0.6090399622917175, -0.13656796514987946, 1.9143900871276855, 1.0446959733963013, 1.5983860492706299, 0.20440000295639038, -0.035240039229393005] [0.17374370992183685, -0.16867147386074066, 0.09855969995260239, -2.89019775390625, -0.41648069024086, -0.40090879797935486] [0.990032970905304, -0.3634016513824463, -0.5467314720153809]
[0.6105740070343018, -0.13656796514987946, 1.9143900871276855, 1.0446959733963013, 1.5983860492706299, 0.20440000295639038, -0.03370603919029236] [0.17364926636219025, -0.16867347061634064, 0.09870752692222595, -2.8900468349456787, -0.41797640919685364, -0.40128132700920105] [0.990032970905304, -0.3634016513824463, -0.5467314720153809]
[0.6090399622917175, -0.13656796514987946, 1.9143900871276855, 1.0446959733963013, 1.5983860492706299, 0.20440000295639038, -0.035240039229393005] [0.17364926636219025, -0.16867347061634064, 0.09870752692222595, -2.8900468349456787, -0.41797640919685364, -0.40128132700920105] [0.990032970905304, -0.3634016513824463, -0.5467314720153809]
[0.6090399622917175, -0.13656796514987946, 1.9036520719528198, 1.0446959733963013, 1.5983860492706299, 0.20440000295639038, -0.035240039229393005] [0.17393510043621063, -0.16777583956718445, 0.09890171140432358, -2.8981268405914307, -0.41971275210380554, -0.3927786946296692] [0.990032970905304, -0.3634016513824463, -0.5467314720153809]
[0.6090399622917175, -0.13656796514987946, 1.9051860570907593, 1.0462299585342407, 1.5983860492706299, 0.20440000295639038, -0.03370603919029236] [0.17379456758499146, -0.16792705655097961, 0.09928423911333084, -2.895984411239624, -0.42234164476394653, -0.3948241174221039] [0.990032970905304, -0.3634016513824463, -0.5467314720153809]
[0.579893946647644, -0.13656796514987946, 1.9082541465759277, 1.0508320331573486, 1.5983860492706299, 0.20440000295639038, -0.03217203915119171] [0.17288559675216675, -0.16823424398899078, 0.10912787169218063, -2.8694992065429688, -0.4786844849586487, -0.4099297821521759] [0.990032970905304, -0.3634016513824463, -0.5467314720153809]
[0.5246700048446655, -0.13656796514987946, 1.9143900871276855, 1.055433988571167, 1.5983860492706299, 0.20440000295639038, -0.030638039112091064] [0.17177659273147583, -0.16868481040000916, 0.1203886866569519, -2.8343167304992676, -0.5378923416137695, -0.4293372929096222] [0.990032970905304, -0.3634016513824463, -0.5467314720153809]
[0.4617759585380554, -0.13656796514987946, 1.9097881317138672, 1.055433988571167, 1.5983860492706299, 0.20440000295639038, -0.030638039112091064] [0.17100776731967926, -0.1678658127784729, 0.12785962224006653, -2.8186237812042236, -0.5781344771385193, -0.4335366189479828] [0.990032970905304, -0.3634016513824463, -0.5467314720153809]
[0.4418339729309082, -0.10895595699548721, 1.9082541465759277, 1.0539000034332275, 1.5983860492706299, 0.20440000295639038, -0.030638039112091064] [0.17276687920093536, -0.16301114857196808, 0.12908019125461578, -2.803417205810547, -0.5836920142173767, -0.41179734468460083] [0.990032970905304, -0.3634016513824463, -0.5467314720153809]
[0.421891987323761, -0.1381019651889801, 1.9067200422286987, 1.055433988571167, 1.5999200344085693, 0.20440000295639038, -0.02757003903388977] [0.16836129128932953, -0.17207200825214386, 0.13363231718540192, -2.7981650829315186, -0.6074601411819458, -0.46673059463500977] [0.990032970905304, -0.3634016513824463, -0.5467314720153809]
[0.3866099715232849, -0.13043196499347687, 1.900584101676941, 1.0539000034332275, 1.6045221090316772, 0.20440000295639038, -0.030638039112091064] [0.16932350397109985, -0.16602304577827454, 0.14009831845760345, -2.782898426055908, -0.6438278555870056, -0.4393785893917084] [0.990032970905304, -0.3634016513824463, -0.5467314720153809]
[0.3605319857597351, -0.12736396491527557, 1.8791080713272095, 1.0539000034332275, 1.6045221090316772, 0.20440000295639038, -0.035240039229393005] [0.16892164945602417, -0.16224230825901031, 0.1464328020811081, -2.7974014282226562, -0.681548535823822, -0.41553014516830444] [0.990032970905304, -0.3634016513824463, -0.5467314720153809]
[0.32524996995925903, -0.12122795730829239, 1.8453600406646729, 1.055433988571167, 1.6045221090316772, 0.20440000295639038, -0.03217203915119171] [0.16755831241607666, -0.15846912562847137, 0.1538342535495758, -2.826267719268799, -0.7286975979804993, -0.3864171802997589] [0.990032970905304, -0.3634016513824463, -0.5467314720153809]
[0.2853659689426422, -0.13196596503257751, 1.7886021137237549, 1.0615699291229248, 1.5907161235809326, 0.20440000295639038, -0.03217203915119171] [0.16361820697784424, -0.15370196104049683, 0.1655672937631607, -2.928190231323242, -0.8086556792259216, -0.33085086941719055] [0.990032970905304, -0.3634016513824463, -0.5467314720153809]
[0.22860796749591827, -0.1703159660100937, 1.5845800638198853, 1.0692399740219116, 1.575376033782959, 0.20440000295639038, -0.029104039072990417] [0.16436925530433655, -0.13599355518817902, 0.1708524227142334, 3.0598974227905273, -0.8463134765625, -0.0970822274684906] [0.990032970905304, -0.3634016513824463, -0.5467314720153809]
[0.22093796730041504, -0.1841219663619995, 1.3222661018371582, 1.0692399740219116, 1.5738420486450195, 0.20440000295639038, -0.02757003903388977] [0.1671353429555893, -0.11588101834058762, 0.1671617478132248, 2.732088327407837, -0.797625720500946, 0.17165033519268036] [0.990032970905304, -0.3634016513824463, -0.5467314720153809]
[0.2194039672613144, -0.21480196714401245, 1.1719341278076172, 1.0692399740219116, 1.575376033782959, 0.20440000295639038, -0.02757003903388977] [0.16891497373580933, -0.10133875906467438, 0.16034352779388428, 2.489335298538208, -0.7129110097885132, 0.3519594669342041] [0.990032970905304, -0.3634016513824463, -0.5467314720153809]
[0.21173396706581116, -0.22860796749591827, 0.9909220933914185, 1.0861139297485352, 1.575376033782959, 0.20440000295639038, -0.026036038994789124] [0.16761498153209686, -0.08332960307598114, 0.15224193036556244, 2.2715566158294678, -0.6188908219337463, 0.536576509475708] [0.990032970905304, -0.3634016513824463, -0.5467314720153809]
[0.19485996663570404, -0.22860796749591827, 0.7439480423927307, 1.2195719480514526, 1.5738420486450195, 0.20440000295639038, -0.02757003903388977] [0.15381009876728058, -0.06101962551474571, 0.14611808955669403, 2.030911684036255, -0.5561439394950867, 0.808758020401001] [0.990032970905304, -0.3634016513824463, -0.5467314720153809]
[0.17338396608829498, -0.22860796749591827, 0.5966840386390686, 1.3054759502410889, 1.5738420486450195, 0.20440000295639038, -0.029104039072990417] [0.1462291181087494, -0.04799838364124298, 0.13693547248840332, 1.9036588668823242, -0.4561280906200409, 0.9510286450386047] [0.990032970905304, -0.3634016513824463, -0.5467314720153809]
[0.17338396608829498, -0.22860796749591827, 0.4371480345726013, 1.3054759502410889, 1.57230806350708, 0.20440000295639038, -0.03217203915119171] [0.14550824463367462, -0.03982535004615784, 0.12110111117362976, 1.8487530946731567, -0.3138750195503235, 0.9980980753898621] [0.990032970905304, -0.3634016513824463, -0.5467314720153809]
[0.17491796612739563, -0.22707396745681763, 0.440216064453125, 1.3039419651031494, 1.57230806350708, 0.20440000295639038, -0.03217203915119171] [0.14581474661827087, -0.04080439731478691, 0.12311367690563202, 1.8562710285186768, -0.3319406807422638, 0.990932822227478] [0.990032970905304, -0.3634016513824463, -0.5467314720153809]
[0.17645196616649628, -0.22400596737861633, 0.44175004959106445, 1.2916699647903442, 1.57230806350708, 0.20440000295639038, -0.03217203915119171] [0.1470084935426712, -0.040673013776540756, 0.12144806981086731, 1.8643083572387695, -0.3212713897228241, 0.9810231924057007] [0.990032970905304, -0.3634016513824463, -0.5467314720153809]
[0.18105396628379822, -0.21786996722221375, 0.43561404943466187, 1.2932039499282837, 1.57230806350708, 0.20440000295639038, -0.03217203915119171] [0.14576515555381775, -0.038176752626895905, 0.12248379737138748, 1.868722677230835, -0.3317764699459076, 0.9992642998695374] [0.990032970905304, -0.3634016513824463, -0.5467314720153809]
[0.18105396628379822, -0.20252996683120728, 0.44175004959106445, 1.2916699647903442, 1.57230806350708, 0.20440000295639038, -0.03217203915119171] [0.14569535851478577, -0.03789051994681358, 0.12212052196264267, 1.8696774244308472, -0.3297703266143799, 1.000734567642212] [0.990032970905304, -0.3634016513824463, -0.5467314720153809]
[0.18105396628379822, -0.20252996683120728, 0.426410049200058, 1.2916699647903442, 1.57230806350708, 0.20440000295639038, -0.03217203915119171] [0.1457299441099167, -0.03716928884387016, 0.1201285570859909, 1.8653203248977661, -0.31297537684440613, 1.0037322044372559] [0.990032970905304, -0.3634016513824463, -0.5467314720153809]
[0.19485996663570404, -0.20252996683120728, 0.42487603425979614, 1.2932039499282837, 1.57230806350708, 0.20440000295639038, -0.03217203915119171] [0.14578230679035187, -0.03674132004380226, 0.11837524175643921, 1.87651526927948, -0.30687054991722107, 1.0033305883407593] [0.990032970905304, -0.3634016513824463, -0.5467314720153809]
[0.1963939666748047, -0.19179196655750275, 0.42180806398391724, 1.3008739948272705, 1.57230806350708, 0.20440000295639038, -0.03370603919029236] [0.14406466484069824, -0.0347718708217144, 0.11794242262840271, 1.8734267950057983, -0.3051515519618988, 1.0242396593093872] [0.990032970905304, -0.3634016513824463, -0.5467314720153809]
[0.19792796671390533, -0.18258796632289886, 0.39573004841804504, 1.3116120100021362, 1.57230806350708, 0.20440000295639038, -0.03370603919029236] [0.14179754257202148, -0.031077289953827858, 0.1148838996887207, 1.8605674505233765, -0.278989315032959, 1.0564396381378174] [0.990032970905304, -0.3634016513824463, -0.5467314720153809]
[0.19792796671390533, -0.1641799658536911, 0.3681180477142334, 1.3116120100021362, 1.5707740783691406, 0.20440000295639038, -0.03370603919029236] [0.14038248360157013, -0.027906987816095352, 0.11263351887464523, 1.8549680709838867, -0.2612525522708893, 1.078245997428894] [0.990032970905304, -0.3634016513824463, -0.5467314720153809]
[0.20252996683120728, -0.15190796554088593, 0.34050604701042175, 1.319282054901123, 1.5707740783691406, 0.20440000295639038, -0.03370603919029236] [0.13820995390415192, -0.02526034601032734, 0.10972292721271515, 1.8471957445144653, -0.23875363171100616, 1.1046335697174072] [0.990032970905304, -0.3634016513824463, -0.5467314720153809]
[0.20406396687030792, -0.15037396550178528, 0.30522406101226807, 1.3484280109405518, 1.5707740783691406, 0.20440000295639038, -0.03217203915119171] [0.1341097205877304, -0.02258738875389099, 0.10498624294996262, 1.8335069417953491, -0.20283818244934082, 1.1469769477844238] [0.990032970905304, -0.3634016513824463, -0.5467314720153809]
[0.21480196714401245, -0.15037396550178528, 0.2607380449771881, 1.3622339963912964, 1.5692400932312012, 0.20440000295639038, -0.03217203915119171] [0.13187699019908905, -0.020751073956489563, 0.09864296019077301, 1.8331975936889648, -0.15963131189346313, 1.169033169746399] [0.990032970905304, -0.3634016513824463, -0.5467314720153809]
[0.2362779676914215, -0.1442379653453827, 0.22852404415607452, 1.3699040412902832, 1.552366018295288, 0.20440000295639038, -0.03217203915119171] [0.12987475097179413, -0.019094005227088928, 0.09250951558351517, 1.8207533359527588, -0.12546613812446594, 1.1861706972122192] [0.990032970905304, -0.3634016513824463, -0.5467314720153809]
[0.251617968082428, -0.13963596522808075, 0.20704804360866547, 1.3745059967041016, 1.537026047706604, 0.20440000295639038, -0.03217203915119171] [0.12856337428092957, -0.017542662099003792, 0.08995428681373596, 1.8192217350006104, -0.11159305274486542, 1.1992112398147583] [0.990032970905304, -0.3634016513824463, -0.5467314720153809]
[0.2562199831008911, -0.12582996487617493, 0.20244604349136353, 1.3745059967041016, 1.5354920625686646, 0.20440000295639038, -0.03370603919029236] [0.1275247037410736, -0.015952903777360916, 0.0896291583776474, 1.8213433027267456, -0.11195620149374008, 1.2110604047775269] [0.990032970905304, -0.3634016513824463, -0.5467314720153809]
[0.26082196831703186, -0.11662595719099045, 0.20244604349136353, 1.3745059967041016, 1.5354920625686646, 0.20440000295639038, -0.03370603919029236] [0.12712468206882477, -0.015179220587015152, 0.08913633972406387, 1.8230714797973633, -0.11047890037298203, 1.2155579328536987] [0.990032970905304, -0.3634016513824463, -0.5467314720153809]
[0.26082196831703186, -0.11355795711278915, 0.20091204345226288, 1.372972011566162, 1.5324240922927856, 0.20440000295639038, -0.03370603919029236] [0.12699808180332184, -0.014983088709414005, 0.08915096521377563, 1.8216756582260132, -0.11084988713264465, 1.217024803161621] [0.990032970905304, -0.3634016513824463, -0.5467314720153809]
[0.26082196831703186, -0.11355795711278915, 0.19937804341316223, 1.372972011566162, 1.5308901071548462, 0.20440000295639038, -0.03370603919029236] [0.12695026397705078, -0.014942302368581295, 0.08894800394773483, 1.8182587623596191, -0.10940820723772049, 1.2174561023712158] [0.990032970905304, -0.3634016513824463, -0.5467314720153809]
[0.26082196831703186, -0.11355795711278915, 0.19937804341316223, 1.372972011566162, 1.5278220176696777, 0.20440000295639038, -0.035240039229393005] [0.12694662809371948, -0.014938831329345703, 0.08892980217933655, 1.8167246580123901, -0.10940820723772049, 1.2174561023712158] [0.990032970905304, -0.3634016513824463, -0.5467314720153809]
[0.26082196831703186, -0.11355795711278915, 0.19937804341316223, 1.3699040412902832, 1.5262880325317383, 0.20440000295639038, -0.03370603919029236] [0.1272733360528946, -0.015006224624812603, 0.08881685137748718, 1.8155124187469482, -0.10853367298841476, 1.2144979238510132] [0.990032970905304, -0.3634016513824463, -0.5467314720153809]
[0.26082196831703186, -0.11355795711278915, 0.19937804341316223, 1.3699040412902832, 1.5247540473937988, 0.20440000295639038, -0.03370603919029236] [0.12726619839668274, -0.014999331906437874, 0.08878041058778763, 1.8124444484710693, -0.10853367298841476, 1.2144979238510132] [0.990032970905304, -0.3634016513824463, -0.5467314720153809]
[0.26082196831703186, -0.11355795711278915, 0.19937804341316223, 1.3699040412902832, 1.52168607711792, 0.20440000295639038, -0.03370603919029236] [0.1272893249988556, -0.015015749260783195, 0.08885576575994492, 1.8051276206970215, -0.10997430980205536, 1.2140663862228394] [0.990032970905304, -0.3634016513824463, -0.5467314720153809]
[0.26082196831703186, -0.11355795711278915, 0.20091204345226288, 1.3699040412902832, 1.5109480619430542, 0.20440000295639038, -0.03370603919029236] [0.12744426727294922, -0.01504135224968195, 0.08875351399183273, 1.800687551498413, -0.10953617095947266, 1.2125873565673828] [0.990032970905304, -0.3634016513824463, -0.5467314720153809]
[0.26082196831703186, -0.11355795711278915, 0.20091204345226288, 1.3668359518051147, 1.5109480619430542, 0.20440000295639038, -0.035240039229393005] [0.12756875157356262, -0.015044046565890312, 0.0885394737124443, 1.8004915714263916, -0.10765814781188965, 1.2115401029586792] [0.990032970905304, -0.3634016513824463, -0.5467314720153809]
[0.26082196831703186, -0.11048995703458786, 0.19784404337406158, 1.3499619960784912, 1.5109480619430542, 0.20479999482631683, -0.0383080393075943] [0.12958641350269318, -0.014958605170249939, 0.08758892863988876, 1.8024648427963257, -0.09930232167243958, 1.194641351699829] [0.990032970905304, -0.3634016513824463, -0.5467314720153809]
[0.26082196831703186, -0.10742195695638657, 0.19631004333496094, 1.3361560106277466, 1.5124820470809937, 0.20440000295639038, -0.039842039346694946] [0.13045018911361694, -0.01500387117266655, 0.08735131472349167, 1.8050142526626587, -0.09701992571353912, 1.1872519254684448] [0.990032970905304, -0.3634016513824463, -0.5467314720153809]
[0.26082196831703186, -0.09821796417236328, 0.19631004333496094, 1.3162139654159546, 1.5124820470809937, 0.20440000295639038, -0.04137603938579559] [0.1319134533405304, -0.01422056369483471, 0.08706822991371155, 1.8084628582000732, -0.09477703273296356, 1.1764445304870605] [0.990032970905304, -0.3634016513824463, -0.5467314720153809]
[0.25928795337677, -0.07980996370315552, 0.20704804360866547, 1.279397964477539, 1.5124820470809937, 0.20440000295639038, -0.04137603938579559] [0.1348303109407425, -0.01276937685906887, 0.08759903907775879, 1.814404845237732, -0.0973070040345192, 1.154882550239563] [0.990032970905304, -0.3634016513824463, -0.5467314720153809]
[0.251617968082428, -0.07060596346855164, 0.2116500437259674, 1.244115948677063, 1.5124820470809937, 0.20479999482631683, -0.04137603938579559] [0.13798145949840546, -0.012919720262289047, 0.08815772831439972, 1.8148243427276611, -0.09714339673519135, 1.1286550760269165] [0.990032970905304, -0.3634016513824463, -0.5467314720153809]
[0.2500839829444885, -0.05986796319484711, 0.23005804419517517, 1.2011640071868896, 1.5124820470809937, 0.20440000295639038, -0.04444403946399689] [0.14368489384651184, -0.014026379212737083, 0.08967168629169464, 1.8287912607192993, -0.10686589032411575, 1.0774070024490356] [0.990032970905304, -0.3634016513824463, -0.5467314720153809]
[0.2424139678478241, -0.050663962960243225, 0.25613605976104736, 1.1352019309997559, 1.5124820470809937, 0.20440000295639038, -0.045978039503097534] [0.14864660799503326, -0.014900410547852516, 0.09184756875038147, 1.8378196954727173, -0.1175168827176094, 1.0335664749145508] [0.990032970905304, -0.3634016513824463, -0.5467314720153809]
[0.23320996761322021, -0.03378996253013611, 0.2745440602302551, 1.0830459594726562, 1.5124820470809937, 0.20440000295639038, -0.045978039503097534] [0.15317368507385254, -0.014997914433479309, 0.0940583124756813, 1.8428579568862915, -0.12487989664077759, 0.9950838088989258] [0.990032970905304, -0.3634016513824463, -0.5467314720153809]
[0.21480196714401245, -0.009245961904525757, 0.29141804575920105, 1.0032780170440674, 1.5124820470809937, 0.20440000295639038, -0.045978039503097534] [0.1599329560995102, -0.014887831173837185, 0.0962536558508873, 1.8549457788467407, -0.1273685097694397, 0.9361563324928284] [0.990032970905304, -0.3634016513824463, -0.5467314720153809]
[0.1902579665184021, 0.045978039503097534, 0.33743804693222046, 0.839139997959137, 1.5232200622558594, 0.20440000295639038, -0.04444403946399689] [0.1732187420129776, -0.016691211611032486, 0.09933387488126755, 1.9096500873565674, -0.1262858659029007, 0.8081172108650208] [0.990032970905304, -0.3634016513824463, -0.5467314720153809]
[0.16878196597099304, 0.09813404083251953, 0.3788560628890991, 0.7179539799690247, 1.5262880325317383, 0.20440000295639038, -0.045978039503097534] [0.1775273084640503, -0.016040951013565063, 0.10187497735023499, 1.9366763830184937, -0.130821093916893, 0.7648064494132996] [0.990032970905304, -0.3634016513824463, -0.5467314720153809]
[0.1641799658536911, 0.10580404102802277, 0.38652604818344116, 0.7133519649505615, 1.5262880325317383, 0.20440000295639038, -0.045978039503097534] [0.1782798022031784, -0.016540292650461197, 0.10223512351512909, 1.9417539834976196, -0.13209524750709534, 0.7563040256500244] [0.990032970905304, -0.3634016513824463, -0.5467314720153809]
[0.1580439656972885, 0.10273604094982147, 0.38959404826164246, 0.6903419494628906, 1.5262880325317383, 0.20440000295639038, -0.04444403946399689] [0.18093135952949524, -0.01970062591135502, 0.10288179665803909, 1.9384056329727173, -0.1295565664768219, 0.7265231013298035] [0.990032970905304, -0.3634016513824463, -0.5467314720153809]
[0.14730596542358398, 0.08126004040241241, 0.3911280632019043, 0.6703999638557434, 1.5262880325317383, 0.20440000295639038, -0.045978039503097534] [0.18425896763801575, -0.025631630793213844, 0.1037663072347641, 1.9339170455932617, -0.1290934979915619, 0.6855114698410034] [0.990032970905304, -0.3634016513824463, -0.5467314720153809]
[0.14270396530628204, 0.04444403946399689, 0.4049340486526489, 0.6673319935798645, 1.5308901071548462, 0.20479999482631683, -0.045978039503097534] [0.1869683712720871, -0.03245865926146507, 0.10461107641458511, 1.9423238039016724, -0.1339404582977295, 0.6464498043060303] [0.990032970905304, -0.3634016513824463, -0.5467314720153809]
[0.1442379653453827, -4.1961669921875e-05, 0.40953606367111206, 0.6673319935798645, 1.556968092918396, 0.20440000295639038, -0.04444403946399689] [0.19060207903385162, -0.043855220079422, 0.10441421717405319, 1.9724400043487549, -0.12948155403137207, 0.5872766375541687] [0.990032970905304, -0.3634016513824463, -0.5467314720153809]
[0.14577196538448334, -0.046061962842941284, 0.40953606367111206, 0.676535964012146, 1.575376033782959, 0.20440000295639038, -0.04444403946399689] [0.19145949184894562, -0.049546416848897934, 0.1038426011800766, 1.984846591949463, -0.1278993934392929, 0.5648873448371887] [0.990032970905304, -0.3634016513824463, -0.5467314720153809]
[0.1580439656972885, -0.08134396374225616, 0.4110700488090515, 0.6888079643249512, 1.5876480340957642, 0.20440000295639038, -0.04291003942489624] [0.19256527721881866, -0.05568253993988037, 0.10113318264484406, 2.001114845275879, -0.11498620361089706, 0.5367262363433838] [0.990032970905304, -0.3634016513824463, -0.5467314720153809]
[0.17951996624469757, -0.11202395707368851, 0.4110700488090515, 0.7010799646377563, 1.5937840938568115, 0.20440000295639038, -0.04291003942489624] [0.1924075484275818, -0.05945022404193878, 0.09707731008529663, 2.0121731758117676, -0.09877362102270126, 0.5256089568138123] [0.990032970905304, -0.3634016513824463, -0.5467314720153809]
[0.20252996683120728, -0.1381019651889801, 0.40953606367111206, 0.7363619804382324, 1.5937840938568115, 0.20440000295639038, -0.039842039346694946] [0.19090940058231354, -0.061288051307201385, 0.09300418943166733, 2.017819881439209, -0.08529463410377502, 0.532031774520874] [0.990032970905304, -0.3634016513824463, -0.5467314720153809]
[0.23167596757411957, -0.15344196557998657, 0.4003320336341858, 0.773177981376648, 1.5937840938568115, 0.20479999482631683, -0.0383080393075943] [0.18825720250606537, -0.059276364743709564, 0.08947533369064331, 2.01751971244812, -0.07376089692115784, 0.5618487000465393] [0.990032970905304, -0.3634016513824463, -0.5467314720153809]
[0.26082196831703186, -0.15190796554088593, 0.3972640633583069, 0.8145959973335266, 1.5937840938568115, 0.20479999482631683, -0.0383080393075943] [0.18489445745944977, -0.055447712540626526, 0.08525726199150085, 2.0292959213256836, -0.062162965536117554, 0.6013498902320862] [0.990032970905304, -0.3634016513824463, -0.5467314720153809]
[0.28689998388290405, -0.1350339651107788, 0.38345804810523987, 0.854479968547821, 1.592250108718872, 0.20440000295639038, -0.0383080393075943] [0.18034884333610535, -0.04764581471681595, 0.0821700394153595, 2.033428192138672, -0.054829832166433334, 0.6634924411773682] [0.990032970905304, -0.3634016513824463, -0.5467314720153809]
[0.30377396941185, -0.08287796378135681, 0.36044806241989136, 0.8728879690170288, 1.579978108406067, 0.20440000295639038, -0.0383080393075943] [0.17582692205905914, -0.037164106965065, 0.07983048260211945, 2.024139165878296, -0.04765823855996132, 0.7303833961486816] [0.990032970905304, -0.3634016513824463, -0.5467314720153809]
[0.30377396941185, -0.024585962295532227, 0.3420400619506836, 0.8713539838790894, 1.5615700483322144, 0.20440000295639038, -0.0383080393075943] [0.17073945701122284, -0.024160008877515793, 0.07926340401172638, 2.00512957572937, -0.048181284219026566, 0.8036386966705322] [0.990032970905304, -0.3634016513824463, -0.5467314720153809]
[0.30377396941185, 0.01836603879928589, 0.3328360319137573, 0.8698199987411499, 1.541628122329712, 0.20440000295639038, -0.039842039346694946] [0.16852256655693054, -0.019096579402685165, 0.0791412815451622, 1.990239143371582, -0.04964795708656311, 0.8318073749542236] [0.990032970905304, -0.3634016513824463, -0.5467314720153809]
[0.30377396941185, 0.024502038955688477, 0.33130204677581787, 0.8621499538421631, 1.5400941371917725, 0.20440000295639038, -0.0383080393075943] [0.1695685237646103, -0.0198165662586689, 0.07854354381561279, 1.990759015083313, -0.044322483241558075, 0.8207388520240784] [0.990032970905304, -0.3634016513824463, -0.5467314720153809]
[0.30223995447158813, -4.1961669921875e-05, 0.33743804693222046, 0.8514119982719421, 1.541628122329712, 0.20440000295639038, -0.04291003942489624] [0.17312917113304138, -0.02703956514596939, 0.0785624161362648, 1.989104986190796, -0.04183877632021904, 0.775478720664978] [0.990032970905304, -0.3634016513824463, -0.5467314720153809]
[0.2976379692554474, -0.046061962842941284, 0.34357404708862305, 0.8514119982719421, 1.541628122329712, 0.20440000295639038, -0.0383080393075943] [0.17665401101112366, -0.03623487055301666, 0.07875136286020279, 1.9793095588684082, -0.037829458713531494, 0.7247430682182312] [0.990032970905304, -0.3634016513824463, -0.5467314720153809]
[0.2976379692554474, -0.10588795691728592, 0.34664204716682434, 0.8529459834098816, 1.560036063194275, 0.20479999482631683, -0.0383080393075943] [0.17904166877269745, -0.04526747390627861, 0.07756824791431427, 1.9884639978408813, -0.025719545781612396, 0.680303156375885] [0.990032970905304, -0.3634016513824463, -0.5467314720153809]
[0.30684196949005127, -0.14883996546268463, 0.335904061794281, 0.8698199987411499, 1.5876480340957642, 0.20479999482631683, -0.0383080393075943] [0.17951257526874542, -0.05133756250143051, 0.07550275325775146, 2.0042080879211426, -0.010614377446472645, 0.6577399969100952] [0.990032970905304, -0.3634016513824463, -0.5467314720153809]
[0.31911396980285645, -0.1841219663619995, 0.33437004685401917, 0.8882279992103577, 1.6014540195465088, 0.20479999482631683, -0.0383080393075943] [0.1788262128829956, -0.0560995452105999, 0.07293511927127838, 2.0168159008026123, 0.0011422354727983475, 0.6452392935752869] [0.990032970905304, -0.3634016513824463, -0.5467314720153809]
[0.33905595541000366, -0.2163359671831131, 0.3328360319137573, 0.923509955406189, 1.6045221090316772, 0.20479999482631683, -0.03677403926849365] [0.17649714648723602, -0.0591827929019928, 0.0701979398727417, 2.025223731994629, 0.010916217230260372, 0.6503613591194153] [0.990032970905304, -0.3634016513824463, -0.5467314720153809]
[0.36206597089767456, -0.25928795337677, 0.322098046541214, 0.9986760020256042, 1.6137261390686035, 0.20479999482631683, -0.035240039229393005] [0.16998101770877838, -0.05926346778869629, 0.06792862713336945, 2.025432586669922, 0.020523376762866974, 0.7023082375526428] [0.990032970905304, -0.3634016513824463, -0.5467314720153809]
[0.37893998622894287, -0.3206479549407959, 0.25920403003692627, 1.1689499616622925, 1.6352020502090454, 0.20479999482631683, -0.03370603919029236] [0.15456973016262054, -0.05594596639275551, 0.06499392539262772, 2.0089848041534424, 0.042300060391426086, 0.8369220495223999] [0.990032970905304, -0.3634016513824463, -0.5467314720153809]
[0.3958139717578888, -0.37126997113227844, 0.19324204325675964, 1.3361560106277466, 1.6398041248321533, 0.20440000295639038, -0.03370603919029236] [0.1412954181432724, -0.050719521939754486, 0.06281629949808121, 2.009763479232788, 0.05419616773724556, 0.9576172232627869] [0.990032970905304, -0.3634016513824463, -0.5467314720153809]
[0.4096199870109558, -0.36820197105407715, 0.17943604290485382, 1.357632040977478, 1.6382701396942139, 0.20440000295639038, -0.0383080393075943] [0.13993491232395172, -0.048540905117988586, 0.06154041737318039, 2.021596670150757, 0.05604936555027962, 0.9743548631668091] [0.990032970905304, -0.3634016513824463, -0.5467314720153809]
[0.41728997230529785, -0.32985198497772217, 0.17330004274845123, 1.357632040977478, 1.630600094795227, 0.20440000295639038, -0.0383080393075943] [0.1366586983203888, -0.041412293910980225, 0.06022962927818298, 2.025447368621826, 0.05505066365003586, 1.025254487991333] [0.990032970905304, -0.3634016513824463, -0.5467314720153809]
[0.42035797238349915, -0.27002596855163574, 0.15182404220104218, 1.356097936630249, 1.6275321245193481, 0.20440000295639038, -0.039842039346694946] [0.13380026817321777, -0.034834276884794235, 0.05959540233016014, 2.030221939086914, 0.053785450756549835, 1.0707902908325195] [0.990032970905304, -0.3634016513824463, -0.5467314720153809]
[0.42035797238349915, -0.22553996741771698, 0.1456880420446396, 1.3361560106277466, 1.6259980201721191, 0.20440000295639038, -0.039842039346694946] [0.1324247419834137, -0.028195273131132126, 0.0595775805413723, 2.0369656085968018, 0.04701315984129906, 1.1023508310317993] [0.990032970905304, -0.3634016513824463, -0.5467314720153809]
[0.42035797238349915, -0.16264596581459045, 0.13801804184913635, 1.3238840103149414, 1.6259980201721191, 0.20479999482631683, -0.03677403926849365] [0.12844866514205933, -0.017900431528687477, 0.060368847101926804, 2.048391580581665, 0.0318029448390007, 1.1618918180465698] [0.990032970905304, -0.3634016513824463, -0.5467314720153809]
[0.42035797238349915, -0.04759596288204193, 0.1364840418100357, 1.2548539638519287, 1.6259980201721191, 0.20440000295639038, -0.030638039112091064] [0.12681932747364044, -0.006642343010753393, 0.060724303126335144, 2.0617778301239014, 0.021641969680786133, 1.1967275142669678] [0.990032970905304, -0.3634016513824463, -0.5467314720153809]
[0.4188239574432373, 0.07052204012870789, 0.14875604212284088, 1.052366018295288, 1.6275321245193481, 0.20479999482631683, -0.030638039112091064] [0.13481010496616364, 0.0066245305351912975, 0.05886678025126457, 2.0789260864257812, 0.04045563191175461, 1.140683650970459] [0.990032970905304, -0.3634016513824463, -0.5467314720153809]
[0.40808597207069397, 0.19324204325675964, 0.1594940423965454, 0.9265779852867126, 1.6259980201721191, 0.20479999482631683, -0.03217203915119171] [0.13848181068897247, 0.01474539004266262, 0.05787975341081619, 2.0882046222686768, 0.05435413494706154, 1.1077613830566406] [0.990032970905304, -0.3634016513824463, -0.5467314720153809]
[0.40808597207069397, 0.20244604349136353, 0.1594940423965454, 0.9281119704246521, 1.6259980201721191, 0.20440000295639038, -0.03370603919029236] [0.1382279396057129, 0.015186117962002754, 0.05822928994894028, 2.087371349334717, 0.05258268117904663, 1.1105338335037231] [0.990032970905304, -0.3634016513824463, -0.5467314720153809]
[0.40655195713043213, 0.20091204345226288, 0.16102804243564606, 0.9281119704246521, 1.6275321245193481, 0.20440000295639038, -0.03370603919029236] [0.13861843943595886, 0.014717372134327888, 0.05824334919452667, 2.08925461769104, 0.05256927013397217, 1.1071398258209229] [0.990032970905304, -0.3634016513824463, -0.5467314720153809]
[0.40808597207069397, 0.19631004333496094, 0.1625620424747467, 0.9281119704246521, 1.6275321245193481, 0.20440000295639038, -0.03217203915119171] [0.13915680348873138, 0.014029368758201599, 0.0581735335290432, 2.0893261432647705, 0.05309566482901573, 1.1023218631744385] [0.990032970905304, -0.3634016513824463, -0.5467314720153809]
[0.40655195713043213, 0.17330004274845123, 0.1625620424747467, 0.9281119704246521, 1.6290661096572876, 0.20440000295639038, -0.03370603919029236] [0.14238795638084412, 0.009519770741462708, 0.05721117556095123, 2.0847532749176025, 0.062006931751966476, 1.073185920715332] [0.990032970905304, -0.3634016513824463, -0.5467314720153809]
[0.4050179719924927, 0.139552041888237, 0.17636804282665253, 0.9265779852867126, 1.6275321245193481, 0.20440000295639038, -0.035240039229393005] [0.14575491845607758, 0.0050986045971512794, 0.057184793055057526, 2.0857579708099365, 0.06224795803427696, 1.0412129163742065] [0.990032970905304, -0.3634016513824463, -0.5467314720153809]
[0.4050179719924927, 0.113474041223526, 0.1947760432958603, 0.9265779852867126, 1.6275321245193481, 0.20440000295639038, -0.035240039229393005] [0.14903917908668518, 0.0007531268638558686, 0.05812523514032364, 2.090672016143799, 0.05593903735280037, 1.009743571281433] [0.990032970905304, -0.3634016513824463, -0.5467314720153809]
[0.4019499719142914, 0.08126004040241241, 0.23312604427337646, 0.9265779852867126, 1.6275321245193481, 0.20440000295639038, -0.03677403926849365] [0.15441471338272095, -0.0066333976574242115, 0.060566190630197525, 2.1054444313049316, 0.03798156604170799, 0.9555685520172119] [0.990032970905304, -0.3634016513824463, -0.5467314720153809]
[0.4034839868545532, 0.04444403946399689, 0.28835004568099976, 0.9265779852867126, 1.6290661096572876, 0.20440000295639038, -0.0383080393075943] [0.1591528207063675, -0.013086909428238869, 0.06457853317260742, 2.135862350463867, 0.006516681984066963, 0.905170202255249] [0.990032970905304, -0.3634016513824463, -0.5467314720153809]
[0.4019499719142914, 0.021434038877487183, 0.4064680337905884, 0.9265779852867126, 1.630600094795227, 0.20440000295639038, -0.04137603938579559] [0.1653016060590744, -0.021080486476421356, 0.07360447198152542, 2.2198593616485596, -0.0726366639137268, 0.8312664031982422] [0.990032970905304, -0.3634016513824463, -0.5467314720153809]
[0.41728997230529785, 0.003026038408279419, 0.648840069770813, 0.9219759702682495, 1.633668065071106, 0.20440000295639038, -0.04444403946399689] [0.1753571331501007, -0.03810005262494087, 0.09124564379453659, 2.396381378173828, -0.2213679701089859, 0.6809355020523071] [0.990032970905304, -0.3634016513824463, -0.5467314720153809]
[0.41422197222709656, -0.01844996213912964, 0.9602420330047607, 0.923509955406189, 1.6352020502090454, 0.20440000295639038, -0.04444403946399689] [0.1840660721063614, -0.0648312121629715, 0.11074530333280563, 2.629840612411499, -0.3810262382030487, 0.46475449204444885] [0.990032970905304, -0.3634016513824463, -0.5467314720153809]
[0.4034839868545532, -0.04912996292114258, 1.2455661296844482, 0.923509955406189, 1.633668065071106, 0.20440000295639038, -0.04444403946399689] [0.18823589384555817, -0.11704766005277634, 0.12316495180130005, 3.033527374267578, -0.4969630539417267, 0.04651181399822235] [0.990032970905304, -0.3634016513824463, -0.5467314720153809]
[0.42342597246170044, -0.1181599572300911, 1.6137261390686035, 0.923509955406189, 1.633668065071106, 0.20440000295639038, -0.04444403946399689] [0.18502794206142426, -0.14465902745723724, 0.12365683913230896, -3.042046546936035, -0.5035760998725891, -0.17828674614429474] [0.990032970905304, -0.3634016513824463, -0.5467314720153809]
[0.42342597246170044, -0.19485996663570404, 1.915924072265625, 0.923509955406189, 1.6244640350341797, 0.20440000295639038, -0.04291003942489624] [0.17326666414737701, -0.18384461104869843, 0.11961807310581207, -2.802830457687378, -0.4668418765068054, -0.48664674162864685] [0.990032970905304, -0.3634016513824463, -0.5467314720153809]
[0.4510379731655121, -0.23167596757411957, 1.9834201335906982, 0.923509955406189, 1.6275321245193481, 0.20440000295639038, -0.04137603938579559] [0.1704585701227188, -0.19087354838848114, 0.11377400159835815, -2.779196262359619, -0.4337707757949829, -0.5328558087348938] [0.990032970905304, -0.3634016513824463, -0.5467314720153809]
[0.572223961353302, -0.24701596796512604, 2.040178060531616, 0.923509955406189, 1.6290661096572876, 0.20440000295639038, -0.04444403946399689] [0.16835491359233856, -0.196000874042511, 0.09155789762735367, -2.8146166801452637, -0.31679561734199524, -0.5498665571212769] [0.990032970905304, -0.3634016513824463, -0.5467314720153809]
[0.6734679937362671, -0.2393459677696228, 2.043246030807495, 0.9327139854431152, 1.6352020502090454, 0.20440000295639038, -0.04291003942489624] [0.16693513095378876, -0.1956074833869934, 0.07862444967031479, -2.8423070907592773, -0.25467804074287415, -0.5397990345954895] [0.990032970905304, -0.3634016513824463, -0.5467314720153809]
[0.6750019788742065, -0.2393459677696228, 2.043246030807495, 0.9342479705810547, 1.6352020502090454, 0.20440000295639038, -0.04444403946399689] [0.16693741083145142, -0.19547715783119202, 0.07814712077379227, -2.8451578617095947, -0.25233015418052673, -0.5381527543067932] [0.990032970905304, -0.3634016513824463, -0.5467314720153809]
[0.6750019788742065, -0.2393459677696228, 2.043246030807495, 0.9342479705810547, 1.6367360353469849, 0.20399999618530273, -0.04444403946399689] [0.16685661673545837, -0.19549667835235596, 0.07830138504505157, -2.8435328006744385, -0.25382304191589355, -0.53851717710495] [0.990032970905304, -0.3634016513824463, -0.5467314720153809]
[0.676535964012146, -0.2393459677696228, 2.043246030807495, 0.9342479705810547, 1.6367360353469849, 0.20440000295639038, -0.04444403946399689] [0.1668606698513031, -0.19562368094921112, 0.07810703665018082, -2.8424012660980225, -0.2520460784435272, -0.5393909215927124] [0.990032970905304, -0.3634016513824463, -0.5467314720153809]
[0.6750019788742065, -0.2393459677696228, 2.0447800159454346, 0.9342479705810547, 1.6367360353469849, 0.20440000295639038, -0.04444403946399689] [0.16683506965637207, -0.19547715783119202, 0.07737910002470016, -2.8475914001464844, -0.24837785959243774, -0.5375499129295349] [0.990032970905304, -0.3634016513824463, -0.5467314720153809]
