[-0.02969060093164444, -0.19843623042106628, 0.3017934262752533, 2.879338502883911, 0.0685386136174202, -0.439888060092926] [0.6980119943618774, -0.3958139717578888, 1.7947380542755127, 0.6427879929542542, 1.4158400297164917, 0.9959999918937683, -1.2915860414505005, -1.30240797996521]
[-0.029705382883548737, -0.19843252003192902, 0.30181559920310974, 2.8793747425079346, 0.06842658668756485, -0.43988466262817383] [0.6980119943618774, -0.3958139717578888, 1.7947380542755127, 0.6427879929542542, 1.4158400297164917, 0.9959999918937683, -1.2839161157608032, -1.2870680093765259]
[-0.030765827745199203, -0.19829943776130676, 0.3030981719493866, 2.8815064430236816, 0.06269171833992004, -0.43973013758659363] [0.6995459794998169, -0.3958139717578888, 1.7947380542755127, 0.6427879929542542, 1.4158400297164917, 0.9959999918937683, -1.2823820114135742, -1.2763299942016602]
[-0.031142929568886757, -0.19821979105472565, 0.30383384227752686, 2.8824071884155273, 0.0595206543803215, -0.4396016597747803] [0.7010799646377563, -0.3958139717578888, 1.7947380542755127, 0.6427879929542542, 1.4158400297164917, 0.9959999918937683, -1.2808480262756348, -1.2747960090637207]
[-0.04313083365559578, -0.19862963259220123, 0.30370160937309265, 2.883993148803711, 0.05900617316365242, -0.43888789415359497] [0.7010799646377563, -0.3958139717578888, 1.7947380542755127, 0.6427879929542542, 1.4158400297164917, 0.996399998664856, -1.2793140411376953, -1.2747960090637207]
[-0.04806043207645416, -0.19847306609153748, 0.303723007440567, 2.8876826763153076, 0.058572523295879364, -0.4374474585056305] [0.6995459794998169, -0.3958139717578888, 1.7947380542755127, 0.6427879929542542, 1.4158400297164917, 0.9959999918937683, -1.2793140411376953, -1.2732620239257812]
[-0.05022265017032623, -0.19882448017597198, 0.3038141131401062, 2.887437343597412, 0.05789060890674591, -0.43847891688346863] [0.7010799646377563, -0.39427995681762695, 1.7947380542755127, 0.6427879929542542, 1.4158400297164917, 0.996399998664856, -1.2793140411376953, -1.2732620239257812]
[-0.050957776606082916, -0.1984783113002777, 0.3038519620895386, 2.8868062496185303, 0.057904455810785294, -0.4372871220111847] [0.6995459794998169, -0.3958139717578888, 1.7947380542755127, 0.6427879929542542, 1.4143060445785522, 0.996399998664856, -1.2793140411376953, -1.2732620239257812]
[-0.051365356892347336, -0.19854019582271576, 0.30381447076797485, 2.8886220455169678, 0.057786568999290466, -0.4372563362121582] [0.6995459794998169, -0.39427995681762695, 1.7947380542755127, 0.6427879929542542, 1.4158400297164917, 0.9959999918937683, -1.2793140411376953, -1.2732620239257812]
[-0.05162687972187996, -0.19873012602329254, 0.3040015995502472, 2.887510061264038, 0.05711841583251953, -0.4384186863899231] [0.6995459794998169, -0.3958139717578888, 1.7947380542755127, 0.6427879929542542, 1.4158400297164917, 0.9959999918937683, -1.2793140411376953, -1.2732620239257812]
[-0.05156302452087402, -0.1985349804162979, 0.30382370948791504, 2.8886332511901855, 0.05775338411331177, -0.437247097492218] [0.6995459794998169, -0.39427995681762695, 1.7947380542755127, 0.6427879929542542, 1.4158400297164917, 0.9959999918937683, -1.2793140411376953, -1.2732620239257812]
[-0.05191947519779205, -0.19872377812862396, 0.3038294017314911, 2.8871073722839355, 0.05788780003786087, -0.4384346604347229] [0.6995459794998169, -0.39427995681762695, 1.7947380542755127, 0.6427879929542542, 1.4158400297164917, 0.9959999918937683, -1.2793140411376953, -1.2732620239257812]
[-0.05176156386733055, -0.1985418051481247, 0.3039773404598236, 2.8890864849090576, 0.05682063475251198, -0.4372202754020691] [0.6995459794998169, -0.3958139717578888, 1.7947380542755127, 0.6427879929542542, 1.4158400297164917, 0.9959999918937683, -1.2793140411376953, -1.2732620239257812]
[-0.05174335092306137, -0.19848930835723877, 0.30395418405532837, 2.8887851238250732, 0.057003505527973175, -0.4372372031211853] [0.6995459794998169, -0.3958139717578888, 1.7947380542755127, 0.6427879929542542, 1.4158400297164917, 0.9959999918937683, -1.2793140411376953, -1.2732620239257812]
[-0.051882304251194, -0.19876931607723236, 0.3040463626384735, 2.8879826068878174, 0.05647417902946472, -0.4383879005908966] [0.6995459794998169, -0.39427995681762695, 1.7947380542755127, 0.6427879929542542, 1.4158400297164917, 0.9959999918937683, -1.2777800559997559, -1.2732620239257812]
[-0.051768310368061066, -0.19842135906219482, 0.30396750569343567, 2.8879308700561523, 0.05676484853029251, -0.43630239367485046] [0.6995459794998169, -0.39427995681762695, 1.7947380542755127, 0.6427879929542542, 1.4143060445785522, 0.9959999918937683, -1.2793140411376953, -1.2732620239257812]
[-0.05178891494870186, -0.19853602349758148, 0.30392974615097046, 2.889033317565918, 0.056897494941949844, -0.437222957611084] [0.6995459794998169, -0.39427995681762695, 1.7947380542755127, 0.6427879929542542, 1.4158400297164917, 0.996399998664856, -1.2777800559997559, -1.2717280387878418]
[-0.05175735056400299, -0.1984863430261612, 0.30392977595329285, 2.8887579441070557, 0.05704285204410553, -0.4372386038303375] [0.6995459794998169, -0.39427995681762695, 1.7947380542755127, 0.6427879929542542, 1.4158400297164917, 0.9959999918937683, -1.2777800559997559, -1.2732620239257812]
[-0.05172688141465187, -0.19850678741931915, 0.3039458990097046, 2.8888299465179443, 0.05706518888473511, -0.43723446130752563] [0.6995459794998169, -0.39427995681762695, 1.7947380542755127, 0.6443219780921936, 1.4158400297164917, 0.9959999918937683, -1.2793140411376953, -1.2717280387878418]
[-0.05180130526423454, -0.198506161570549, 0.3040015995502472, 2.8889992237091064, 0.05668703839182854, -0.4372248351573944] [0.6995459794998169, -0.3958139717578888, 1.7947380542755127, 0.6427879929542542, 1.4158400297164917, 0.9959999918937683, -1.2777800559997559, -1.2717280387878418]
[-0.051812998950481415, -0.1984555572271347, 0.304050475358963, 2.8888399600982666, 0.0565657801926136, -0.4372338652610779] [0.6995459794998169, -0.39427995681762695, 1.7947380542755127, 0.6427879929542542, 1.4158400297164917, 0.9959999918937683, -1.2777800559997559, -1.2717280387878418]
[-0.05177948996424675, -0.19844229519367218, 0.30407437682151794, 2.888760566711426, 0.05660999193787575, -0.4372383952140808] [0.6995459794998169, -0.39427995681762695, 1.7947380542755127, 0.6427879929542542, 1.4158400297164917, 0.9959999918937683, -1.2777800559997559, -1.2717280387878418]
[-0.05184883996844292, -0.1984858363866806, 0.30410102009773254, 2.8890926837921143, 0.056283608078956604, -0.43721967935562134] [0.6995459794998169, -0.39427995681762695, 1.7947380542755127, 0.6427879929542542, 1.4143060445785522, 0.9959999918937683, -1.2777800559997559, -1.2717280387878418]
[-0.05189188942313194, -0.19851486384868622, 0.3041155934333801, 2.889305591583252, 0.0560845322906971, -0.43720775842666626] [0.6995459794998169, -0.39427995681762695, 1.7947380542755127, 0.6427879929542542, 1.4158400297164917, 0.9959999918937683, -1.2777800559997559, -1.2717280387878418]
[-0.052704256027936935, -0.19822461903095245, 0.3068982660770416, 2.886049270629883, 0.04139426723122597, -0.4334080219268799] [0.6918759942054749, -0.3958139717578888, 1.784000039100647, 0.6473900079727173, 1.4143060445785522, 0.0868000015616417, -1.2563040256500244, -1.2502520084381104]
[-0.05278106778860092, -0.19778895378112793, 0.3108905553817749, 2.890346050262451, 0.018435640260577202, -0.4297902286052704] [0.6780699491500854, -0.39427995681762695, 1.780932068824768, 0.6504579782485962, 1.4143060445785522, 0.0868000015616417, -1.2471001148223877, -1.2364460229873657]
[-0.0529417023062706, -0.19765068590641022, 0.3161342442035675, 2.900843858718872, -0.00887207966297865, -0.4288652241230011] [0.6519919633865356, -0.39427995681762695, 1.7793980836868286, 0.6581279635429382, 1.4158400297164917, 0.0868000015616417, -1.236362099647522, -1.2257080078125]
[-0.04224490001797676, -0.19679883122444153, 0.3232491910457611, 2.912590265274048, -0.050298530608415604, -0.42691925168037415] [0.6427879929542542, -0.3958139717578888, 1.7793980836868286, 0.6719340085983276, 1.4143060445785522, 0.0868000015616417, -1.2240900993347168, -1.210368037223816]
[-0.039024148136377335, -0.19629211723804474, 0.3299736976623535, 2.9219186305999756, -0.09159550815820694, -0.4255603849887848] [0.6259139776229858, -0.39427995681762695, 1.7763301134109497, 0.6934099793434143, 1.4143060445785522, 0.0868000015616417, -1.213352084159851, -1.1980960369110107]
[-0.03836287930607796, -0.19519230723381042, 0.33797523379325867, 2.9270238876342773, -0.14147895574569702, -0.4198332726955414] [0.6029039621353149, -0.39427995681762695, 1.7640581130981445, 0.7118179798126221, 1.4143060445785522, 0.0868000015616417, -1.2056820392608643, -1.187358021736145]
[-0.038428615778684616, -0.19356082379817963, 0.3474580645561218, 2.9372174739837646, -0.19746483862400055, -0.4125380516052246] [0.572223961353302, -0.3927459716796875, 1.7517861127853394, 0.7240899801254272, 1.4112380743026733, 0.0868000015616417, -1.2041480541229248, -1.1781539916992188]
[-0.038985174149274826, -0.1921907216310501, 0.3555339276790619, 2.9380903244018555, -0.2431781142950058, -0.4062657654285431] [0.5384759902954102, -0.39121198654174805, 1.7395141124725342, 0.7317599654197693, 1.4112380743026733, 0.0868000015616417, -1.2026140689849854, -1.1658819913864136]
[-0.039487507194280624, -0.19107961654663086, 0.3612188696861267, 2.9387714862823486, -0.27377304434776306, -0.40067365765571594] [0.5123980045318604, -0.39121198654174805, 1.722640037536621, 0.7363619804382324, 1.4112380743026733, 0.0868000015616417, -1.2026140689849854, -1.1597459316253662]
[-0.03941914066672325, -0.1882888227701187, 0.3679945766925812, 2.9302523136138916, -0.3101635277271271, -0.3830309212207794] [0.4801839590072632, -0.3866099715232849, 1.6904261112213135, 0.7363619804382324, 1.4127720594406128, 0.0868000015616417, -1.2026140689849854, -1.1597459316253662]
[-0.038853202015161514, -0.18551979959011078, 0.3728561997413635, 2.9056854248046875, -0.3349915146827698, -0.3615187108516693] [0.4587079882621765, -0.38814395666122437, 1.6566780805587769, 0.7394299507141113, 1.4112380743026733, 0.08720000088214874, -1.2026140689849854, -1.1597459316253662]
[-0.038727473467588425, -0.1823415905237198, 0.3790287375450134, 2.8814728260040283, -0.370542049407959, -0.33903980255126953] [0.4280279874801636, -0.3866099715232849, 1.6213960647583008, 0.7517019510269165, 1.4112380743026733, 0.0868000015616417, -1.2026140689849854, -1.1597459316253662]
[-0.038750533014535904, -0.17887352406978607, 0.38473373651504517, 2.8553287982940674, -0.40625694394111633, -0.3137812614440918] [0.3988819718360901, -0.3866099715232849, 1.5830460786819458, 0.773177981376648, 1.4112380743026733, 0.0868000015616417, -1.2026140689849854, -1.1597459316253662]
[-0.039358917623758316, -0.1741345375776291, 0.39137187600135803, 2.8131043910980225, -0.4522930681705475, -0.2769702672958374] [0.37740597128868103, -0.3866099715232849, 1.5308901071548462, 0.7931199669837952, 1.4112380743026733, 0.0868000015616417, -1.2026140689849854, -1.1597459316253662]
[-0.039475344121456146, -0.1703735738992691, 0.3947022259235382, 2.7753705978393555, -0.47565892338752747, -0.245518296957016] [0.363599956035614, -0.3866099715232849, 1.4940741062164307, 0.8099939823150635, 1.4112380743026733, 0.0868000015616417, -1.2026140689849854, -1.1597459316253662]
[-0.03962087258696556, -0.16538581252098083, 0.3975642919540405, 2.7194817066192627, -0.49821996688842773, -0.20066194236278534] [0.355929970741272, -0.38814395666122437, 1.4373160600662231, 0.8345379829406738, 1.4112380743026733, 0.0868000015616417, -1.2026140689849854, -1.1597459316253662]
[-0.03955863416194916, -0.15931153297424316, 0.3987998068332672, 2.6559102535247803, -0.5129658579826355, -0.1462159901857376] [0.3543959856033325, -0.3866099715232849, 1.3882280588150024, 0.8529459834098816, 1.4097040891647339, 0.0868000015616417, -1.2026140689849854, -1.1597459316253662]
[-0.03948071971535683, -0.15566042065620422, 0.3989776074886322, 2.6198008060455322, -0.51680988073349, -0.11388882994651794] [0.3543959856033325, -0.38507598638534546, 1.351412057876587, 0.8713539838790894, 1.405102014541626, 0.0868000015616417, -1.2026140689849854, -1.1597459316253662]
[-0.03910645470023155, -0.150365948677063, 0.398725301027298, 2.5240936279296875, -0.5207573175430298, -0.06866665929555893] [0.3543959856033325, -0.3820079565048218, 1.3207321166992188, 0.8805580139160156, 1.3023240566253662, 0.27559998631477356, -1.2026140689849854, -1.1597459316253662]
[-0.038044221699237823, -0.1464489996433258, 0.3973088264465332, 2.4132368564605713, -0.5155239701271057, -0.0429057702422142] [0.3543959856033325, -0.3758719563484192, 1.2961881160736084, 0.8836259841918945, 1.2731781005859375, 0.07080000638961792, -1.2026140689849854, -1.1597459316253662]
[-0.03772632032632828, -0.14367830753326416, 0.3967846632003784, 2.3863892555236816, -0.5122228860855103, -0.019757194444537163] [0.3543959856033325, -0.3728039860725403, 1.2701101303100586, 0.8912959694862366, 1.2731781005859375, 0.08840000629425049, -1.2026140689849854, -1.1597459316253662]
[-0.037647001445293427, -0.14006011188030243, 0.3966972827911377, 2.3645691871643066, -0.5143411755561829, 0.008822141215205193] [0.3543959856033325, -0.3605319857597351, 1.2501680850982666, 0.9097039699554443, 1.2731781005859375, 0.08799999952316284, -1.2026140689849854, -1.1597459316253662]
[-0.03891696408390999, -0.12619978189468384, 0.3984837830066681, 2.3194541931152344, -0.5448283553123474, 0.10984261333942413] [0.3543959856033325, -0.31297796964645386, 1.198012113571167, 0.9710639715194702, 1.2731781005859375, 0.08799999952316284, -1.2026140689849854, -1.1597459316253662]
[-0.04104887694120407, -0.11670476198196411, 0.39972925186157227, 2.272223472595215, -0.5662524104118347, 0.18878917396068573] [0.3543959856033325, -0.29303598403930664, 1.1565940380096436, 1.017084002494812, 1.2731781005859375, 0.08840000629425049, -1.201080083847046, -1.1597459316253662]
[-0.04399539902806282, -0.10789947211742401, 0.40043050050735474, 2.2058496475219727, -0.5814475417137146, 0.2747781276702881] [0.3543959856033325, -0.28689998388290405, 1.1059720516204834, 1.0615699291229248, 1.2731781005859375, 0.08840000629425049, -1.1995460987091064, -1.1582119464874268]
[-0.04665888845920563, -0.1024041473865509, 0.40116721391677856, 2.161775827407837, -0.5932523608207703, 0.33351197838783264] [0.3543959856033325, -0.28383195400238037, 1.0522820949554443, 1.129065990447998, 1.274712085723877, 0.08799999952316284, -1.1995460987091064, -1.1582119464874268]
[-0.0547766238451004, -0.08874863386154175, 0.39977118372917175, 2.014763593673706, -0.5955989956855774, 0.5032422542572021] [0.35899797081947327, -0.2915019690990448, 0.903484046459198, 1.2701940536499023, 1.2731781005859375, 0.08840000629425049, -1.1995460987091064, -1.1597459316253662]
[-0.06817951798439026, -0.0678410604596138, 0.39237484335899353, 1.8203232288360596, -0.5408468842506409, 0.7598943114280701] [0.36206597089767456, -0.2915019690990448, 0.7270740270614624, 1.3714380264282227, 1.2731781005859375, 0.08840000629425049, -1.198012113571167, -1.1582119464874268]
[-0.07481685280799866, -0.058631669729948044, 0.3862221837043762, 1.7469292879104614, -0.48619624972343445, 0.8694481253623962] [0.363599956035614, -0.2915019690990448, 0.69486004114151, 1.3852440118789673, 1.274712085723877, 0.08840000629425049, -1.1918760538101196, -1.152076005935669]
[-0.07638531178236008, -0.057822950184345245, 0.3863614797592163, 1.7456645965576172, -0.4861605167388916, 0.8823009729385376] [0.36513397097587585, -0.2884339690208435, 0.6810540556907654, 1.4021179676055908, 1.3115280866622925, 0.10679999738931656, -1.1765360832214355, -1.1367360353469849]
[-0.08058388531208038, -0.05563268065452576, 0.3851136267185211, 1.7806193828582764, -0.4707568287849426, 0.9160352349281311] [0.37433797121047974, -0.2884339690208435, 0.6473060846328735, 1.4159239530563354, 1.366752028465271, 0.15800000727176666, -1.1611961126327515, -1.1229300498962402]
[-0.08378726989030838, -0.053793780505657196, 0.38415947556495667, 1.8072549104690552, -0.4496828019618988, 0.9382794499397278] [0.37740597128868103, -0.2884339690208435, 0.6181600689888, 1.4174580574035645, 1.4143060445785522, 0.0820000022649765, -1.1489241123199463, -1.1106579303741455]
[-0.08672172576189041, -0.052270833402872086, 0.383116215467453, 1.8332347869873047, -0.42856529355049133, 0.9558109641075134] [0.37740597128868103, -0.2884339690208435, 0.5844120383262634, 1.4174580574035645, 1.4495880603790283, 0.0820000022649765, -1.13972008228302, -1.0999200344085693]
[-0.08963913470506668, -0.050498344004154205, 0.3816463351249695, 1.8480862379074097, -0.4038689434528351, 0.9759892225265503] [0.37740597128868103, -0.2884339690208435, 0.5506640672683716, 1.4174580574035645, 1.5032780170440674, 0.13359999656677246, -1.1259140968322754, -1.0891820192337036]
[-0.09165118634700775, -0.04935140535235405, 0.3807630240917206, 1.8861632347106934, -0.3843235969543457, 0.9878128170967102] [0.37893998622894287, -0.2884339690208435, 0.5199840664863586, 1.4159239530563354, 1.5400941371917725, 0.08080000430345535, -1.1136420965194702, -1.075376033782959]
[-0.09492647647857666, -0.047519929707050323, 0.37902745604515076, 1.8908064365386963, -0.35860204696655273, 1.0062633752822876] [0.37893998622894287, -0.2884339690208435, 0.48777005076408386, 1.4174580574035645, 1.5508320331573486, 0.08480000495910645, -1.101370096206665, -1.0646380186080933]
[-0.09789218753576279, -0.04542800411581993, 0.3760107457637787, 1.8756797313690186, -0.32401084899902344, 1.0229182243347168] [0.3804739713668823, -0.2884339690208435, 0.44175004959106445, 1.4159239530563354, 1.552366018295288, 0.0852000042796135, -1.0890980958938599, -1.0508320331573486]
[-0.10107240825891495, -0.04295425862073898, 0.3711540102958679, 1.8518855571746826, -0.2752003073692322, 1.0441513061523438] [0.38507598638534546, -0.2884339690208435, 0.381924033164978, 1.4159239530563354, 1.552366018295288, 0.0852000042796135, -1.0768260955810547, -1.0385600328445435]
[-0.10399837046861649, -0.04144270718097687, 0.36808472871780396, 1.8362327814102173, -0.2442120909690857, 1.0568034648895264] [0.38507598638534546, -0.2884339690208435, 0.3558460474014282, 1.4159239530563354, 1.552366018295288, 0.08480000495910645, -1.0645540952682495, -1.0262880325317383]
[-0.10687439143657684, -0.04041493311524391, 0.3669828772544861, 1.8172640800476074, -0.22639302909374237, 1.0670604705810547] [0.38507598638534546, -0.28689998388290405, 0.3297680616378784, 1.4159239530563354, 1.552366018295288, 0.0852000042796135, -1.0538160800933838, -1.014016032218933]
[-0.1097203865647316, -0.039641913026571274, 0.36572790145874023, 1.8005125522613525, -0.20943056046962738, 1.0758601427078247] [0.38507598638534546, -0.2884339690208435, 0.30522406101226807, 1.4159239530563354, 1.5508320331573486, 0.08480000495910645, -1.0384761095046997, -1.0002100467681885]
[-0.11243627220392227, -0.039065662771463394, 0.36475199460983276, 1.7847685813903809, -0.19524917006492615, 1.0832977294921875] [0.38507598638534546, -0.2884339690208435, 0.2837480306625366, 1.4159239530563354, 1.5508320331573486, 0.0852000042796135, -1.0262041091918945, -0.989471971988678]
[-0.11494862288236618, -0.03832009807229042, 0.3637199401855469, 1.7694649696350098, -0.1799461990594864, 1.0901683568954468] [0.38507598638534546, -0.2884339690208435, 0.2607380449771881, 1.4159239530563354, 1.5508320331573486, 0.08480000495910645, -1.0139321088790894, -0.9771999716758728]
[-0.1174030527472496, -0.037787482142448425, 0.3627529740333557, 1.7533661127090454, -0.1664319783449173, 1.0962207317352295] [0.38507598638534546, -0.2884339690208435, 0.243864044547081, 1.4159239530563354, 1.5508320331573486, 0.08480000495910645, -1.0062620639801025, -0.9695299863815308]
[-0.11897671967744827, -0.03753304481506348, 0.3623136579990387, 1.7460613250732422, -0.1596350520849228, 1.0994528532028198] [0.38507598638534546, -0.2884339690208435, 0.23159204423427582, 1.4159239530563354, 1.552366018295288, 0.08480000495910645, -1.0016601085662842, -0.9679960012435913]
[-0.12036213278770447, -0.037220850586891174, 0.3613954186439514, 1.7372773885726929, -0.14913628995418549, 1.1015254259109497] [0.38507598638534546, -0.2884339690208435, 0.2208540439605713, 1.414389967918396, 1.5508320331573486, 0.0852000042796135, -0.9985920786857605, -0.9649279713630676]
[-0.12135089188814163, -0.03698547184467316, 0.36025452613830566, 1.7288732528686523, -0.13787467777729034, 1.103139042854309] [0.38507598638534546, -0.2884339690208435, 0.20704804360866547, 1.4128559827804565, 1.5508320331573486, 0.0852000042796135, -0.9985920786857605, -0.9649279713630676]
[-0.12153785675764084, -0.03685232251882553, 0.35939905047416687, 1.7260860204696655, -0.12937280535697937, 1.103402018547058] [0.38507598638534546, -0.2884339690208435, 0.20244604349136353, 1.411321997642517, 1.552366018295288, 0.0852000042796135, -0.9985920786857605, -0.9649279713630676]
[-0.12159700691699982, -0.03691267967224121, 0.3594604432582855, 1.7268962860107422, -0.1295626312494278, 1.1019949913024902] [0.38507598638534546, -0.2884339690208435, 0.20244604349136353, 1.4082540273666382, 1.552366018295288, 0.08480000495910645, -1.0001261234283447, -0.9649279713630676]
[-0.1314460188150406, -0.036334868520498276, 0.3585336208343506, 1.7340872287750244, -0.11901020258665085, 1.0973190069198608] [0.38507598638534546, -0.2884339690208435, 0.20244604349136353, 1.4051859378814697, 1.552366018295288, 0.0852000042796135, -1.0016601085662842, -0.9679960012435913]
[-0.13369138538837433, -0.036541275680065155, 0.35838553309440613, 1.7373554706573486, -0.11584801226854324, 1.0873945951461792] [0.3820079565048218, -0.2884339690208435, 0.20398004353046417, 1.3898459672927856, 1.5508320331573486, 0.0852000042796135, -1.0062620639801025, -0.9710639715194702]
[-0.13415676355361938, -0.03674221411347389, 0.35837802290916443, 1.7398866415023804, -0.11335677653551102, 1.0762646198272705] [0.3804739713668823, -0.28996795415878296, 0.20398004353046417, 1.3883119821548462, 1.552366018295288, 0.08480000495910645, -1.0123980045318604, -0.978734016418457]
[-0.1337210088968277, -0.03680555522441864, 0.3584800958633423, 1.7409104108810425, -0.11217615753412247, 1.073149561882019] [0.3728039860725403, -0.28996795415878296, 0.20398004353046417, 1.3852440118789673, 1.552366018295288, 0.0852000042796135, -1.0200680494308472, -0.989471971988678]
[-0.1327221542596817, -0.036782871931791306, 0.3583710491657257, 1.744242787361145, -0.1110827773809433, 1.0709278583526611] [0.37126997113227844, -0.28996795415878296, 0.20551404356956482, 1.3837100267410278, 1.5508320331573486, 0.0852000042796135, -1.0292720794677734, -0.9956079721450806]
[-0.1314091831445694, -0.03691302239894867, 0.3579101264476776, 1.7498736381530762, -0.10963871330022812, 1.068434715270996] [0.3697359561920166, -0.28996795415878296, 0.20704804360866547, 1.3821760416030884, 1.5508320331573486, 0.08480000495910645, -1.0369420051574707, -1.001744031906128]
[-0.12961892783641815, -0.037205684930086136, 0.3573010563850403, 1.7566537857055664, -0.10699926316738129, 1.064473271369934] [0.3666679859161377, -0.2915019690990448, 0.2085820436477661, 1.37910795211792, 1.5508320331573486, 0.0852000042796135, -1.043078064918518, -1.0063459873199463]
[-0.12833662331104279, -0.03737664595246315, 0.35694071650505066, 1.7593926191329956, -0.10595838725566864, 1.060762643814087] [0.3666679859161377, -0.2915019690990448, 0.21011604368686676, 1.3745059967041016, 1.5492980480194092, 0.08480000495910645, -1.046146035194397, -1.0094139575958252]
[-0.1270008534193039, -0.037602316588163376, 0.3568923771381378, 1.7570010423660278, -0.1058390811085701, 1.0558525323867798] [0.363599956035614, -0.2915019690990448, 0.2116500437259674, 1.3699040412902832, 1.5431621074676514, 0.08480000495910645, -1.0507481098175049, -1.014016032218933]
[-0.12559059262275696, -0.037824422121047974, 0.35718128085136414, 1.7493653297424316, -0.10626556724309921, 1.0514392852783203] [0.3543959856033325, -0.2915019690990448, 0.21318404376506805, 1.3683700561523438, 1.5324240922927856, 0.0852000042796135, -1.0645540952682495, -1.0293560028076172]
[-0.12382234632968903, -0.037828151136636734, 0.3577803671360016, 1.7321295738220215, -0.10942625254392624, 1.0517704486846924] [0.3405899703502655, -0.2915019690990448, 0.2147180438041687, 1.3683700561523438, 1.5232200622558594, 0.0852000042796135, -1.081428050994873, -1.0462299585342407]
[-0.12178604304790497, -0.03788973018527031, 0.3583691716194153, 1.7284151315689087, -0.11196406930685043, 1.051815390586853] [0.32524996995925903, -0.2915019690990448, 0.21625204384326935, 1.3683700561523438, 1.5201520919799805, 0.0852000042796135, -1.0983021259307861, -1.0631040334701538]
[-0.11818824708461761, -0.03785140439867973, 0.3587670624256134, 1.7251676321029663, -0.1131720170378685, 1.0517754554748535] [0.31297796964645386, -0.2915019690990448, 0.21625204384326935, 1.3683700561523438, 1.5170841217041016, 0.0852000042796135, -1.1136420965194702, -1.078444004058838]
[-0.11507561057806015, -0.03794429451227188, 0.358761727809906, 1.727364420890808, -0.11192995309829712, 1.0501468181610107] [0.2976379692554474, -0.2915019690990448, 0.21625204384326935, 1.3668359518051147, 1.515550136566162, 0.0852000042796135, -1.1305160522460938, -1.0968519449234009]
[-0.11210603266954422, -0.037971362471580505, 0.3591410219669342, 1.722078561782837, -0.11270198225975037, 1.050312876701355] [0.27616196870803833, -0.2915019690990448, 0.21625204384326935, 1.3668359518051147, 1.5078800916671753, 0.08480000495910645, -1.1504580974578857, -1.1167939901351929]
[-0.10869459062814713, -0.037889063358306885, 0.35976359248161316, 1.7133231163024902, -0.11424495279788971, 1.0506980419158936] [0.25775396823883057, -0.2915019690990448, 0.21625204384326935, 1.3668359518051147, 1.501744031906128, 0.0852000042796135, -1.1704000234603882, -1.1367360353469849]
[-0.10524182766675949, -0.038149911910295486, 0.35919085144996643, 1.712607502937317, -0.1126285269856453, 1.048334002494812] [0.2424139678478241, -0.2915019690990448, 0.21778604388237, 1.3668359518051147, 1.5002100467681885, 0.0852000042796135, -1.1888080835342407, -1.1551439762115479]
[-0.10230150818824768, -0.037799227982759476, 0.3592439889907837, 1.7119755744934082, -0.11114708334207535, 1.0502618551254272] [0.22860796749591827, -0.2915019690990448, 0.21625204384326935, 1.3668359518051147, 1.5002100467681885, 0.0852000042796135, -1.201080083847046, -1.1658819913864136]
[-0.09945807605981827, -0.037806641310453415, 0.3591119945049286, 1.7133702039718628, -0.11054368317127228, 1.0501700639724731] [0.21480196714401245, -0.2915019690990448, 0.21625204384326935, 1.3668359518051147, 1.5002100467681885, 0.0852000042796135, -1.213352084159851, -1.1766200065612793]
[-0.09733597189188004, -0.037855714559555054, 0.3591032922267914, 1.7154150009155273, -0.11138830333948135, 1.0498731136322021] [0.20406396687030792, -0.2915019690990448, 0.21778604388237, 1.3637679815292358, 1.5002100467681885, 0.0852000042796135, -1.2271580696105957, -1.1919599771499634]
[-0.09425096958875656, -0.038053661584854126, 0.35875874757766724, 1.715563178062439, -0.10862112790346146, 1.0441627502441406] [0.1902579665184021, -0.2915019690990448, 0.21625204384326935, 1.3530299663543701, 1.5002100467681885, 0.0852000042796135, -1.2394300699234009, -1.202697992324829]
[-0.09053655713796616, -0.03848690167069435, 0.35871803760528564, 1.7138540744781494, -0.1070704385638237, 1.0338078737258911] [0.17645196616649628, -0.29303598403930664, 0.21625204384326935, 1.3438260555267334, 1.498676061630249, 0.08480000495910645, -1.2501680850982666, -1.2149699926376343]
[-0.0867314338684082, -0.039092618972063065, 0.35862284898757935, 1.7106153964996338, -0.1064513772726059, 1.0215160846710205] [0.1611119657754898, -0.2915019690990448, 0.21778604388237, 1.3300199508666992, 1.4925401210784912, 0.0852000042796135, -1.2655080556869507, -1.228775978088379]
[-0.0823916494846344, -0.03985742852091789, 0.3589250445365906, 1.6996877193450928, -0.10637535154819489, 1.0057083368301392] [0.14270396530628204, -0.2915019690990448, 0.21778604388237, 1.3054759502410889, 1.483336091041565, 0.0852000042796135, -1.274712085723877, -1.2379800081253052]
[-0.07786359637975693, -0.04092564806342125, 0.3577919006347656, 1.7032310962677002, -0.09898971766233444, 0.9815723299980164] [0.13656796514987946, -0.2915019690990448, 0.21778604388237, 1.2870680093765259, 1.483336091041565, 0.0852000042796135, -1.274712085723877, -1.2379800081253052]
[-0.07520031183958054, -0.04185255616903305, 0.3569165766239166, 1.7022784948349, -0.09411267936229706, 0.9647083282470703] [0.13196596503257751, -0.2915019690990448, 0.21778604388237, 1.264057993888855, 1.4741320610046387, 0.0852000042796135, -1.274712085723877, -1.2395139932632446]
[-0.07204100489616394, -0.04311571270227432, 0.3567737638950348, 1.6956098079681396, -0.09016489237546921, 0.9395673871040344] [0.12889796495437622, -0.2915019690990448, 0.21778604388237, 1.2471840381622314, 1.4756660461425781, 0.0852000042796135, -1.2762460708618164, -1.2395139932632446]
[-0.07011288404464722, -0.043995313346385956, 0.356528103351593, 1.6961843967437744, -0.08761903643608093, 0.9230312705039978] [0.12582996487617493, -0.28996795415878296, 0.21778604388237, 1.222640037536621, 1.4710640907287598, 0.0852000042796135, -1.2762460708618164, -1.2395139932632446]
[-0.06727418303489685, -0.04482516273856163, 0.35657188296318054, 1.6912705898284912, -0.08579467982053757, 0.8994547128677368] [0.11969395726919174, -0.2776959538459778, 0.21778604388237, 1.1888920068740845, 1.4695301055908203, 0.08480000495910645, -1.2777800559997559, -1.241047978401184]
[-0.06461789458990097, -0.044879116117954254, 0.3561643064022064, 1.6945858001708984, -0.0821586400270462, 0.8814833760261536] [0.11662595719099045, -0.26388996839523315, 0.21778604388237, 1.1566779613494873, 1.4695301055908203, 0.08480000495910645, -1.2777800559997559, -1.241047978401184]
[-0.0621882826089859, -0.04291275888681412, 0.3562983274459839, 1.6973023414611816, -0.08085717260837555, 0.871164083480835] [0.10895595699548721, -0.2393459677696228, 0.21778604388237, 1.1167939901351929, 1.4695301055908203, 0.08480000495910645, -1.2793140411376953, -1.2425819635391235]
[-0.05986255407333374, -0.041647769510746, 0.3562003970146179, 1.6998668909072876, -0.0781877264380455, 0.8579302430152893] [0.10435395687818527, -0.2132679671049118, 0.21778604388237, 1.0769100189208984, 1.4695301055908203, 0.0852000042796135, -1.2793140411376953, -1.2425819635391235]
[-0.05669895187020302, -0.04071929305791855, 0.356090247631073, 1.7024339437484741, -0.0742686316370964, 0.83567214012146] [0.09821796417236328, -0.1902579665184021, 0.21778604388237, 1.032423973083496, 1.4695301055908203, 0.0852000042796135, -1.2793140411376953, -1.2425819635391235]
[-0.05440323427319527, -0.03984690085053444, 0.35601842403411865, 1.7043616771697998, -0.07107286900281906, 0.8193070292472839] [0.09514996409416199, -0.17184996604919434, 0.21778604388237, 0.9986760020256042, 1.4695301055908203, 0.0852000042796135, -1.2808480262756348, -1.2425819635391235]
[-0.05205662548542023, -0.03992241993546486, 0.35598790645599365, 1.7051604986190796, -0.06777288764715195, 0.8001583814620972] [0.09054796397686005, -0.15957796573638916, 0.21778604388237, 0.9572579860687256, 1.4649280309677124, 0.0852000042796135, -1.2808480262756348, -1.2425819635391235]
[-0.048155128955841064, -0.04089359566569328, 0.355599045753479, 1.7019829750061035, -0.060947008430957794, 0.7645218968391418] [0.08287796378135681, -0.14730596542358398, 0.21778604388237, 0.9143059849739075, 1.4618600606918335, 0.0852000042796135, -1.2808480262756348, -1.244115948677063]
[-0.04581039398908615, -0.04231256619095802, 0.35540521144866943, 1.6977086067199707, -0.056894488632678986, 0.7410687804222107] [0.07827596366405487, -0.14270396530628204, 0.21778604388237, 0.8820919990539551, 1.4572581052780151, 0.0852000042796135, -1.2823820114135742, -1.245650053024292]
[-0.04233062267303467, -0.04462147131562233, 0.3551765978336334, 1.6928682327270508, -0.05152537301182747, 0.7068537473678589] [0.07060596346855164, -0.1411699652671814, 0.21625204384326935, 0.8422079682350159, 1.4557241201400757, 0.0852000042796135, -1.2854501008987427, -1.2471840381622314]
[-0.03872528672218323, -0.04770243540406227, 0.3553217053413391, 1.689416766166687, -0.04822180047631264, 0.6695011854171753] [0.0629359632730484, -0.1411699652671814, 0.21625204384326935, 0.8053919672966003, 1.4557241201400757, 0.0852000042796135, -1.2869840860366821, -1.2502520084381104]
[-0.035661425441503525, -0.05044284090399742, 0.3551012873649597, 1.6887304782867432, -0.043475668877363205, 0.6365325450897217] [0.05833396315574646, -0.1411699652671814, 0.21778604388237, 0.773177981376648, 1.4557241201400757, 0.0852000042796135, -1.2885180711746216, -1.2502520084381104]
[-0.032907065004110336, -0.05331499129533768, 0.3544427752494812, 1.689300298690796, -0.0370296984910965, 0.6033599972724915] [0.05373196303844452, -0.1411699652671814, 0.21625204384326935, 0.7378959655761719, 1.4557241201400757, 0.0852000042796135, -1.2885180711746216, -1.2502520084381104]
[-0.030214136466383934, -0.056343041360378265, 0.35424143075942993, 1.6883689165115356, -0.03206309676170349, 0.568836510181427] [0.04912996292114258, -0.1411699652671814, 0.21625204384326935, 0.7026139497756958, 1.4557241201400757, 0.0852000042796135, -1.2885180711746216, -1.2502520084381104]
[-0.02780238911509514, -0.05929642170667648, 0.3542032241821289, 1.687184453010559, -0.028156109154224396, 0.5360171794891357] [0.046061962842941284, -0.1411699652671814, 0.21625204384326935, 0.6750019788742065, 1.4557241201400757, 0.0852000042796135, -1.2885180711746216, -1.2502520084381104]
[-0.025975070893764496, -0.06205594912171364, 0.35378140211105347, 1.6874268054962158, -0.023781314492225647, 0.5093258619308472] [0.04299396276473999, -0.1411699652671814, 0.21625204384326935, 0.638185977935791, 1.4557241201400757, 0.0852000042796135, -1.2885180711746216, -1.2502520084381104]
[-0.023623045533895493, -0.06522304564714432, 0.35385221242904663, 1.6856026649475098, -0.019655052572488785, 0.4739808738231659] [0.03839196264743805, -0.1411699652671814, 0.21625204384326935, 0.6136419773101807, 1.4557241201400757, 0.0852000042796135, -1.2885180711746216, -1.2502520084381104]
[-0.022429628297686577, -0.06778739392757416, 0.35401880741119385, 1.6838610172271729, -0.01828276552259922, 0.4516485631465912] [0.0368579626083374, -0.14883996546268463, 0.21625204384326935, 0.5936999917030334, 1.4557241201400757, 0.0852000042796135, -1.2885180711746216, -1.2502520084381104]
[-0.021364683285355568, -0.07034870237112045, 0.35360151529312134, 1.6836801767349243, -0.014653326012194157, 0.4306977093219757] [0.035323962569236755, -0.15344196557998657, 0.21625204384326935, 0.5814279913902283, 1.4557241201400757, 0.0852000042796135, -1.2869840860366821, -1.248718023300171]
[-0.020641760900616646, -0.07292501628398895, 0.35368970036506653, 1.6822482347488403, -0.0139114735648036, 0.41412362456321716] [0.035323962569236755, -0.16878196597099304, 0.21625204384326935, 0.5814279913902283, 1.4557241201400757, 0.0852000042796135, -1.2869840860366821, -1.248718023300171]
[-0.02024393528699875, -0.0755482017993927, 0.3537571430206299, 1.68099844455719, -0.013393335044384003, 0.40043312311172485] [0.035323962569236755, -0.17645196616649628, 0.21625204384326935, 0.579893946647644, 1.4557241201400757, 0.0852000042796135, -1.2869840860366821, -1.2471840381622314]
[-0.020200027152895927, -0.07746395468711853, 0.3538087010383606, 1.6801735162734985, -0.013825452886521816, 0.3912297189235687] [0.035323962569236755, -0.1871899664402008, 0.21625204384326935, 0.579893946647644, 1.4572581052780151, 0.0852000042796135, -1.2854501008987427, -1.2471840381622314]
[-0.020370863378047943, -0.07983141392469406, 0.3540826439857483, 1.6802778244018555, -0.015521774999797344, 0.38085800409317017] [0.035323962569236755, -0.20099596679210663, 0.21625204384326935, 0.579893946647644, 1.4572581052780151, 0.0852000042796135, -1.2854501008987427, -1.2471840381622314]
[-0.02015087381005287, -0.08345219492912292, 0.35420963168144226, 1.6796674728393555, -0.015451512299478054, 0.36283165216445923] [0.03378996253013611, -0.22093796730041504, 0.21625204384326935, 0.5814279913902283, 1.4587920904159546, 0.0852000042796135, -1.2854501008987427, -1.2471840381622314]
[-0.020115278661251068, -0.08729220926761627, 0.35464102029800415, 1.6753828525543213, -0.017361938953399658, 0.3446609675884247] [0.03378996253013611, -0.24394796788692474, 0.21625204384326935, 0.5875639915466309, 1.4572581052780151, 0.0852000042796135, -1.2839161157608032, -1.2471840381622314]
[-0.02045881748199463, -0.09056033194065094, 0.35495293140411377, 1.6732730865478516, -0.019391128793358803, 0.33250507712364197] [0.03378996253013611, -0.26082196831703186, 0.21625204384326935, 0.6044379472732544, 1.4572581052780151, 0.0852000042796135, -1.2839161157608032, -1.2471840381622314]
[-0.021267106756567955, -0.09246592968702316, 0.35558775067329407, 1.6697020530700684, -0.023818695917725563, 0.33242619037628174] [0.03225596249103546, -0.2792299687862396, 0.21318404376506805, 0.6105740070343018, 1.4572581052780151, 0.08480000495910645, -1.2823820114135742, -1.245650053024292]
[-0.02154633216559887, -0.0956287682056427, 0.35535937547683716, 1.6627109050750732, -0.021472135558724403, 0.3193989396095276] [0.03225596249103546, -0.2945699691772461, 0.2085820436477661, 0.6151759624481201, 1.4572581052780151, 0.0852000042796135, -1.2808480262756348, -1.244115948677063]
[-0.02202850580215454, -0.09762457758188248, 0.35551056265830994, 1.6586898565292358, -0.021841909736394882, 0.31206345558166504] [0.03225596249103546, -0.3053079843521118, 0.20551404356956482, 0.6213119626045227, 1.4572581052780151, 0.0852000042796135, -1.2762460708618164, -1.2395139932632446]
[-0.023139966651797295, -0.09984131157398224, 0.35582852363586426, 1.653293490409851, -0.0230112187564373, 0.30481743812561035] [0.03378996253013611, -0.32218196988105774, 0.19937804341316223, 0.6274479627609253, 1.4572581052780151, 0.08480000495910645, -1.2701101303100586, -1.2349120378494263]
[-0.024313462898135185, -0.10239166021347046, 0.3562884032726288, 1.645639419555664, -0.024421732872724533, 0.2977406978607178] [0.035323962569236755, -0.3467259705066681, 0.19017404317855835, 0.6458559632301331, 1.4587920904159546, 0.0852000042796135, -1.2670420408248901, -1.2303099632263184]
[-0.026413360610604286, -0.1064678430557251, 0.3565463423728943, 1.632614254951477, -0.024054929614067078, 0.28924044966697693] [0.035323962569236755, -0.37126997113227844, 0.18097004294395447, 0.6657979488372803, 1.4572581052780151, 0.0852000042796135, -1.2655080556869507, -1.228775978088379]
[-0.027954913675785065, -0.1079656183719635, 0.35637474060058594, 1.624864101409912, -0.023066533729434013, 0.29248279333114624] [0.0368579626083374, -0.3958139717578888, 0.17330004274845123, 0.6949439644813538, 1.4572581052780151, 0.0852000042796135, -1.2639740705490112, -1.2272419929504395]
[-0.029930105432868004, -0.10931742191314697, 0.3564460873603821, 1.613813877105713, -0.02266530878841877, 0.3008502423763275] [0.0368579626083374, -0.41422197222709656, 0.1625620424747467, 0.7225559949874878, 1.4572581052780151, 0.0852000042796135, -1.2609061002731323, -1.2241740226745605]
[-0.024264425039291382, -0.1100698783993721, 0.35844555497169495, 1.5980488061904907, -0.03127196058630943, 0.31267139315605164] [0.0368579626083374, -0.4326299726963043, 0.15029004216194153, 0.7563039660453796, 1.4572581052780151, 0.0852000042796135, -1.2593721151351929, -1.222640037536621]
[-0.021966248750686646, -0.10963576287031174, 0.3592473864555359, 1.5861260890960693, -0.03385211527347565, 0.32729968428611755] [0.0368579626083374, -0.44950395822525024, 0.1364840418100357, 0.7869839668273926, 1.4572581052780151, 0.0852000042796135, -1.2563040256500244, -1.2195719480514526]
[-0.02210553176701069, -0.1078706607222557, 0.3595392107963562, 1.5714752674102783, -0.03351037576794624, 0.3559943735599518] [0.0368579626083374, -0.45563995838165283, 0.12421204149723053, 0.8207319974899292, 1.4587920904159546, 0.08480000495910645, -1.2501680850982666, -1.2134360074996948]
[-0.0242567528039217, -0.10560531914234161, 0.35910239815711975, 1.555649757385254, -0.027163075283169746, 0.3880751430988312] [0.0368579626083374, -0.4740479588508606, 0.09966804087162018, 0.8728879690170288, 1.4587920904159546, 0.0852000042796135, -1.2455661296844482, -1.2072999477386475]
[-0.02701173722743988, -0.10509678721427917, 0.35909557342529297, 1.5416561365127563, -0.023669347167015076, 0.4105333685874939] [0.0368579626083374, -0.49245595932006836, 0.08586204051971436, 0.9097039699554443, 1.4587920904159546, 0.0852000042796135, -1.2378960847854614, -1.2011640071868896]
[-0.0300583578646183, -0.10408251732587814, 0.359100878238678, 1.5283143520355225, -0.01989920251071453, 0.43288886547088623] [0.0368579626083374, -0.506261944770813, 0.06898804008960724, 0.9495880007743835, 1.4587920904159546, 0.0852000042796135, -1.2286920547485352, -1.1934939622879028]
[-0.033454861491918564, -0.1017630472779274, 0.35883840918540955, 1.5138659477233887, -0.013806103728711605, 0.4629254937171936] [0.0368579626083374, -0.5093299746513367, 0.050580039620399475, 0.9833359718322754, 1.4587920904159546, 0.0852000042796135, -1.2225561141967773, -1.1842899322509766]
[-0.036924026906490326, -0.09936096519231796, 0.3587178885936737, 1.5029261112213135, -0.009600563906133175, 0.4941501021385193] [0.0368579626083374, -0.5154659748077393, 0.03677403926849365, 1.0262880325317383, 1.4587920904159546, 0.0852000042796135, -1.213352084159851, -1.1766200065612793]
[-0.04107595607638359, -0.09680501371622086, 0.35889729857444763, 1.4915097951889038, -0.006660908460617065, 0.5283360481262207] [0.0368579626083374, -0.5200679898262024, 0.026036038994789124, 1.0631040334701538, 1.4587920904159546, 0.0852000042796135, -1.2072160243988037, -1.1689499616622925]
[-0.04546482861042023, -0.09268105030059814, 0.35915982723236084, 1.4875162839889526, -0.0031589302234351635, 0.573104977607727] [0.0368579626083374, -0.5200679898262024, 0.009162038564682007, 1.1152600049972534, 1.4818021059036255, 0.08480000495910645, -1.1995460987091064, -1.1628140211105347]
[-0.05062907934188843, -0.08810164034366608, 0.3590424954891205, 1.5052695274353027, 0.005253469105809927, 0.6254885196685791] [0.0368579626083374, -0.5277379751205444, -0.019983962178230286, 1.2211060523986816, 1.5446960926055908, 0.18279999494552612, -1.1964781284332275, -1.1597459316253662]
[-0.06257221102714539, -0.08081357181072235, 0.3571202754974365, 1.5522024631500244, 0.03237089514732361, 0.7405657172203064] [0.0368579626083374, -0.5476799607276917, -0.03378996253013611, 1.322350025177002, 1.5615700483322144, 0.08640000224113464, -1.193410038948059, -1.1551439762115479]
[-0.06805156171321869, -0.07720629870891571, 0.35745328664779663, 1.5565179586410522, 0.03285357356071472, 0.7926393747329712] [0.035323962569236755, -0.5461459755897522, -0.039925962686538696, 1.3315539360046387, 1.5615700483322144, 0.08640000224113464, -1.1857401132583618, -1.1474740505218506]
[-0.06930641084909439, -0.07728732377290726, 0.3577514886856079, 1.5524330139160156, 0.03215577453374863, 0.7925045490264893] [0.03839196264743805, -0.5461459755897522, -0.039925962686538696, 1.3315539360046387, 1.5615700483322144, 0.08640000224113464, -1.178070068359375, -1.1413379907608032]
[-0.07061650604009628, -0.0765271708369255, 0.3578111529350281, 1.5505894422531128, 0.0324215367436409, 0.7970564365386963] [0.04299396276473999, -0.5400099754333496, -0.039925962686538696, 1.3300199508666992, 1.5615700483322144, 0.08640000224113464, -1.175002098083496, -1.1382700204849243]
[-0.07146740704774857, -0.07545961439609528, 0.3582087755203247, 1.549816608428955, 0.029933268204331398, 0.8031831979751587] [0.046061962842941284, -0.5277379751205444, -0.0368579626083374, 1.3284859657287598, 1.5646381378173828, 0.08640000224113464, -1.175002098083496, -1.1382700204849243]
[-0.07195443660020828, -0.0725366473197937, 0.35865020751953125, 1.5545686483383179, 0.02669399045407772, 0.8201351165771484] [0.04759596288204193, -0.5077959895133972, -0.035323962569236755, 1.3254179954528809, 1.5646381378173828, 0.08640000224113464, -1.175002098083496, -1.1398040056228638]
[-0.0720759853720665, -0.07105791568756104, 0.35888779163360596, 1.5544085502624512, 0.0250870231539011, 0.8278072476387024] [0.04759596288204193, -0.5001260042190552, -0.03225596249103546, 1.322350025177002, 1.5646381378173828, 0.08640000224113464, -1.175002098083496, -1.1413379907608032]
[-0.07212146371603012, -0.06874231994152069, 0.35887232422828674, 1.5542372465133667, 0.02536977082490921, 0.8400780558586121] [0.04759596288204193, -0.48325198888778687, -0.03225596249103546, 1.317747950553894, 1.5646381378173828, 0.08640000224113464, -1.175002098083496, -1.1413379907608032]
[-0.07255525141954422, -0.06391777098178864, 0.3590319752693176, 1.5545332431793213, 0.023836836218833923, 0.8677072525024414] [0.04759596288204193, -0.4449019730091095, -0.030721962451934814, 1.3054759502410889, 1.5646381378173828, 0.08640000224113464, -1.175002098083496, -1.1413379907608032]
[-0.0725795179605484, -0.05945112183690071, 0.35939106345176697, 1.5549222230911255, 0.021310485899448395, 0.8892053961753845] [0.04759596288204193, -0.40655195713043213, -0.029187962412834167, 1.2962720394134521, 1.5646381378173828, 0.08640000224113464, -1.1796040534973145, -1.1459399461746216]
[-0.07512903213500977, -0.04524217173457146, 0.35924503207206726, 1.5582489967346191, 0.021734898909926414, 0.9767242074012756] [0.04452796280384064, -0.3114439845085144, -0.026119962334632874, 1.282465934753418, 1.5646381378173828, 0.08640000224113464, -1.1857401132583618, -1.1505420207977295]
[-0.07528260350227356, -0.04068336263298988, 0.3595759868621826, 1.5575976371765137, 0.019922396168112755, 0.9981837272644043] [0.04452796280384064, -0.27616196870803833, -0.024585962295532227, 1.2717280387878418, 1.5646381378173828, 0.08640000224113464, -1.1857401132583618, -1.1505420207977295]
[-0.07555278390645981, -0.037949129939079285, 0.3592621088027954, 1.5580495595932007, 0.02187090553343296, 1.0119998455047607] [0.04299396276473999, -0.25775396823883057, -0.026119962334632874, 1.2671259641647339, 1.5646381378173828, 0.08640000224113464, -1.1842060089111328, -1.1505420207977295]
[-0.07606241852045059, -0.03644419461488724, 0.3592270016670227, 1.5580657720565796, 0.021909063681960106, 1.0212072134017944] [0.04145996272563934, -0.25315195322036743, -0.026119962334632874, 1.2655919790267944, 1.5646381378173828, 0.08640000224113464, -1.1842060089111328, -1.1505420207977295]
[-0.07565879821777344, -0.036945540457963943, 0.35966840386390686, 1.5556485652923584, 0.02044527791440487, 1.0165469646453857] [0.039925962686538696, -0.25928795337677, -0.02765396237373352, 1.2655919790267944, 1.5646381378173828, 0.08640000224113464, -1.1842060089111328, -1.1505420207977295]
[-0.07465774565935135, -0.03974904865026474, 0.3596007525920868, 1.5530831813812256, 0.02254585176706314, 0.9980685710906982] [0.03839196264743805, -0.2853659689426422, -0.029187962412834167, 1.2671259641647339, 1.5646381378173828, 0.08640000224113464, -1.1842060089111328, -1.1474740505218506]
[-0.07382062077522278, -0.042375173419713974, 0.3594440519809723, 1.5539608001708984, 0.023157838732004166, 0.9812204837799072] [0.03839196264743805, -0.3007059693336487, -0.029187962412834167, 1.2701940536499023, 1.5631040334701538, 0.08640000224113464, -1.1796040534973145, -1.1444059610366821]
[-0.07371143996715546, -0.044142935425043106, 0.3596033453941345, 1.5516425371170044, 0.02315424755215645, 0.9704195857048035] [0.039925962686538696, -0.3145119547843933, -0.030721962451934814, 1.2701940536499023, 1.5646381378173828, 0.08640000224113464, -1.178070068359375, -1.1413379907608032]
[-0.07287442684173584, -0.04811624065041542, 0.3598155677318573, 1.5490561723709106, 0.022615589201450348, 0.9442694783210754] [0.039925962686538696, -0.34825998544692993, -0.03378996253013611, 1.2701940536499023, 1.5646381378173828, 0.08640000224113464, -1.178070068359375, -1.1413379907608032]
[-0.07113151997327805, -0.054766394197940826, 0.3599173128604889, 1.5461759567260742, 0.023539641872048378, 0.9012182354927063] [0.03839196264743805, -0.39734798669815063, -0.035323962569236755, 1.2732620239257812, 1.5646381378173828, 0.08640000224113464, -1.1765360832214355, -1.1398040056228638]
[-0.0687800943851471, -0.06783298403024673, 0.3601386249065399, 1.545064091682434, 0.023607265204191208, 0.8182908892631531] [0.03839196264743805, -0.48631995916366577, -0.039925962686538696, 1.279397964477539, 1.5677061080932617, 0.08640000224113464, -1.1673320531845093, -1.129065990447998]
[-0.06913547217845917, -0.07880732417106628, 0.3599199056625366, 1.544358730316162, 0.025807440280914307, 0.7583224177360535] [0.03839196264743805, -0.5538159608840942, -0.04759596288204193, 1.2962720394134521, 1.5677061080932617, 0.08640000224113464, -1.162730097770691, -1.1259980201721191]
[-0.06974565982818604, -0.08344195038080215, 0.3596164286136627, 1.5420129299163818, 0.03019605576992035, 0.7320008873939514] [0.039925962686538696, -0.5814279913902283, -0.05986796319484711, 1.2962720394134521, 1.5707740783691406, 0.08640000224113464, -1.1519920825958252, -1.113726019859314]
[-0.07106997817754745, -0.08727781474590302, 0.35867321491241455, 1.5373913049697876, 0.04152628779411316, 0.7082801461219788] [0.039925962686538696, -0.5967679619789124, -0.07520796358585358, 1.2962720394134521, 1.579978108406067, 0.08640000224113464, -1.13972008228302, -1.0999200344085693]
[-0.07303910702466965, -0.0881495550274849, 0.3583345115184784, 1.5376925468444824, 0.05057432875037193, 0.7025928497314453] [0.04145996272563934, -0.5983020067214966, -0.09821796417236328, 1.2962720394134521, 1.5907161235809326, 0.08640000224113464, -1.119778037071228, -1.0815119743347168]
[-0.07552442699670792, -0.08856648951768875, 0.3579617440700531, 1.5346499681472778, 0.06200570613145828, 0.6992814540863037] [0.04145996272563934, -0.5983020067214966, -0.12122795730829239, 1.2978060245513916, 1.6060560941696167, 0.08640000224113464, -1.104438066482544, -1.0661720037460327]
[-0.07865621149539948, -0.08847314119338989, 0.3578437566757202, 1.533136248588562, 0.07152870297431946, 0.7000108361244202] [0.04145996272563934, -0.5983020067214966, -0.1442379653453827, 1.299340009689331, 1.6213960647583008, 0.08640000224113464, -1.0860300064086914, -1.0539000034332275]
[-0.0809207484126091, -0.08890394866466522, 0.357697457075119, 1.5353184938430786, 0.07948914170265198, 0.6963039636611938] [0.04145996272563934, -0.5983020067214966, -0.16264596581459045, 1.299340009689331, 1.6398041248321533, 0.08640000224113464, -1.0706900358200073, -1.0370259284973145]
[-0.08431411534547806, -0.08866526931524277, 0.3576367199420929, 1.5299283266067505, 0.08874783664941788, 0.6976050734519958] [0.04145996272563934, -0.599835991859436, -0.18258796632289886, 1.30240797996521, 1.6459400653839111, 0.08640000224113464, -1.0568840503692627, -1.0216859579086304]
[-0.087503582239151, -0.08901266008615494, 0.35798490047454834, 1.5244468450546265, 0.09222006052732468, 0.6962504982948303] [0.04145996272563934, -0.599835991859436, -0.19946196675300598, 1.3039419651031494, 1.6551440954208374, 0.08640000224113464, -1.0415440797805786, -1.012481927871704]
[-0.08976216614246368, -0.08873970806598663, 0.35833463072776794, 1.5207865238189697, 0.09477032721042633, 0.698479950428009] [0.039925962686538696, -0.599835991859436, -0.2101999670267105, 1.3100780248641968, 1.6658821105957031, 0.08640000224113464, -1.0292720794677734, -1.0002100467681885]
[-0.09383073449134827, -0.08822356164455414, 0.3583245873451233, 1.5186954736709595, 0.10200466960668564, 0.7051758170127869] [0.039925962686538696, -0.5983020067214966, -0.22860796749591827, 1.3208160400390625, 1.6750860214233398, 0.08640000224113464, -1.0154660940170288, -0.9864040017127991]
[-0.09682931751012802, -0.08782235532999039, 0.3580195903778076, 1.5150396823883057, 0.10803616046905518, 0.711474597454071] [0.039925962686538696, -0.5983020067214966, -0.24087996780872345, 1.3330880403518677, 1.6842900514602661, 0.08640000224113464, -1.0016601085662842, -0.9756659865379333]
[-0.1003618910908699, -0.08696652948856354, 0.35842111706733704, 1.5204020738601685, 0.11120312660932541, 0.7220099568367004] [0.039925962686538696, -0.5983020067214966, -0.2562199831008911, 1.3438260555267334, 1.7057660818099976, 0.08640000224113464, -0.9878540635108948, -0.9633939862251282]
[-0.10412493348121643, -0.08569547533988953, 0.35829684138298035, 1.5332893133163452, 0.11786586046218872, 0.7387211918830872] [0.039925962686538696, -0.5983020067214966, -0.27002596855163574, 1.3775739669799805, 1.7257081270217896, 0.08640000224113464, -0.977116048336029, -0.9526559710502625]
[-0.1088777408003807, -0.0836436077952385, 0.3582579493522644, 1.5404131412506104, 0.12339050322771072, 0.7678713798522949] [0.03839196264743805, -0.5983020067214966, -0.27616196870803833, 1.411321997642517, 1.7364461421966553, 0.08640000224113464, -0.969446063041687, -0.9449859857559204]
[-0.11329053342342377, -0.08152426034212112, 0.3581969439983368, 1.5480406284332275, 0.12781020998954773, 0.7980587482452393] [0.03839196264743805, -0.5983020067214966, -0.2792299687862396, 1.4404679536819458, 1.7594560384750366, 0.08640000224113464, -0.9633100628852844, -0.9373160004615784]
[-0.11687635630369186, -0.07996311038732529, 0.3584098219871521, 1.5697332620620728, 0.130180224776268, 0.8210493326187134] [0.039925962686538696, -0.5967679619789124, -0.28076398372650146, 1.4665460586547852, 1.7793980836868286, 0.08640000224113464, -0.9602420330047607, -0.9342479705810547]
[-0.12011261284351349, -0.0780942291021347, 0.35843461751937866, 1.5834336280822754, 0.13279779255390167, 0.8463830947875977] [0.039925962686538696, -0.5936999917030334, -0.28076398372650146, 1.4772839546203613, 1.7793980836868286, 0.08640000224113464, -0.9587080478668213, -0.9342479705810547]
[-0.12119127064943314, -0.07674136757850647, 0.35854098200798035, 1.58097243309021, 0.1331929713487625, 0.8580345511436462] [0.039925962686538696, -0.5844959616661072, -0.28076398372650146, 1.4788179397583008, 1.780932068824768, 0.08640000224113464, -0.9571740627288818, -0.9327139854431152]
[-0.12215922772884369, -0.07427476346492767, 0.35864412784576416, 1.5932395458221436, 0.13578660786151886, 0.8755461573600769] [0.04452796280384064, -0.5630199909210205, -0.2792299687862396, 1.4803520441055298, 1.8146800994873047, 0.0804000049829483, -0.9541060924530029, -0.9281119704246521]
[-0.12334548681974411, -0.07072801887989044, 0.3582612872123718, 1.6223307847976685, 0.14156705141067505, 0.8997534513473511] [0.04912996292114258, -0.5415439605712891, -0.2792299687862396, 1.4803520441055298, 1.8300200700759888, 0.0804000049829483, -0.9541060924530029, -0.9281119704246521]
[-0.12424342334270477, -0.06780122220516205, 0.35845932364463806, 1.6178131103515625, 0.14230495691299438, 0.9188790917396545] [0.04912996292114258, -0.5185339450836182, -0.2776959538459778, 1.4788179397583008, 1.839224100112915, 0.0804000049829483, -0.9541060924530029, -0.9296460151672363]
[-0.12509942054748535, -0.06483487784862518, 0.35833099484443665, 1.6143391132354736, 0.14574876427650452, 0.9393166303634644] [0.04912996292114258, -0.4970579743385315, -0.2776959538459778, 1.4772839546203613, 1.8499621152877808, 0.0804000049829483, -0.9541060924530029, -0.9296460151672363]
[-0.1257886290550232, -0.06090464070439339, 0.3579680621623993, 1.6108266115188599, 0.15089140832424164, 0.964320719242096] [0.050663962960243225, -0.4648439884185791, -0.27616196870803833, 1.472681999206543, 1.8545640707015991, 0.08080000430345535, -0.9556400775909424, -0.9311800003051758]
[-0.12682770192623138, -0.055904168635606766, 0.35825681686401367, 1.6076945066452026, 0.1517152488231659, 0.99800044298172] [0.050663962960243225, -0.42649397253990173, -0.26695796847343445, 1.469614028930664, 1.8545640707015991, 0.0804000049829483, -0.961776077747345, -0.9373160004615784]
[-0.13406254351139069, -0.04975678771734238, 0.358290433883667, 1.6081284284591675, 0.15753136575222015, 1.0350834131240845] [0.050663962960243225, -0.37433797121047974, -0.2623559832572937, 1.4588760137557983, 1.857632040977478, 0.0804000049829483, -0.9679120779037476, -0.943452000617981]
[-0.14072391390800476, -0.04331033676862717, 0.35778287053108215, 1.607829213142395, 0.1676589697599411, 1.066741704940796] [0.050663962960243225, -0.32985198497772217, -0.26082196831703186, 1.4450700283050537, 1.857632040977478, 0.0804000049829483, -0.9725140333175659, -0.9449859857559204]
[-0.14498884975910187, -0.03777944669127464, 0.35698896646499634, 1.6091912984848022, 0.17818933725357056, 1.101253867149353] [0.050663962960243225, -0.30223995447158813, -0.2562199831008911, 1.4435360431671143, 1.859166145324707, 0.0804000049829483, -0.9786500930786133, -0.9557240009307861]
[-0.14598552882671356, -0.03534967079758644, 0.3568449020385742, 1.6131306886672974, 0.1794804483652115, 1.1193218231201172] [0.050663962960243225, -0.28076398372650146, -0.251617968082428, 1.4420020580291748, 1.859166145324707, 0.0804000049829483, -0.9878540635108948, -0.9649279713630676]
[-0.14613190293312073, -0.03207336366176605, 0.3565604090690613, 1.619253158569336, 0.18074558675289154, 1.1409196853637695] [0.050663962960243225, -0.2546859681606293, -0.24701596796512604, 1.437399983406067, 1.857632040977478, 0.0804000049829483, -1.0031940937042236, -0.9771999716758728]
[-0.14582288265228271, -0.02768336795270443, 0.35595646500587463, 1.6305770874023438, 0.18155497312545776, 1.1735223531723022] [0.050663962960243225, -0.22860796749591827, -0.2362779676914215, 1.431264042854309, 1.859166145324707, 0.0804000049829483, -1.0154660940170288, -0.989471971988678]
[-0.1445760428905487, -0.02444816380739212, 0.3560141623020172, 1.6391894817352295, 0.17674998939037323, 1.1908340454101562] [0.050663962960243225, -0.20099596679210663, -0.22860796749591827, 1.414389967918396, 1.859166145324707, 0.0804000049829483, -1.024670124053955, -1.0002100467681885]
[-0.14325757324695587, -0.021935217082500458, 0.35560017824172974, 1.6433875560760498, 0.1767716407775879, 1.2001314163208008] [0.050663962960243225, -0.1703159660100937, -0.22093796730041504, 1.3975160121917725, 1.859166145324707, 0.0804000049829483, -1.0338740348815918, -1.0078799724578857]
[-0.14133518934249878, -0.01827547512948513, 0.3554643988609314, 1.6516920328140259, 0.1724071055650711, 1.2140276432037354] [0.050663962960243225, -0.14730596542358398, -0.2163359671831131, 1.3806419372558594, 1.859166145324707, 0.0804000049829483, -1.0400100946426392, -1.012481927871704]
[-0.13911399245262146, -0.015851741656661034, 0.3556634187698364, 1.656197190284729, 0.16655714809894562, 1.214589238166809] [0.050663962960243225, -0.11969395726919174, -0.20559796690940857, 1.3530299663543701, 1.859166145324707, 0.0804000049829483, -1.0538160800933838, -1.0278220176696777]
[-0.1361485868692398, -0.013088065199553967, 0.3559466302394867, 1.6671158075332642, 0.15860222280025482, 1.21977961063385] [0.050663962960243225, -0.09975196421146393, -0.1902579665184021, 1.3330880403518677, 1.859166145324707, 0.0804000049829483, -1.0737581253051758, -1.0539000034332275]
[-0.13152465224266052, -0.011611351743340492, 0.3556681275367737, 1.6868871450424194, 0.14892351627349854, 1.2156401872634888] [0.050663962960243225, -0.09054796397686005, -0.17798596620559692, 1.3146799802780151, 1.859166145324707, 0.0804000049829483, -1.0890980958938599, -1.0631040334701538]
[-0.12891720235347748, -0.01162520982325077, 0.35552558302879333, 1.7000792026519775, 0.1433541178703308, 1.2138450145721436] [0.04912996292114258, -0.09054796397686005, -0.16878196597099304, 1.3131459951400757, 1.857632040977478, 0.0804000049829483, -1.101370096206665, -1.075376033782959]
[-0.12689536809921265, -0.011681610718369484, 0.35515233874320984, 1.7113581895828247, 0.14028283953666687, 1.2159090042114258] [0.04912996292114258, -0.09054796397686005, -0.1641799658536911, 1.3131459951400757, 1.857632040977478, 0.0804000049829483, -1.1059720516204834, -1.0799779891967773]
[-0.1257716566324234, -0.01159694790840149, 0.35480794310569763, 1.718178391456604, 0.13948498666286469, 1.217279076576233] [0.04912996292114258, -0.09054796397686005, -0.15957796573638916, 1.3131459951400757, 1.857632040977478, 0.0804000049829483, -1.1075060367584229, -1.0815119743347168]
[-0.1247471272945404, -0.011647551320493221, 0.3549790680408478, 1.724578619003296, 0.1354082077741623, 1.217110276222229] [0.04759596288204193, -0.09361596405506134, -0.15344196557998657, 1.3131459951400757, 1.857632040977478, 0.0804000049829483, -1.1075060367584229, -1.0815119743347168]
[-0.12375404685735703, -0.01259993202984333, 0.356782466173172, 1.7238526344299316, 0.12263782322406769, 1.2102642059326172] [0.039925962686538696, -0.10588795691728592, -0.13656796514987946, 1.3131459951400757, 1.859166145324707, 0.0804000049829483, -1.1075060367584229, -1.0815119743347168]
[-0.12132453918457031, -0.01617250218987465, 0.3620070517063141, 1.7281391620635986, 0.08224684745073318, 1.1843528747558594] [0.035323962569236755, -0.14270396530628204, -0.0920819640159607, 1.3131459951400757, 1.857632040977478, 0.0804000049829483, -1.1075060367584229, -1.0815119743347168]
[-0.11784310638904572, -0.022243326529860497, 0.36784934997558594, 1.7405070066452026, 0.0327288880944252, 1.141265630722046] [0.03378996253013611, -0.20099596679210663, -0.035323962569236755, 1.3116120100021362, 1.859166145324707, 0.0804000049829483, -1.1105740070343018, -1.0845799446105957]
[-0.11287032067775726, -0.03178629279136658, 0.3744841516017914, 1.7595515251159668, -0.026592852547764778, 1.0736024379730225] [0.0368579626083374, -0.28383195400238037, 0.030638039112091064, 1.3100780248641968, 1.859166145324707, 0.0804000049829483, -1.1167100667953491, -1.0922499895095825]
[-0.10510159283876419, -0.051584746688604355, 0.38112953305244446, 1.7835521697998047, -0.08930563926696777, 0.9429914355278015] [0.0368579626083374, -0.4418339729309082, 0.07972604036331177, 1.3100780248641968, 1.8607001304626465, 0.0804000049829483, -1.1259140968322754, -1.1029880046844482]
[-0.09762948006391525, -0.08327394723892212, 0.3858110308647156, 1.8119617700576782, -0.14113472402095795, 0.740359365940094] [0.03839196264743805, -0.6289819478988647, 0.12267804145812988, 1.3100780248641968, 1.8607001304626465, 0.0804000049829483, -1.1366521120071411, -1.1213959455490112]
[-0.09582916647195816, -0.10140848904848099, 0.38973599672317505, 1.8337998390197754, -0.1825457215309143, 0.6268322467803955] [0.03839196264743805, -0.7102839946746826, 0.1886400431394577, 1.30240797996521, 1.862234115600586, 0.0804000049829483, -1.1473901271820068, -1.1352019309997559]
[-0.09307772666215897, -0.10839048027992249, 0.3956737816333771, 1.8676197528839111, -0.24169696867465973, 0.5767031311988831] [0.039925962686538696, -0.714885950088501, 0.24233004450798035, 1.2701940536499023, 1.862234115600586, 0.0804000049829483, -1.1519920825958252, -1.1382700204849243]
[-0.090023472905159, -0.11329680681228638, 0.3997028172016144, 1.8989589214324951, -0.2812030017375946, 0.5312772989273071] [0.04299396276473999, -0.714885950088501, 0.30062204599380493, 1.2134360074996948, 1.8637681007385254, 0.0804000049829483, -1.1611961126327515, -1.1474740505218506]
[-0.0842418372631073, -0.1269942671060562, 0.4092460572719574, 1.9995803833007812, -0.3728209435939789, 0.39983993768692017] [0.05219796299934387, -0.7102839946746826, 0.48777005076408386, 1.040094017982483, 1.8637681007385254, 0.0804000049829483, -1.175002098083496, -1.1628140211105347]
[-0.07981391996145248, -0.15416032075881958, 0.42363429069519043, 2.2266738414764404, -0.5001155138015747, 0.14441733062267303] [0.05219796299934387, -0.7087500095367432, 0.7470160722732544, 0.839139997959137, 1.8637681007385254, 0.0804000049829483, -1.1964781284332275, -1.182755947113037]
[-0.0772479847073555, -0.1822548657655716, 0.4271792471408844, 2.5006794929504395, -0.5273221135139465, -0.12884366512298584] [0.05219796299934387, -0.7087500095367432, 0.9418340921401978, 0.6397199630737305, 1.8637681007385254, 0.0804000049829483, -1.2087500095367432, -1.1965620517730713]
[-0.07546175271272659, -0.20903939008712769, 0.41991275548934937, 2.757446050643921, -0.44838082790374756, -0.37424904108047485] [0.05219796299934387, -0.7087500095367432, 1.0860300064086914, 0.4740479588508606, 1.8637681007385254, 0.0804000049829483, -1.21642005443573, -1.2011640071868896]
[-0.07518979161977768, -0.22921070456504822, 0.4064542055130005, 2.9489552974700928, -0.3177158534526825, -0.5375921726226807] [0.05219796299934387, -0.7087500095367432, 1.2302260398864746, 0.30684196949005127, 1.8637681007385254, 0.0804000049829483, -1.2179540395736694, -1.202697992324829]
[-0.07595083117485046, -0.24473652243614197, 0.38609328866004944, 3.1051952838897705, -0.13036945462226868, -0.6509657502174377] [0.05219796299934387, -0.7087500095367432, 1.3422080278396606, 0.11202395707368851, 1.8637681007385254, 0.0804000049829483, -1.21642005443573, -1.2011640071868896]
[-0.07694509625434875, -0.2505838871002197, 0.3706648647785187, -3.1357574462890625, 0.0038307690992951393, -0.6930245161056519] [0.05833396315574646, -0.7087500095367432, 1.363684058189392, 0.03839196264743805, 1.8637681007385254, 0.0804000049829483, -1.2179540395736694, -1.202697992324829]
[-0.07684721052646637, -0.25071752071380615, 0.36845627427101135, 3.141073226928711, 0.014955539256334305, -0.6935563683509827] [0.06907196342945099, -0.7102839946746826, 1.363684058189392, 0.03839196264743805, 1.8637681007385254, 0.0804000049829483, -1.21642005443573, -1.2011640071868896]
[-0.07661474496126175, -0.25055497884750366, 0.3652709722518921, 3.128499984741211, 0.030276605859398842, -0.6924777030944824] [0.09361596405506134, -0.7102839946746826, 1.3652180433273315, 0.03839196264743805, 1.8637681007385254, 0.0804000049829483, -1.2179540395736694, -1.202697992324829]
[-0.07650653272867203, -0.2506013810634613, 0.36106863617897034, 3.1115312576293945, 0.05063515901565552, -0.6931279897689819] [0.12122795730829239, -0.7102839946746826, 1.3652180433273315, 0.03839196264743805, 1.8637681007385254, 0.0804000049829483, -1.2179540395736694, -1.2042319774627686]
[-0.0767788514494896, -0.250818133354187, 0.3569332957267761, 3.0939910411834717, 0.0707675963640213, -0.6958768367767334] [0.14577196538448334, -0.7102839946746826, 1.363684058189392, 0.03839196264743805, 1.8637681007385254, 0.0804000049829483, -1.2225561141967773, -1.210368037223816]
[-0.07656090706586838, -0.2507409155368805, 0.35273680090904236, 3.076313018798828, 0.09116139262914658, -0.697334349155426] [0.16878196597099304, -0.7087500095367432, 1.3652180433273315, 0.03839196264743805, 1.8637681007385254, 0.0804000049829483, -1.231760025024414, -1.222640037536621]
[-0.07528813928365707, -0.2505967319011688, 0.3468710780143738, 3.0543718338012695, 0.11966180801391602, -0.6982827186584473] [0.1933259665966034, -0.7087500095367432, 1.3652180433273315, 0.03839196264743805, 1.8637681007385254, 0.0804000049829483, -1.2455661296844482, -1.2364460229873657]
[-0.07373765856027603, -0.25060468912124634, 0.3439914882183075, 3.043046712875366, 0.13322985172271729, -0.6996820569038391] [0.20406396687030792, -0.7087500095367432, 1.366752028465271, 0.03839196264743805, 1.8637681007385254, 0.0804000049829483, -1.2563040256500244, -1.245650053024292]
[-0.07219052314758301, -0.2507678270339966, 0.3403884470462799, 3.02962327003479, 0.14995302259922028, -0.7015699744224548] [0.21480196714401245, -0.7087500095367432, 1.366752028465271, 0.03839196264743805, 1.8637681007385254, 0.0804000049829483, -1.2701101303100586, -1.2625240087509155]
[-0.07025767117738724, -0.250924289226532, 0.3368654251098633, 3.01642107963562, 0.16625870764255524, -0.7037845849990845] [0.22093796730041504, -0.7087500095367432, 1.366752028465271, 0.03839196264743805, 1.8637681007385254, 0.0804000049829483, -1.274712085723877, -1.2655919790267944]
[-0.06896506994962692, -0.2510731816291809, 0.33512553572654724, 3.012087345123291, 0.17397001385688782, -0.7047480940818787] [0.22247196733951569, -0.7087500095367432, 1.366752028465271, 0.03839196264743805, 1.862234115600586, 0.0804000049829483, -1.2762460708618164, -1.2655919790267944]
[-0.06844022125005722, -0.2511293292045593, 0.3336784243583679, 3.0066235065460205, 0.18065722286701202, -0.705670952796936] [0.23167596757411957, -0.7072159647941589, 1.366752028465271, 0.03839196264743805, 1.8637681007385254, 0.0804000049829483, -1.2762460708618164, -1.2671259641647339]
[-0.06859844923019409, -0.25107625126838684, 0.3311011791229248, 2.9950454235076904, 0.1934083253145218, -0.7077571749687195] [0.24087996780872345, -0.7087500095367432, 1.3652180433273315, 0.03839196264743805, 1.8637681007385254, 0.0804000049829483, -1.2762460708618164, -1.2671259641647339]
[-0.06832782179117203, -0.25088146328926086, 0.33036062121391296, 2.9929325580596924, 0.19685016572475433, -0.7067067623138428] [0.24701596796512604, -0.70414799451828, 1.3652180433273315, 0.03839196264743805, 1.8637681007385254, 0.0804000049829483, -1.2762460708618164, -1.2671259641647339]
[-0.06810276955366135, -0.2503943145275116, 0.3289429247379303, 2.9866230487823486, 0.20366311073303223, -0.7048899531364441] [0.25315195322036743, -0.70414799451828, 1.3652180433273315, 0.03839196264743805, 1.8637681007385254, 0.0804000049829483, -1.2762460708618164, -1.2655919790267944]
[-0.06830133497714996, -0.2504010796546936, 0.3279612362384796, 2.9823617935180664, 0.2084602266550064, -0.7058418393135071] [0.2623559832572937, -0.70414799451828, 1.3652180433273315, 0.03839196264743805, 1.8637681007385254, 0.0804000049829483, -1.2762460708618164, -1.2655919790267944]
[-0.06868129968643188, -0.2504006326198578, 0.32590436935424805, 2.9732377529144287, 0.2177727371454239, -0.7071081399917603] [0.2715599536895752, -0.70414799451828, 1.3652180433273315, 0.03839196264743805, 1.8637681007385254, 0.0804000049829483, -1.2762460708618164, -1.2655919790267944]
[-0.06700213253498077, -0.24823544919490814, 0.3241368234157562, 2.972791910171509, 0.22662250697612762, -0.694618284702301] [0.28076398372650146, -0.6842060089111328, 1.3652180433273315, 0.03839196264743805, 1.8637681007385254, 0.0804000049829483, -1.2762460708618164, -1.2671259641647339]
[-0.06555306166410446, -0.24587824940681458, 0.32154345512390137, 2.9673800468444824, 0.23856696486473083, -0.6821882128715515] [0.29303598403930664, -0.676535964012146, 1.3652180433273315, 0.03839196264743805, 1.8637681007385254, 0.0804000049829483, -1.2777800559997559, -1.2671259641647339]
[-0.06568289548158646, -0.2460063099861145, 0.3207228183746338, 2.9649555683135986, 0.24299056828022003, -0.6835142970085144] [0.29303598403930664, -0.676535964012146, 1.363684058189392, 0.03839196264743805, 1.8637681007385254, 0.0804000049829483, -1.2777800559997559, -1.2671259641647339]
[-0.06581258028745651, -0.24600253999233246, 0.320466548204422, 2.9642326831817627, 0.2439306676387787, -0.6835724115371704] [0.2976379692554474, -0.676535964012146, 1.3652180433273315, 0.03839196264743805, 1.8637681007385254, 0.0804000049829483, -1.2777800559997559, -1.2671259641647339]
[-0.06632538139820099, -0.24600715935230255, 0.3179781436920166, 2.953728437423706, 0.2562777101993561, -0.6860947608947754] [0.31604596972465515, -0.676535964012146, 1.3652180433273315, 0.03839196264743805, 1.8637681007385254, 0.0804000049829483, -1.2777800559997559, -1.2686599493026733]
[-0.06770723313093185, -0.2460380345582962, 0.31315627694129944, 2.9330172538757324, 0.28015080094337463, -0.6916743516921997] [0.3436579704284668, -0.676535964012146, 1.3652180433273315, 0.03839196264743805, 1.8637681007385254, 0.0804000049829483, -1.2777800559997559, -1.2686599493026733]
[-0.06789311021566391, -0.24602285027503967, 0.31244608759880066, 2.9299376010894775, 0.2836868166923523, -0.6924117207527161] [0.34825998544692993, -0.676535964012146, 1.3652180433273315, 0.03839196264743805, 1.8637681007385254, 0.0804000049829483, -1.2777800559997559, -1.2686599493026733]
[-0.06813251972198486, -0.24604426324367523, 0.3117116093635559, 2.9267210960388184, 0.28733599185943604, -0.6934358477592468] [0.3528619706630707, -0.676535964012146, 1.3652180433273315, 0.03839196264743805, 1.8637681007385254, 0.0804000049829483, -1.2777800559997559, -1.2671259641647339]
[-0.06836681067943573, -0.24601151049137115, 0.31103870272636414, 2.923440933227539, 0.2908080220222473, -0.6944140195846558] [0.355929970741272, -0.676535964012146, 1.3652180433273315, 0.03839196264743805, 1.8637681007385254, 0.0804000049829483, -1.2777800559997559, -1.2671259641647339]
[-0.06834625452756882, -0.24601219594478607, 0.31103408336639404, 2.923591375350952, 0.2907695472240448, -0.6942457556724548] [0.3574639558792114, -0.676535964012146, 1.3652180433273315, 0.03839196264743805, 1.862234115600586, 0.0804000049829483, -1.2777800559997559, -1.2671259641647339]
[-0.06847298890352249, -0.24607574939727783, 0.3110067546367645, 2.923671007156372, 0.2907022535800934, -0.6945497393608093] [0.3574639558792114, -0.676535964012146, 1.3652180433273315, 0.03839196264743805, 1.8637681007385254, 0.0804000049829483, -1.2777800559997559, -1.2671259641647339]
[-0.06856841593980789, -0.24608857929706573, 0.31076255440711975, 2.922640323638916, 0.29188376665115356, -0.694898784160614] [0.355929970741272, -0.676535964012146, 1.3652180433273315, 0.03839196264743805, 1.862234115600586, 0.0804000049829483, -1.2777800559997559, -1.2671259641647339]
[-0.06860575824975967, -0.24609440565109253, 0.31104210019111633, 2.924039363861084, 0.29026421904563904, -0.6945509910583496] [0.3574639558792114, -0.676535964012146, 1.3652180433273315, 0.03839196264743805, 1.8637681007385254, 0.0804000049829483, -1.2777800559997559, -1.2671259641647339]
[-0.06860220432281494, -0.24612978100776672, 0.31072112917900085, 2.9224483966827393, 0.29209232330322266, -0.6951982378959656] [0.3574639558792114, -0.676535964012146, 1.3652180433273315, 0.03839196264743805, 1.8637681007385254, 0.0804000049829483, -1.2777800559997559, -1.2671259641647339]
[-0.06863964349031448, -0.24615983664989471, 0.31069624423980713, 2.9223358631134033, 0.2921994924545288, -0.6954204440116882] [0.355929970741272, -0.676535964012146, 1.3652180433273315, 0.03839196264743805, 1.8637681007385254, 0.0804000049829483, -1.2793140411376953, -1.2671259641647339]
[-0.06844939291477203, -0.24607053399085999, 0.31095919013023376, 2.9229507446289062, 0.29117777943611145, -0.6950758099555969] [0.355929970741272, -0.676535964012146, 1.3652180433273315, 0.03839196264743805, 1.8637681007385254, 0.0804000049829483, -1.2777800559997559, -1.2671259641647339]
[-0.06866134703159332, -0.2460920214653015, 0.3107769191265106, 2.9220571517944336, 0.29202762246131897, -0.6955887079238892] [0.355929970741272, -0.676535964012146, 1.3652180433273315, 0.03839196264743805, 1.8637681007385254, 0.9968000054359436, -1.2777800559997559, -1.2671259641647339]
[-0.0685100331902504, -0.24608895182609558, 0.31099751591682434, 2.923398733139038, 0.29083240032196045, -0.6948774456977844] [0.355929970741272, -0.676535964012146, 1.3652180433273315, 0.03839196264743805, 1.8637681007385254, 0.9968000054359436, -1.2777800559997559, -1.2671259641647339]
