[0.1350339651107788, -0.1580439656972885, 0.8988820314407349, 0.7409639954566956, 1.748718023300171, 0.20200000703334808, 0.04452796280384064] [0.19175884127616882, -0.09026467800140381, 0.1429932713508606, 2.5487303733825684, -0.4295634925365448, 0.3349045217037201] [0.990032970905304, -0.3634016513824463, -0.5467314720153809]
[0.1350339651107788, -0.1580439656972885, 0.8988820314407349, 0.742497980594635, 1.748718023300171, 0.20200000703334808, 0.04452796280384064] [0.19175785779953003, -0.09024845063686371, 0.14298367500305176, 2.547196388244629, -0.4295634925365448, 0.3349045217037201] [0.990032970905304, -0.3634016513824463, -0.5467314720153809]
[0.1350339651107788, -0.1580439656972885, 0.8988820314407349, 0.742497980594635, 1.748718023300171, 0.20200000703334808, 0.04452796280384064] [0.19175884127616882, -0.09026467800140381, 0.1429932713508606, 2.5487303733825684, -0.4295634925365448, 0.3349045217037201] [0.990032970905304, -0.3634016513824463, -0.5467314720153809]
[0.1350339651107788, -0.1580439656972885, 0.8988820314407349, 0.7409639954566956, 1.748718023300171, 0.20200000703334808, 0.04452796280384064] [0.19165362417697906, -0.09017264097929001, 0.14309921860694885, 2.5482401847839355, -0.4306636154651642, 0.3360806405544281] [0.990032970905304, -0.3634016513824463, -0.5467314720153809]
[0.1350339651107788, -0.1580439656972885, 0.8988820314407349, 0.742497980594635, 1.748718023300171, 0.20200000703334808, 0.04452796280384064] [0.19165362417697906, -0.09017264097929001, 0.14309921860694885, 2.5482401847839355, -0.4306636154651642, 0.3360806405544281] [0.990032970905304, -0.3634016513824463, -0.5467314720153809]
[0.1350339651107788, -0.1580439656972885, 0.8988820314407349, 0.742497980594635, 1.748718023300171, 0.20200000703334808, 0.04452796280384064] [0.19175884127616882, -0.09026467800140381, 0.1429932713508606, 2.5487303733825684, -0.4295634925365448, 0.3349045217037201] [0.990032970905304, -0.3634016513824463, -0.5467314720153809]
[0.1350339651107788, -0.1580439656972885, 0.8988820314407349, 0.742497980594635, 1.748718023300171, 0.20200000703334808, 0.04452796280384064] [0.19175884127616882, -0.09026467800140381, 0.1429932713508606, 2.5487303733825684, -0.4295634925365448, 0.3349045217037201] [0.990032970905304, -0.3634016513824463, -0.5467314720153809]
[0.1350339651107788, -0.1580439656972885, 0.8973480463027954, 0.742497980594635, 1.748718023300171, 0.20200000703334808, 0.04452796280384064] [0.19165362417697906, -0.09017264097929001, 0.14309921860694885, 2.5482401847839355, -0.4306636154651642, 0.3360806405544281] [0.990032970905304, -0.3634016513824463, -0.5467314720153809]
[0.1350339651107788, -0.1580439656972885, 0.8988820314407349, 0.7409639954566956, 1.748718023300171, 0.20200000703334808, 0.04299396276473999] [0.19169265031814575, -0.09026467800140381, 0.14328737556934357, 2.548175573348999, -0.43101221323013306, 0.3351360261440277] [0.990032970905304, -0.3634016513824463, -0.5467314720153809]
[0.1350339651107788, -0.1580439656972885, 0.8988820314407349, 0.7409639954566956, 1.748718023300171, 0.20200000703334808, 0.04299396276473999] [0.19165362417697906, -0.09017264097929001, 0.14309921860694885, 2.5482401847839355, -0.4306636154651642, 0.3360806405544281] [0.990032970905304, -0.3634016513824463, -0.5467314720153809]
[0.1350339651107788, -0.1580439656972885, 0.8988820314407349, 0.7409639954566956, 1.748718023300171, 0.20200000703334808, 0.04299396276473999] [0.19169265031814575, -0.09026467800140381, 0.14328737556934357, 2.548175573348999, -0.43101221323013306, 0.3351360261440277] [0.990032970905304, -0.3634016513824463, -0.5467314720153809]
[0.1350339651107788, -0.15650996565818787, 0.8988820314407349, 0.7409639954566956, 1.748718023300171, 0.20239999890327454, 0.04299396276473999] [0.19165362417697906, -0.09017264097929001, 0.14309921860694885, 2.5482401847839355, -0.4306636154651642, 0.3360806405544281] [0.990032970905304, -0.3634016513824463, -0.5467314720153809]
[0.1350339651107788, -0.1580439656972885, 0.8988820314407349, 0.742497980594635, 1.748718023300171, 0.20200000703334808, 0.04299396276473999] [0.19175884127616882, -0.09026467800140381, 0.1429932713508606, 2.5487303733825684, -0.4295634925365448, 0.3349045217037201] [0.990032970905304, -0.3634016513824463, -0.5467314720153809]
[0.1350339651107788, -0.1580439656972885, 0.8988820314407349, 0.7409639954566956, 1.748718023300171, 0.20200000703334808, 0.04299396276473999] [0.19175884127616882, -0.09026467800140381, 0.1429932713508606, 2.5487303733825684, -0.4295634925365448, 0.3349045217037201] [0.990032970905304, -0.3634016513824463, -0.5467314720153809]
[0.1350339651107788, -0.15650996565818787, 0.8988820314407349, 0.7409639954566956, 1.748718023300171, 0.20200000703334808, 0.04299396276473999] [0.19164150953292847, -0.08989023417234421, 0.14310085773468018, 2.548454523086548, -0.430731862783432, 0.3375110924243927] [0.990032970905304, -0.3634016513824463, -0.5467314720153809]
[0.1350339651107788, -0.15497596561908722, 0.8988820314407349, 0.7409639954566956, 1.7471840381622314, 0.20200000703334808, 0.04299396276473999] [0.19172056019306183, -0.08940073102712631, 0.14298874139785767, 2.547839641571045, -0.4297683835029602, 0.3391967713832855] [0.990032970905304, -0.3634016513824463, -0.5467314720153809]
[0.13349996507167816, -0.15344196557998657, 0.8850760459899902, 0.7409639954566956, 1.7441160678863525, 0.20200000703334808, 0.04452796280384064] [0.19156213104724884, -0.08854277431964874, 0.14320077002048492, 2.531313896179199, -0.42829546332359314, 0.3464001715183258] [0.990032970905304, -0.3634016513824463, -0.5467314720153809]
[0.12122795730829239, -0.1641799658536911, 0.895814061164856, 0.7409639954566956, 1.742582082748413, 0.20200000703334808, 0.04299396276473999] [0.19085119664669037, -0.0915258452296257, 0.14698536694049835, 2.5338926315307617, -0.4488207995891571, 0.3318336308002472] [0.990032970905304, -0.3634016513824463, -0.5467314720153809]
[0.10742195695638657, -0.13963596522808075, 0.8896780610084534, 0.7409639954566956, 1.742582082748413, 0.20200000703334808, 0.04452796280384064] [0.18999935686588287, -0.08540832996368408, 0.14882779121398926, 2.516838788986206, -0.4554443657398224, 0.36835402250289917] [0.990032970905304, -0.3634016513824463, -0.5467314720153809]
[0.06753796339035034, -0.13963596522808075, 0.8758720755577087, 0.742497980594635, 1.7441160678863525, 0.20200000703334808, 0.04299396276473999] [0.18669502437114716, -0.08477569371461868, 0.15941546857357025, 2.4792981147766113, -0.5064138770103455, 0.3862190544605255] [0.990032970905304, -0.3634016513824463, -0.5467314720153809]
[-0.029104039072990417, -0.1381019651889801, 0.8359880447387695, 0.7455660104751587, 1.742582082748413, 0.20200000703334808, 0.04299396276473999] [0.1782834827899933, -0.08140880614519119, 0.1799239069223404, 2.37829327583313, -0.5994285345077515, 0.4425881505012512] [0.990032970905304, -0.3634016513824463, -0.5467314720153809]
[-0.18097004294395447, -0.12276195734739304, 0.7623560428619385, 0.7455660104751587, 1.7410480976104736, 0.20200000703334808, 0.04299396276473999] [0.16384108364582062, -0.06846190989017487, 0.20223276317119598, 2.1102843284606934, -0.6656435132026672, 0.5945643782615662] [0.990032970905304, -0.3634016513824463, -0.5467314720153809]
[-0.3512440323829651, -0.0920819640159607, 0.4754980504512787, 0.7455660104751587, 1.742582082748413, 0.20200000703334808, 0.04299396276473999] [0.1518031358718872, -0.04440924525260925, 0.20898041129112244, 1.7344175577163696, -0.596310019493103, 0.783543050289154] [0.990032970905304, -0.3634016513824463, -0.5467314720153809]
[-0.47089606523513794, 0.010696038603782654, 0.3328360319137573, 0.7455660104751587, 1.7410480976104736, 0.20200000703334808, 0.04299396276473999] [0.14294274151325226, -0.023054473102092743, 0.20804940164089203, 1.6054197549819946, -0.5459641218185425, 0.9173305630683899] [0.990032970905304, -0.3634016513824463, -0.5467314720153809]
[-0.47856605052948, 0.09966804087162018, 0.3328360319137573, 0.7455660104751587, 1.742582082748413, 0.20200000703334808, 0.04299396276473999] [0.13785716891288757, -0.010794777423143387, 0.2054300308227539, 1.5851441621780396, -0.519456148147583, 0.9910503625869751] [0.990032970905304, -0.3634016513824463, -0.5467314720153809]
[-0.4754980504512787, 0.14415404200553894, 0.32363206148147583, 0.7440319657325745, 1.742582082748413, 0.20200000703334808, 0.04145996272563934] [0.13673417270183563, -0.006400388199836016, 0.2032451331615448, 1.5747549533843994, -0.5013771653175354, 1.0117239952087402] [0.990032970905304, -0.3634016513824463, -0.5467314720153809]
[-0.4662940502166748, 0.15182404220104218, 0.322098046541214, 0.742497980594635, 1.745650053024292, 0.20200000703334808, 0.04145996272563934] [0.13850392401218414, -0.005898329429328442, 0.20040735602378845, 1.5961692333221436, -0.48958373069763184, 1.0057424306869507] [0.990032970905304, -0.3634016513824463, -0.5467314720153809]
[-0.4371480345726013, 0.15796004235744476, 0.322098046541214, 0.7440319657325745, 1.7609901428222656, 0.20200000703334808, 0.04145996272563934] [0.14114344120025635, -0.0044288476929068565, 0.19527865946292877, 1.6426461935043335, -0.4673102796077728, 0.9997419714927673] [0.990032970905304, -0.3634016513824463, -0.5467314720153809]
[-0.3911280632019043, 0.16102804243564606, 0.32056403160095215, 0.7440319657325745, 1.7609901428222656, 0.20200000703334808, 0.04145996272563934] [0.14573374390602112, -0.00405961973592639, 0.18767544627189636, 1.6825761795043945, -0.4369722902774811, 0.9805320501327515] [0.990032970905304, -0.3634016513824463, -0.5467314720153809]
[-0.34664204716682434, 0.16102804243564606, 0.3190300464630127, 0.7455660104751587, 1.7563880681991577, 0.20200000703334808, 0.04145996272563934] [0.14833058416843414, -0.003972368780523539, 0.1829214096069336, 1.7111890316009521, -0.41881003975868225, 0.9700513482093811] [0.990032970905304, -0.3634016513824463, -0.5467314720153809]
[-0.33437004685401917, 0.1625620424747467, 0.31749606132507324, 0.7547699809074402, 1.6980960369110107, 0.2547999918460846, 0.04145996272563934] [0.14819204807281494, -0.003091070568189025, 0.18083788454532623, 1.6469978094100952, -0.4130447506904602, 0.9772511124610901] [0.990032970905304, -0.3634016513824463, -0.5467314720153809]
[-0.30522406101226807, 0.1686980426311493, 0.3128940463066101, 0.7547699809074402, 1.6842900514602661, 0.20479999482631683, 0.04145996272563934] [0.15153826773166656, -0.001873378991149366, 0.17274509370326996, 1.6792570352554321, -0.37963905930519104, 0.9664595127105713] [0.990032970905304, -0.3634016513824463, -0.5467314720153809]
[-0.24539804458618164, 0.16716404259204865, 0.3021560311317444, 0.7547699809074402, 1.6704840660095215, 0.20479999482631683, 0.04145996272563934] [0.15509045124053955, -0.0011836530175060034, 0.1634427160024643, 1.7037767171859741, -0.3411756157875061, 0.9532014727592468] [0.990032970905304, -0.3634016513824463, -0.5467314720153809]
[-0.21625204384326935, 0.1686980426311493, 0.2960200309753418, 0.7547699809074402, 1.668950080871582, 0.20479999482631683, 0.04145996272563934] [0.1563333421945572, -0.0013487606775015593, 0.16078877449035645, 1.7088173627853394, -0.3291524052619934, 0.9462688565254211] [0.990032970905304, -0.3634016513824463, -0.5467314720153809]
[-0.20704804360866547, 0.16409604251384735, 0.2791460454463959, 0.7547699809074402, 1.6658821105957031, 0.20479999482631683, 0.04145996272563934] [0.1573139876127243, -0.0012383778812363744, 0.15785546600818634, 1.6948390007019043, -0.3092675805091858, 0.9421244263648987] [0.990032970905304, -0.3634016513824463, -0.5467314720153809]
[-0.20704804360866547, 0.16409604251384735, 0.2576700448989868, 0.7578380107879639, 1.6658821105957031, 0.20440000295639038, 0.04145996272563934] [0.15697263181209564, -0.00042935062083415687, 0.15619516372680664, 1.6783515214920044, -0.29569047689437866, 0.9488478899002075] [0.990032970905304, -0.3634016513824463, -0.5467314720153809]
[-0.20704804360866547, 0.16409604251384735, 0.24233004450798035, 0.773177981376648, 1.6658821105957031, 0.20440000295639038, 0.04145996272563934] [0.15561211109161377, 0.0006963363848626614, 0.1551211029291153, 1.6649119853973389, -0.2872481346130371, 0.9649140238761902] [0.990032970905304, -0.3634016513824463, -0.5467314720153809]
[-0.20704804360866547, 0.16409604251384735, 0.23159204423427582, 0.8115279674530029, 1.6658821105957031, 0.20440000295639038, 0.04145996272563934] [0.15169014036655426, 0.0029857512563467026, 0.15428301692008972, 1.647904872894287, -0.281387597322464, 1.0064101219177246] [0.990032970905304, -0.3634016513824463, -0.5467314720153809]
[-0.20704804360866547, 0.1625620424747467, 0.21318404376506805, 0.8590819835662842, 1.6674160957336426, 0.20440000295639038, 0.04145996272563934] [0.146987184882164, 0.005777693819254637, 0.15210479497909546, 1.624880075454712, -0.26540064811706543, 1.0565662384033203] [0.990032970905304, -0.3634016513824463, -0.5467314720153809]
[-0.20551404356956482, 0.15796004235744476, 0.19631004333496094, 0.9173740148544312, 1.6674160957336426, 0.20479999482631683, 0.04145996272563934] [0.1417647749185562, 0.007058062590658665, 0.1498521864414215, 1.5935297012329102, -0.24680234491825104, 1.1100448369979858] [0.990032970905304, -0.3634016513824463, -0.5467314720153809]
[-0.20704804360866547, 0.13188204169273376, 0.1594940423965454, 0.9925400018692017, 1.6658821105957031, 0.20440000295639038, 0.04299396276473999] [0.1379554718732834, 0.006295797415077686, 0.145665243268013, 1.556195616722107, -0.21305422484874725, 1.1499842405319214] [0.990032970905304, -0.3634016513824463, -0.5467314720153809]
[-0.20704804360866547, 0.10733804106712341, 0.12267804145812988, 1.0385600328445435, 1.6658821105957031, 0.20440000295639038, 0.04452796280384064] [0.13647980988025665, 0.004995653871446848, 0.14226007461547852, 1.5337094068527222, -0.18509557843208313, 1.1656373739242554] [0.990032970905304, -0.3634016513824463, -0.5467314720153809]
[-0.20551404356956482, 0.08586204051971436, 0.09813404083251953, 1.0723079442977905, 1.6658821105957031, 0.20440000295639038, 0.04299396276473999] [0.13529230654239655, 0.0038583192508667707, 0.13927650451660156, 1.5214236974716187, -0.16282831132411957, 1.177988886833191] [0.990032970905304, -0.3634016513824463, -0.5467314720153809]
[-0.191708043217659, 0.06898804008960724, 0.06898804008960724, 1.1121920347213745, 1.6658821105957031, 0.20440000295639038, 0.04299396276473999] [0.13369576632976532, 0.0036837588995695114, 0.13306112587451935, 1.5247924327850342, -0.12721864879131317, 1.1977349519729614] [0.990032970905304, -0.3634016513824463, -0.5467314720153809]
[-0.17023204267024994, 0.06745404005050659, 0.061318039894104004, 1.1152600049972534, 1.6643481254577637, 0.20479999482631683, 0.04299396276473999] [0.13474448025226593, 0.0035149306058883667, 0.1290440559387207, 1.5427637100219727, -0.11379533261060715, 1.1927344799041748] [0.990032970905304, -0.3634016513824463, -0.5467314720153809]
[-0.13495004177093506, 0.0643860399723053, 0.05978403985500336, 1.1152600049972534, 1.653610110282898, 0.20479999482631683, 0.04299396276473999] [0.13568970561027527, 0.0031010976526886225, 0.12588362395763397, 1.5567506551742554, -0.10565513372421265, 1.1873269081115723] [0.990032970905304, -0.3634016513824463, -0.5467314720153809]
[-0.13188204169273376, 0.061318039894104004, 0.05978403985500336, 1.1106579303741455, 1.6505420207977295, 0.20479999482631683, 0.04299396276473999] [0.1364462971687317, 0.002754657529294491, 0.12534144520759583, 1.5564333200454712, -0.10375375300645828, 1.1807612180709839] [0.990032970905304, -0.3634016513824463, -0.5467314720153809]
[-0.11961004137992859, 0.06285203993320465, 0.061318039894104004, 1.090716004371643, 1.6505420207977295, 0.20479999482631683, 0.04299396276473999] [0.13904039561748505, 0.002198421861976385, 0.12341546267271042, 1.576712727546692, -0.103022500872612, 1.1593202352523804] [0.990032970905304, -0.3634016513824463, -0.5467314720153809]
[-0.10580404102802277, 0.06285203993320465, 0.06898804008960724, 1.0830459594726562, 1.6459400653839111, 0.20479999482631683, 0.04299396276473999] [0.13977929949760437, 0.001957249129191041, 0.12315210700035095, 1.5829946994781494, -0.1042914092540741, 1.1529114246368408] [0.990032970905304, -0.3634016513824463, -0.5467314720153809]
[-0.10580404102802277, 0.0643860399723053, 0.07205604016780853, 1.0600359439849854, 1.6428720951080322, 0.20479999482631683, 0.04299396276473999] [0.1420810967683792, 0.0013107397826388478, 0.12359392642974854, 1.582226037979126, -0.10827116668224335, 1.131518006324768] [0.990032970905304, -0.3634016513824463, -0.5467314720153809]
[-0.10580404102802277, 0.06592004001140594, 0.08432804048061371, 1.032423973083496, 1.6275321245193481, 0.20880000293254852, 0.04299396276473999] [0.1447526514530182, 0.0003450982039794326, 0.12503397464752197, 1.5768362283706665, -0.12159412354230881, 1.1059694290161133] [0.990032970905304, -0.3634016513824463, -0.5467314720153809]
[-0.10580404102802277, 0.06592004001140594, 0.10427004098892212, 0.9986760020256042, 1.6029881238937378, 0.20880000293254852, 0.04299396276473999] [0.14863066375255585, -0.0011648068903014064, 0.1272730678319931, 1.5666687488555908, -0.14253874123096466, 1.0681238174438477] [0.990032970905304, -0.3634016513824463, -0.5467314720153809]
[-0.10733804106712341, 0.08126004040241241, 0.11961004137992859, 0.9618600010871887, 1.5677061080932617, 0.20800000429153442, 0.04299396276473999] [0.1502332091331482, -3.22200903610792e-05, 0.12857958674430847, 1.542694091796875, -0.15519681572914124, 1.0530141592025757] [0.990032970905304, -0.3634016513824463, -0.5467314720153809]
[-0.10733804106712341, 0.09199804067611694, 0.14108604192733765, 0.9296460151672363, 1.5446960926055908, 0.20800000429153442, 0.04299396276473999] [0.1525135189294815, -0.0008374166209250689, 0.13021141290664673, 1.5393356084823608, -0.17007210850715637, 1.0298712253570557] [0.990032970905304, -0.3634016513824463, -0.5467314720153809]
[-0.10733804106712341, 0.09353204071521759, 0.1594940423965454, 0.8989659547805786, 1.5232200622558594, 0.20759999752044678, 0.04145996272563934] [0.15537399053573608, -0.002377155004069209, 0.13194940984249115, 1.5385336875915527, -0.1856725513935089, 1.0002110004425049] [0.990032970905304, -0.3634016513824463, -0.5467314720153809]
[-0.10733804106712341, 0.09506604075431824, 0.18710604310035706, 0.8682860136032104, 1.478734016418457, 0.20919999480247498, 0.04145996272563934] [0.15886224806308746, -0.004710427485406399, 0.13551034033298492, 1.5072180032730103, -0.2151806354522705, 0.9614596366882324] [0.990032970905304, -0.3634016513824463, -0.5467314720153809]
[-0.1165420413017273, 0.09660004079341888, 0.2147180438041687, 0.8314700126647949, 1.4388500452041626, 0.20880000293254852, 0.04145996272563934] [0.16172131896018982, -0.006301936227828264, 0.1376347541809082, 1.4905903339385986, -0.23317280411720276, 0.9296417832374573] [0.990032970905304, -0.3634016513824463, -0.5467314720153809]
[-0.1165420413017273, 0.11040604114532471, 0.23926204442977905, 0.8007899522781372, 1.4005000591278076, 0.20880000293254852, 0.04145996272563934] [0.16324186325073242, -0.005774275865405798, 0.13906170427799225, 1.4807580709457397, -0.24705937504768372, 0.9123353958129883] [0.990032970905304, -0.3634016513824463, -0.5467314720153809]
[-0.1165420413017273, 0.12421204149723053, 0.2668740451335907, 0.7670419812202454, 1.3728880882263184, 0.20880000293254852, 0.04145996272563934] [0.16483420133590698, -0.006111928261816502, 0.1407638043165207, 1.4781296253204346, -0.26274824142456055, 0.8928991556167603] [0.990032970905304, -0.3634016513824463, -0.5467314720153809]
[-0.1165420413017273, 0.13034804165363312, 0.29141804575920105, 0.7363619804382324, 1.3498780727386475, 0.20880000293254852, 0.04145996272563934] [0.16701562702655792, -0.007248138077557087, 0.14192499220371246, 1.4788001775741577, -0.2732301950454712, 0.8672944903373718] [0.990032970905304, -0.3634016513824463, -0.5467314720153809]
[-0.11500804126262665, 0.139552041888237, 0.31442803144454956, 0.7072159647941589, 1.3268680572509766, 0.20880000293254852, 0.04145996272563934] [0.1698852926492691, -0.00877813994884491, 0.14343158900737762, 1.4842865467071533, -0.2863849699497223, 0.8324942588806152] [0.990032970905304, -0.3634016513824463, -0.5467314720153809]
[-0.1165420413017273, 0.1426200419664383, 0.3451080322265625, 0.6750019788742065, 1.2823820114135742, 0.20960000157356262, 0.04145996272563934] [0.17214427888393402, -0.010962484404444695, 0.14481540024280548, 1.4753116369247437, -0.3000255525112152, 0.8038043975830078] [0.990032970905304, -0.3634016513824463, -0.5467314720153809]
[-0.1165420413017273, 0.1426200419664383, 0.3711860477924347, 0.6489239931106567, 1.254770040512085, 0.20640000700950623, 0.04145996272563934] [0.17424163222312927, -0.012941485270857811, 0.14566145837306976, 1.4726033210754395, -0.30808985233306885, 0.777346670627594] [0.990032970905304, -0.3634016513824463, -0.5467314720153809]
[-0.1165420413017273, 0.1426200419664383, 0.3972640633583069, 0.6320499777793884, 1.2240900993347168, 0.20640000700950623, 0.04145996272563934] [0.17629516124725342, -0.015152578242123127, 0.14689497649669647, 1.4724229574203491, -0.319475919008255, 0.7495438456535339] [0.990032970905304, -0.3634016513824463, -0.5467314720153809]
[-0.11807604134082794, 0.1426200419664383, 0.4202740490436554, 0.6090399622917175, 1.2056820392608643, 0.20640000700950623, 0.04145996272563934] [0.1779639571905136, -0.016915392130613327, 0.14772094786167145, 1.4801244735717773, -0.32478782534599304, 0.7269159555435181] [0.990032970905304, -0.3634016513824463, -0.5467314720153809]
[-0.12114404141902924, 0.1364840418100357, 0.4294780492782593, 0.599835991859436, 1.2041480541229248, 0.20600000023841858, 0.04145996272563934] [0.17909325659275055, -0.019636021926999092, 0.1489473581314087, 1.4834500551223755, -0.33130770921707153, 0.7097063064575195] [0.990032970905304, -0.3634016513824463, -0.5467314720153809]
[-0.12574604153633118, 0.10580404102802277, 0.43101203441619873, 0.599835991859436, 1.2041480541229248, 0.20559999346733093, 0.04145996272563934] [0.181841179728508, -0.027351904660463333, 0.15054704248905182, 1.4849151372909546, -0.34017741680145264, 0.6683235168457031] [0.990032970905304, -0.3634016513824463, -0.5467314720153809]
[-0.12881404161453247, 0.07205604016780853, 0.43254604935646057, 0.599835991859436, 1.2026140689849854, 0.20559999346733093, 0.04145996272563934] [0.18396860361099243, -0.033619385212659836, 0.1509670615196228, 1.4878672361373901, -0.3440673053264618, 0.6349341869354248] [0.990032970905304, -0.3634016513824463, -0.5467314720153809]
[-0.12881404161453247, 0.035240039229393005, 0.4340800642967224, 0.6136419773101807, 1.201080083847046, 0.20479999482631683, 0.04145996272563934] [0.18455907702445984, -0.03848430886864662, 0.1517699509859085, 1.486903190612793, -0.35207849740982056, 0.6187360286712646] [0.990032970905304, -0.3634016513824463, -0.5467314720153809]
[-0.12728004157543182, 0.013764038681983948, 0.43254604935646057, 0.6243799924850464, 1.2056820392608643, 0.20319999754428864, 0.04299396276473999] [0.18485131859779358, -0.040658071637153625, 0.1515188366174698, 1.4920340776443481, -0.3524152934551239, 0.6119654774665833] [0.990032970905304, -0.3634016513824463, -0.5467314720153809]
[-0.12267804145812988, 0.004560038447380066, 0.43101203441619873, 0.6412539482116699, 1.2194880247116089, 0.20319999754428864, 0.04299396276473999] [0.1839808225631714, -0.04012703895568848, 0.15093010663986206, 1.4961737394332886, -0.35102954506874084, 0.6243292689323425] [0.990032970905304, -0.3634016513824463, -0.5467314720153809]
[-0.1165420413017273, 0.004560038447380066, 0.4202740490436554, 0.6734679937362671, 1.254770040512085, 0.20360000431537628, 0.04299396276473999] [0.1808471828699112, -0.03639357537031174, 0.14919902384281158, 1.531351089477539, -0.3459993600845337, 0.6695037484169006] [0.990032970905304, -0.3634016513824463, -0.5467314720153809]
[-0.087396040558815, 0.00762803852558136, 0.41874003410339355, 0.7302259802818298, 1.3207321166992188, 0.20520000159740448, 0.04452796280384064] [0.17754654586315155, -0.03156329691410065, 0.1453554481267929, 1.5959198474884033, -0.333015114068985, 0.7193362712860107] [0.990032970905304, -0.3634016513824463, -0.5467314720153809]
[-0.05825003981590271, 0.035240039229393005, 0.41874003410339355, 0.7593719959259033, 1.351412057876587, 0.20520000159740448, 0.04452796280384064] [0.1738663762807846, -0.024341905489563942, 0.14213086664676666, 1.6248728036880493, -0.3221755027770996, 0.7732383608818054] [0.990032970905304, -0.3634016513824463, -0.5467314720153809]
[-0.04444403946399689, 0.06898804008960724, 0.41874003410339355, 0.7655079960823059, 1.3560140132904053, 0.20520000159740448, 0.04452796280384064] [0.1714322865009308, -0.018275994807481766, 0.1402706503868103, 1.633834958076477, -0.3143395185470581, 0.8079090118408203] [0.990032970905304, -0.3634016513824463, -0.5467314720153809]
[-0.04137603938579559, 0.08126004040241241, 0.4202740490436554, 0.7655079960823059, 1.3529460430145264, 0.20520000159740448, 0.04452796280384064] [0.1711285561323166, -0.01747588999569416, 0.13997502624988556, 1.633333683013916, -0.31314656138420105, 0.812188446521759] [0.990032970905304, -0.3634016513824463, -0.5467314720153809]
[-0.04137603938579559, 0.07512404024600983, 0.41567206382751465, 0.7655079960823059, 1.351412057876587, 0.20520000159740448, 0.04452796280384064] [0.17246419191360474, -0.020560340955853462, 0.14029560983181, 1.6276323795318604, -0.31378018856048584, 0.7949546575546265] [0.990032970905304, -0.3634016513824463, -0.5467314720153809]
[-0.04444403946399689, 0.045978039503097534, 0.41567206382751465, 0.7655079960823059, 1.351412057876587, 0.20479999482631683, 0.04299396276473999] [0.174582839012146, -0.02566489949822426, 0.14065709710121155, 1.6274484395980835, -0.31576550006866455, 0.7658934593200684] [0.990032970905304, -0.3634016513824463, -0.5467314720153809]
[-0.04444403946399689, 0.015298038721084595, 0.41567206382751465, 0.7670419812202454, 1.3529460430145264, 0.20360000431537628, 0.04452796280384064] [0.17637112736701965, -0.031245531514286995, 0.1409367173910141, 1.628197193145752, -0.31845971941947937, 0.7380335927009583] [0.990032970905304, -0.3634016513824463, -0.5467314720153809]
[-0.04291003942489624, -0.01844996213912964, 0.4110700488090515, 0.7992559671401978, 1.3544800281524658, 0.20319999754428864, 0.04452796280384064] [0.17557267844676971, -0.03434455394744873, 0.14108455181121826, 1.6183736324310303, -0.3225916624069214, 0.7406519055366516] [0.990032970905304, -0.3634016513824463, -0.5467314720153809]
[-0.04137603938579559, -0.04912996292114258, 0.40186604857444763, 0.8360719680786133, 1.3698201179504395, 0.20319999754428864, 0.04452796280384064] [0.17390795052051544, -0.03601996600627899, 0.14065831899642944, 1.6167832612991333, -0.32196828722953796, 0.7551539540290833] [0.990032970905304, -0.3634016513824463, -0.5467314720153809]
[-0.035240039229393005, -0.07827596366405487, 0.3849920630455017, 0.8836259841918945, 1.3958981037139893, 0.20319999754428864, 0.04452796280384064] [0.17175890505313873, -0.03762953728437424, 0.1392129808664322, 1.6188710927963257, -0.31446602940559387, 0.7752284407615662] [0.990032970905304, -0.3634016513824463, -0.5467314720153809]
[-0.030638039112091064, -0.11355795711278915, 0.33437004685401917, 0.9664620161056519, 1.4587920904159546, 0.21320000290870667, 0.04452796280384064] [0.16274365782737732, -0.035888925194740295, 0.133636936545372, 1.6231192350387573, -0.2689177691936493, 0.872596263885498] [0.990032970905304, -0.3634016513824463, -0.5467314720153809]
[-0.02757003903388977, -0.17338396608829498, 0.2116500437259674, 1.1796879768371582, 1.5707740783691406, 0.2736000120639801, 0.04452796280384064] [0.14944297075271606, -0.030636023730039597, 0.12539170682430267, 1.621774435043335, -0.19612424075603485, 1.0099449157714844] [0.990032970905304, -0.3634016513824463, -0.5467314720153809]
[-0.024502038955688477, -0.17798596620559692, 0.18097004294395447, 1.2272419929504395, 1.5692400932312012, 0.20759999752044678, 0.04452796280384064] [0.14565317332744598, -0.028320180252194405, 0.12341068685054779, 1.6084481477737427, -0.18118436634540558, 1.0493977069854736] [0.990032970905304, -0.3634016513824463, -0.5467314720153809]
[-0.024502038955688477, -0.17184996604919434, 0.17943604290485382, 1.2349120378494263, 1.5646381378173828, 0.20800000429153442, 0.04452796280384064] [0.14384642243385315, -0.025587961077690125, 0.1231178268790245, 1.603887915611267, -0.18032673001289368, 1.0722910165786743] [0.990032970905304, -0.3634016513824463, -0.5467314720153809]
[-0.019900038838386536, -0.13963596522808075, 0.17636804282665253, 1.2349120378494263, 1.5615700483322144, 0.20800000429153442, 0.04299396276473999] [0.14093881845474243, -0.019791338592767715, 0.1220564916729927, 1.6001040935516357, -0.17381374537944794, 1.111924171447754] [0.990032970905304, -0.3634016513824463, -0.5467314720153809]
[-0.019900038838386536, -0.09361596405506134, 0.165630042552948, 1.2349120378494263, 1.5554341077804565, 0.20759999752044678, 0.04299396276473999] [0.1374140828847885, -0.01315155066549778, 0.12035101652145386, 1.5861225128173828, -0.1599043309688568, 1.156943440437317] [0.990032970905304, -0.3634016513824463, -0.5467314720153809]
[-0.019900038838386536, -0.050663962960243225, 0.1594940423965454, 1.2272419929504395, 1.5400941371917725, 0.20800000429153442, 0.04452796280384064] [0.1353653222322464, -0.008552702143788338, 0.11980360746383667, 1.575527310371399, -0.15604400634765625, 1.183051347732544] [0.990032970905304, -0.3634016513824463, -0.5467314720153809]
[-0.019900038838386536, -0.01231396198272705, 0.15335804224014282, 1.2072999477386475, 1.5385600328445435, 0.20800000429153442, 0.04299396276473999] [0.13411304354667664, -0.0037310514599084854, 0.11895547062158585, 1.5768218040466309, -0.14966821670532227, 1.2011981010437012] [0.990032970905304, -0.3634016513824463, -0.5467314720153809]
[-0.015298038721084595, 0.015298038721084595, 0.15642604231834412, 1.1796879768371582, 1.5385600328445435, 0.20759999752044678, 0.04299396276473999] [0.1347309648990631, -0.0012643540976569057, 0.11874019354581833, 1.5882329940795898, -0.1507745236158371, 1.198574423789978] [0.990032970905304, -0.3634016513824463, -0.5467314720153809]
[-0.0122300386428833, 0.04444403946399689, 0.165630042552948, 1.1459399461746216, 1.5385600328445435, 0.20800000429153442, 0.04299396276473999] [0.1360958218574524, 0.001097473199479282, 0.11916299909353256, 1.5965739488601685, -0.15504223108291626, 1.1884243488311768] [0.990032970905304, -0.3634016513824463, -0.5467314720153809]
[-0.0122300386428833, 0.0643860399723053, 0.17636804282665253, 1.1045219898223877, 1.5385600328445435, 0.20800000429153442, 0.04299396276473999] [0.13897785544395447, 0.002006751485168934, 0.12054137885570526, 1.6102551221847534, -0.16583125293254852, 1.1625202894210815] [0.990032970905304, -0.3634016513824463, -0.5467314720153809]
[-0.0122300386428833, 0.07665804028511047, 0.191708043217659, 1.0677059888839722, 1.533958077430725, 0.20800000429153442, 0.04299396276473999] [0.14257512986660004, 0.0015408064937219024, 0.12207279354333878, 1.618660807609558, -0.17859642207622528, 1.1285158395767212] [0.990032970905304, -0.3634016513824463, -0.5467314720153809]
[-0.0122300386428833, 0.08279404044151306, 0.21011604368686676, 1.0278220176696777, 1.5232200622558594, 0.20800000429153442, 0.04145996272563934] [0.14610688388347626, 0.0006858779233880341, 0.12321673333644867, 1.6260647773742676, -0.18803392350673676, 1.0945532321929932] [0.990032970905304, -0.3634016513824463, -0.5467314720153809]
[-0.0122300386428833, 0.08432804048061371, 0.23312604427337646, 0.9925400018692017, 1.515550136566162, 0.20800000429153442, 0.04145996272563934] [0.149191215634346, -0.0010224186116829515, 0.12549567222595215, 1.6349056959152222, -0.20608438551425934, 1.0629324913024902] [0.990032970905304, -0.3634016513824463, -0.5467314720153809]
[-0.0122300386428833, 0.08432804048061371, 0.2546020448207855, 0.9679960012435913, 1.5063461065292358, 0.20800000429153442, 0.04299396276473999] [0.15183210372924805, -0.0024640613701194525, 0.1265423744916916, 1.6436363458633423, -0.21603278815746307, 1.0359145402908325] [0.990032970905304, -0.3634016513824463, -0.5467314720153809]
[-0.013764038681983948, 0.08279404044151306, 0.2745440602302551, 0.9388499855995178, 1.498676061630249, 0.20800000429153442, 0.04299396276473999] [0.1552092581987381, -0.00453925272449851, 0.1283726543188095, 1.6581822633743286, -0.23100079596042633, 1.0002193450927734] [0.990032970905304, -0.3634016513824463, -0.5467314720153809]
[-0.0122300386428833, 0.08279404044151306, 0.3021560311317444, 0.923509955406189, 1.498676061630249, 0.20800000429153442, 0.04145996272563934] [0.15638405084609985, -0.006110884249210358, 0.13102851808071136, 1.6821562051773071, -0.25401514768600464, 0.9844909310340881] [0.990032970905304, -0.3634016513824463, -0.5467314720153809]
[-0.006094038486480713, 0.07359004020690918, 0.3972640633583069, 0.923509955406189, 1.5032780170440674, 0.20720000565052032, 0.04145996272563934] [0.15814338624477386, -0.01326009165495634, 0.14284580945968628, 1.7971930503845215, -0.36353927850723267, 0.940795361995697] [0.990032970905304, -0.3634016513824463, -0.5467314720153809]
[0.01231396198272705, 0.06898804008960724, 0.7178700566291809, 0.923509955406189, 1.501744031906128, 0.20759999752044678, 0.04145996272563934] [0.1608733832836151, -0.03348219022154808, 0.16743434965610504, 2.0633182525634766, -0.5970479249954224, 0.8041713833808899] [0.990032970905304, -0.3634016513824463, -0.5467314720153809]
[0.019983962178230286, 0.026036038994789124, 1.004728078842163, 0.923509955406189, 1.4940741062164307, 0.20720000565052032, 0.04145996272563934] [0.1651391237974167, -0.058245446532964706, 0.1792152374982834, 2.2993597984313965, -0.730432391166687, 0.6057896018028259] [0.990032970905304, -0.3634016513824463, -0.5467314720153809]
[0.055265963077545166, -0.010779961943626404, 1.1964781284332275, 0.9250440001487732, 1.4925401210784912, 0.20640000700950623, 0.04145996272563934] [0.1700066477060318, -0.08437947928905487, 0.18131397664546967, 2.586867570877075, -0.7933488488197327, 0.3523619771003723] [0.990032970905304, -0.3634016513824463, -0.5467314720153809]
[0.08441196382045746, -0.039925962686538696, 1.371354103088379, 0.9250440001487732, 1.4925401210784912, 0.20559999346733093, 0.04145996272563934] [0.1722746640443802, -0.1029563695192337, 0.18039663136005402, 2.8213250637054443, -0.8108056783676147, 0.15162138640880585] [0.990032970905304, -0.3634016513824463, -0.5467314720153809]
[0.12122795730829239, -0.05219796299934387, 1.4772000312805176, 0.923509955406189, 1.4925401210784912, 0.20520000159740448, 0.04145996272563934] [0.17487290501594543, -0.11391139030456543, 0.17454330623149872, 2.931065797805786, -0.7822232842445374, 0.04286748170852661] [0.990032970905304, -0.3634016513824463, -0.5467314720153809]
[0.17491796612739563, -0.07827596366405487, 1.501744031906128, 0.9250440001487732, 1.4925401210784912, 0.20479999482631683, 0.04145996272563934] [0.17950133979320526, -0.1189851313829422, 0.16132277250289917, 2.9575939178466797, -0.7090270519256592, 0.0031205753330141306] [0.990032970905304, -0.3634016513824463, -0.5467314720153809]
[0.23320996761322021, -0.08134396374225616, 1.5078800916671753, 0.9250440001487732, 1.4925401210784912, 0.20479999482631683, 0.04145996272563934] [0.18124979734420776, -0.11900314688682556, 0.1562206894159317, 2.9578356742858887, -0.6798896789550781, 0.002841524314135313] [0.990032970905304, -0.3634016513824463, -0.5467314720153809]
[0.26388996839523315, -0.08134396374225616, 1.5032780170440674, 0.9250440001487732, 1.4925401210784912, 0.20479999482631683, 0.04299396276473999] [0.1836547553539276, -0.11883500963449478, 0.14780591428279877, 2.9546446800231934, -0.6337400078773499, 0.0042525045573711395] [0.990032970905304, -0.3634016513824463, -0.5467314720153809]
[0.28996795415878296, -0.08441196382045746, 1.5094140768051147, 0.9204419851303101, 1.4894720315933228, 0.20399999618530273, 0.04299396276473999] [0.18405219912528992, -0.11955053359270096, 0.1467505395412445, 2.958249807357788, -0.6264691352844238, -0.0018128162482753396] [0.990032970905304, -0.3634016513824463, -0.5467314720153809]
[0.29303598403930664, -0.08287796378135681, 1.4971420764923096, 0.9219759702682495, 1.4894720315933228, 0.20399999618530273, 0.04299396276473999] [0.184091255068779, -0.11803889274597168, 0.14644795656204224, 2.9400854110717773, -0.6251051425933838, 0.013369501568377018] [0.990032970905304, -0.3634016513824463, -0.5467314720153809]
[0.29303598403930664, -0.08287796378135681, 1.4925401210784912, 0.9204419851303101, 1.4894720315933228, 0.20399999618530273, 0.04299396276473999] [0.18417032063007355, -0.1178896427154541, 0.14614932239055634, 2.9383113384246826, -0.6234237551689148, 0.014849270693957806] [0.990032970905304, -0.3634016513824463, -0.5467314720153809]
[0.2945699691772461, -0.08287796378135681, 1.4925401210784912, 0.9204419851303101, 1.4894720315933228, 0.20399999618530273, 0.04299396276473999] [0.18428687751293182, -0.11790913343429565, 0.14601966738700867, 2.9384450912475586, -0.6219011545181274, 0.014619667083024979] [0.990032970905304, -0.3634016513824463, -0.5467314720153809]
[0.2945699691772461, -0.08287796378135681, 1.4925401210784912, 0.9219759702682495, 1.4894720315933228, 0.20399999618530273, 0.04299396276473999] [0.18417032063007355, -0.1178896427154541, 0.14614932239055634, 2.9383113384246826, -0.6234237551689148, 0.014849270693957806] [0.990032970905304, -0.3634016513824463, -0.5467314720153809]
[0.2945699691772461, -0.08287796378135681, 1.4925401210784912, 0.9219759702682495, 1.4894720315933228, 0.20399999618530273, 0.04299396276473999] [0.18417032063007355, -0.1178896427154541, 0.14614932239055634, 2.9383113384246826, -0.6234237551689148, 0.014849270693957806] [0.990032970905304, -0.3634016513824463, -0.5467314720153809]
[0.2945699691772461, -0.08287796378135681, 1.4925401210784912, 0.9204419851303101, 1.4894720315933228, 0.20399999618530273, 0.04299396276473999] [0.18428687751293182, -0.11790913343429565, 0.14601966738700867, 2.9384450912475586, -0.6219011545181274, 0.014619667083024979] [0.990032970905304, -0.3634016513824463, -0.5467314720153809]
