[-0.04644984006881714, -0.22206467390060425, 0.30229535698890686, 3.0254504680633545, 0.3169722557067871, -0.5449939966201782] [0.34212398529052734, -0.533873975276947, 1.4204421043395996, 0.05833396315574646, 1.8530300855636597, 0.9959999918937683, -1.3038580417633057, -1.2978060245513916]
[-0.046501800417900085, -0.22209791839122772, 0.302277147769928, 3.025676727294922, 0.3168477416038513, -0.5449202656745911] [0.34212398529052734, -0.533873975276947, 1.4204421043395996, 0.05833396315574646, 1.8530300855636597, 0.9959999918937683, -1.3038580417633057, -1.2886019945144653]
[-0.04662241414189339, -0.22228674590587616, 0.30201324820518494, 3.0258967876434326, 0.3175121247768402, -0.5454410910606384] [0.34212398529052734, -0.5323399901390076, 1.4204421043395996, 0.05833396315574646, 1.8530300855636597, 0.9959999918937683, -1.3038580417633057, -1.2870680093765259]
[-0.04647642746567726, -0.22206884622573853, 0.30192020535469055, 3.0262820720672607, 0.3180462121963501, -0.5442451238632202] [0.34212398529052734, -0.5323399901390076, 1.4204421043395996, 0.05833396315574646, 1.8530300855636597, 0.9959999918937683, -1.3038580417633057, -1.2870680093765259]
[-0.0393175445497036, -0.22146785259246826, 0.31836050748825073, 3.0366744995117188, 0.24652625620365143, -0.5338045358657837] [0.34519195556640625, -0.533873975276947, 1.383626103401184, 0.05373196303844452, 1.8530300855636597, 0.06680000573396683, -1.1842060089111328, -1.1551439762115479]
[-0.041762351989746094, -0.2211838662624359, 0.3226017355918884, 3.034972906112671, 0.22551998496055603, -0.5297895669937134] [0.34519195556640625, -0.533873975276947, 1.3698201179504395, 0.055265963077545166, 1.8530300855636597, 0.06680000573396683, -1.1611961126327515, -1.132133960723877]
[-0.04482198506593704, -0.2209104299545288, 0.3274874687194824, 3.034135580062866, 0.20057281851768494, -0.5254459381103516] [0.3405899703502655, -0.533873975276947, 1.351412057876587, 0.05986796319484711, 1.8530300855636597, 0.06680000573396683, -1.1366521120071411, -1.1060559749603271]
[-0.04810895770788193, -0.22044861316680908, 0.33291319012641907, 3.0280840396881104, 0.17224660515785217, -0.5204206109046936] [0.33598798513412476, -0.5323399901390076, 1.3268680572509766, 0.0629359632730484, 1.8484281301498413, 0.06640000641345978, -1.1105740070343018, -1.075376033782959]
[-0.05143437907099724, -0.21980977058410645, 0.33934324979782104, 3.0185000896453857, 0.13720327615737915, -0.5138975381851196] [0.32524996995925903, -0.533873975276947, 1.29312002658844, 0.06753796339035034, 1.8438260555267334, 0.06680000573396683, -1.0921660661697388, -1.055433988571167]
[-0.05430619791150093, -0.21878737211227417, 0.34545013308525085, 2.993055820465088, 0.10377144813537598, -0.5056430101394653] [0.3145119547843933, -0.5323399901390076, 1.2501680850982666, 0.08134396374225616, 1.7932040691375732, 0.11919999867677689, -1.0706900358200073, -1.035491943359375]
[-0.056458067148923874, -0.21553218364715576, 0.35418346524238586, 2.92486834526062, 0.04530440270900726, -0.48431628942489624] [0.30223995447158813, -0.526203989982605, 1.2102841138839722, 0.11662595719099045, 1.7824660539627075, 0.06960000097751617, -1.0522820949554443, -1.0155500173568726]
[-0.05692926049232483, -0.2109411507844925, 0.3606903851032257, 2.901569366455078, 0.00345641584135592, -0.4568255841732025] [0.28996795415878296, -0.506261944770813, 1.1657980680465698, 0.14730596542358398, 1.7824660539627075, 0.06960000097751617, -1.0400100946426392, -1.001744031906128]
[-0.056555259972810745, -0.20239755511283875, 0.3692881762981415, 2.8626511096954346, -0.057131655514240265, -0.4048306345939636] [0.28076398372650146, -0.481717973947525, 1.1059720516204834, 0.1871899664402008, 1.780932068824768, 0.06960000097751617, -1.0292720794677734, -0.9925400018692017]
[-0.055069487541913986, -0.19066883623600006, 0.3780309557914734, 2.808523178100586, -0.11989408731460571, -0.33473965525627136] [0.26388996839523315, -0.44643598794937134, 1.0538160800933838, 0.23167596757411957, 1.7732620239257812, 0.06920000165700912, -1.0200680494308472, -0.9833359718322754]
[-0.053347185254096985, -0.1789129227399826, 0.3843744993209839, 2.7621939182281494, -0.16592684388160706, -0.2666471302509308] [0.251617968082428, -0.4034839868545532, 0.961776077747345, 0.32985198497772217, 1.7701940536499023, 0.06920000165700912, -1.0093300342559814, -0.9741320013999939]
[-0.05396939814090729, -0.15638864040374756, 0.3926335871219635, 2.524512767791748, -0.24652637541294098, -0.09861845523118973] [0.251617968082428, -0.39734798669815063, 0.5997520685195923, 0.5476799607276917, 1.7701940536499023, 0.06960000097751617, -1.004728078842163, -0.9710639715194702]
[-0.058036573231220245, -0.12097782641649246, 0.3889298439025879, 2.1621479988098145, -0.2363339364528656, 0.1947358399629593] [0.2500839829444885, -0.38507598638534546, 0.440216064453125, 0.6565939784049988, 1.7701940536499023, 0.06960000097751617, -1.0031940937042236, -0.9710639715194702]
[-0.05945342406630516, -0.11200916767120361, 0.38820579648017883, 2.124279737472534, -0.23243865370750427, 0.25939205288887024] [0.2500839829444885, -0.355929970741272, 0.43254604935646057, 0.6857399940490723, 1.7701940536499023, 0.06960000097751617, -1.0001261234283447, -0.9679960012435913]
[-0.061614882200956345, -0.10186271369457245, 0.3894430100917816, 2.1113200187683105, -0.24410083889961243, 0.32862329483032227] [0.2500839829444885, -0.30990996956825256, 0.4141380488872528, 0.750167965888977, 1.7701940536499023, 0.06960000097751617, -0.9939900636672974, -0.9633939862251282]
[-0.0665813609957695, -0.08474928885698318, 0.3904154896736145, 2.0768303871154785, -0.2548482120037079, 0.4519692361354828] [0.2500839829444885, -0.2654239535331726, 0.3773220479488373, 0.8161299824714661, 1.7701940536499023, 0.06960000097751617, -0.9909220933914185, -0.9603259563446045]
[-0.07533330470323563, -0.0686580017209053, 0.38789159059524536, 1.9970145225524902, -0.2376178801059723, 0.5992681384086609] [0.24701596796512604, -0.2562199831008911, 0.25920403003692627, 0.9956079721450806, 1.7701940536499023, 0.06960000097751617, -0.9893880486488342, -0.9603259563446045]
[-0.09024032950401306, -0.05134197697043419, 0.3775285482406616, 1.8711421489715576, -0.1523447185754776, 0.7985918521881104] [0.24701596796512604, -0.2562199831008911, 0.13495004177093506, 1.1183279752731323, 1.7701940536499023, 0.06960000097751617, -0.9863200783729553, -0.9572579860687256]
[-0.09943404793739319, -0.043589070439338684, 0.3708249032497406, 1.8235737085342407, -0.09608736634254456, 0.8994960188865662] [0.24701596796512604, -0.25315195322036743, 0.11500804126262665, 1.170483946800232, 1.7701940536499023, 0.06960000097751617, -0.977116048336029, -0.9465199708938599]
[-0.10466480255126953, -0.040292322635650635, 0.3722423017024994, 1.8137078285217285, -0.10474789142608643, 0.9447710514068604] [0.24394796788692474, -0.23781196773052216, 0.11194004118442535, 1.2042319774627686, 1.7701940536499023, 0.06960000097751617, -0.9663780927658081, -0.9373160004615784]
[-0.11090529710054398, -0.033684540539979935, 0.37269601225852966, 1.802687168121338, -0.10585615038871765, 1.0055968761444092] [0.24394796788692474, -0.19485996663570404, 0.10580404102802277, 1.2180379629135132, 1.7701940536499023, 0.06960000097751617, -0.9587080478668213, -0.9296460151672363]
[-0.11589732021093369, -0.027148412540555, 0.3718831241130829, 1.7891360521316528, -0.09582697600126266, 1.0527632236480713] [0.24394796788692474, -0.1641799658536911, 0.07819204032421112, 1.2180379629135132, 1.7701940536499023, 0.06960000097751617, -0.9556400775909424, -0.9265779852867126]
[-0.11800488084554672, -0.024206874892115593, 0.3681636452674866, 1.7728511095046997, -0.06336893141269684, 1.0703539848327637] [0.2454819679260254, -0.15037396550178528, 0.04444403946399689, 1.2180379629135132, 1.7701940536499023, 0.06960000097751617, -0.9556400775909424, -0.9265779852867126]
[-0.11908675730228424, -0.022701270878314972, 0.36594969034194946, 1.763413429260254, -0.04405617341399193, 1.0796144008636475] [0.2454819679260254, -0.14270396530628204, 0.030638039112091064, 1.2119020223617554, 1.7701940536499023, 0.06960000097751617, -0.9556400775909424, -0.9281119704246521]
[-0.11898413300514221, -0.022468574345111847, 0.3646910488605499, 1.7579784393310547, -0.03273159638047218, 1.076460838317871] [0.2454819679260254, -0.14270396530628204, 0.015298038721084595, 1.210368037223816, 1.7701940536499023, 0.06960000097751617, -0.9556400775909424, -0.9281119704246521]
[-0.11863438040018082, -0.02248295024037361, 0.36256229877471924, 1.7501027584075928, -0.014172404073178768, 1.0715347528457642] [0.24701596796512604, -0.14270396530628204, -0.004643961787223816, 1.2072999477386475, 1.7701940536499023, 0.06960000097751617, -0.9556400775909424, -0.9296460151672363]
[-0.11840313673019409, -0.022564653307199478, 0.3604356050491333, 1.7457871437072754, 0.002275488805025816, 1.0696626901626587] [0.24701596796512604, -0.14270396530628204, -0.021517962217330933, 1.1965620517730713, 1.7701940536499023, 0.06960000097751617, -0.9602420330047607, -0.9342479705810547]
[-0.11675923317670822, -0.023057252168655396, 0.35832417011260986, 1.7421706914901733, 0.01889088563621044, 1.0586456060409546] [0.24701596796512604, -0.14270396530628204, -0.030721962451934814, 1.1950279474258423, 1.7701940536499023, 0.06960000097751617, -0.9663780927658081, -0.9403839707374573]
[-0.1160348579287529, -0.02322222664952278, 0.35780900716781616, 1.7445151805877686, 0.022187910974025726, 1.0571281909942627] [0.24701596796512604, -0.14270396530628204, -0.030721962451934814, 1.1934939622879028, 1.7701940536499023, 0.06960000097751617, -0.9709800481796265, -0.943452000617981]
[-0.114767886698246, -0.023049648851156235, 0.357585608959198, 1.747137427330017, 0.024235136806964874, 1.0541200637817383] [0.24701596796512604, -0.14270396530628204, -0.03225596249103546, 1.1888920068740845, 1.7701940536499023, 0.06960000097751617, -0.977116048336029, -0.9526559710502625]
[-0.12003794312477112, -0.02266933023929596, 0.3563547432422638, 1.7545082569122314, 0.03335319459438324, 1.0521975755691528] [0.2454819679260254, -0.14270396530628204, -0.03225596249103546, 1.1842899322509766, 1.768660068511963, 0.06960000097751617, -0.9909220933914185, -0.9679960012435913]
[-0.12429667264223099, -0.02275979146361351, 0.35532689094543457, 1.7610026597976685, 0.04161559045314789, 1.042616605758667] [0.2424139678478241, -0.14270396530628204, -0.03225596249103546, 1.1796879768371582, 1.768660068511963, 0.06920000165700912, -1.007796049118042, -0.9818019866943359]
[-0.12443941086530685, -0.02251328155398369, 0.35409215092658997, 1.7714093923568726, 0.04803888499736786, 1.041303038597107] [0.2362779676914215, -0.14270396530628204, -0.03225596249103546, 1.1750860214233398, 1.7671260833740234, 0.06960000097751617, -1.023136019706726, -0.99714195728302]
[-0.12167547643184662, -0.023180605843663216, 0.35422542691230774, 1.7653652429580688, 0.0500682108104229, 1.030629277229309] [0.22093796730041504, -0.14270396530628204, -0.03225596249103546, 1.1658819913864136, 1.7594560384750366, 0.06960000097751617, -1.0354080200195312, -1.0094139575958252]
[-0.11878064274787903, -0.023334385827183723, 0.3546292185783386, 1.7571829557418823, 0.04997001215815544, 1.0230045318603516] [0.20866596698760986, -0.14270396530628204, -0.03225596249103546, 1.1597459316253662, 1.7502521276474, 0.06960000097751617, -1.0507481098175049, -1.0247540473937988]
[-0.1157303899526596, -0.023661715909838676, 0.3550620377063751, 1.7445869445800781, 0.04919354245066643, 1.02040696144104] [0.19179196655750275, -0.1442379653453827, -0.03225596249103546, 1.1536099910736084, 1.7333780527114868, 0.06960000097751617, -1.0691560506820679, -1.0446959733963013]
[-0.1117512509226799, -0.024088891223073006, 0.3561600148677826, 1.724158525466919, 0.0456150621175766, 1.0096548795700073] [0.16878196597099304, -0.1442379653453827, -0.03225596249103546, 1.1398040056228638, 1.7195720672607422, 0.06960000097751617, -1.0875641107559204, -1.0631040334701538]
[-0.10708987712860107, -0.025211241096258163, 0.3559492230415344, 1.7123234272003174, 0.04641329124569893, 0.9931414723396301] [0.15650996565818787, -0.14270396530628204, -0.03225596249103546, 1.1259980201721191, 1.7026981115341187, 0.06960000097751617, -1.1059720516204834, -1.0815119743347168]
[-0.10288175940513611, -0.02583831362426281, 0.3565378487110138, 1.688187837600708, 0.04405873641371727, 0.9826386570930481] [0.1350339651107788, -0.14270396530628204, -0.03225596249103546, 1.1167939901351929, 1.6842900514602661, 0.06960000097751617, -1.119778037071228, -1.0968519449234009]
[-0.09948976337909698, -0.025736898183822632, 0.35679423809051514, 1.6785359382629395, 0.04401985928416252, 0.9796903133392334] [0.11969395726919174, -0.14270396530628204, -0.03225596249103546, 1.1167939901351929, 1.6812220811843872, 0.06960000097751617, -1.1366521120071411, -1.1121920347213745]
[-0.09712108224630356, -0.025772782042622566, 0.3566579222679138, 1.6804871559143066, 0.045078881084918976, 0.9798282980918884] [0.10435395687818527, -0.14270396530628204, -0.03225596249103546, 1.113726019859314, 1.6796880960464478, 0.06960000097751617, -1.1596620082855225, -1.132133960723877]
[-0.09355032444000244, -0.02583582140505314, 0.3567306101322174, 1.6765316724777222, 0.044439032673835754, 0.9784293174743652] [0.08441196382045746, -0.14270396530628204, -0.030721962451934814, 1.113726019859314, 1.668950080871582, 0.06960000097751617, -1.1796040534973145, -1.1551439762115479]
[-0.08851253986358643, -0.026100367307662964, 0.3567977845668793, 1.6681870222091675, 0.044071219861507416, 0.9757717251777649] [0.0660039633512497, -0.14270396530628204, -0.030721962451934814, 1.109123945236206, 1.6658821105957031, 0.06960000097751617, -1.2026140689849854, -1.1750860214233398]
[-0.08465248346328735, -0.02620246633887291, 0.35663071274757385, 1.669706106185913, 0.04472876340150833, 0.9744789600372314] [0.046061962842941284, -0.14270396530628204, -0.029187962412834167, 1.1106579303741455, 1.6628141403198242, 0.06920000165700912, -1.221022129058838, -1.1965620517730713]
[-0.08080367743968964, -0.026129990816116333, 0.3566513955593109, 1.6683050394058228, 0.04301726073026657, 0.9750150442123413] [0.029187962412834167, -0.14270396530628204, -0.02765396237373352, 1.1106579303741455, 1.6612800359725952, 0.06960000097751617, -1.2424980401992798, -1.2165039777755737]
[-0.07752098888158798, -0.025357220321893692, 0.3559131622314453, 1.6711057424545288, 0.04541514441370964, 0.9813413023948669] [0.01231396198272705, -0.1350339651107788, -0.02765396237373352, 1.1106579303741455, 1.64900803565979, 0.06960000097751617, -1.2639740705490112, -1.2349120378494263]
[-0.07450218498706818, -0.024054836481809616, 0.3561703860759735, 1.6483300924301147, 0.042457837611436844, 0.9891406893730164] [-0.013764038681983948, -0.12429595738649368, -0.026119962334632874, 1.1106579303741455, 1.6275321245193481, 0.06920000165700912, -1.2839161157608032, -1.2594560384750366]
[-0.07131549715995789, -0.0209240410476923, 0.35646989941596985, 1.6199227571487427, 0.03870106860995293, 1.0088911056518555] [-0.0383080393075943, -0.10742195695638657, -0.026119962334632874, 1.1075899600982666, 1.592250108718872, 0.09080000221729279, -1.3038580417633057, -1.2778639793395996]
[-0.06636681407690048, -0.021132126450538635, 0.35653650760650635, 1.578352451324463, 0.03413189947605133, 0.9951450824737549] [-0.055182039737701416, -0.10281995683908463, -0.02305196225643158, 1.0799779891967773, 1.5738420486450195, 0.06800000369548798, -1.3053920269012451, -1.279397964477539]
[-0.062340036034584045, -0.021704183891415596, 0.3548862636089325, 1.5852982997894287, 0.03994147107005119, 0.9740141034126282] [-0.05671603977680206, -0.09821796417236328, -0.02305196225643158, 1.055433988571167, 1.5738420486450195, 0.06800000369548798, -1.3069260120391846, -1.279397964477539]
[-0.0601997971534729, -0.02166699804365635, 0.3541239798069, 1.5882270336151123, 0.04209153354167938, 0.9617001414299011] [-0.05671603977680206, -0.0859459638595581, -0.02305196225643158, 1.0308899879455566, 1.5738420486450195, 0.06800000369548798, -1.3069260120391846, -1.279397964477539]
[-0.05806884169578552, -0.020818520337343216, 0.35415616631507874, 1.5886796712875366, 0.040620505809783936, 0.9477972984313965] [-0.05978403985500336, -0.07367396354675293, -0.021517962217330933, 1.0002100467681885, 1.5738420486450195, 0.06800000369548798, -1.3069260120391846, -1.279397964477539]
[-0.05527733638882637, -0.020858386531472206, 0.3540858030319214, 1.5874747037887573, 0.04057851433753967, 0.9244835376739502] [-0.05978403985500336, -0.05986796319484711, -0.021517962217330933, 0.9618600010871887, 1.5738420486450195, 0.06800000369548798, -1.3084601163864136, -1.2809319496154785]
[-0.05132973566651344, -0.022738516330718994, 0.3540053367614746, 1.589612603187561, 0.039557911455631256, 0.8891420364379883] [-0.05978403985500336, -0.05679996311664581, -0.015381962060928345, 0.923509955406189, 1.5738420486450195, 0.06800000369548798, -1.309994101524353, -1.282465934753418]
[-0.04776429012417793, -0.024897752329707146, 0.354229599237442, 1.5935965776443481, 0.03585081920027733, 0.8552077412605286] [-0.05978403985500336, -0.05679996311664581, -0.009245961904525757, 0.8928300142288208, 1.5738420486450195, 0.06800000369548798, -1.3115280866622925, -1.284000039100647]
[-0.04459184408187866, -0.02698696032166481, 0.3545379340648651, 1.5987452268600464, 0.03164980560541153, 0.8243952989578247] [-0.05978403985500336, -0.05679996311664581, -0.001575961709022522, 0.8606159687042236, 1.5738420486450195, 0.06800000369548798, -1.3161300420761108, -1.2886019945144653]
[-0.04161149263381958, -0.02886173501610756, 0.35471490025520325, 1.6093194484710693, 0.02680082619190216, 0.797537088394165] [-0.05825003981590271, -0.05679996311664581, 0.0122300386428833, 0.8314700126647949, 1.57230806350708, 0.06800000369548798, -1.3191981315612793, -1.2932039499282837]
[-0.03821795806288719, -0.03102826327085495, 0.35474956035614014, 1.6207252740859985, 0.022847440093755722, 0.7678760886192322] [-0.05671603977680206, -0.05679996311664581, 0.024502038955688477, 0.7992559671401978, 1.5738420486450195, 0.06800000369548798, -1.3222661018371582, -1.2947380542755127]
[-0.025399889796972275, -0.03348812833428383, 0.35585886240005493, 1.6257309913635254, 0.016168173402547836, 0.7310280203819275] [-0.05671603977680206, -0.05679996311664581, 0.03370603919029236, 0.7670419812202454, 1.5738420486450195, 0.06800000369548798, -1.325334072113037, -1.2978060245513916]
[-0.015955228358507156, -0.036583542823791504, 0.35622334480285645, 1.630376935005188, 0.01338611077517271, 0.6911377310752869] [-0.055182039737701416, -0.05679996311664581, 0.04137603938579559, 0.7256239652633667, 1.5738420486450195, 0.06800000369548798, -1.328402042388916, -1.3008739948272705]
[-0.011473068036139011, -0.03847399726510048, 0.355947345495224, 1.6363637447357178, 0.013370132073760033, 0.6649649739265442] [-0.05364803969860077, -0.05833396315574646, 0.050580039620399475, 0.6857399940490723, 1.5738420486450195, 0.06800000369548798, -1.3299360275268555, -1.30240797996521]
[-0.005528389010578394, -0.043406881392002106, 0.3554072976112366, 1.649756669998169, 0.013570910319685936, 0.6078143119812012] [-0.050580039620399475, -0.05833396315574646, 0.061318039894104004, 0.6427879929542542, 1.5738420486450195, 0.06800000369548798, -1.3299360275268555, -1.3039419651031494]
[-0.0010115925688296556, -0.048506513237953186, 0.35516345500946045, 1.6561129093170166, 0.01413330901414156, 0.5538588166236877] [-0.04904603958129883, -0.0629359632730484, 0.07205604016780853, 0.5875639915466309, 1.5738420486450195, 0.06800000369548798, -1.331470012664795, -1.3039419651031494]
[0.002542944625020027, -0.0529940091073513, 0.3546891212463379, 1.6635710000991821, 0.01663828268647194, 0.5076987743377686] [-0.04751203954219818, -0.0629359632730484, 0.07512404024600983, 0.5476799607276917, 1.5738420486450195, 0.06800000369548798, -1.331470012664795, -1.3039419651031494]
[0.00766743952408433, -0.06111236289143562, 0.3538530170917511, 1.667992115020752, 0.022581610828638077, 0.42645615339279175] [-0.045978039503097534, -0.0660039633512497, 0.08893004059791565, 0.4310959577560425, 1.5738420486450195, 0.06800000369548798, -1.331470012664795, -1.3039419651031494]
[0.013446813449263573, -0.07252263277769089, 0.35359054803848267, 1.692686915397644, 0.024842526763677597, 0.3168624937534332] [-0.04137603938579559, -0.07060596346855164, 0.13495004177093506, 0.32218196988105774, 1.5738420486450195, 0.06800000369548798, -1.331470012664795, -1.3039419651031494]
[0.0165803674608469, -0.08403278887271881, 0.35368847846984863, 1.716243028640747, 0.02527114748954773, 0.23175877332687378] [-0.04137603938579559, -0.09361596405506134, 0.1364840418100357, 0.31911396980285645, 1.5738420486450195, 0.06800000369548798, -1.3299360275268555, -1.3039419651031494]
[0.016581304371356964, -0.08606079965829849, 0.3534907102584839, 1.7100852727890015, 0.026466012001037598, 0.22281064093112946] [-0.04137603938579559, -0.10281995683908463, 0.13034804165363312, 0.31911396980285645, 1.5738420486450195, 0.06800000369548798, -1.328402042388916, -1.3008739948272705]
[0.01646013930439949, -0.08958128839731216, 0.35372719168663025, 1.7055861949920654, 0.026001740247011185, 0.20453640818595886] [-0.04137603938579559, -0.12122795730829239, 0.12421204149723053, 0.317579984664917, 1.5738420486450195, 0.06800000369548798, -1.325334072113037, -1.2962720394134521]
[0.016003301367163658, -0.09199298173189163, 0.3535703122615814, 1.6960523128509521, 0.02770782820880413, 0.1941244751214981] [-0.04137603938579559, -0.1350339651107788, 0.11040604114532471, 0.317579984664917, 1.5738420486450195, 0.06760000437498093, -1.3207321166992188, -1.2932039499282837]
[0.015235326252877712, -0.09555802494287491, 0.354063481092453, 1.6782139539718628, 0.027106015011668205, 0.17781786620616913] [-0.04291003942489624, -0.15190796554088593, 0.09199804067611694, 0.31911396980285645, 1.5738420486450195, 0.06800000369548798, -1.3176640272140503, -1.2886019945144653]
[0.014279061928391457, -0.0986601859331131, 0.35484686493873596, 1.6590282917022705, 0.02492484636604786, 0.16451212763786316] [-0.045978039503097534, -0.1672479659318924, 0.07359004020690918, 0.3206479549407959, 1.5738420486450195, 0.06800000369548798, -1.3145960569381714, -1.284000039100647]
[0.013332999311387539, -0.10109852999448776, 0.35512179136276245, 1.637510895729065, 0.025495531037449837, 0.15421682596206665] [-0.045978039503097534, -0.17645196616649628, 0.04137603938579559, 0.3206479549407959, 1.575376033782959, 0.06800000369548798, -1.3038580417633057, -1.2701940536499023]
[0.011752369813621044, -0.1013803705573082, 0.3554300367832184, 1.6078605651855469, 0.02677496336400509, 0.15463325381278992] [-0.04291003942489624, -0.17645196616649628, 0.01836603879928589, 0.32218196988105774, 1.575376033782959, 0.06800000369548798, -1.2885180711746216, -1.2548539638519287]
[0.009142398834228516, -0.10254029184579849, 0.35533902049064636, 1.5806471109390259, 0.02973294071853161, 0.1500958502292633] [-0.035240039229393005, -0.17798596620559692, -0.01691596210002899, 0.32218196988105774, 1.575376033782959, 0.06800000369548798, -1.2670420408248901, -1.2364460229873657]
[0.0058068479411304, -0.10247380286455154, 0.35495123267173767, 1.5519918203353882, 0.03462251275777817, 0.15297619998455048] [-0.02296803891658783, -0.17798596620559692, -0.046061962842941284, 0.3267839550971985, 1.575376033782959, 0.06800000369548798, -1.2471001148223877, -1.2134360074996948]
[0.0020540289115160704, -0.10255687683820724, 0.35465678572654724, 1.5259791612625122, 0.03876940906047821, 0.1541288048028946] [-0.004560038447380066, -0.17798596620559692, -0.06753796339035034, 0.3267839550971985, 1.575376033782959, 0.06800000369548798, -1.221022129058838, -1.187358021736145]
[-0.0023893634788691998, -0.10210168361663818, 0.3539004325866699, 1.5063389539718628, 0.04452533647418022, 0.15984754264354706] [0.015381962060928345, -0.17798596620559692, -0.08747996389865875, 0.34212398529052734, 1.5769100189208984, 0.06800000369548798, -1.198012113571167, -1.1628140211105347]
[-0.0074467733502388, -0.10125212371349335, 0.3539709448814392, 1.4890635013580322, 0.04618814215064049, 0.17007307708263397] [0.03378996253013611, -0.17951996624469757, -0.10435395687818527, 0.3467259705066681, 1.5769100189208984, 0.06800000369548798, -1.1688660383224487, -1.1367360353469849]
[-0.01248940359801054, -0.10049428790807724, 0.35440874099731445, 1.4832102060317993, 0.04435647279024124, 0.17755764722824097] [0.055265963077545166, -0.17798596620559692, -0.10588795691728592, 0.35132795572280884, 1.5769100189208984, 0.06800000369548798, -1.1458560228347778, -1.1121920347213745]
[-0.017105884850025177, -0.10041038691997528, 0.35452011227607727, 1.4832844734191895, 0.042712174355983734, 0.17916062474250793] [0.07827596366405487, -0.17798596620559692, -0.10588795691728592, 0.3543959856033325, 1.5769100189208984, 0.06760000437498093, -1.119778037071228, -1.0876480340957642]
[-0.021658414974808693, -0.09977523237466812, 0.355124831199646, 1.4826369285583496, 0.03866170719265938, 0.18377989530563354] [0.09668396413326263, -0.17798596620559692, -0.10588795691728592, 0.3574639558792114, 1.5769100189208984, 0.06800000369548798, -1.0983021259307861, -1.0677059888839722]
[-0.026076290756464005, -0.09947474300861359, 0.35577237606048584, 1.4818944931030273, 0.03380350023508072, 0.18686731159687042] [0.11662595719099045, -0.17798596620559692, -0.10588795691728592, 0.36206597089767456, 1.5769100189208984, 0.06760000437498093, -1.0798940658569336, -1.0477639436721802]
[-0.029363850131630898, -0.09849286079406738, 0.3561895489692688, 1.4814722537994385, 0.030690543353557587, 0.19605280458927155] [0.12889796495437622, -0.17798596620559692, -0.10588795691728592, 0.3820079565048218, 1.5769100189208984, 0.06800000369548798, -1.06302011013031, -1.032423973083496]
[-0.0342586524784565, -0.0942404568195343, 0.35765740275382996, 1.4797296524047852, 0.0237136073410511, 0.2326652705669403] [0.13656796514987946, -0.17798596620559692, -0.10742195695638657, 0.42035797238349915, 1.5769100189208984, 0.06800000369548798, -1.0476800203323364, -1.0186179876327515]
[-0.03895460069179535, -0.08964274823665619, 0.35868537425994873, 1.4782401323318481, 0.01916353590786457, 0.27532345056533813] [0.14270396530628204, -0.17645196616649628, -0.10588795691728592, 0.4571739733219147, 1.5784441232681274, 0.06800000369548798, -1.0369420051574707, -1.0109479427337646]
[-0.041632890701293945, -0.08767968416213989, 0.3596642315387726, 1.4764126539230347, 0.01421225257217884, 0.2935965359210968] [0.14577196538448334, -0.17645196616649628, -0.10742195695638657, 0.4909219741821289, 1.5784441232681274, 0.06800000369548798, -1.027738094329834, -1.001744031906128]
[-0.04563075304031372, -0.08302611112594604, 0.3601974546909332, 1.4747234582901, 0.012352152727544308, 0.33630555868148804] [0.15037396550178528, -0.17184996604919434, -0.10742195695638657, 0.5354079604148865, 1.5784441232681274, 0.06800000369548798, -1.0216020345687866, -0.9956079721450806]
[-0.05000662803649902, -0.07652056962251663, 0.3605476915836334, 1.4728717803955078, 0.011886519379913807, 0.3927663564682007] [0.15190796554088593, -0.16264596581459045, -0.10742195695638657, 0.579893946647644, 1.5784441232681274, 0.06760000437498093, -1.0139321088790894, -0.989471971988678]
[-0.05478248745203018, -0.06850537657737732, 0.36070799827575684, 1.470503330230713, 0.012397858314216137, 0.4568777084350586] [0.15497596561908722, -0.14730596542358398, -0.10742195695638657, 0.6259139776229858, 1.5784441232681274, 0.06800000369548798, -1.0062620639801025, -0.9818019866943359]
[-0.05856667831540108, -0.0633520558476448, 0.3602985441684723, 1.4697717428207397, 0.014814475551247597, 0.49963343143463135] [0.1611119657754898, -0.13656796514987946, -0.10742195695638657, 0.6473900079727173, 1.5784441232681274, 0.06760000437498093, -1.0001261234283447, -0.9756659865379333]
[-0.06154708191752434, -0.0592864528298378, 0.36043232679367065, 1.4679621458053589, 0.01458632480353117, 0.5316819548606873] [0.16571396589279175, -0.12122795730829239, -0.10742195695638657, 0.6673319935798645, 1.5784441232681274, 0.06800000369548798, -0.9985920786857605, -0.9725979566574097]
[-0.06476091593503952, -0.05227452889084816, 0.36060547828674316, 1.4650242328643799, 0.014552260749042034, 0.5759812593460083] [0.16571396589279175, -0.0859459638595581, -0.10128595679998398, 0.676535964012146, 1.5784441232681274, 0.06800000369548798, -0.9985920786857605, -0.9725979566574097]
[-0.0678485780954361, -0.04303184896707535, 0.36152130365371704, 1.4750616550445557, 0.007881388068199158, 0.6274112462997437] [0.16878196597099304, -0.030721962451934814, -0.09054796397686005, 0.676535964012146, 1.5861140489578247, 0.06800000369548798, -1.0016601085662842, -0.9741320013999939]
[-0.07074837386608124, -0.03349553048610687, 0.3613390326499939, 1.48741614818573, 0.0082609374076128, 0.6784501075744629] [0.17184996604919434, 0.010696038603782654, -0.07827596366405487, 0.676535964012146, 1.5861140489578247, 0.06760000437498093, -1.0093300342559814, -0.9818019866943359]
[-0.07165215164422989, -0.028387924656271935, 0.36165615916252136, 1.5019572973251343, 0.0035740628372877836, 0.7054758071899414] [0.17184996604919434, 0.03370603919029236, -0.061401963233947754, 0.676535964012146, 1.5845800638198853, 0.06800000369548798, -1.0170000791549683, -0.9925400018692017]
[-0.08097747713327408, -0.023199548944830894, 0.3612516522407532, 1.527282953262329, 0.0029385227244347334, 0.732258141040802] [0.17338396608829498, 0.061318039894104004, -0.035323962569236755, 0.6750019788742065, 1.5845800638198853, 0.06800000369548798, -1.0292720794677734, -1.001744031906128]
[-0.08659674227237701, -0.01913277432322502, 0.3612142503261566, 1.5498052835464478, 0.00040270836325362325, 0.7526164054870605] [0.17338396608829498, 0.07359004020690918, -0.015381962060928345, 0.6750019788742065, 1.5830460786819458, 0.06800000369548798, -1.0384761095046997, -1.012481927871704]
[-0.08721492439508438, -0.018308311700820923, 0.3601950705051422, 1.5695487260818481, 0.002935430034995079, 0.7557876110076904] [0.17491796612739563, 0.07359004020690918, -0.00771196186542511, 0.6734679937362671, 1.5845800638198853, 0.06800000369548798, -1.0415440797805786, -1.0155500173568726]
[-0.08627384155988693, -0.019433749839663506, 0.35977408289909363, 1.577111840248108, 0.004679293371737003, 0.7497062683105469] [0.17338396608829498, 0.06592004001140594, -0.006177961826324463, 0.6750019788742065, 1.5845800638198853, 0.06760000437498093, -1.0415440797805786, -1.0155500173568726]
[-0.07783839106559753, -0.02415883168578148, 0.35995373129844666, 1.5757378339767456, 0.0027873108629137278, 0.7252630591392517] [0.17338396608829498, 0.03677403926849365, -0.00771196186542511, 0.6719340085983276, 1.5845800638198853, 0.06760000437498093, -1.0415440797805786, -1.0155500173568726]
[-0.06759976595640182, -0.030593328177928925, 0.36070698499679565, 1.570862889289856, -0.0016785444458946586, 0.6901133060455322] [0.17184996604919434, 0.00762803852558136, -0.010779961943626404, 0.6719340085983276, 1.5861140489578247, 0.06800000369548798, -1.0415440797805786, -1.014016032218933]
[-0.06329317390918732, -0.03671501204371452, 0.36139774322509766, 1.5692662000656128, -0.004957172088325024, 0.6579335927963257] [0.16878196597099304, -0.030721962451934814, -0.01231396198272705, 0.6719340085983276, 1.5876480340957642, 0.06760000437498093, -1.0415440797805786, -1.014016032218933]
[-0.059744447469711304, -0.04541442170739174, 0.3617248237133026, 1.5689506530761719, -0.006273006554692984, 0.6118942499160767] [0.1672479659318924, -0.08441196382045746, -0.015381962060928345, 0.6719340085983276, 1.5876480340957642, 0.06800000369548798, -1.0415440797805786, -1.014016032218933]
[-0.057072412222623825, -0.05421725660562515, 0.36165833473205566, 1.5683765411376953, -0.005838579032570124, 0.5658552050590515] [0.1672479659318924, -0.13349996507167816, -0.01691596210002899, 0.676535964012146, 1.5876480340957642, 0.06800000369548798, -1.0400100946426392, -1.012481927871704]
[-0.05478513985872269, -0.06721360981464386, 0.36173489689826965, 1.5678486824035645, -0.0067522646859288216, 0.5014598965644836] [0.1672479659318924, -0.1933259665966034, -0.01691596210002899, 0.6796039938926697, 1.5876480340957642, 0.06800000369548798, -1.0369420051574707, -1.0109479427337646]
[-0.055069971829652786, -0.07202625274658203, 0.36199620366096497, 1.5674577951431274, -0.008184874430298805, 0.48458388447761536] [0.1672479659318924, -0.22860796749591827, -0.01844996213912964, 0.7072159647941589, 1.5891821384429932, 0.06800000369548798, -1.0338740348815918, -1.0094139575958252]
[-0.05640966445207596, -0.07553429901599884, 0.3619057834148407, 1.5666084289550781, -0.006820672657340765, 0.48301753401756287] [0.16571396589279175, -0.26388996839523315, -0.019983962178230286, 0.742497980594635, 1.5891821384429932, 0.06800000369548798, -1.0338740348815918, -1.0078799724578857]
[-0.05777183175086975, -0.07972023636102676, 0.3620966970920563, 1.5651097297668457, -0.0071336738765239716, 0.47839057445526123] [0.16571396589279175, -0.3007059693336487, -0.02305196225643158, 0.7777799963951111, 1.5891821384429932, 0.06800000369548798, -1.0323400497436523, -1.0078799724578857]
[-0.05991937220096588, -0.08201786130666733, 0.36184510588645935, 1.5627737045288086, -0.00504993787035346, 0.48601505160331726] [0.16571396589279175, -0.3313859701156616, -0.02765396237373352, 0.8207319974899292, 1.5891821384429932, 0.06800000369548798, -1.030806064605713, -1.0078799724578857]
[-0.062386129051446915, -0.08483254909515381, 0.36156246066093445, 1.55673086643219, -0.0019082716898992658, 0.49199751019477844] [0.16571396589279175, -0.3666679859161377, -0.03378996253013611, 0.8606159687042236, 1.5907161235809326, 0.06800000369548798, -1.0292720794677734, -1.0063459873199463]
[-0.06517645716667175, -0.0869406908750534, 0.3611430823802948, 1.5556483268737793, 0.0018971742829307914, 0.5041459798812866] [0.1641799658536911, -0.40808597207069397, -0.04299396276473999, 0.9173740148544312, 1.5907161235809326, 0.06800000369548798, -1.0292720794677734, -1.0063459873199463]
[-0.06840935349464417, -0.08892194926738739, 0.36035892367362976, 1.5532430410385132, 0.008394618518650532, 0.5192300081253052] [0.1641799658536911, -0.43416398763656616, -0.04452796280384064, 0.9541900157928467, 1.592250108718872, 0.06800000369548798, -1.024670124053955, -1.0048120021820068]
[-0.07155372947454453, -0.08969821035861969, 0.36005735397338867, 1.5503536462783813, 0.011402321979403496, 0.5358932614326477] [0.1641799658536911, -0.4571739733219147, -0.05219796299934387, 1.0002100467681885, 1.592250108718872, 0.06800000369548798, -1.0200680494308472, -1.0002100467681885]
[-0.07540515810251236, -0.08861766755580902, 0.3597060441970825, 1.5451850891113281, 0.015573887154459953, 0.5662538409233093] [0.16264596581459045, -0.47864997386932373, -0.05986796319484711, 1.055433988571167, 1.592250108718872, 0.06800000369548798, -1.0170000791549683, -0.9986760020256042]
[-0.07936477661132812, -0.08914148062467575, 0.35934484004974365, 1.543351650238037, 0.019098851829767227, 0.5890445113182068] [0.1641799658536911, -0.5077959895133972, -0.061401963233947754, 1.0999200344085693, 1.592250108718872, 0.06800000369548798, -1.0154660940170288, -0.9956079721450806]
[-0.08295640349388123, -0.08989015221595764, 0.35903269052505493, 1.5439871549606323, 0.021223241463303566, 0.6073797345161438] [0.16264596581459045, -0.5369420051574707, -0.0629359632730484, 1.14900803565979, 1.592250108718872, 0.06800000369548798, -1.0139321088790894, -0.9956079721450806]
[-0.08694737404584885, -0.09111166000366211, 0.3590499460697174, 1.5438400506973267, 0.021677112206816673, 0.6256856322288513] [0.16264596581459045, -0.5660879611968994, -0.0660039633512497, 1.202697992324829, 1.5937840938568115, 0.06800000369548798, -1.010864019393921, -0.9925400018692017]
[-0.09099272638559341, -0.09081001579761505, 0.3585823178291321, 1.5428543090820312, 0.025900885462760925, 0.6515209078788757] [0.16264596581459045, -0.5875639915466309, -0.07060596346855164, 1.2471840381622314, 1.592250108718872, 0.06800000369548798, -1.007796049118042, -0.989471971988678]
[-0.09465223550796509, -0.08943044394254684, 0.35851526260375977, 1.5425255298614502, 0.027408534660935402, 0.6789131760597229] [0.16264596581459045, -0.5952339768409729, -0.07367396354675293, 1.2855340242385864, 1.5937840938568115, 0.06800000369548798, -1.0016601085662842, -0.9818019866943359]
[-0.09860295802354813, -0.08680715411901474, 0.35819536447525024, 1.5371544361114502, 0.03125687316060066, 0.7137534022331238] [0.16264596581459045, -0.5967679619789124, -0.07827596366405487, 1.319282054901123, 1.592250108718872, 0.06800000369548798, -0.9955240488052368, -0.9771999716758728]
[-0.10278859734535217, -0.08393367379903793, 0.3580982983112335, 1.5337538719177246, 0.03392036259174347, 0.7516933679580688] [0.16264596581459045, -0.5967679619789124, -0.08287796378135681, 1.357632040977478, 1.5937840938568115, 0.06800000369548798, -0.9893880486488342, -0.9725979566574097]
[-0.10624030232429504, -0.08170482516288757, 0.3582025170326233, 1.5331623554229736, 0.03427816182374954, 0.7821484804153442] [0.16264596581459045, -0.5967679619789124, -0.08441196382045746, 1.4021179676055908, 1.6014540195465088, 0.06800000369548798, -0.9878540635108948, -0.9695299863815308]
[-0.11058013141155243, -0.0788240134716034, 0.3583897054195404, 1.5471141338348389, 0.035794250667095184, 0.8233320713043213] [0.16264596581459045, -0.5967679619789124, -0.08747996389865875, 1.437399983406067, 1.6244640350341797, 0.06800000369548798, -0.9863200783729553, -0.9679960012435913]
[-0.11465202271938324, -0.07616648823022842, 0.3587699234485626, 1.569189190864563, 0.03655587136745453, 0.8613974452018738] [0.1611119657754898, -0.5952339768409729, -0.0890139639377594, 1.4680800437927246, 1.64900803565979, 0.06800000369548798, -0.9847860336303711, -0.9679960012435913]
[-0.11727630347013474, -0.07423599809408188, 0.3585965633392334, 1.5915967226028442, 0.03989043086767197, 0.8888797163963318] [0.16264596581459045, -0.5875639915466309, -0.0890139639377594, 1.4788179397583008, 1.6643481254577637, 0.06800000369548798, -0.9832520484924316, -0.9679960012435913]
[-0.11823473870754242, -0.07044848799705505, 0.35862821340560913, 1.6094475984573364, 0.042057596147060394, 0.9163984060287476] [0.16571396589279175, -0.5584179759025574, -0.0890139639377594, 1.4788179397583008, 1.6858240365982056, 0.06800000369548798, -0.9847860336303711, -0.9679960012435913]
[-0.11914133280515671, -0.06636625528335571, 0.3577854633331299, 1.6324682235717773, 0.04810373857617378, 0.945702850818634] [0.17184996604919434, -0.533873975276947, -0.0890139639377594, 1.4757499694824219, 1.6950280666351318, 0.06800000369548798, -0.9847860336303711, -0.9679960012435913]
[-0.11916229873895645, -0.06336314231157303, 0.3580085337162018, 1.6376811265945435, 0.047579679638147354, 0.9625888466835022] [0.17184996604919434, -0.5031939744949341, -0.08747996389865875, 1.469614028930664, 1.7026981115341187, 0.06800000369548798, -0.9863200783729553, -0.9695299863815308]
[-0.12001713365316391, -0.05849825218319893, 0.3577158451080322, 1.64564049243927, 0.050500184297561646, 0.9947600960731506] [0.17338396608829498, -0.46330997347831726, -0.0859459638595581, 1.4619439840316772, 1.707300066947937, 0.06800000369548798, -0.9909220933914185, -0.9725979566574097]
[-0.11966303735971451, -0.05348554253578186, 0.35760635137557983, 1.6461873054504395, 0.052493173629045486, 1.0192307233810425] [0.17338396608829498, -0.4126879572868347, -0.0859459638595581, 1.4420020580291748, 1.7088340520858765, 0.06760000437498093, -0.9939900636672974, -0.9756659865379333]
[-0.12084416300058365, -0.04651208966970444, 0.3573680520057678, 1.6498762369155884, 0.05388844758272171, 1.0639348030090332] [0.17491796612739563, -0.35132795572280884, -0.08134396374225616, 1.4205260276794434, 1.7088340520858765, 0.06800000369548798, -0.9985920786857605, -0.9802680015563965]
[-0.12374170869588852, -0.0317101776599884, 0.3572297692298889, 1.6497313976287842, 0.05512342229485512, 1.148471474647522] [0.17645196616649628, -0.20866596698760986, -0.07520796358585358, 1.3745059967041016, 1.7088340520858765, 0.06800000369548798, -1.004728078842163, -0.9864040017127991]
[-0.12470916658639908, -0.01907375082373619, 0.3571160137653351, 1.6571723222732544, 0.05038435384631157, 1.2015595436096191] [0.18258796632289886, -0.13963596522808075, -0.06753796339035034, 1.3300199508666992, 1.7088340520858765, 0.06800000369548798, -1.0123980045318604, -0.9956079721450806]
[-0.12060456722974777, -0.01793607696890831, 0.35685163736343384, 1.6631848812103271, 0.04913836345076561, 1.1821036338806152] [0.18258796632289886, -0.13349996507167816, -0.0660039633512497, 1.30240797996521, 1.7088340520858765, 0.06800000369548798, -1.0200680494308472, -1.001744031906128]
[-0.12097060680389404, -0.017539890483021736, 0.3560599386692047, 1.669708490371704, 0.05277683213353157, 1.165525197982788] [0.18258796632289886, -0.11969395726919174, -0.06446996331214905, 1.2732620239257812, 1.7088340520858765, 0.06800000369548798, -1.0216020345687866, -1.001744031906128]
[-0.12680396437644958, -0.01559955533593893, 0.3557361364364624, 1.674250602722168, 0.05474323779344559, 1.1487386226654053] [0.18258796632289886, -0.10128595679998398, -0.0629359632730484, 1.2364460229873657, 1.7088340520858765, 0.06800000369548798, -1.023136019706726, -1.0032780170440674]
[-0.1270807832479477, -0.014427702873945236, 0.35546866059303284, 1.6748684644699097, 0.05799140781164169, 1.1254914999008179] [0.1841219663619995, -0.08747996389865875, -0.0629359632730484, 1.1950279474258423, 1.7088340520858765, 0.06800000369548798, -1.0262041091918945, -1.0048120021820068]
[-0.11833125352859497, -0.014891930855810642, 0.3555879592895508, 1.6750891208648682, 0.05478658527135849, 1.0979727506637573] [0.1841219663619995, -0.07980996370315552, -0.05833396315574646, 1.1551439762115479, 1.707300066947937, 0.06760000437498093, -1.0292720794677734, -1.0078799724578857]
[-0.11167839169502258, -0.0157215166836977, 0.35614249110221863, 1.676254153251648, 0.0478774718940258, 1.0674965381622314] [0.1841219663619995, -0.07520796358585358, -0.050663962960243225, 1.113726019859314, 1.707300066947937, 0.06800000369548798, -1.0338740348815918, -1.0109479427337646]
[-0.1136263906955719, -0.01652800850570202, 0.35623884201049805, 1.6831868886947632, 0.0456269197165966, 1.0353648662567139] [0.1841219663619995, -0.07213996350765228, -0.04299396276473999, 1.0830459594726562, 1.707300066947937, 0.06800000369548798, -1.043078064918518, -1.0216859579086304]
[-0.1120724231004715, -0.017434600740671158, 0.3569023907184601, 1.6972419023513794, 0.03633711114525795, 1.005324125289917] [0.1841219663619995, -0.07213996350765228, 0.001492038369178772, 1.0615699291229248, 1.707300066947937, 0.06800000369548798, -1.0584180355072021, -1.035491943359375]
[-0.10472509264945984, -0.024770667776465416, 0.3670361638069153, 1.7641029357910156, -0.05359944701194763, 0.9416165947914124] [0.18258796632289886, -0.11048995703458786, 0.16716404259204865, 0.9910060167312622, 1.707300066947937, 0.06800000369548798, -1.0676220655441284, -1.0446959733963013]
[-0.08725890517234802, -0.04209405928850174, 0.39005544781684875, 1.9549334049224854, -0.24315837025642395, 0.7356473803520203] [0.17951996624469757, -0.10895595699548721, 0.5123140811920166, 0.7486339807510376, 1.707300066947937, 0.06800000369548798, -1.0706900358200073, -1.0462299585342407]
[-0.06009857729077339, -0.0783873125910759, 0.40503057837486267, 2.3175172805786133, -0.3521759808063507, 0.3801385760307312] [0.18258796632289886, -0.13196596503257751, 0.7684920430183411, 0.5231359601020813, 1.7057660818099976, 0.06800000369548798, -1.0706900358200073, -1.0462299585342407]
[-0.04418002441525459, -0.10726434737443924, 0.4019000232219696, 2.5420262813568115, -0.31215575337409973, 0.1472129225730896] [0.18565596640110016, -0.16878196597099304, 0.931096076965332, 0.4096199870109558, 1.7057660818099976, 0.06800000369548798, -1.0722240209579468, -1.0492980480194092]
[-0.039296697825193405, -0.12716183066368103, 0.39882633090019226, 2.6964454650878906, -0.27511197328567505, 0.008607680909335613] [0.18565596640110016, -0.2163359671831131, 1.0860300064086914, 0.3083759546279907, 1.707300066947937, 0.06760000437498093, -1.0752921104431152, -1.052366018295288]
[-0.03799642249941826, -0.1535632461309433, 0.39137470722198486, 2.883413791656494, -0.20089231431484222, -0.15504609048366547] [0.1871899664402008, -0.2776959538459778, 1.2532360553741455, 0.20559796690940857, 1.7057660818099976, 0.06760000437498093, -1.0783600807189941, -1.055433988571167]
[-0.03997911140322685, -0.17715594172477722, 0.3785921633243561, 3.030134916305542, -0.08754061907529831, -0.2887783646583557] [0.1933259665966034, -0.3375219702720642, 1.3652180433273315, 0.10281995683908463, 1.707300066947937, 0.06760000437498093, -1.0829620361328125, -1.0615699291229248]
[-0.043944742530584335, -0.1912960559129715, 0.37016668915748596, 3.0594263076782227, -0.033222440630197525, -0.360938161611557] [0.23320996761322021, -0.43416398763656616, 1.386694073677063, 0.10281995683908463, 1.707300066947937, 0.06760000437498093, -1.0983021259307861, -1.078444004058838]
[-0.05739736184477806, -0.2203500121831894, 0.35317710041999817, 3.030550956726074, 0.05075577646493912, -0.5140403509140015] [0.3145119547843933, -0.5706899762153625, 1.425044059753418, 0.10281995683908463, 1.707300066947937, 0.06800000369548798, -1.1213120222091675, -1.0999200344085693]
[-0.06562178581953049, -0.23493556678295135, 0.3446511924266815, 3.0144143104553223, 0.09486982226371765, -0.5988230109214783] [0.3543959856033325, -0.6243799924850464, 1.4541900157928467, 0.10128595679998398, 1.707300066947937, 0.06800000369548798, -1.124380111694336, -1.1075899600982666]
[-0.06486427038908005, -0.23598285019397736, 0.3405941128730774, 3.0212035179138184, 0.11682823300361633, -0.6061755418777466] [0.3697359561920166, -0.6228460073471069, 1.4679961204528809, 0.09514996409416199, 1.707300066947937, 0.06800000369548798, -1.1289820671081543, -1.1106579303741455]
[-0.06467835605144501, -0.23638705909252167, 0.33565983176231384, 3.0161478519439697, 0.14515767991542816, -0.6111841201782227] [0.3896779716014862, -0.6228460073471069, 1.483336091041565, 0.08747996389865875, 1.707300066947937, 0.06800000369548798, -1.1489241123199463, -1.1305999755859375]
[-0.06344927847385406, -0.23680081963539124, 0.33091723918914795, 3.0190887451171875, 0.17045530676841736, -0.6162999272346497] [0.4050179719924927, -0.6228460073471069, 1.5002100467681885, 0.08747996389865875, 1.707300066947937, 0.06800000369548798, -1.1596620082855225, -1.1413379907608032]
[-0.062117163091897964, -0.23675654828548431, 0.32562118768692017, 3.0120491981506348, 0.19709151983261108, -0.6193666458129883] [0.4326299726963043, -0.6228460073471069, 1.5109480619430542, 0.0859459638595581, 1.707300066947937, 0.06800000369548798, -1.1719341278076172, -1.1536099910736084]
[-0.06178198754787445, -0.23721212148666382, 0.3181407153606415, 2.9928202629089355, 0.23518405854701996, -0.628010094165802] [0.4587079882621765, -0.6228460073471069, 1.518618106842041, 0.0859459638595581, 1.707300066947937, 0.06800000369548798, -1.1857401132583618, -1.167415976524353]
[-0.06030428037047386, -0.2370128482580185, 0.3145592212677002, 2.9841535091400146, 0.2531968355178833, -0.6301589012145996] [0.46330997347831726, -0.6213119626045227, 1.5201520919799805, 0.0859459638595581, 1.707300066947937, 0.06800000369548798, -1.193410038948059, -1.1735520362854004]
[-0.05879879742860794, -0.2366655319929123, 0.31280872225761414, 2.9771344661712646, 0.26258358359336853, -0.6305441856384277] [0.46330997347831726, -0.6197779774665833, 1.5201520919799805, 0.08747996389865875, 1.707300066947937, 0.06800000369548798, -1.198012113571167, -1.1796879768371582]
[-0.05796603485941887, -0.23663100600242615, 0.31209760904312134, 2.9736855030059814, 0.2656966745853424, -0.6310012936592102] [0.46330997347831726, -0.6213119626045227, 1.5201520919799805, 0.0890139639377594, 1.707300066947937, 0.06800000369548798, -1.198012113571167, -1.1796879768371582]
[-0.05732062831521034, -0.23660410940647125, 0.3112161159515381, 2.969651699066162, 0.26959478855133057, -0.6316194534301758] [0.4648439884185791, -0.6197779774665833, 1.518618106842041, 0.0890139639377594, 1.707300066947937, 0.06760000437498093, -1.1964781284332275, -1.1766200065612793]
[-0.055845800787210464, -0.23448073863983154, 0.3105849325656891, 2.972743272781372, 0.27226686477661133, -0.6191521286964417] [0.46637797355651855, -0.5983020067214966, 1.518618106842041, 0.09054796397686005, 1.707300066947937, 0.06800000369548798, -1.198012113571167, -1.1766200065612793]
[-0.05421554669737816, -0.2323012799024582, 0.31000688672065735, 2.9765493869781494, 0.27416664361953735, -0.606574535369873] [0.4648439884185791, -0.5952339768409729, 1.518618106842041, 0.09054796397686005, 1.707300066947937, 0.06800000369548798, -1.198012113571167, -1.1766200065612793]
[-0.05426426976919174, -0.23231157660484314, 0.30995938181877136, 2.976672887802124, 0.27416664361953735, -0.6065427660942078] [0.4648439884185791, -0.5952339768409729, 1.518618106842041, 0.09054796397686005, 1.707300066947937, 0.06760000437498093, -1.1964781284332275, -1.1766200065612793]
[-0.05426767095923424, -0.23231400549411774, 0.31002432107925415, 2.9768290519714355, 0.2739715278148651, -0.6065003275871277] [0.4648439884185791, -0.5967679619789124, 1.518618106842041, 0.09054796397686005, 1.707300066947937, 0.06760000437498093, -1.1964781284332275, -1.1766200065612793]
[-0.05449273809790611, -0.23254629969596863, 0.3101954162120819, 2.9762721061706543, 0.27320167422294617, -0.6080359816551208] [0.4648439884185791, -0.5967679619789124, 1.518618106842041, 0.09054796397686005, 1.707300066947937, 0.06760000437498093, -1.1964781284332275, -1.1766200065612793]
[-0.05452081933617592, -0.23254409432411194, 0.3101675510406494, 2.9762191772460938, 0.27323994040489197, -0.6080504655838013] [0.4648439884185791, -0.5967679619789124, 1.518618106842041, 0.09054796397686005, 1.707300066947937, 0.06760000437498093, -1.1964781284332275, -1.1781539916992188]
[-0.054252829402685165, -0.2322859913110733, 0.3100777864456177, 2.9766857624053955, 0.27383410930633545, -0.6065366864204407] [0.4648439884185791, -0.5952339768409729, 1.518618106842041, 0.09054796397686005, 1.707300066947937, 0.06800000369548798, -1.198012113571167, -1.1781539916992188]
