[0.28996795415878296, -0.39121198654174805, 0.9218920469284058, 0.8728879690170288, 1.8791080713272095, 0.20559999346733093, 0.04452796280384064] [0.18624484539031982, -0.12560679018497467, 0.12572133541107178, 2.5971193313598633, -0.37625041604042053, 0.1980564445257187] [0.990032970905304, -0.3634016513824463, -0.5467314720153809]
[0.28689998388290405, -0.39121198654174805, 0.9218920469284058, 0.8728879690170288, 1.8791080713272095, 0.20440000295639038, 0.046061962842941284] [0.18624484539031982, -0.12560679018497467, 0.12572133541107178, 2.5971193313598633, -0.37625041604042053, 0.1980564445257187] [0.990032970905304, -0.3634016513824463, -0.5467314720153809]
[0.2853659689426422, -0.39121198654174805, 0.9218920469284058, 0.8728879690170288, 1.8791080713272095, 0.20440000295639038, 0.046061962842941284] [0.1862051635980606, -0.12560679018497467, 0.12600702047348022, 2.596794605255127, -0.37775444984436035, 0.19817599654197693] [0.990032970905304, -0.3634016513824463, -0.5467314720153809]
[0.28689998388290405, -0.39121198654174805, 0.9218920469284058, 0.8728879690170288, 1.8791080713272095, 0.20399999618530273, 0.046061962842941284] [0.1862051635980606, -0.12560679018497467, 0.12600702047348022, 2.596794605255127, -0.37775444984436035, 0.19817599654197693] [0.990032970905304, -0.3634016513824463, -0.5467314720153809]
[0.28689998388290405, -0.39121198654174805, 0.9218920469284058, 0.8728879690170288, 1.8791080713272095, 0.20440000295639038, 0.046061962842941284] [0.18624484539031982, -0.12560679018497467, 0.12572133541107178, 2.5971193313598633, -0.37625041604042053, 0.1980564445257187] [0.990032970905304, -0.3634016513824463, -0.5467314720153809]
[0.28689998388290405, -0.39121198654174805, 0.9218920469284058, 0.8728879690170288, 1.8791080713272095, 0.20440000295639038, 0.046061962842941284] [0.18624484539031982, -0.12560679018497467, 0.12572133541107178, 2.5971193313598633, -0.37625041604042053, 0.1980564445257187] [0.990032970905304, -0.3634016513824463, -0.5467314720153809]
[0.28689998388290405, -0.39121198654174805, 0.9218920469284058, 0.8728879690170288, 1.8791080713272095, 0.20440000295639038, 0.046061962842941284] [0.18624484539031982, -0.12560679018497467, 0.12572133541107178, 2.5971193313598633, -0.37625041604042053, 0.1980564445257187] [0.990032970905304, -0.3634016513824463, -0.5467314720153809]
[0.28689998388290405, -0.39121198654174805, 0.9218920469284058, 0.8728879690170288, 1.880642056465149, 0.20440000295639038, 0.046061962842941284] [0.1862051635980606, -0.12560679018497467, 0.12600702047348022, 2.596794605255127, -0.37775444984436035, 0.19817599654197693] [0.990032970905304, -0.3634016513824463, -0.5467314720153809]
[0.28689998388290405, -0.3927459716796875, 0.9218920469284058, 0.8728879690170288, 1.8791080713272095, 0.20440000295639038, 0.046061962842941284] [0.18624484539031982, -0.12560679018497467, 0.12572133541107178, 2.5971193313598633, -0.37625041604042053, 0.1980564445257187] [0.990032970905304, -0.3634016513824463, -0.5467314720153809]
[0.28689998388290405, -0.39121198654174805, 0.9218920469284058, 0.8728879690170288, 1.8791080713272095, 0.20440000295639038, 0.04759596288204193] [0.18624484539031982, -0.12560679018497467, 0.12572133541107178, 2.5971193313598633, -0.37625041604042053, 0.1980564445257187] [0.990032970905304, -0.3634016513824463, -0.5467314720153809]
[0.28689998388290405, -0.39121198654174805, 0.9218920469284058, 0.8728879690170288, 1.8791080713272095, 0.20440000295639038, 0.04759596288204193] [0.18624484539031982, -0.12560679018497467, 0.12572133541107178, 2.5971193313598633, -0.37625041604042053, 0.1980564445257187] [0.990032970905304, -0.3634016513824463, -0.5467314720153809]
[0.28689998388290405, -0.39121198654174805, 0.9218920469284058, 0.8728879690170288, 1.8791080713272095, 0.20399999618530273, 0.04759596288204193] [0.18624484539031982, -0.12560679018497467, 0.12572133541107178, 2.5971193313598633, -0.37625041604042053, 0.1980564445257187] [0.990032970905304, -0.3634016513824463, -0.5467314720153809]
[0.2853659689426422, -0.39121198654174805, 0.9234260320663452, 0.8728879690170288, 1.8791080713272095, 0.20399999618530273, 0.046061962842941284] [0.18618537485599518, -0.12571658194065094, 0.1261003613471985, 2.598106622695923, -0.3785952925682068, 0.19729234278202057] [0.990032970905304, -0.3634016513824463, -0.5467314720153809]
[0.2853659689426422, -0.39121198654174805, 0.9188240766525269, 0.8728879690170288, 1.87757408618927, 0.20399999618530273, 0.04759596288204193] [0.18632319569587708, -0.12490569800138474, 0.12562033534049988, 2.592013359069824, -0.37446707487106323, 0.2030014842748642] [0.990032970905304, -0.3634016513824463, -0.5467314720153809]
[0.28383195400238037, -0.3896779716014862, 0.9218920469284058, 0.8728879690170288, 1.87757408618927, 0.20399999618530273, 0.04759596288204193] [0.18609999120235443, -0.12534384429454803, 0.12648050487041473, 2.597797393798828, -0.38125646114349365, 0.19989800453186035] [0.990032970905304, -0.3634016513824463, -0.5467314720153809]
[0.2853659689426422, -0.3896779716014862, 0.9218920469284058, 0.8728879690170288, 1.8760401010513306, 0.20440000295639038, 0.04759596288204193] [0.1862456053495407, -0.125343918800354, 0.12599514424800873, 2.597249984741211, -0.37783971428871155, 0.19947993755340576] [0.990032970905304, -0.3634016513824463, -0.5467314720153809]
[0.28383195400238037, -0.3896779716014862, 0.9188240766525269, 0.8728879690170288, 1.8760401010513306, 0.20440000295639038, 0.04759596288204193] [0.18622520565986633, -0.12523417174816132, 0.12618738412857056, 2.5956103801727295, -0.3785015046596527, 0.2004837691783905] [0.990032970905304, -0.3634016513824463, -0.5467314720153809]
[0.28383195400238037, -0.38814395666122437, 0.9203580617904663, 0.8728879690170288, 1.8760401010513306, 0.20399999618530273, 0.04759596288204193] [0.18622520565986633, -0.12523417174816132, 0.12618738412857056, 2.5956103801727295, -0.3785015046596527, 0.2004837691783905] [0.990032970905304, -0.3634016513824463, -0.5467314720153809]
[0.28076398372650146, -0.38814395666122437, 0.9203580617904663, 0.8728879690170288, 1.8760401010513306, 0.20440000295639038, 0.04759596288204193] [0.18601632118225098, -0.12497115135192871, 0.1278889924287796, 2.5940709114074707, -0.3876038193702698, 0.2025337815284729] [0.990032970905304, -0.3634016513824463, -0.5467314720153809]
[0.2623559832572937, -0.38814395666122437, 0.9218920469284058, 0.8728879690170288, 1.8760401010513306, 0.20440000295639038, 0.04759596288204193] [0.18543122708797455, -0.12523417174816132, 0.13131879270076752, 2.5896270275115967, -0.4055541455745697, 0.20277003943920135] [0.990032970905304, -0.3634016513824463, -0.5467314720153809]
[0.23320996761322021, -0.38814395666122437, 0.9172900915145874, 0.8744219541549683, 1.8760401010513306, 0.20440000295639038, 0.046061962842941284] [0.18324518203735352, -0.12431342899799347, 0.14226152002811432, 2.568641424179077, -0.46241891384124756, 0.21569541096687317] [0.990032970905304, -0.3634016513824463, -0.5467314720153809]
[0.12736396491527557, -0.3896779716014862, 0.9080860614776611, 0.8728879690170288, 1.8760401010513306, 0.20399999618530273, 0.046061962842941284] [0.17402011156082153, -0.12403830140829086, 0.17166768014431, 2.515200614929199, -0.6185610294342041, 0.24086648225784302] [0.990032970905304, -0.3634016513824463, -0.5467314720153809]
[-0.026036038994789124, -0.38814395666122437, 0.8758720755577087, 0.8713539838790894, 1.8760401010513306, 0.20440000295639038, 0.04452796280384064] [0.16489090025424957, -0.12048090249300003, 0.19108296930789948, 2.423145294189453, -0.7152113914489746, 0.29771125316619873] [0.990032970905304, -0.3634016513824463, -0.5467314720153809]
[-0.14108604192733765, -0.38814395666122437, 0.8160460591316223, 0.8698199987411499, 1.8760401010513306, 0.20440000295639038, 0.04299396276473999] [0.16061054170131683, -0.1176309809088707, 0.19872041046619415, 2.352959156036377, -0.7453958988189697, 0.33800917863845825] [0.990032970905304, -0.3634016513824463, -0.5467314720153809]
[-0.191708043217659, -0.38814395666122437, 0.753152072429657, 0.8713539838790894, 1.8760401010513306, 0.20440000295639038, 0.04299396276473999] [0.16076841950416565, -0.11029817909002304, 0.19829928874969482, 2.221102714538574, -0.7049015164375305, 0.4064076542854309] [0.990032970905304, -0.3634016513824463, -0.5467314720153809]
[-0.23619404435157776, -0.3835419714450836, 0.5614020824432373, 0.8713539838790894, 1.8760401010513306, 0.20440000295639038, 0.04299396276473999] [0.16169428825378418, -0.09770873934030533, 0.19589410722255707, 2.0431833267211914, -0.6312292218208313, 0.5005196928977966] [0.990032970905304, -0.3634016513824463, -0.5467314720153809]
[-0.29755404591560364, -0.33598798513412476, 0.5046440362930298, 0.8713539838790894, 1.8760401010513306, 0.20399999618530273, 0.04452796280384064] [0.15842050313949585, -0.08912301808595657, 0.20079511404037476, 1.9850144386291504, -0.6423459053039551, 0.5666981935501099] [0.990032970905304, -0.3634016513824463, -0.5467314720153809]
[-0.33437004685401917, -0.29610395431518555, 0.4294780492782593, 0.8713539838790894, 1.8745061159133911, 0.20440000295639038, 0.04452796280384064] [0.15855367481708527, -0.07713181525468826, 0.19808480143547058, 1.8720051050186157, -0.5821794271469116, 0.6381419897079468] [0.990032970905304, -0.3634016513824463, -0.5467314720153809]
[-0.36351603269577026, -0.25928795337677, 0.243864044547081, 0.8713539838790894, 1.8745061159133911, 0.20440000295639038, 0.04452796280384064] [0.16167977452278137, -0.06556491553783417, 0.1885640174150467, 1.733883261680603, -0.46735879778862, 0.6835317611694336] [0.990032970905304, -0.3634016513824463, -0.5467314720153809]
[-0.39266204833984375, -0.1871899664402008, 0.17023204267024994, 0.8698199987411499, 1.8760401010513306, 0.20440000295639038, 0.046061962842941284] [0.15888120234012604, -0.05174772068858147, 0.18747775256633759, 1.6601959466934204, -0.43003079295158386, 0.7598438858985901] [0.990032970905304, -0.3634016513824463, -0.5467314720153809]
[-0.41260403394699097, -0.12889796495437622, 0.12881404161453247, 0.8698199987411499, 1.8745061159133911, 0.20399999618530273, 0.04452796280384064] [0.15688753128051758, -0.038900624960660934, 0.1830451786518097, 1.5880075693130493, -0.37275704741477966, 0.8221848011016846] [0.990032970905304, -0.3634016513824463, -0.5467314720153809]
[-0.41567206382751465, -0.0859459638595581, 0.05364803969860077, 0.8713539838790894, 1.8745061159133911, 0.20399999618530273, 0.04452796280384064] [0.15653906762599945, -0.030211206525564194, 0.17671304941177368, 1.5374466180801392, -0.31349942088127136, 0.8559479713439941] [0.990032970905304, -0.3634016513824463, -0.5467314720153809]
[-0.4202740490436554, -0.030721962451934814, -0.015381962060928345, 0.8698199987411499, 1.8745061159133911, 0.20440000295639038, 0.04452796280384064] [0.15539483726024628, -0.021772637963294983, 0.1708483099937439, 1.4833203554153442, -0.25686296820640564, 0.88895583152771] [0.990032970905304, -0.3634016513824463, -0.5467314720153809]
[-0.4279440641403198, 0.010696038603782654, -0.10128595679998398, 0.8713539838790894, 1.8745061159133911, 0.20399999618530273, 0.04452796280384064] [0.15552522242069244, -0.015310301445424557, 0.1626897156238556, 1.4066694974899292, -0.18031759560108185, 0.9024176001548767] [0.990032970905304, -0.3634016513824463, -0.5467314720153809]
[-0.43561404943466187, 0.055182039737701416, -0.18872396647930145, 0.8713539838790894, 1.8729721307754517, 0.20440000295639038, 0.046061962842941284] [0.15374372899532318, -0.007805518805980682, 0.1563127636909485, 1.3536001443862915, -0.12356612086296082, 0.9303968548774719] [0.990032970905304, -0.3634016513824463, -0.5467314720153809]
[-0.4463520646095276, 0.07819204032421112, -0.17951996624469757, 0.8713539838790894, 1.8729721307754517, 0.20440000295639038, 0.046061962842941284] [0.15238897502422333, -0.006058255676180124, 0.15743207931518555, 1.3497251272201538, -0.1283893585205078, 0.941851794719696] [0.990032970905304, -0.3634016513824463, -0.5467314720153809]
[-0.4371480345726013, 0.07665804028511047, -0.18258796632289886, 0.8698199987411499, 1.8729721307754517, 0.20440000295639038, 0.046061962842941284] [0.15371520817279816, -0.006727632135152817, 0.15523661673069, 1.3569538593292236, -0.11869589984416962, 0.934228241443634] [0.990032970905304, -0.3634016513824463, -0.5467314720153809]
[-0.43254604935646057, 0.07972604036331177, -0.1841219663619995, 0.8698199987411499, 1.8729721307754517, 0.20440000295639038, 0.046061962842941284] [0.153500497341156, -0.005979797802865505, 0.15458914637565613, 1.358293890953064, -0.11532872915267944, 0.938252866268158] [0.990032970905304, -0.3634016513824463, -0.5467314720153809]
[-0.4141380488872528, 0.07972604036331177, -0.19485996663570404, 0.8698199987411499, 1.8729721307754517, 0.20440000295639038, 0.04452796280384064] [0.1552775502204895, -0.006138058379292488, 0.14965003728866577, 1.3728481531143188, -0.09248976409435272, 0.9324135184288025] [0.990032970905304, -0.3634016513824463, -0.5467314720153809]
[-0.39879804849624634, 0.08126004040241241, -0.19485996663570404, 0.8698199987411499, 1.8683700561523438, 0.20399999618530273, 0.046061962842941284] [0.15559473633766174, -0.006340826395899057, 0.14901360869407654, 1.3800382614135742, -0.09142493456602097, 0.9315323829650879] [0.990032970905304, -0.3634016513824463, -0.5467314720153809]
[-0.39879804849624634, 0.08279404044151306, -0.18105396628379822, 0.8698199987411499, 1.8683700561523438, 0.20440000295639038, 0.046061962842941284] [0.15429578721523285, -0.004425510764122009, 0.14944466948509216, 1.386359453201294, -0.09565556049346924, 0.9455690383911133] [0.990032970905304, -0.3634016513824463, -0.5467314720153809]
[-0.38959404826164246, 0.09813404083251953, -0.17951996624469757, 0.8698199987411499, 1.8729721307754517, 0.20399999618530273, 0.046061962842941284] [0.15476882457733154, -0.003930676728487015, 0.14696519076824188, 1.3981754779815674, -0.08574630320072174, 0.9473387002944946] [0.990032970905304, -0.3634016513824463, -0.5467314720153809]
[-0.374254047870636, 0.09199804067611694, -0.17798596620559692, 0.8698199987411499, 1.8760401010513306, 0.20399999618530273, 0.046061962842941284] [0.15498991310596466, -0.0036835966166108847, 0.1457241177558899, 1.4040958881378174, -0.08081301301717758, 0.9482727646827698] [0.990032970905304, -0.3634016513824463, -0.5467314720153809]
[-0.36351603269577026, 0.09813404083251953, -0.17951996624469757, 0.8713539838790894, 1.8760401010513306, 0.20399999618530273, 0.046061962842941284] [0.15508003532886505, -0.003169056959450245, 0.14432600140571594, 1.4119116067886353, -0.07563126087188721, 0.951073944568634] [0.990032970905304, -0.3634016513824463, -0.5467314720153809]
[-0.36351603269577026, 0.09813404083251953, -0.17645196616649628, 0.8713539838790894, 1.8745061159133911, 0.20399999618530273, 0.046061962842941284] [0.15502703189849854, -0.0031482335180044174, 0.1444595456123352, 1.412865161895752, -0.076705701649189, 0.9515441656112671] [0.990032970905304, -0.3634016513824463, -0.5467314720153809]
[-0.3619820475578308, 0.10427004098892212, -0.17798596620559692, 0.8713539838790894, 1.8745061159133911, 0.20399999618530273, 0.046061962842941284] [0.15486718714237213, -0.0021847502794116735, 0.1429314911365509, 1.4169306755065918, -0.069431833922863, 0.9564536809921265] [0.990032970905304, -0.3634016513824463, -0.5467314720153809]
[-0.35431206226348877, 0.10580404102802277, -0.17798596620559692, 0.8698199987411499, 1.8745061159133911, 0.20399999618530273, 0.046061962842941284] [0.15506310760974884, -0.0021847502794116735, 0.14221832156181335, 1.4206997156143188, -0.06677862256765366, 0.9561971426010132] [0.990032970905304, -0.3634016513824463, -0.5467314720153809]
[-0.3481760621070862, 0.10580404102802277, -0.17798596620559692, 0.8713539838790894, 1.8745061159133911, 0.20440000295639038, 0.046061962842941284] [0.15472425520420074, -0.0015923697501420975, 0.14170707762241364, 1.423475742340088, -0.06463488936424255, 0.9608285427093506] [0.990032970905304, -0.3634016513824463, -0.5467314720153809]
[-0.34664204716682434, 0.113474041223526, -0.17645196616649628, 0.8698199987411499, 1.8760401010513306, 0.20440000295639038, 0.046061962842941284] [0.15473145246505737, -0.0007150663295760751, 0.14001676440238953, 1.428985357284546, -0.05719192326068878, 0.9643453359603882] [0.990032970905304, -0.3634016513824463, -0.5467314720153809]
[-0.32670003175735474, 0.113474041223526, -0.17951996624469757, 0.8759559988975525, 1.8745061159133911, 0.20440000295639038, 0.046061962842941284] [0.15472280979156494, -0.00017521412519272417, 0.1369541585445404, 1.4413636922836304, -0.04379289597272873, 0.9703481793403625] [0.990032970905304, -0.3634016513824463, -0.5467314720153809]
[-0.32056403160095215, 0.113474041223526, -0.17951996624469757, 0.8774899840354919, 1.8745061159133911, 0.20440000295639038, 0.046061962842941284] [0.1546369194984436, -0.0002609901421237737, 0.13663282990455627, 1.4427825212478638, -0.04218384250998497, 0.971676230430603] [0.990032970905304, -0.3634016513824463, -0.5467314720153809]
[-0.3190300464630127, 0.113474041223526, -0.17798596620559692, 0.8805580139160156, 1.8745061159133911, 0.20440000295639038, 0.04759596288204193] [0.15446297824382782, -0.00010450924310134724, 0.13602794706821442, 1.4452043771743774, -0.03931958228349686, 0.9744244813919067] [0.990032970905304, -0.3634016513824463, -0.5467314720153809]
[-0.31749606132507324, 0.113474041223526, -0.17951996624469757, 0.8805580139160156, 1.8745061159133911, 0.20440000295639038, 0.04759596288204193] [0.15466099977493286, -0.00018262682715430856, 0.13585588335990906, 1.4465298652648926, -0.03902320936322212, 0.9729480743408203] [0.990032970905304, -0.3634016513824463, -0.5467314720153809]
[-0.31442803144454956, 0.11500804126262665, -0.17951996624469757, 0.8805580139160156, 1.8745061159133911, 0.20479999482631683, 0.04759596288204193] [0.15471585094928741, -0.00018262682715430856, 0.13561858236789703, 1.447798728942871, -0.03815973550081253, 0.9728990197181702] [0.990032970905304, -0.3634016513824463, -0.5467314720153809]
[-0.3128940463066101, 0.11500804126262665, -0.17951996624469757, 0.8790239691734314, 1.8745061159133911, 0.20479999482631683, 0.046061962842941284] [0.155064195394516, -0.0001541036763228476, 0.13542717695236206, 1.451195478439331, -0.03882143273949623, 0.9704169034957886] [0.990032970905304, -0.3634016513824463, -0.5467314720153809]
[-0.3067580461502075, 0.11961004137992859, -0.17798596620559692, 0.8621499538421631, 1.8729721307754517, 0.20479999482631683, 0.04759596288204193] [0.15652641654014587, -0.00013391919492278248, 0.13457489013671875, 1.4583748579025269, -0.038695719093084335, 0.9588326215744019] [0.990032970905304, -0.3634016513824463, -0.5467314720153809]
[-0.30062204599380493, 0.12114404141902924, -0.17798596620559692, 0.8529459834098816, 1.8729721307754517, 0.20520000159740448, 0.04759596288204193] [0.15705807507038116, -0.00021232981816865504, 0.1343006193637848, 1.4608442783355713, -0.038742538541555405, 0.9544731378555298] [0.990032970905304, -0.3634016513824463, -0.5467314720153809]
[-0.29755404591560364, 0.12728004157543182, -0.17645196616649628, 0.8314700126647949, 1.8729721307754517, 0.20520000159740448, 0.04759596288204193] [0.15848177671432495, -1.0272542567690834e-05, 0.13481712341308594, 1.4647465944290161, -0.04556763172149658, 0.9410595893859863] [0.990032970905304, -0.3634016513824463, -0.5467314720153809]
[-0.2960200309753418, 0.14108604192733765, -0.17184996604919434, 0.7900519967079163, 1.8729721307754517, 0.20520000159740448, 0.04759596288204193] [0.16168972849845886, -7.305572944460437e-05, 0.13678529858589172, 1.4664080142974854, -0.0627097561955452, 0.9078224897384644] [0.990032970905304, -0.3634016513824463, -0.5467314720153809]
[-0.2960200309753418, 0.1594940423965454, -0.17184996604919434, 0.7256239652633667, 1.8729721307754517, 0.20559999346733093, 0.04759596288204193] [0.16498629748821259, -0.0010396740399301052, 0.138606458902359, 1.4686073064804077, -0.07856668531894684, 0.8725249171257019] [0.990032970905304, -0.3634016513824463, -0.5467314720153809]
[-0.2960200309753418, 0.17176604270935059, -0.1703159660100937, 0.6811379790306091, 1.8714380264282227, 0.20559999346733093, 0.04759596288204193] [0.16801817715168, -0.0017170336795970798, 0.14039471745491028, 1.4710474014282227, -0.09419454634189606, 0.8386901021003723] [0.990032970905304, -0.3634016513824463, -0.5467314720153809]
[-0.2960200309753418, 0.18403804302215576, -0.16878196597099304, 0.630515992641449, 1.8714380264282227, 0.20559999346733093, 0.04759596288204193] [0.17125985026359558, -0.0032397781033068895, 0.1421283483505249, 1.4737530946731567, -0.10933482646942139, 0.8014053106307983] [0.990032970905304, -0.3634016513824463, -0.5467314720153809]
[-0.29755404591560364, 0.1947760432958603, -0.1672479659318924, 0.5814279913902283, 1.8714380264282227, 0.20600000023841858, 0.04759596288204193] [0.17440219223499298, -0.005233303643763065, 0.14381754398345947, 1.477394700050354, -0.12398937344551086, 0.7639234662055969] [0.990032970905304, -0.3634016513824463, -0.5467314720153809]
[-0.2960200309753418, 0.20091204345226288, -0.16878196597099304, 0.5354079604148865, 1.8714380264282227, 0.20600000023841858, 0.04759596288204193] [0.1773686707019806, -0.007187454495579004, 0.1456131488084793, 1.4828039407730103, -0.13946585357189178, 0.7266402244567871] [0.990032970905304, -0.3634016513824463, -0.5467314720153809]
[-0.2960200309753418, 0.2085820436477661, -0.16878196597099304, 0.49245595932006836, 1.8714380264282227, 0.20600000023841858, 0.04759596288204193] [0.17988744378089905, -0.009473663754761219, 0.14688143134117126, 1.485878348350525, -0.15044699609279633, 0.694342851638794] [0.990032970905304, -0.3634016513824463, -0.5467314720153809]
[-0.29755404591560364, 0.2085820436477661, -0.16878196597099304, 0.4648439884185791, 1.8714380264282227, 0.20600000023841858, 0.04759596288204193] [0.1815900206565857, -0.011424746364355087, 0.14811474084854126, 1.4885209798812866, -0.15974564850330353, 0.6710466742515564] [0.990032970905304, -0.3634016513824463, -0.5467314720153809]
[-0.29755404591560364, 0.20704804360866547, -0.16878196597099304, 0.4571739733219147, 1.8714380264282227, 0.20600000023841858, 0.04759596288204193] [0.1821119785308838, -0.012537908740341663, 0.14862914383411407, 1.4891067743301392, -0.16279655694961548, 0.6636940836906433] [0.990032970905304, -0.3634016513824463, -0.5467314720153809]
[-0.3021560311317444, 0.1886400431394577, -0.1703159660100937, 0.4571739733219147, 1.8668360710144043, 0.20600000023841858, 0.04759596288204193] [0.18378624320030212, -0.017197120934724808, 0.15027092397212982, 1.4898827075958252, -0.1714649349451065, 0.6396845579147339] [0.990032970905304, -0.3634016513824463, -0.5467314720153809]
[-0.30522406101226807, 0.17176604270935059, -0.17184996604919434, 0.4571739733219147, 1.8653020858764648, 0.20559999346733093, 0.04759596288204193] [0.18466274440288544, -0.01926853507757187, 0.15035241842269897, 1.4898451566696167, -0.17209728062152863, 0.6285412907600403] [0.990032970905304, -0.3634016513824463, -0.5467314720153809]
[-0.3067580461502075, 0.1686980426311493, -0.17491796612739563, 0.4617759585380554, 1.8637681007385254, 0.20520000159740448, 0.04759596288204193] [0.1843041628599167, -0.018895458430051804, 0.15036806464195251, 1.48683762550354, -0.17117848992347717, 0.6328809261322021] [0.990032970905304, -0.3634016513824463, -0.5467314720153809]
[-0.3067580461502075, 0.16716404259204865, -0.17491796612739563, 0.4617759585380554, 1.8637681007385254, 0.20520000159740448, 0.04912996292114258] [0.18415680527687073, -0.019262617453932762, 0.15052054822444916, 1.4860543012619019, -0.17120808362960815, 0.634333610534668] [0.990032970905304, -0.3634016513824463, -0.5467314720153809]
[-0.308292031288147, 0.16102804243564606, -0.17491796612739563, 0.46944597363471985, 1.8637681007385254, 0.20479999482631683, 0.04912996292114258] [0.1842823028564453, -0.01972039043903351, 0.15053361654281616, 1.486565351486206, -0.17125117778778076, 0.6327494382858276] [0.990032970905304, -0.3634016513824463, -0.5467314720153809]
[-0.308292031288147, 0.15335804224014282, -0.17491796612739563, 0.48631995916366577, 1.8653020858764648, 0.20479999482631683, 0.04912996292114258] [0.1836271435022354, -0.01978123188018799, 0.15033699572086334, 1.4848135709762573, -0.1682736575603485, 0.6414282321929932] [0.990032970905304, -0.3634016513824463, -0.5467314720153809]
[-0.3098260462284088, 0.15335804224014282, -0.17491796612739563, 0.49245595932006836, 1.8653020858764648, 0.20479999482631683, 0.04912996292114258] [0.1832052767276764, -0.01927538774907589, 0.15009570121765137, 1.4838367700576782, -0.16623003780841827, 0.6472957730293274] [0.990032970905304, -0.3634016513824463, -0.5467314720153809]
[-0.3098260462284088, 0.15182404220104218, -0.17491796612739563, 0.5185339450836182, 1.8653020858764648, 0.20440000295639038, 0.04912996292114258] [0.18116769194602966, -0.01707747019827366, 0.14891891181468964, 1.4795100688934326, -0.1562216579914093, 0.6750555634498596] [0.990032970905304, -0.3634016513824463, -0.5467314720153809]
[-0.3098260462284088, 0.15182404220104218, -0.17491796612739563, 0.5492140054702759, 1.8668360710144043, 0.20440000295639038, 0.04912996292114258] [0.17848415672779083, -0.014189330860972404, 0.14744573831558228, 1.474278211593628, -0.14370092749595642, 0.7100703716278076] [0.990032970905304, -0.3634016513824463, -0.5467314720153809]
[-0.308292031288147, 0.15182404220104218, -0.17338396608829498, 0.6029039621353149, 1.8668360710144043, 0.20440000295639038, 0.04912996292114258] [0.1748206913471222, -0.01057975273579359, 0.1455732136964798, 1.4729154109954834, -0.128622367978096, 0.7558916807174683] [0.990032970905304, -0.3634016513824463, -0.5467314720153809]
[-0.3021560311317444, 0.15489204227924347, -0.1611119657754898, 0.6443219780921936, 1.8745061159133911, 0.20440000295639038, 0.04912996292114258] [0.17117881774902344, -0.006278551649302244, 0.14269903302192688, 1.482780933380127, -0.11177577823400497, 0.8024442791938782] [0.990032970905304, -0.3634016513824463, -0.5467314720153809]
[-0.29141804575920105, 0.18097004294395447, -0.15190796554088593, 0.6642639636993408, 1.8791080713272095, 0.20440000295639038, 0.04912996292114258] [0.16708113253116608, 0.00038232444785535336, 0.13987666368484497, 1.492314338684082, -0.09709234535694122, 0.8511580228805542] [0.990032970905304, -0.3634016513824463, -0.5467314720153809]
[-0.269942045211792, 0.22238804399967194, -0.12582996487617493, 0.6657979488372803, 1.880642056465149, 0.20440000295639038, 0.04912996292114258] [0.16358858346939087, 0.0071220314130187035, 0.13696280121803284, 1.5304609537124634, -0.09135966747999191, 0.8929839134216309] [0.990032970905304, -0.3634016513824463, -0.5467314720153809]
[-0.2576700448989868, 0.22699004411697388, -0.11355795711278915, 0.6657979488372803, 1.880642056465149, 0.20440000295639038, 0.04912996292114258] [0.16430489718914032, 0.006023504305630922, 0.13727828860282898, 1.5363322496414185, -0.09477203339338303, 0.8861889839172363] [0.990032970905304, -0.3634016513824463, -0.5467314720153809]
[-0.25920403003692627, 0.21011604368686676, -0.11662595719099045, 0.6642639636993408, 1.8791080713272095, 0.20440000295639038, 0.04912996292114258] [0.16644319891929626, 0.0023471955209970474, 0.13787981867790222, 1.5327826738357544, -0.09733814746141434, 0.8642331957817078] [0.990032970905304, -0.3634016513824463, -0.5467314720153809]
[-0.2638060450553894, 0.18250404298305511, -0.11662595719099045, 0.6657979488372803, 1.8745061159133911, 0.20440000295639038, 0.04912996292114258] [0.16859400272369385, -0.0018693802412599325, 0.13927768170833588, 1.5335227251052856, -0.1051713228225708, 0.8404585719108582] [0.990032970905304, -0.3634016513824463, -0.5467314720153809]
[-0.26840806007385254, 0.15642604231834412, -0.11662595719099045, 0.6657979488372803, 1.8729721307754517, 0.20440000295639038, 0.04912996292114258] [0.17107383906841278, -0.007105689495801926, 0.1406211405992508, 1.5377837419509888, -0.11367175728082657, 0.8122602701187134] [0.990032970905304, -0.3634016513824463, -0.5467314720153809]
[-0.2668740451335907, 0.13034804165363312, -0.1181599572300911, 0.6657979488372803, 1.8729721307754517, 0.20440000295639038, 0.04912996292114258] [0.17310835421085358, -0.01117272675037384, 0.1408979296684265, 1.5431565046310425, -0.11697278171777725, 0.7894511818885803] [0.990032970905304, -0.3634016513824463, -0.5467314720153809]
[-0.26840806007385254, 0.10120204091072083, -0.11662595719099045, 0.6949439644813538, 1.8729721307754517, 0.20440000295639038, 0.04912996292114258] [0.17230144143104553, -0.013790947385132313, 0.1402902603149414, 1.5444658994674683, -0.11171583086252213, 0.797787606716156] [0.990032970905304, -0.3634016513824463, -0.5467314720153809]
[-0.26840806007385254, 0.07359004020690918, -0.1150919571518898, 0.7409639954566956, 1.8729721307754517, 0.20399999618530273, 0.04912996292114258] [0.1704908162355423, -0.015343363396823406, 0.13935457170009613, 1.5445849895477295, -0.10386288166046143, 0.8165854215621948] [0.990032970905304, -0.3634016513824463, -0.5467314720153809]
[-0.26840806007385254, 0.04904603958129883, -0.11662595719099045, 0.788517951965332, 1.8729721307754517, 0.20399999618530273, 0.04759596288204193] [0.1676926612854004, -0.016476284712553024, 0.13835500180721283, 1.543097972869873, -0.09447521716356277, 0.8443700075149536] [0.990032970905304, -0.3634016513824463, -0.5467314720153809]
[-0.2668740451335907, 0.019900038838386536, -0.1181599572300911, 0.8606159687042236, 1.8729721307754517, 0.20399999618530273, 0.04759596288204193] [0.16331340372562408, -0.016230260953307152, 0.13599319756031036, 1.5407333374023438, -0.07603411376476288, 0.8890771269798279] [0.990032970905304, -0.3634016513824463, -0.5467314720153809]
[-0.2668740451335907, -0.01231396198272705, -0.12276195734739304, 0.9925400018692017, 1.8729721307754517, 0.20440000295639038, 0.04759596288204193] [0.15218062698841095, -0.014146525412797928, 0.12973788380622864, 1.543009638786316, -0.030435293912887573, 0.9988986849784851] [0.990032970905304, -0.3634016513824463, -0.5467314720153809]
[-0.2469320446252823, -0.046061962842941284, -0.13196596503257751, 1.1536099910736084, 1.8729721307754517, 0.20479999482631683, 0.04912996292114258] [0.14138005673885345, -0.010776388458907604, 0.12328626960515976, 1.5542786121368408, 0.013318892568349838, 1.1034793853759766] [0.990032970905304, -0.3634016513824463, -0.5467314720153809]
[-0.2407960444688797, -0.04452796280384064, -0.13043196499347687, 1.1689499616622925, 1.8729721307754517, 0.20479999482631683, 0.04912996292114258] [0.14095357060432434, -0.010246135294437408, 0.12306763976812363, 1.5579251050949097, 0.013031651265919209, 1.1087169647216797] [0.990032970905304, -0.3634016513824463, -0.5467314720153809]
[-0.23312604427337646, -0.03378996253013611, -0.12276195734739304, 1.1689499616622925, 1.8729721307754517, 0.20479999482631683, 0.04759596288204193] [0.13957777619361877, -0.007774708326905966, 0.12181218713521957, 1.5702800750732422, 0.015084379352629185, 1.1270793676376343] [0.990032970905304, -0.3634016513824463, -0.5467314720153809]
[-0.20551404356956482, 0.004560038447380066, -0.1150919571518898, 1.1612800359725952, 1.8729721307754517, 0.20479999482631683, 0.04759596288204193] [0.1378984898328781, -0.0024407189339399338, 0.1177620068192482, 1.5987335443496704, 0.025914819911122322, 1.1548725366592407] [0.990032970905304, -0.3634016513824463, -0.5467314720153809]
[-0.1886400431394577, 0.021434038877487183, -0.11048995703458786, 1.1474740505218506, 1.8729721307754517, 0.20479999482631683, 0.04912996292114258] [0.13791264593601227, -0.0013773173559457064, 0.11700312048196793, 1.6081717014312744, 0.025439266115427017, 1.1575406789779663] [0.990032970905304, -0.3634016513824463, -0.5467314720153809]
[-0.18097004294395447, 0.03217203915119171, -0.10128595679998398, 1.1428719758987427, 1.8714380264282227, 0.20479999482631683, 0.04759596288204193] [0.13709469139575958, 0.0006191638531163335, 0.11638010293245316, 1.6206583976745605, 0.022754143923521042, 1.1685819625854492] [0.990032970905304, -0.3634016513824463, -0.5467314720153809]
[-0.17483404278755188, 0.055182039737701416, -0.09821796417236328, 1.1244640350341797, 1.8714380264282227, 0.20479999482631683, 0.04759596288204193] [0.13690239191055298, 0.002687872154638171, 0.11652469635009766, 1.6218187808990479, 0.020480073988437653, 1.172244906425476] [0.990032970905304, -0.3634016513824463, -0.5467314720153809]
[-0.165630042552948, 0.08279404044151306, -0.08441196382045746, 1.0891820192337036, 1.8714380264282227, 0.20520000159740448, 0.04912996292114258] [0.1376669555902481, 0.006507962942123413, 0.11708054691553116, 1.6385163068771362, 0.006505485158413649, 1.1696808338165283] [0.990032970905304, -0.3634016513824463, -0.5467314720153809]
[-0.15489204227924347, 0.10427004098892212, -0.06753796339035034, 1.052366018295288, 1.8714380264282227, 0.20520000159740448, 0.04759596288204193] [0.14073239266872406, 0.006707068532705307, 0.11813350021839142, 1.6494495868682861, -0.0071574049070477486, 1.1429612636566162] [0.990032970905304, -0.3634016513824463, -0.5467314720153809]
[-0.15489204227924347, 0.11040604114532471, -0.05986796319484711, 1.0048120021820068, 1.8714380264282227, 0.20520000159740448, 0.04912996292114258] [0.14404240250587463, 0.006013006903231144, 0.11956536769866943, 1.6536036729812622, -0.019282694905996323, 1.112362027168274] [0.990032970905304, -0.3634016513824463, -0.5467314720153809]
[-0.15489204227924347, 0.11040604114532471, -0.050663962960243225, 0.9633939862251282, 1.8714380264282227, 0.20479999482631683, 0.04759596288204193] [0.14855466783046722, 0.004182999022305012, 0.12134119868278503, 1.659852385520935, -0.03423672169446945, 1.0697554349899292] [0.990032970905304, -0.3634016513824463, -0.5467314720153809]
[-0.15489204227924347, 0.11040604114532471, -0.04145996272563934, 0.9296460151672363, 1.8714380264282227, 0.20520000159740448, 0.04759596288204193] [0.15204820036888123, 0.0025773444212973118, 0.12290003895759583, 1.6666326522827148, -0.04723260924220085, 1.0360914468765259] [0.990032970905304, -0.3634016513824463, -0.5467314720153809]
[-0.15489204227924347, 0.11040604114532471, -0.03378996253013611, 0.8897619843482971, 1.8714380264282227, 0.20520000159740448, 0.04759596288204193] [0.15624119341373444, 0.0005981490830890834, 0.12470033764839172, 1.6754975318908691, -0.062137383967638016, 0.9948664903640747] [0.990032970905304, -0.3634016513824463, -0.5467314720153809]
[-0.15489204227924347, 0.1165420413017273, -0.021517962217330933, 0.8498779535293579, 1.8714380264282227, 0.20520000159740448, 0.04912996292114258] [0.15900187194347382, -0.0003230682050343603, 0.12620994448661804, 1.6842620372772217, -0.0744885504245758, 0.9671405553817749] [0.990032970905304, -0.3634016513824463, -0.5467314720153809]
[-0.15489204227924347, 0.12267804145812988, -0.004643961787223816, 0.808459997177124, 1.8714380264282227, 0.20520000159740448, 0.04912996292114258] [0.16240309178829193, -0.0018004403682425618, 0.128194198012352, 1.6975327730178833, -0.09057237952947617, 0.9320293664932251] [0.990032970905304, -0.3634016513824463, -0.5467314720153809]
[-0.15489204227924347, 0.12574604153633118, 0.006094038486480713, 0.770110011100769, 1.8714380264282227, 0.20520000159740448, 0.04759596288204193] [0.1655002385377884, -0.0037111961282789707, 0.12963655591011047, 1.7082852125167847, -0.1021755188703537, 0.8992919325828552] [0.990032970905304, -0.3634016513824463, -0.5467314720153809]
[-0.15489204227924347, 0.12728004157543182, 0.021434038877487183, 0.7286919951438904, 1.8714380264282227, 0.20520000159740448, 0.04912996292114258] [0.16956035792827606, -0.006594099570065737, 0.13193459808826447, 1.7279467582702637, -0.1204366534948349, 0.854677677154541] [0.990032970905304, -0.3634016513824463, -0.5467314720153809]
[-0.15489204227924347, 0.12728004157543182, 0.050580039620399475, 0.6903419494628906, 1.8729721307754517, 0.20520000159740448, 0.04759596288204193] [0.1725207269191742, -0.00932313222438097, 0.13507387042045593, 1.7584072351455688, -0.14510510861873627, 0.8194314241409302] [0.990032970905304, -0.3634016513824463, -0.5467314720153809]
[-0.15489204227924347, 0.12881404161453247, 0.09506604075431824, 0.6703999638557434, 1.87757408618927, 0.20520000159740448, 0.04759596288204193] [0.17300064861774445, -0.010760373435914516, 0.13964660465717316, 1.804438829421997, -0.18112727999687195, 0.8085384964942932] [0.990032970905304, -0.3634016513824463, -0.5467314720153809]
[-0.15489204227924347, 0.12728004157543182, 0.15796004235744476, 0.6703999638557434, 1.8791080713272095, 0.20479999482631683, 0.04759596288204193] [0.1722564995288849, -0.012049214914441109, 0.14581702649593353, 1.8859658241271973, -0.2356770932674408, 0.8076074719429016] [0.990032970905304, -0.3634016513824463, -0.5467314720153809]
[-0.1364840418100357, 0.12728004157543182, 0.3128940463066101, 0.6703999638557434, 1.87757408618927, 0.20479999482631683, 0.04759596288204193] [0.1725742220878601, -0.015297699719667435, 0.15117895603179932, 1.9898816347122192, -0.2922595143318176, 0.7927210927009583] [0.990032970905304, -0.3634016513824463, -0.5467314720153809]
[-0.12574604153633118, 0.09966804087162018, 0.3711860477924347, 0.6703999638557434, 1.8791080713272095, 0.20479999482631683, 0.04759596288204193] [0.17536911368370056, -0.02305563911795616, 0.1539735496044159, 2.036717414855957, -0.3199590742588043, 0.7495291829109192] [0.990032970905304, -0.3634016513824463, -0.5467314720153809]
[-0.11040604114532471, 0.06285203993320465, 0.39573004841804504, 0.6703999638557434, 1.8791080713272095, 0.20440000295639038, 0.04759596288204193] [0.17992451786994934, -0.032924000173807144, 0.1519984006881714, 2.0810108184814453, -0.32175546884536743, 0.6897998452186584] [0.990032970905304, -0.3634016513824463, -0.5467314720153809]
[-0.087396040558815, 0.013764038681983948, 0.4110700488090515, 0.6703999638557434, 1.8791080713272095, 0.20440000295639038, 0.04759596288204193] [0.18413293361663818, -0.0437195859849453, 0.14976154267787933, 2.1107780933380127, -0.31814104318618774, 0.6267745494842529] [0.990032970905304, -0.3634016513824463, -0.5467314720153809]
[-0.06898804008960724, -0.04912996292114258, 0.4294780492782593, 0.6703999638557434, 1.8791080713272095, 0.20440000295639038, 0.04759596288204193] [0.18787622451782227, -0.05539172142744064, 0.14726927876472473, 2.142371416091919, -0.3134576678276062, 0.5600382685661316] [0.990032970905304, -0.3634016513824463, -0.5467314720153809]
[-0.05211403965950012, -0.10742195695638657, 0.45862406492233276, 0.6703999638557434, 1.8791080713272095, 0.20399999618530273, 0.04759596288204193] [0.18991383910179138, -0.0673399493098259, 0.14880388975143433, 2.179701089859009, -0.33123376965522766, 0.49503016471862793] [0.990032970905304, -0.3634016513824463, -0.5467314720153809]
[-0.04444403946399689, -0.15650996565818787, 0.49697405099868774, 0.6703999638557434, 1.8791080713272095, 0.20399999618530273, 0.04759596288204193] [0.1911526769399643, -0.07744403928518295, 0.14973723888397217, 2.2191600799560547, -0.34610408544540405, 0.4392225742340088] [0.990032970905304, -0.3634016513824463, -0.5467314720153809]
[-0.03677403926849365, -0.1871899664402008, 0.5383920669555664, 0.6703999638557434, 1.8791080713272095, 0.20399999618530273, 0.04759596288204193] [0.19177523255348206, -0.08351218700408936, 0.1499761939048767, 2.258873224258423, -0.3570411801338196, 0.4038775861263275] [0.990032970905304, -0.3634016513824463, -0.5467314720153809]
[-0.021434038877487183, -0.20252996683120728, 0.5813440680503845, 0.6703999638557434, 1.8791080713272095, 0.20399999618530273, 0.04759596288204193] [0.19239547848701477, -0.08782213926315308, 0.14915280044078827, 2.2986419200897217, -0.362092524766922, 0.37682491540908813] [0.990032970905304, -0.3634016513824463, -0.5467314720153809]
[0.02765396237373352, -0.22860796749591827, 0.5997520685195923, 0.6703999638557434, 1.880642056465149, 0.20399999618530273, 0.04759596288204193] [0.19429868459701538, -0.09303367882966995, 0.14232946932315826, 2.3350167274475098, -0.3344156742095947, 0.34272274374961853] [0.990032970905304, -0.3634016513824463, -0.5467314720153809]
[0.03839196264743805, -0.2393459677696228, 0.6427040696144104, 0.6703999638557434, 1.880642056465149, 0.20399999618530273, 0.04759596288204193] [0.19452601671218872, -0.09748055785894394, 0.14244011044502258, 2.38382625579834, -0.34598907828330994, 0.3138705790042877] [0.990032970905304, -0.3634016513824463, -0.5467314720153809]
[0.050663962960243225, -0.2393459677696228, 0.6795200705528259, 0.6703999638557434, 1.880642056465149, 0.20399999618530273, 0.04759596288204193] [0.19464990496635437, -0.0985652282834053, 0.14226585626602173, 2.4057559967041016, -0.3499104976654053, 0.30535265803337097] [0.990032970905304, -0.3634016513824463, -0.5467314720153809]
[0.055265963077545166, -0.2393459677696228, 0.6856560707092285, 0.6703999638557434, 1.8791080713272095, 0.20399999618530273, 0.04759596288204193] [0.1946587860584259, -0.09858553856611252, 0.14233973622322083, 2.411909341812134, -0.35165080428123474, 0.3044452369213104] [0.990032970905304, -0.3634016513824463, -0.5467314720153809]
[0.055265963077545166, -0.2393459677696228, 0.6856560707092285, 0.6703999638557434, 1.8791080713272095, 0.20399999618530273, 0.04759596288204193] [0.1946587860584259, -0.09858553856611252, 0.14233973622322083, 2.411909341812134, -0.35165080428123474, 0.3044452369213104] [0.990032970905304, -0.3634016513824463, -0.5467314720153809]
[0.055265963077545166, -0.2393459677696228, 0.6856560707092285, 0.6703999638557434, 1.8791080713272095, 0.20399999618530273, 0.04759596288204193] [0.1946587860584259, -0.09858553856611252, 0.14233973622322083, 2.411909341812134, -0.35165080428123474, 0.3044452369213104] [0.990032970905304, -0.3634016513824463, -0.5467314720153809]
[0.055265963077545166, -0.2393459677696228, 0.6841220855712891, 0.6703999638557434, 1.8791080713272095, 0.20399999618530273, 0.04759596288204193] [0.1946587860584259, -0.09858553856611252, 0.14233973622322083, 2.411909341812134, -0.35165080428123474, 0.3044452369213104] [0.990032970905304, -0.3634016513824463, -0.5467314720153809]
[0.055265963077545166, -0.2393459677696228, 0.6841220855712891, 0.6703999638557434, 1.8791080713272095, 0.20360000431537628, 0.04759596288204193] [0.19467294216156006, -0.09850659221410751, 0.1422467678785324, 2.4105138778686523, -0.3508574366569519, 0.3050076961517334] [0.990032970905304, -0.3634016513824463, -0.5467314720153809]
[0.055265963077545166, -0.2393459677696228, 0.6856560707092285, 0.6703999638557434, 1.8791080713272095, 0.20399999618530273, 0.04759596288204193] [0.19472350180149078, -0.09858553856611252, 0.14204107224941254, 2.4123990535736084, -0.3501873016357422, 0.3042769432067871] [0.990032970905304, -0.3634016513824463, -0.5467314720153809]
