[-0.04648957774043083, -0.24563206732273102, 0.30542173981666565, 2.895982265472412, 0.3171117305755615, -0.702660322189331] [0.3728039860725403, -0.676535964012146, 1.3652180433273315, 0.039925962686538696, 1.8637681007385254, 0.996399998664856, -1.2992560863494873, -1.2932039499282837]
[-0.04670277237892151, -0.24568720161914825, 0.30563056468963623, 2.8971972465515137, 0.31614285707473755, -0.7022965550422668] [0.3728039860725403, -0.6780699491500854, 1.3652180433273315, 0.039925962686538696, 1.8637681007385254, 0.9968000054359436, -1.2915860414505005, -1.2809319496154785]
[-0.04749607667326927, -0.24575382471084595, 0.306465208530426, 2.901381015777588, 0.3120385706424713, -0.7010330557823181] [0.3728039860725403, -0.676535964012146, 1.3652180433273315, 0.03839196264743805, 1.862234115600586, 0.996399998664856, -1.2885180711746216, -1.2778639793395996]
[-0.0483105331659317, -0.24601201713085175, 0.3072126805782318, 2.9037387371063232, 0.30841773748397827, -0.7016918659210205] [0.3728039860725403, -0.676535964012146, 1.3652180433273315, 0.039925962686538696, 1.8637681007385254, 0.996399998664856, -1.290052056312561, -1.2778639793395996]
[-0.04828396812081337, -0.24574629962444305, 0.30738210678100586, 2.9051640033721924, 0.30766868591308594, -0.6998610496520996] [0.3728039860725403, -0.676535964012146, 1.3652180433273315, 0.039925962686538696, 1.862234115600586, 0.9968000054359436, -1.2885180711746216, -1.2763299942016602]
[-0.0485270731151104, -0.2457805573940277, 0.3074233829975128, 2.905639886856079, 0.3081118166446686, -0.7003942131996155] [0.3728039860725403, -0.676535964012146, 1.3652180433273315, 0.039925962686538696, 1.8637681007385254, 0.996399998664856, -1.2885180711746216, -1.2763299942016602]
[-0.0487857460975647, -0.24588482081890106, 0.3078840672969818, 2.905578851699829, 0.3054654896259308, -0.7011087536811829] [0.3728039860725403, -0.6780699491500854, 1.3652180433273315, 0.03839196264743805, 1.862234115600586, 0.996399998664856, -1.2885180711746216, -1.2778639793395996]
[-0.04862603172659874, -0.24567516148090363, 0.30777063965797424, 2.9064226150512695, 0.30584633350372314, -0.6994835734367371] [0.3728039860725403, -0.676535964012146, 1.363684058189392, 0.039925962686538696, 1.8637681007385254, 0.9968000054359436, -1.290052056312561, -1.2763299942016602]
[-0.04874102398753166, -0.24567444622516632, 0.30757856369018555, 2.905492067337036, 0.30682653188705444, -0.6997562050819397] [0.37433797121047974, -0.676535964012146, 1.3652180433273315, 0.039925962686538696, 1.8637681007385254, 0.996399998664856, -1.290052056312561, -1.2763299942016602]
[-0.04875699058175087, -0.24564777314662933, 0.3075474798679352, 2.9026105403900146, 0.30676692724227905, -0.6995922327041626] [0.37433797121047974, -0.676535964012146, 1.351412057876587, 0.039925962686538696, 1.857632040977478, 0.996399998664856, -1.290052056312561, -1.2763299942016602]
[-0.04858344793319702, -0.24541059136390686, 0.30783209204673767, 2.8914456367492676, 0.3055271506309509, -0.6988590359687805] [0.3728039860725403, -0.676535964012146, 1.348344087600708, 0.039925962686538696, 1.857632040977478, 0.996399998664856, -1.2885180711746216, -1.2747960090637207]
[-0.04869101569056511, -0.24564391374588013, 0.3082098662853241, 2.889242649078369, 0.30377528071403503, -0.6998783946037292] [0.37126997113227844, -0.6780699491500854, 1.345276117324829, 0.05219796299934387, 1.8560980558395386, 0.996399998664856, -1.2885180711746216, -1.2732620239257812]
[-0.047964829951524734, -0.24514071643352509, 0.31020912528038025, 2.892183780670166, 0.2886475920677185, -0.6921337246894836] [0.3697359561920166, -0.6780699491500854, 1.345276117324829, 0.055265963077545166, 1.857632040977478, 0.996399998664856, -1.2885180711746216, -1.2732620239257812]
[-0.047743670642375946, -0.2448524385690689, 0.31034448742866516, 2.8932838439941406, 0.28735971450805664, -0.6897228956222534] [0.36820197105407715, -0.6780699491500854, 1.345276117324829, 0.055265963077545166, 1.8560980558395386, 0.996399998664856, -1.2885180711746216, -1.2732620239257812]
[-0.04789302870631218, -0.24508947134017944, 0.3107907176017761, 2.895430088043213, 0.28540799021720886, -0.6910104751586914] [0.3666679859161377, -0.6780699491500854, 1.345276117324829, 0.055265963077545166, 1.857632040977478, 0.996399998664856, -1.2885180711746216, -1.2732620239257812]
[-0.048008471727371216, -0.24511799216270447, 0.3105664849281311, 2.8946948051452637, 0.286421537399292, -0.6912179589271545] [0.36820197105407715, -0.6780699491500854, 1.3468101024627686, 0.055265963077545166, 1.857632040977478, 0.996399998664856, -1.2885180711746216, -1.2732620239257812]
[-0.04809866100549698, -0.24509628117084503, 0.3103501796722412, 2.8935999870300293, 0.2875351011753082, -0.691528856754303] [0.36820197105407715, -0.6780699491500854, 1.3468101024627686, 0.055265963077545166, 1.857632040977478, 0.996399998664856, -1.2869840860366821, -1.2732620239257812]
[-0.048059288412332535, -0.2450849711894989, 0.31060150265693665, 2.8946712017059326, 0.28624245524406433, -0.6912257671356201] [0.3697359561920166, -0.6780699491500854, 1.3468101024627686, 0.055265963077545166, 1.857632040977478, 0.996399998664856, -1.2885180711746216, -1.2732620239257812]
[-0.048073943704366684, -0.24507974088191986, 0.3103313446044922, 2.893355369567871, 0.287699818611145, -0.6915987133979797] [0.36820197105407715, -0.6780699491500854, 1.3468101024627686, 0.055265963077545166, 1.857632040977478, 0.996399998664856, -1.2885180711746216, -1.2732620239257812]
[-0.04805231839418411, -0.24507412314414978, 0.3103451132774353, 2.8933236598968506, 0.28770914673805237, -0.6916074156761169] [0.3697359561920166, -0.6780699491500854, 1.3468101024627686, 0.055265963077545166, 1.8560980558395386, 0.9968000054359436, -1.2885180711746216, -1.2732620239257812]
[-0.04806261509656906, -0.24507029354572296, 0.31038400530815125, 2.8934555053710938, 0.2875508964061737, -0.6915698647499084] [0.3697359561920166, -0.6780699491500854, 1.3468101024627686, 0.055265963077545166, 1.857632040977478, 0.996399998664856, -1.2885180711746216, -1.2732620239257812]
[-0.04815185070037842, -0.2451089322566986, 0.3101332187652588, 2.8926541805267334, 0.2886985242366791, -0.6917977333068848] [0.3697359561920166, -0.6780699491500854, 1.3498780727386475, 0.055265963077545166, 1.857632040977478, 0.996399998664856, -1.2885180711746216, -1.2732620239257812]
[-0.04817298799753189, -0.24512945115566254, 0.31016528606414795, 2.8955414295196533, 0.2886240482330322, -0.6919906139373779] [0.37126997113227844, -0.6780699491500854, 1.351412057876587, 0.055265963077545166, 1.8560980558395386, 0.996399998664856, -1.2885180711746216, -1.2732620239257812]
[-0.04819240793585777, -0.24519900977611542, 0.3100689649581909, 2.895719289779663, 0.2888188362121582, -0.6919387578964233] [0.37126997113227844, -0.676535964012146, 1.351412057876587, 0.055265963077545166, 1.857632040977478, 0.9968000054359436, -1.2885180711746216, -1.2732620239257812]
[-0.04816022142767906, -0.2451482117176056, 0.3101349472999573, 2.8955376148223877, 0.288743257522583, -0.6919918060302734] [0.37126997113227844, -0.6780699491500854, 1.351412057876587, 0.055265963077545166, 1.857632040977478, 0.996399998664856, -1.2885180711746216, -1.2732620239257812]
[-0.06738948076963425, -0.24620036780834198, 0.30917519330978394, 2.8974225521087646, 0.29139968752861023, -0.693308413028717] [0.363599956035614, -0.6780699491500854, 1.348344087600708, 0.055265963077545166, 1.857632040977478, 0.06920000165700912, -1.2854501008987427, -1.2686599493026733]
[-0.0667748674750328, -0.24576376378536224, 0.31024470925331116, 2.9009921550750732, 0.28485405445098877, -0.6886789798736572] [0.35899797081947327, -0.6780699491500854, 1.348344087600708, 0.05986796319484711, 1.8560980558395386, 0.06920000165700912, -1.2823820114135742, -1.2625240087509155]
[-0.06292246282100677, -0.24564865231513977, 0.31223446130752563, 2.9077255725860596, 0.27507850527763367, -0.6861783266067505] [0.35132795572280884, -0.6780699491500854, 1.3468101024627686, 0.0629359632730484, 1.8560980558395386, 0.06880000233650208, -1.274712085723877, -1.2533199787139893]
[-0.054165057837963104, -0.24515527486801147, 0.316723108291626, 2.920297145843506, 0.25164270401000977, -0.6796402335166931] [0.3405899703502655, -0.6780699491500854, 1.3468101024627686, 0.06907196342945099, 1.8560980558395386, 0.06920000165700912, -1.2593721151351929, -1.2379800081253052]
[-0.051323242485523224, -0.2449234575033188, 0.3216951787471771, 2.9378929138183594, 0.22626826167106628, -0.6734618544578552] [0.3283179700374603, -0.6780699491500854, 1.345276117324829, 0.07367396354675293, 1.8560980558395386, 0.06920000165700912, -1.2394300699234009, -1.2165039777755737]
[-0.0514364056289196, -0.24467125535011292, 0.3260647654533386, 2.9510185718536377, 0.20242448151111603, -0.6669865250587463] [0.32524996995925903, -0.6780699491500854, 1.345276117324829, 0.08747996389865875, 1.8560980558395386, 0.06880000233650208, -1.2240900993347168, -1.1996300220489502]
[-0.052151136100292206, -0.24365060031414032, 0.3310651183128357, 2.963280439376831, 0.16925764083862305, -0.6537008881568909] [0.3237159848213196, -0.676535964012146, 1.345276117324829, 0.11969395726919174, 1.8530300855636597, 0.06880000233650208, -1.2087500095367432, -1.1858240365982056]
[-0.05298527702689171, -0.2419699728488922, 0.3393750488758087, 2.977687358856201, 0.11180541664361954, -0.6337929964065552] [0.317579984664917, -0.676535964012146, 1.3406740427017212, 0.1841219663619995, 1.8530300855636597, 0.06880000233650208, -1.1949440240859985, -1.170483946800232]
[-0.051125265657901764, -0.23221345245838165, 0.36003929376602173, 2.938066244125366, -0.06577450782060623, -0.5431970357894897] [0.3237159848213196, -0.6780699491500854, 1.2486340999603271, 0.4310959577560425, 1.8514961004257202, 0.06880000233650208, -1.1903420686721802, -1.1689499616622925]
[-0.04701843112707138, -0.2092399150133133, 0.3786405026912689, 2.7420217990875244, -0.2288540154695511, -0.354046106338501] [0.3145119547843933, -0.6796039938926697, 1.0875641107559204, 0.6105740070343018, 1.8514961004257202, 0.06880000233650208, -1.1872740983963013, -1.1643480062484741]
[-0.04670940339565277, -0.197063148021698, 0.38486233353614807, 2.6626198291778564, -0.28807052969932556, -0.2530651390552521] [0.31297796964645386, -0.6780699491500854, 1.0016601085662842, 0.7256239652633667, 1.8514961004257202, 0.06880000233650208, -1.1872740983963013, -1.1643480062484741]
[-0.047217957675457, -0.18821071088314056, 0.3891527056694031, 2.6100525856018066, -0.3281657099723816, -0.1784404218196869] [0.30990996956825256, -0.676535964012146, 0.9939900636672974, 0.7624399662017822, 1.8514961004257202, 0.06880000233650208, -1.1872740983963013, -1.1643480062484741]
[-0.04913860931992531, -0.18454620242118835, 0.3942989110946655, 2.599775791168213, -0.37138473987579346, -0.14569276571273804] [0.29917198419570923, -0.6780699491500854, 0.9924560785293579, 0.8115279674530029, 1.8514961004257202, 0.06880000233650208, -1.1857401132583618, -1.1628140211105347]
[-0.05147838965058327, -0.17833124101161957, 0.4000348746776581, 2.575456142425537, -0.4227342903614044, -0.0903497189283371] [0.2915019690990448, -0.676535964012146, 0.977116048336029, 0.8820919990539551, 1.8514961004257202, 0.06920000165700912, -1.1826720237731934, -1.1597459316253662]
[-0.05418514087796211, -0.1699492186307907, 0.4040820002555847, 2.5232086181640625, -0.4634503424167633, -0.011149045079946518] [0.28996795415878296, -0.6780699491500854, 0.9126880764961243, 1.0446959733963013, 1.8514961004257202, 0.06920000165700912, -1.1826720237731934, -1.1612800359725952]
[-0.059808529913425446, -0.14822502434253693, 0.40668991208076477, 2.3718738555908203, -0.5005489587783813, 0.20466232299804688] [0.2884339690208435, -0.6780699491500854, 0.8252500295639038, 1.172018051147461, 1.8484281301498413, 0.06880000233650208, -1.1826720237731934, -1.1597459316253662]
[-0.06509312242269516, -0.13276627659797668, 0.4058147072792053, 2.2632927894592285, -0.4971141219139099, 0.3642200827598572] [0.28689998388290405, -0.676535964012146, 0.7684920430183411, 1.2594560384750366, 1.80087411403656, 0.13600000739097595, -1.1826720237731934, -1.1597459316253662]
[-0.06896356493234634, -0.12563183903694153, 0.40595147013664246, 2.1956357955932617, -0.5034328699111938, 0.442245751619339] [0.28689998388290405, -0.676535964012146, 0.7485500574111938, 1.3085440397262573, 1.7993401288986206, 0.06960000097751617, -1.1796040534973145, -1.1566779613494873]
[-0.07129552215337753, -0.12117941677570343, 0.4050047993659973, 2.1663899421691895, -0.4961068630218506, 0.49062398076057434] [0.28689998388290405, -0.676535964012146, 0.7163360714912415, 1.3514959812164307, 1.80087411403656, 0.06960000097751617, -1.175002098083496, -1.152076005935669]
[-0.07450242340564728, -0.11516787111759186, 0.4032062292098999, 2.1263179779052734, -0.47888585925102234, 0.5553592443466187] [0.2853659689426422, -0.6750019788742065, 0.6795200705528259, 1.395982027053833, 1.7993401288986206, 0.06960000097751617, -1.1704000234603882, -1.14900803565979]
[-0.07822724431753159, -0.10976117849349976, 0.4012995660305023, 2.091259479522705, -0.46187663078308105, 0.6168842315673828] [0.28689998388290405, -0.6750019788742065, 0.6411700248718262, 1.4389339685440063, 1.7947380542755127, 0.06960000097751617, -1.1657980680465698, -1.1398040056228638]
[-0.08317599445581436, -0.10345380753278732, 0.3991975784301758, 2.039682626724243, -0.44090405106544495, 0.6890782713890076] [0.2853659689426422, -0.6734679937362671, 0.6074220538139343, 1.4834200143814087, 1.7778640985488892, 0.06960000097751617, -1.162730097770691, -1.1305999755859375]
[-0.08707045018672943, -0.09892787784337997, 0.397858202457428, 1.9991276264190674, -0.4296876788139343, 0.7407529354095459] [0.2853659689426422, -0.6657979488372803, 0.5798100233078003, 1.5233039855957031, 1.7563880681991577, 0.06960000097751617, -1.155060052871704, -1.1183279752731323]
[-0.09044453501701355, -0.09401997923851013, 0.39604833722114563, 1.957542061805725, -0.4150581955909729, 0.7911165356636047] [0.2853659689426422, -0.6473900079727173, 0.5460620522499084, 1.5432460308074951, 1.7349120378494263, 0.06960000097751617, -1.1443220376968384, -1.1060559749603271]
[-0.09350521862506866, -0.08735409379005432, 0.3932904005050659, 1.918434977531433, -0.39024707674980164, 0.8425269722938538] [0.2853659689426422, -0.6090399622917175, 0.5061780214309692, 1.561653971672058, 1.710368037223816, 0.06960000097751617, -1.1289820671081543, -1.090716004371643]
[-0.09682923555374146, -0.07902951538562775, 0.39018768072128296, 1.8869627714157104, -0.36140966415405273, 0.900351881980896] [0.2853659689426422, -0.5660879611968994, 0.45862406492233276, 1.561653971672058, 1.6965620517730713, 0.06960000097751617, -1.1136420965194702, -1.0769100189208984]
[-0.10108628123998642, -0.07020154595375061, 0.38687369227409363, 1.868977427482605, -0.32876822352409363, 0.9635589718818665] [0.2853659689426422, -0.5154659748077393, 0.41874003410339355, 1.5601199865341187, 1.6965620517730713, 0.06960000097751617, -1.0967680215835571, -1.0569679737091064]
[-0.10539399087429047, -0.0630115196108818, 0.38444191217422485, 1.856623888015747, -0.3021521270275116, 1.0158716440200806] [0.2853659689426422, -0.47251397371292114, 0.37272006273269653, 1.5585860013961792, 1.6950280666351318, 0.06960000097751617, -1.0829620361328125, -1.0462299585342407]
[-0.10987699776887894, -0.055955130606889725, 0.3817910850048065, 1.8390177488327026, -0.27648958563804626, 1.0680038928985596] [0.28689998388290405, -0.4249599575996399, 0.3389720320701599, 1.5539840459823608, 1.6796880960464478, 0.06960000097751617, -1.0722240209579468, -1.035491943359375]
[-0.11490759253501892, -0.04829191789031029, 0.37893080711364746, 1.8126602172851562, -0.25045284628868103, 1.1256369352340698] [0.28689998388290405, -0.3820079565048218, 0.3021560311317444, 1.5401780605316162, 1.6643481254577637, 0.06960000097751617, -1.0599520206451416, -1.0232199430465698]
[-0.11851987987756729, -0.04256460815668106, 0.3761252164840698, 1.7896828651428223, -0.2229069024324417, 1.1617252826690674] [0.28996795415878296, -0.34519195556640625, 0.2638060450553894, 1.5325080156326294, 1.653610110282898, 0.06960000097751617, -1.0492141246795654, -1.012481927871704]
[-0.12118236720561981, -0.03938150033354759, 0.37314373254776, 1.773311734199524, -0.1969437152147293, 1.1833319664001465] [0.2915019690990448, -0.32218196988105774, 0.22852404415607452, 1.53097403049469, 1.6413381099700928, 0.06960000097751617, -1.043078064918518, -1.0078799724578857]
[-0.12352965027093887, -0.03735923767089844, 0.3703220784664154, 1.7561250925064087, -0.17040246725082397, 1.1973927021026611] [0.29610395431518555, -0.317579984664917, 0.19784404337406158, 1.5279059410095215, 1.630600094795227, 0.06960000097751617, -1.0384761095046997, -1.0032780170440674]
[-0.12460830807685852, -0.036880653351545334, 0.36747515201568604, 1.7427246570587158, -0.14665620028972626, 1.1989760398864746] [0.2976379692554474, -0.317579984664917, 0.18250404298305511, 1.5279059410095215, 1.6275321245193481, 0.06960000097751617, -1.0338740348815918, -1.0002100467681885]
[-0.1257907897233963, -0.03603597357869148, 0.3661549687385559, 1.7313123941421509, -0.13361333310604095, 1.2043975591659546] [0.2976379692554474, -0.3083759546279907, 0.165630042552948, 1.5202360153198242, 1.6198620796203613, 0.06960000097751617, -1.0323400497436523, -0.99714195728302]
[-0.12620241940021515, -0.03443530946969986, 0.36534371972084045, 1.728474736213684, -0.12599577009677887, 1.2102051973342896] [0.29917198419570923, -0.28996795415878296, 0.15335804224014282, 1.5018279552459717, 1.6137261390686035, 0.06960000097751617, -1.0323400497436523, -0.9986760020256042]
[-0.12533165514469147, -0.03252977132797241, 0.36337172985076904, 1.7211579084396362, -0.11020314693450928, 1.2071009874343872] [0.29917198419570923, -0.28076398372650146, 0.14415404200553894, 1.4895559549331665, 1.6060560941696167, 0.06960000097751617, -1.0323400497436523, -1.0002100467681885]
[-0.12432330846786499, -0.032648853957653046, 0.3620743751525879, 1.7157613039016724, -0.0999588668346405, 1.1988846063613892] [0.29917198419570923, -0.28076398372650146, 0.13495004177093506, 1.4788179397583008, 1.5999200344085693, 0.06960000097751617, -1.0338740348815918, -1.001744031906128]
[-0.1231096163392067, -0.03254959359765053, 0.3609240651130676, 1.713937520980835, -0.09149720519781113, 1.1901538372039795] [0.3007059693336487, -0.2792299687862396, 0.12728004157543182, 1.4711480140686035, 1.5999200344085693, 0.06960000097751617, -1.0354080200195312, -1.001744031906128]
[-0.12245328724384308, -0.0325472429394722, 0.3590352535247803, 1.7134298086166382, -0.07553219795227051, 1.1857402324676514] [0.30223995447158813, -0.2792299687862396, 0.113474041223526, 1.4634779691696167, 1.5999200344085693, 0.06960000097751617, -1.0354080200195312, -1.0032780170440674]
[-0.12165901064872742, -0.032884061336517334, 0.3581867814064026, 1.7167794704437256, -0.06938140094280243, 1.178504467010498] [0.30223995447158813, -0.28076398372650146, 0.11194004118442535, 1.4604099988937378, 1.5999200344085693, 0.06960000097751617, -1.0384761095046997, -1.0048120021820068]
[-0.12107005715370178, -0.03291970118880272, 0.3580206632614136, 1.716762661933899, -0.06826170533895493, 1.1753554344177246] [0.30223995447158813, -0.28076398372650146, 0.11194004118442535, 1.4542739391326904, 1.5999200344085693, 0.06960000097751617, -1.0415440797805786, -1.0109479427337646]
[-0.11943741887807846, -0.03317674994468689, 0.3577658534049988, 1.7207541465759277, -0.06707435101270676, 1.1657840013504028] [0.3007059693336487, -0.2792299687862396, 0.113474041223526, 1.4435360431671143, 1.5999200344085693, 0.06960000097751617, -1.0492141246795654, -1.020151972770691]
[-0.11755497753620148, -0.03340214118361473, 0.35744690895080566, 1.725563883781433, -0.06573691964149475, 1.1577128171920776] [0.29917198419570923, -0.28076398372650146, 0.11500804126262665, 1.4404679536819458, 1.5983860492706299, 0.06960000097751617, -1.061486005783081, -1.032423973083496]
[-0.1153884083032608, -0.033507656306028366, 0.35756856203079224, 1.7259962558746338, -0.06575038284063339, 1.1528369188308716] [0.28996795415878296, -0.2792299687862396, 0.11807604134082794, 1.42972993850708, 1.5983860492706299, 0.06960000097751617, -1.0737581253051758, -1.0416280031204224]
[-0.11232452839612961, -0.03375035524368286, 0.3571462035179138, 1.7336567640304565, -0.06438059359788895, 1.1413451433181763] [0.28996795415878296, -0.28076398372650146, 0.11961004137992859, 1.4174580574035645, 1.5983860492706299, 0.06960000097751617, -1.0829620361328125, -1.052366018295288]
[-0.10871580243110657, -0.034332286566495895, 0.35601088404655457, 1.7424802780151367, -0.059278812259435654, 1.1268644332885742] [0.2884339690208435, -0.28076398372650146, 0.12421204149723053, 1.4097880125045776, 1.595318078994751, 0.06960000097751617, -1.0937000513076782, -1.0646380186080933]
[-0.10619118809700012, -0.03458522632718086, 0.3557994067668915, 1.746199369430542, -0.06124182417988777, 1.1209840774536133] [0.2822979688644409, -0.28076398372650146, 0.12881404161453247, 1.4051859378814697, 1.5861140489578247, 0.06960000097751617, -1.1121081113815308, -1.0830459594726562]
[-0.10218366980552673, -0.03483856841921806, 0.3567132353782654, 1.7284783124923706, -0.0642809122800827, 1.111639380455017] [0.26388996839523315, -0.28076398372650146, 0.13034804165363312, 1.395982027053833, 1.57230806350708, 0.06960000097751617, -1.1289820671081543, -1.0983860492706299]
[-0.10510963201522827, -0.03464324772357941, 0.35629817843437195, 1.7304043769836426, -0.06079718843102455, 1.106261134147644] [0.2500839829444885, -0.2792299687862396, 0.13188204169273376, 1.391379952430725, 1.5692400932312012, 0.06960000097751617, -1.1473901271820068, -1.1167939901351929]
[-0.10854755342006683, -0.03472591191530228, 0.3559719920158386, 1.728543758392334, -0.05949937924742699, 1.1023842096328735] [0.23320996761322021, -0.28076398372650146, 0.13495004177093506, 1.3883119821548462, 1.5615700483322144, 0.06960000097751617, -1.1688660383224487, -1.1367360353469849]
[-0.10692037642002106, -0.034767813980579376, 0.35536694526672363, 1.7286226749420166, -0.05709283798933029, 1.0958698987960815] [0.20866596698760986, -0.28076398372650146, 0.13801804184913635, 1.37910795211792, 1.552366018295288, 0.06960000097751617, -1.1949440240859985, -1.1612800359725952]
[-0.10219532251358032, -0.035356637090444565, 0.3554510474205017, 1.719585657119751, -0.058112405240535736, 1.084794282913208] [0.1902579665184021, -0.28076398372650146, 0.139552041888237, 1.3714380264282227, 1.5462300777435303, 0.06960000097751617, -1.2179540395736694, -1.187358021736145]
[-0.09820453822612762, -0.035654596984386444, 0.35559526085853577, 1.7136796712875366, -0.05919279903173447, 1.078540325164795] [0.16571396589279175, -0.28076398372650146, 0.14108604192733765, 1.3637679815292358, 1.533958077430725, 0.06960000097751617, -1.2409640550613403, -1.2072999477386475]
[-0.09293574094772339, -0.03585204854607582, 0.3561566472053528, 1.7006967067718506, -0.06266287714242935, 1.072261929512024] [0.13963596522808075, -0.28076398372650146, 0.14415404200553894, 1.3622339963912964, 1.5308901071548462, 0.06960000097751617, -1.2624400854110718, -1.228775978088379]
[-0.08928745239973068, -0.035727813839912415, 0.3557896316051483, 1.7035640478134155, -0.06208467856049538, 1.0719600915908813] [0.11969395726919174, -0.28076398372650146, 0.14415404200553894, 1.360700011253357, 1.5278220176696777, 0.06960000097751617, -1.2839161157608032, -1.2533199787139893]
[-0.08511662483215332, -0.03584038093686104, 0.35548776388168335, 1.6961230039596558, -0.0604732483625412, 1.0678571462631226] [0.10128595679998398, -0.28076398372650146, 0.14415404200553894, 1.3514959812164307, 1.5247540473937988, 0.06960000097751617, -1.2915860414505005, -1.2594560384750366]
[-0.0815870389342308, -0.03616165742278099, 0.3536902964115143, 1.7047008275985718, -0.05410207435488701, 1.0582222938537598] [0.10128595679998398, -0.2792299687862396, 0.1456880420446396, 1.3438260555267334, 1.52168607711792, 0.06960000097751617, -1.2915860414505005, -1.2594560384750366]
[-0.07315729558467865, -0.03644366189837456, 0.3537807762622833, 1.701469898223877, -0.05397994443774223, 1.048958659172058] [0.10128595679998398, -0.2792299687862396, 0.1456880420446396, 1.3315539360046387, 1.515550136566162, 0.06960000097751617, -1.2915860414505005, -1.2594560384750366]
[-0.06423342227935791, -0.03703474625945091, 0.3543868958950043, 1.6865031719207764, -0.05495758727192879, 1.0324002504348755] [0.09361596405506134, -0.2792299687862396, 0.14722204208374023, 1.3116120100021362, 1.501744031906128, 0.06960000097751617, -1.29312002658844, -1.260990023612976]
[-0.058984383940696716, -0.03775245323777199, 0.35546040534973145, 1.667521357536316, -0.05783597752451897, 1.0129823684692383] [0.0859459638595581, -0.27616196870803833, 0.14722204208374023, 1.2901359796524048, 1.4940741062164307, 0.06960000097751617, -1.29312002658844, -1.260990023612976]
[-0.05608486384153366, -0.03701779991388321, 0.3553599715232849, 1.6637581586837769, -0.05555342882871628, 1.0027501583099365] [0.08287796378135681, -0.2546859681606293, 0.14722204208374023, 1.2563879489898682, 1.4910061359405518, 0.06960000097751617, -1.29312002658844, -1.2625240087509155]
[-0.053901806473731995, -0.033296022564172745, 0.3560546636581421, 1.658267617225647, -0.058177649974823, 1.0029895305633545] [0.07520796358585358, -0.22093796730041504, 0.14722204208374023, 1.2195719480514526, 1.4894720315933228, 0.06960000097751617, -1.29312002658844, -1.260990023612976]
[-0.05040261521935463, -0.03293813019990921, 0.3558275103569031, 1.6598559617996216, -0.05445295572280884, 0.9773299098014832] [0.07367396354675293, -0.20406396687030792, 0.14722204208374023, 1.1766200065612793, 1.4894720315933228, 0.06960000097751617, -1.29312002658844, -1.2625240087509155]
[-0.04842817783355713, -0.031701888889074326, 0.355827271938324, 1.6610571146011353, -0.0531034991145134, 0.9668149352073669] [0.06907196342945099, -0.1841219663619995, 0.14722204208374023, 1.152076005935669, 1.4894720315933228, 0.06960000097751617, -1.29312002658844, -1.2625240087509155]
[-0.04635654762387276, -0.03114626370370388, 0.3561060428619385, 1.6600549221038818, -0.05233561992645264, 0.9518754482269287] [0.06446996331214905, -0.17338396608829498, 0.14722204208374023, 1.1229300498962402, 1.4894720315933228, 0.06920000165700912, -1.29312002658844, -1.2625240087509155]
[-0.04358004406094551, -0.031425975263118744, 0.3564695417881012, 1.6577744483947754, -0.05115612968802452, 0.9279397130012512] [0.05833396315574646, -0.1641799658536911, 0.14722204208374023, 1.0876480340957642, 1.4894720315933228, 0.06960000097751617, -1.29312002658844, -1.2625240087509155]
[-0.0403912290930748, -0.03208519145846367, 0.35653379559516907, 1.6570932865142822, -0.048498429358005524, 0.8993754982948303] [0.055265963077545166, -0.15497596561908722, 0.14722204208374023, 1.0508320331573486, 1.4894720315933228, 0.06960000097751617, -1.29312002658844, -1.2625240087509155]
[-0.038429491221904755, -0.03299858421087265, 0.3566601276397705, 1.6558833122253418, -0.04713071137666702, 0.8798264861106873] [0.05219796299934387, -0.15037396550178528, 0.14722204208374023, 1.014016032218933, 1.4894720315933228, 0.06920000165700912, -1.29312002658844, -1.2625240087509155]
[-0.03475205600261688, -0.0347142368555069, 0.3564424514770508, 1.6560739278793335, -0.04257914051413536, 0.8436025977134705] [0.04912996292114258, -0.14577196538448334, 0.1456880420446396, 0.9833359718322754, 1.4894720315933228, 0.06960000097751617, -1.29312002658844, -1.264057993888855]
[-0.032979756593704224, -0.03479861095547676, 0.35623982548713684, 1.6571011543273926, -0.04008549824357033, 0.8285126090049744] [0.046061962842941284, -0.13196596503257751, 0.14722204208374023, 0.951121985912323, 1.4894720315933228, 0.06920000165700912, -1.29312002658844, -1.264057993888855]
[-0.030790938064455986, -0.03418613225221634, 0.35639330744743347, 1.6569880247116089, -0.03839235380291939, 0.8120476603507996] [0.04299396276473999, -0.11355795711278915, 0.1456880420446396, 0.9173740148544312, 1.4894720315933228, 0.06960000097751617, -1.29312002658844, -1.2625240087509155]
[-0.028847794979810715, -0.03374827280640602, 0.35616087913513184, 1.6583634614944458, -0.03521421551704407, 0.7954955697059631] [0.039925962686538696, -0.10281995683908463, 0.1456880420446396, 0.8882279992103577, 1.4879380464553833, 0.06960000097751617, -1.29312002658844, -1.264057993888855]
[-0.02629898488521576, -0.034452106803655624, 0.3562452495098114, 1.656080722808838, -0.03212907910346985, 0.7701554894447327] [0.0368579626083374, -0.0920819640159607, 0.1456880420446396, 0.8498779535293579, 1.4894720315933228, 0.06960000097751617, -1.29312002658844, -1.264057993888855]
[-0.023571554571390152, -0.035353224724531174, 0.3559119403362274, 1.658345341682434, -0.028316151350736618, 0.742821216583252] [0.03378996253013611, -0.08441196382045746, 0.14722204208374023, 0.8130619525909424, 1.4894720315933228, 0.06960000097751617, -1.29312002658844, -1.264057993888855]
[-0.020028475672006607, -0.03832811489701271, 0.3559763729572296, 1.6485912799835205, -0.02476632036268711, 0.7022624611854553] [0.029187962412834167, -0.08287796378135681, 0.1456880420446396, 0.7716439962387085, 1.483336091041565, 0.06960000097751617, -1.29312002658844, -1.264057993888855]
[-0.017575165256857872, -0.040596917271614075, 0.3562321960926056, 1.6465144157409668, -0.023253491148352623, 0.6735901236534119] [0.024585962295532227, -0.08287796378135681, 0.1456880420446396, 0.7394299507141113, 1.483336091041565, 0.06960000097751617, -1.294654130935669, -1.2655919790267944]
[-0.014492351561784744, -0.04360639303922653, 0.35594892501831055, 1.6460226774215698, -0.018972497433423996, 0.6373037099838257] [0.01844996213912964, -0.08287796378135681, 0.1456880420446396, 0.7010799646377563, 1.483336091041565, 0.06960000097751617, -1.2992560863494873, -1.2686599493026733]
[-0.01074348483234644, -0.04722164198756218, 0.3560130000114441, 1.6440527439117432, -0.015990927815437317, 0.5949594974517822] [0.013847962021827698, -0.08287796378135681, 0.1456880420446396, 0.6550599932670593, 1.483336091041565, 0.06960000097751617, -1.3007900714874268, -1.2701940536499023]
[-0.006617206614464521, -0.05168190598487854, 0.3551083207130432, 1.644659161567688, -0.008102772757411003, 0.5449791550636292] [0.009245961904525757, -0.08287796378135681, 0.14415404200553894, 0.6121079921722412, 1.483336091041565, 0.06960000097751617, -1.3007900714874268, -1.2701940536499023]
[-0.00408752029761672, -0.05487355589866638, 0.35442453622817993, 1.6433510780334473, -0.002063087886199355, 0.51028972864151] [0.00771196186542511, -0.08287796378135681, 0.1456880420446396, 0.5660879611968994, 1.483336091041565, 0.06960000097751617, -1.3007900714874268, -1.2701940536499023]
[-0.0006320191314443946, -0.0600515715777874, 0.3542824983596802, 1.641281247138977, 0.002579981228336692, 0.45727813243865967] [0.004643961787223816, -0.08441196382045746, 0.1456880420446396, 0.5169999599456787, 1.483336091041565, 0.06960000097751617, -1.3007900714874268, -1.2701940536499023]
[0.0021959575824439526, -0.06577730923891068, 0.35417941212654114, 1.6406822204589844, 0.006111443042755127, 0.4070872664451599] [0.003109961748123169, -0.09514996409416199, 0.14415404200553894, 0.48325198888778687, 1.483336091041565, 0.06960000097751617, -1.3007900714874268, -1.2701940536499023]
[0.003901200834661722, -0.07117030769586563, 0.3540179133415222, 1.6373203992843628, 0.009230369701981544, 0.3676621615886688] [4.1961669921875e-05, -0.11048995703458786, 0.14415404200553894, 0.46330997347831726, 1.4818021059036255, 0.06960000097751617, -1.3007900714874268, -1.2686599493026733]
[0.005091335158795118, -0.07554902881383896, 0.3541248142719269, 1.6354875564575195, 0.010372196324169636, 0.33571672439575195] [-0.001492038369178772, -0.1181599572300911, 0.14415404200553894, 0.4387659728527069, 1.483336091041565, 0.06960000097751617, -1.2992560863494873, -1.2686599493026733]
[0.005900275427848101, -0.07873818278312683, 0.35427603125572205, 1.6327743530273438, 0.0112577173858881, 0.30995747447013855] [-0.003026038408279419, -0.12736396491527557, 0.1426200419664383, 0.42342597246170044, 1.483336091041565, 0.06960000097751617, -1.2961881160736084, -1.2655919790267944]
[0.006014462560415268, -0.08260024338960648, 0.3545936048030853, 1.631177306175232, 0.010163938626646996, 0.2885478138923645] [-0.003026038408279419, -0.14577196538448334, 0.14108604192733765, 0.421891987323761, 1.483336091041565, 0.06960000097751617, -1.294654130935669, -1.264057993888855]
[0.005872933194041252, -0.08771689236164093, 0.3549722731113434, 1.6262160539627075, 0.009105879813432693, 0.2642021179199219] [-0.003026038408279419, -0.1703159660100937, 0.139552041888237, 0.421891987323761, 1.4848700761795044, 0.06960000097751617, -1.2915860414505005, -1.2625240087509155]
[0.005392355378717184, -0.09208879619836807, 0.35523420572280884, 1.6249033212661743, 0.007971696555614471, 0.24432285130023956] [-0.001492038369178772, -0.18872396647930145, 0.13801804184913635, 0.42342597246170044, 1.4848700761795044, 0.06960000097751617, -1.290052056312561, -1.2594560384750366]
[0.0048642330802977085, -0.09518162161111832, 0.35589584708213806, 1.6266320943832397, 0.004906809888780117, 0.23049117624759674] [-0.001492038369178772, -0.20252996683120728, 0.1364840418100357, 0.4249599575996399, 1.4879380464553833, 0.06960000097751617, -1.2823820114135742, -1.2533199787139893]
[0.003911938983947039, -0.09808509796857834, 0.35633382201194763, 1.6212376356124878, 0.003761147614568472, 0.21701522171497345] [4.1961669921875e-05, -0.21480196714401245, 0.12881404161453247, 0.4249599575996399, 1.4894720315933228, 0.06960000097751617, -1.271644115447998, -1.2425819635391235]
[0.001942362985573709, -0.10155252367258072, 0.35637879371643066, 1.6120527982711792, 0.004657762590795755, 0.2021181732416153] [0.009245961904525757, -0.23014196753501892, 0.11961004137992859, 0.42649397253990173, 1.4894720315933228, 0.06960000097751617, -1.2532360553741455, -1.2257080078125]
[-0.0010149774607270956, -0.10422950237989426, 0.3564037084579468, 1.5980061292648315, 0.005880934651941061, 0.1920461505651474] [0.021517962217330933, -0.24394796788692474, 0.10427004098892212, 0.4280279874801636, 1.4894720315933228, 0.06960000097751617, -1.2332940101623535, -1.2042319774627686]
[-0.00455971946939826, -0.10653778910636902, 0.3563022315502167, 1.5883427858352661, 0.00701055396348238, 0.1832645684480667] [0.035323962569236755, -0.25315195322036743, 0.09353204071521759, 0.429561972618103, 1.4894720315933228, 0.06960000097751617, -1.213352084159851, -1.187358021736145]
[-0.008236588910222054, -0.107992023229599, 0.35606369376182556, 1.5787705183029175, 0.008916283026337624, 0.17755553126335144] [0.05219796299934387, -0.25775396823883057, 0.08279404044151306, 0.429561972618103, 1.4894720315933228, 0.06960000097751617, -1.193410038948059, -1.1628140211105347]
[-0.0121140843257308, -0.1080671027302742, 0.3562093675136566, 1.570144772529602, 0.008711754344403744, 0.17790435254573822] [0.06907196342945099, -0.25775396823883057, 0.07359004020690918, 0.4310959577560425, 1.4894720315933228, 0.06960000097751617, -1.1704000234603882, -1.1444059610366821]
[-0.016053222119808197, -0.10824067145586014, 0.35615161061286926, 1.5628196001052856, 0.009297815151512623, 0.17818708717823029] [0.08747996389865875, -0.25775396823883057, 0.06592004001140594, 0.4310959577560425, 1.4894720315933228, 0.06960000097751617, -1.1535260677337646, -1.1244640350341797]
[-0.018822893500328064, -0.1078762635588646, 0.3564900755882263, 1.5550622940063477, 0.008233516477048397, 0.1799592524766922] [0.09821796417236328, -0.25775396823883057, 0.055182039737701416, 0.4356979727745056, 1.4894720315933228, 0.06960000097751617, -1.1366521120071411, -1.109123945236206]
[-0.022487908601760864, -0.1071610376238823, 0.3575797975063324, 1.5421686172485352, 0.0035673361271619797, 0.18639297783374786] [0.11048995703458786, -0.25775396823883057, 0.045978039503097534, 0.4418339729309082, 1.4894720315933228, 0.06960000097751617, -1.1213120222091675, -1.0922499895095825]
[-0.026126787066459656, -0.10595939308404922, 0.35770028829574585, 1.5329852104187012, 0.003006455022841692, 0.19733120501041412] [0.12122795730829239, -0.25775396823883057, 0.0383080393075943, 0.4479699730873108, 1.4894720315933228, 0.06960000097751617, -1.1029040813446045, -1.0738420486450195]
[-0.029597459360957146, -0.10546960681676865, 0.357886403799057, 1.5266542434692383, 0.001368048950098455, 0.2020663172006607] [0.1350339651107788, -0.25775396823883057, 0.03217203915119171, 0.4541059732437134, 1.4894720315933228, 0.06960000097751617, -1.0860300064086914, -1.0600359439849854]
[-0.03300229832530022, -0.1047842726111412, 0.3585233688354492, 1.5197381973266602, -0.0025299210101366043, 0.20831237733364105] [0.14577196538448334, -0.25775396823883057, 0.026036038994789124, 0.46024197340011597, 1.4894720315933228, 0.06960000097751617, -1.0706900358200073, -1.0446959733963013]
[-0.035356856882572174, -0.10451448708772659, 0.35843804478645325, 1.5137965679168701, -0.002773044630885124, 0.21147684752941132] [0.15497596561908722, -0.25775396823883057, 0.019900038838386536, 0.467911958694458, 1.4894720315933228, 0.06960000097751617, -1.0568840503692627, -1.0308899879455566]
[-0.03847358003258705, -0.10292459279298782, 0.35950177907943726, 1.5061702728271484, -0.008343708701431751, 0.2253565490245819] [0.1611119657754898, -0.25775396823883057, 0.010696038603782654, 0.4939899742603302, 1.4894720315933228, 0.06960000097751617, -1.0446120500564575, -1.020151972770691]
[-0.04207417368888855, -0.09949993342161179, 0.3599124848842621, 1.49491286277771, -0.010659961961209774, 0.25616616010665894] [0.1672479659318924, -0.2546859681606293, -0.003109961748123169, 0.5246700048446655, 1.4894720315933228, 0.06960000097751617, -1.0338740348815918, -1.0078799724578857]
[-0.0467572920024395, -0.09477350115776062, 0.3604457378387451, 1.4737499952316284, -0.011659798212349415, 0.3006134033203125] [0.16878196597099304, -0.2546859681606293, -0.021517962217330933, 0.5691559910774231, 1.4894720315933228, 0.06960000097751617, -1.023136019706726, -1.0002100467681885]
[-0.05136916786432266, -0.08928511291742325, 0.36086323857307434, 1.4527087211608887, -0.0107994694262743, 0.3525186777114868] [0.16878196597099304, -0.25315195322036743, -0.04145996272563934, 0.6105740070343018, 1.4894720315933228, 0.06960000097751617, -1.0123980045318604, -0.989471971988678]
[-0.05502353608608246, -0.08423703908920288, 0.36082810163497925, 1.4380635023117065, -0.008303641341626644, 0.39510515332221985] [0.17184996604919434, -0.24394796788692474, -0.05219796299934387, 0.6535259485244751, 1.4894720315933228, 0.06960000097751617, -1.0016601085662842, -0.9756659865379333]
[-0.059088218957185745, -0.07852024585008621, 0.36071309447288513, 1.4288805723190308, -0.006837119348347187, 0.4408240020275116] [0.17645196616649628, -0.22860796749591827, -0.05986796319484711, 0.6842060089111328, 1.4894720315933228, 0.06960000097751617, -0.9878540635108948, -0.9664620161056519]
[-0.06330177187919617, -0.07337619364261627, 0.3605092167854309, 1.4182426929473877, -0.004304778762161732, 0.48331978917121887] [0.18105396628379822, -0.22400596737861633, -0.06753796339035034, 0.7240899801254272, 1.4894720315933228, 0.06960000097751617, -0.9801840782165527, -0.9572579860687256]
[-0.06725556403398514, -0.0701223686337471, 0.36081835627555847, 1.4129334688186646, -0.005196714773774147, 0.5184034705162048] [0.18258796632289886, -0.22400596737861633, -0.07060596346855164, 0.7563039660453796, 1.4940741062164307, 0.06960000097751617, -0.9740480780601501, -0.951121985912323]
[-0.0718766376376152, -0.06488107144832611, 0.3609822392463684, 1.424147129058838, -0.004774702712893486, 0.5657625794410706] [0.1871899664402008, -0.20866596698760986, -0.07060596346855164, 0.7854499816894531, 1.514016032218933, 0.06960000097751617, -0.9725140333175659, -0.9495880007743835]
[-0.0751596987247467, -0.05768895149230957, 0.3613126575946808, 1.430095911026001, -0.004345504101365805, 0.6146737933158875] [0.1871899664402008, -0.17491796612739563, -0.07213996350765228, 0.7961879968643188, 1.515550136566162, 0.06960000097751617, -0.9725140333175659, -0.9495880007743835]
[-0.07740691304206848, -0.05041889846324921, 0.3613467216491699, 1.430281639099121, -0.004139320459216833, 0.6545565724372864] [0.1871899664402008, -0.13963596522808075, -0.07060596346855164, 0.7961879968643188, 1.5170841217041016, 0.06920000165700912, -0.9725140333175659, -0.9495880007743835]
[-0.07874998450279236, -0.04560590162873268, 0.3615700304508209, 1.4278948307037354, -0.0041525461710989475, 0.6805555820465088] [0.1871899664402008, -0.10895595699548721, -0.07060596346855164, 0.7946540117263794, 1.518618106842041, 0.06920000165700912, -0.9725140333175659, -0.9495880007743835]
[-0.08055026084184647, -0.039102911949157715, 0.36169809103012085, 1.4317653179168701, -0.0037510974798351526, 0.7143470048904419] [0.1871899664402008, -0.07060596346855164, -0.06907196342945099, 0.7915859818458557, 1.5293561220169067, 0.06960000097751617, -0.9740480780601501, -0.951121985912323]
[-0.09176892787218094, -0.02999764308333397, 0.3608900010585785, 1.452867865562439, 0.005378490313887596, 0.7598839998245239] [0.18872396647930145, -0.02765396237373352, -0.05679996311664581, 0.7900519967079163, 1.5492980480194092, 0.07320000231266022, -0.977116048336029, -0.9526559710502625]
[-0.0984744131565094, -0.02496371790766716, 0.3609927296638489, 1.481326699256897, 0.006802029442042112, 0.7841942310333252] [0.1902579665184021, -0.003109961748123169, -0.05373196303844452, 0.7869839668273926, 1.556968092918396, 0.07000000029802322, -0.9817180633544922, -0.9572579860687256]
[-0.10081102699041367, -0.021904967725276947, 0.360709547996521, 1.4853754043579102, 0.009126081131398678, 0.7995333075523376] [0.1902579665184021, 0.0122300386428833, -0.04759596288204193, 0.7869839668273926, 1.556968092918396, 0.07000000029802322, -0.9878540635108948, -0.9633939862251282]
[-0.10229867696762085, -0.01962050423026085, 0.3606390953063965, 1.4933629035949707, 0.008009695447981358, 0.8118745684623718] [0.1902579665184021, 0.019900038838386536, -0.04299396276473999, 0.7854499816894531, 1.556968092918396, 0.07000000029802322, -0.9955240488052368, -0.9725979566574097]
[-0.10111536830663681, -0.019774748012423515, 0.3603738248348236, 1.503735065460205, 0.007824573665857315, 0.8075072169303894] [0.1902579665184021, 0.01836603879928589, -0.03225596249103546, 0.78084796667099, 1.556968092918396, 0.07000000029802322, -1.0031940937042236, -0.9802680015563965]
[-0.0993540808558464, -0.020513730123639107, 0.36030033230781555, 1.513634443283081, 0.0069878012873232365, 0.8017891645431519] [0.1871899664402008, 0.015298038721084595, -0.024585962295532227, 0.7823820114135742, 1.556968092918396, 0.07000000029802322, -1.0123980045318604, -0.989471971988678]
[-0.0972774401307106, -0.022030770778656006, 0.3605453073978424, 1.5206208229064941, 0.004938906989991665, 0.7931312322616577] [0.1841219663619995, 0.001492038369178772, -0.02305196225643158, 0.78084796667099, 1.556968092918396, 0.07000000029802322, -1.0216020345687866, -0.9986760020256042]
[-0.0944119393825531, -0.025676315650343895, 0.36049845814704895, 1.5239794254302979, 0.00471046706661582, 0.7736055254936218] [0.17951996624469757, -0.01844996213912964, -0.01691596210002899, 0.7823820114135742, 1.556968092918396, 0.07000000029802322, -1.0262041091918945, -1.001744031906128]
[-0.09291432052850723, -0.02653735689818859, 0.36031073331832886, 1.5340495109558105, 0.0043356954120099545, 0.7708165645599365] [0.17798596620559692, -0.02305196225643158, -0.013847962021827698, 0.7869839668273926, 1.556968092918396, 0.07000000029802322, -1.0262041091918945, -1.001744031906128]
[-0.09214688837528229, -0.028026936575770378, 0.3607771396636963, 1.5323646068572998, 0.003047294681891799, 0.7646760940551758] [0.17338396608829498, -0.039925962686538696, -0.013847962021827698, 0.7915859818458557, 1.5585020780563354, 0.07000000029802322, -1.0262041091918945, -1.001744031906128]
[-0.09110128879547119, -0.0315091647207737, 0.36071163415908813, 1.532859206199646, 0.00373669876717031, 0.7492954730987549] [0.17338396608829498, -0.05986796319484711, -0.015381962060928345, 0.8007899522781372, 1.556968092918396, 0.07000000029802322, -1.0262041091918945, -1.0032780170440674]
[-0.09105857461690903, -0.033511046320199966, 0.36088815331459045, 1.530630111694336, 0.0038249993231147528, 0.7450309991836548] [0.17184996604919434, -0.07827596366405487, -0.015381962060928345, 0.8207319974899292, 1.5585020780563354, 0.07000000029802322, -1.0262041091918945, -1.0048120021820068]
[-0.0912981703877449, -0.03643922507762909, 0.3612460196018219, 1.5293878316879272, 0.002812015824019909, 0.7407988905906677] [0.1703159660100937, -0.11202395707368851, -0.015381962060928345, 0.846809983253479, 1.5585020780563354, 0.07000000029802322, -1.0262041091918945, -1.0048120021820068]
[-0.09148621559143066, -0.04172734543681145, 0.36144211888313293, 1.5273661613464355, 0.002658605109900236, 0.7286700010299683] [0.16878196597099304, -0.15497596561908722, -0.01691596210002899, 0.8759559988975525, 1.556968092918396, 0.07000000029802322, -1.0262041091918945, -1.0048120021820068]
[-0.09157982468605042, -0.046575747430324554, 0.3617229759693146, 1.5285873413085938, 0.001622802927158773, 0.7164773941040039] [0.1672479659318924, -0.19792796671390533, -0.01844996213912964, 0.8989659547805786, 1.5585020780563354, 0.07000000029802322, -1.0262041091918945, -1.0048120021820068]
[-0.09128397703170776, -0.0528184212744236, 0.36135995388031006, 1.5288726091384888, 0.0036611580289900303, 0.6934330463409424] [0.1672479659318924, -0.2362779676914215, -0.01844996213912964, 0.923509955406189, 1.5585020780563354, 0.07000000029802322, -1.0262041091918945, -1.0048120021820068]
[-0.09199093282222748, -0.0567486546933651, 0.36178073287010193, 1.5292028188705444, 0.001339706010185182, 0.6858079433441162] [0.1672479659318924, -0.2715599536895752, -0.01844996213912964, 0.943452000617981, 1.5585020780563354, 0.07000000029802322, -1.024670124053955, -1.0048120021820068]
[-0.09139714390039444, -0.06356769800186157, 0.3616711497306824, 1.5289454460144043, 0.0022388047073036432, 0.6550989747047424] [0.1672479659318924, -0.31604596972465515, -0.019983962178230286, 0.9526559710502625, 1.556968092918396, 0.07000000029802322, -1.0262041091918945, -1.0048120021820068]
[-0.09125502407550812, -0.06887535750865936, 0.36153411865234375, 1.5285643339157104, 0.003195804310962558, 0.6319471597671509] [0.1672479659318924, -0.355929970741272, -0.021517962217330933, 0.9833359718322754, 1.5585020780563354, 0.07000000029802322, -1.0262041091918945, -1.0048120021820068]
[-0.09269040822982788, -0.07462034374475479, 0.361481636762619, 1.5267037153244019, 0.004563190042972565, 0.6181436777114868] [0.16571396589279175, -0.4019499719142914, -0.02305196225643158, 1.0186179876327515, 1.5585020780563354, 0.07000000029802322, -1.0262041091918945, -1.0048120021820068]
[-0.0949934795498848, -0.07824505865573883, 0.36129873991012573, 1.524773359298706, 0.005853442009538412, 0.6181174516677856] [0.16571396589279175, -0.44029998779296875, -0.026119962334632874, 1.0600359439849854, 1.5585020780563354, 0.07000000029802322, -1.024670124053955, -1.0032780170440674]
[-0.09778673201799393, -0.08152571320533752, 0.361210435628891, 1.5260956287384033, 0.007325142156332731, 0.6226788759231567] [0.16571396589279175, -0.4771159887313843, -0.02765396237373352, 1.0999200344085693, 1.5585020780563354, 0.07000000029802322, -1.024670124053955, -1.0032780170440674]
[-0.10055424273014069, -0.08470391482114792, 0.3612871468067169, 1.525206208229065, 0.007647745311260223, 0.6257050037384033] [0.16571396589279175, -0.5200679898262024, -0.029187962412834167, 1.1551439762115479, 1.5585020780563354, 0.07000000029802322, -1.024670124053955, -1.0032780170440674]
[-0.10399256646633148, -0.08777822554111481, 0.3610045313835144, 1.525887370109558, 0.009921222925186157, 0.633327841758728] [0.1641799658536911, -0.5584179759025574, -0.029187962412834167, 1.1950279474258423, 1.5585020780563354, 0.07000000029802322, -1.023136019706726, -1.001744031906128]
[-0.1062249094247818, -0.08887415379285812, 0.36104586720466614, 1.5259498357772827, 0.009655142202973366, 0.640991747379303] [0.1641799658536911, -0.579893946647644, -0.030721962451934814, 1.2303099632263184, 1.5585020780563354, 0.07000000029802322, -1.0216020345687866, -1.001744031906128]
[-0.10939724743366241, -0.08955877274274826, 0.3607649505138397, 1.52492356300354, 0.012236491777002811, 0.6562249064445496] [0.1641799658536911, -0.6044379472732544, -0.03225596249103546, 1.2594560384750366, 1.5585020780563354, 0.07000000029802322, -1.0216020345687866, -1.001744031906128]
[-0.11165886372327805, -0.0890718325972557, 0.3607144057750702, 1.5266308784484863, 0.012375125661492348, 0.6730523705482483] [0.1641799658536911, -0.6105740070343018, -0.03378996253013611, 1.2901359796524048, 1.5585020780563354, 0.07000000029802322, -1.0216020345687866, -1.001744031906128]
[-0.1144840270280838, -0.08799629658460617, 0.36055102944374084, 1.5260941982269287, 0.014156362973153591, 0.695996880531311] [0.1641799658536911, -0.6274479627609253, -0.035323962569236755, 1.3330880403518677, 1.560036063194275, 0.07000000029802322, -1.0200680494308472, -1.0002100467681885]
[-0.11815786361694336, -0.0877985954284668, 0.36021289229393005, 1.5256439447402954, 0.01752253621816635, 0.7188678979873657] [0.1641799658536911, -0.6458559632301331, -0.03839196264743805, 1.376039981842041, 1.560036063194275, 0.07000000029802322, -1.0200680494308472, -0.9986760020256042]
[-0.12169112265110016, -0.086637482047081, 0.3599280118942261, 1.5261682271957397, 0.0192914679646492, 0.74796462059021] [0.1641799658536911, -0.6565939784049988, -0.039925962686538696, 1.414389967918396, 1.5615700483322144, 0.07000000029802322, -1.0185340642929077, -0.9986760020256042]
[-0.1250278800725937, -0.0849955677986145, 0.35972127318382263, 1.5280685424804688, 0.02144390344619751, 0.7785716652870178] [0.1641799658536911, -0.6673319935798645, -0.04145996272563934, 1.4542739391326904, 1.5615700483322144, 0.07000000029802322, -1.0185340642929077, -0.9986760020256042]
[-0.12919571995735168, -0.08409582078456879, 0.3594372868537903, 1.5267928838729858, 0.02425769716501236, 0.8103320002555847] [0.1641799658536911, -0.6796039938926697, -0.04145996272563934, 1.4941580295562744, 1.5615700483322144, 0.07000000029802322, -1.0170000791549683, -0.99714195728302]
[-0.1328626275062561, -0.08149956166744232, 0.359407514333725, 1.529761552810669, 0.02445722371339798, 0.848906934261322] [0.1641799658536911, -0.6780699491500854, -0.04145996272563934, 1.5340420007705688, 1.5615700483322144, 0.07000000029802322, -1.0170000791549683, -0.99714195728302]
[-0.13530196249485016, -0.08000374585390091, 0.3593493700027466, 1.5300296545028687, 0.024868521839380264, 0.8730380535125732] [0.1641799658536911, -0.6780699491500854, -0.04299396276473999, 1.5754599571228027, 1.5631040334701538, 0.06960000097751617, -1.0170000791549683, -0.99714195728302]
[-0.13530924916267395, -0.08004412055015564, 0.359666645526886, 1.541334629058838, 0.02361225336790085, 0.8730140328407288] [0.1641799658536911, -0.676535964012146, -0.04299396276473999, 1.6076740026474, 1.579978108406067, 0.06960000097751617, -1.0170000791549683, -0.99714195728302]
[-0.13542260229587555, -0.07989553362131119, 0.3594783544540405, 1.5591456890106201, 0.025785285979509354, 0.8745498657226562] [0.1641799658536911, -0.6750019788742065, -0.04299396276473999, 1.6092079877853394, 1.6014540195465088, 0.07000000029802322, -1.0154660940170288, -0.99714195728302]
[-0.13552339375019073, -0.07909731566905975, 0.35959944128990173, 1.5815932750701904, 0.026785288006067276, 0.8805357813835144] [0.1672479659318924, -0.6657979488372803, -0.04299396276473999, 1.6076740026474, 1.6321340799331665, 0.07000000029802322, -1.0154660940170288, -0.99714195728302]
[-0.13599449396133423, -0.0761263370513916, 0.3591628074645996, 1.6153100728988647, 0.03219211474061012, 0.9016621708869934] [0.17338396608829498, -0.638185977935791, -0.04452796280384064, 1.6076740026474, 1.6658821105957031, 0.07000000029802322, -1.0154660940170288, -0.99714195728302]
[-0.1366700977087021, -0.07276538014411926, 0.3588186204433441, 1.6591761112213135, 0.0364033542573452, 0.9264914393424988] [0.17645196616649628, -0.6197779774665833, -0.04299396276473999, 1.6076740026474, 1.6842900514602661, 0.07000000029802322, -1.0200680494308472, -1.001744031906128]
[-0.13644392788410187, -0.0712088942527771, 0.3585788309574127, 1.6709553003311157, 0.03816577419638634, 0.9386093616485596] [0.17798596620559692, -0.6059719920158386, -0.04452796280384064, 1.6061400175094604, 1.7088340520858765, 0.06960000097751617, -1.0216020345687866, -1.001744031906128]
[-0.13721199333667755, -0.06600257754325867, 0.3583013415336609, 1.6974624395370483, 0.04194198176264763, 0.9769963026046753] [0.17951996624469757, -0.5538159608840942, -0.04452796280384064, 1.6015379428863525, 1.7165040969848633, 0.06960000097751617, -1.0216020345687866, -1.001744031906128]
[-0.13889318704605103, -0.059054937213659286, 0.35823363065719604, 1.7010389566421509, 0.043332863599061966, 1.0290262699127197] [0.17951996624469757, -0.5031939744949341, -0.04452796280384064, 1.5769939422607422, 1.7180380821228027, 0.06960000097751617, -1.023136019706726, -1.0032780170440674]
[-0.1408422887325287, -0.05281469225883484, 0.3580622673034668, 1.7014851570129395, 0.04440223053097725, 1.0765362977981567] [0.18105396628379822, -0.4541059732437134, -0.04452796280384064, 1.5647220611572266, 1.7180380821228027, 0.07000000029802322, -1.023136019706726, -1.0048120021820068]
[-0.1432698518037796, -0.04589737951755524, 0.3579128682613373, 1.703694224357605, 0.044716913253068924, 1.1303060054779053] [0.18105396628379822, -0.40041595697402954, -0.04452796280384064, 1.5401780605316162, 1.7180380821228027, 0.06960000097751617, -1.023136019706726, -1.0048120021820068]
[-0.1442779153585434, -0.040081046521663666, 0.3576119840145111, 1.703108787536621, 0.046713028103113174, 1.1640386581420898] [0.18105396628379822, -0.3543959856033325, -0.04452796280384064, 1.511031985282898, 1.7180380821228027, 0.07000000029802322, -1.024670124053955, -1.0048120021820068]
[-0.1426314413547516, -0.03600553050637245, 0.35748955607414246, 1.702824592590332, 0.04717917740345001, 1.1701407432556152] [0.18105396628379822, -0.31297796964645386, -0.04452796280384064, 1.469614028930664, 1.7180380821228027, 0.06960000097751617, -1.024670124053955, -1.0063459873199463]
[-0.14026382565498352, -0.031087001785635948, 0.35744187235832214, 1.7031704187393188, 0.04736952483654022, 1.171804428100586] [0.18258796632289886, -0.27309396862983704, -0.04452796280384064, 1.4235939979553223, 1.7195720672607422, 0.07000000029802322, -1.0262041091918945, -1.0063459873199463]
[-0.1379317343235016, -0.02834806591272354, 0.3571324646472931, 1.7024232149124146, 0.04808493331074715, 1.1642383337020874] [0.1841219663619995, -0.22553996741771698, -0.04452796280384064, 1.3745059967041016, 1.7195720672607422, 0.07000000029802322, -1.027738094329834, -1.0078799724578857]
[-0.1360280066728592, -0.023270346224308014, 0.35698989033699036, 1.701370358467102, 0.0481087826192379, 1.165801763534546] [0.1841219663619995, -0.17645196616649628, -0.04299396276473999, 1.319282054901123, 1.7180380821228027, 0.07000000029802322, -1.0292720794677734, -1.0094139575958252]
[-0.1332889348268509, -0.01879359409213066, 0.356648325920105, 1.7030282020568848, 0.04863877221941948, 1.1566381454467773] [0.1841219663619995, -0.13656796514987946, -0.04452796280384064, 1.2855340242385864, 1.7180380821228027, 0.06960000097751617, -1.0369420051574707, -1.017084002494812]
[-0.13157501816749573, -0.015576380304992199, 0.35640716552734375, 1.704625129699707, 0.04895675927400589, 1.1567704677581787] [0.1841219663619995, -0.10895595699548721, -0.04145996272563934, 1.2548539638519287, 1.7180380821228027, 0.07000000029802322, -1.0476800203323364, -1.0293560028076172]
[-0.1294078528881073, -0.013190374709665775, 0.35640883445739746, 1.7133017778396606, 0.044818758964538574, 1.155561089515686] [0.1841219663619995, -0.08747996389865875, -0.03378996253013611, 1.2303099632263184, 1.7180380821228027, 0.06960000097751617, -1.061486005783081, -1.0431619882583618]
[-0.12545931339263916, -0.01211564801633358, 0.35567566752433777, 1.724288821220398, 0.04484685882925987, 1.1421769857406616] [0.1841219663619995, -0.07674196362495422, -0.030721962451934814, 1.202697992324829, 1.7180380821228027, 0.06960000097751617, -1.0706900358200073, -1.052366018295288]
[-0.12192198634147644, -0.01256394200026989, 0.35494694113731384, 1.7347415685653687, 0.04484621062874794, 1.127190113067627] [0.1841219663619995, -0.07827596366405487, -0.02305196225643158, 1.1919599771499634, 1.7180380821228027, 0.06960000097751617, -1.0783600807189941, -1.058501958847046]
[-0.11923109740018845, -0.013010876253247261, 0.3549090325832367, 1.7454763650894165, 0.03999340906739235, 1.116582989692688] [0.1841219663619995, -0.07827596366405487, -0.01231396198272705, 1.1796879768371582, 1.7180380821228027, 0.06960000097751617, -1.0829620361328125, -1.0631040334701538]
[-0.11654429137706757, -0.013890078291296959, 0.3570088744163513, 1.7523534297943115, 0.023303860798478127, 1.1024736166000366] [0.17338396608829498, -0.0859459638595581, 0.015298038721084595, 1.1750860214233398, 1.7180380821228027, 0.06960000097751617, -1.084496021270752, -1.0631040334701538]
[-0.11412224173545837, -0.01658003032207489, 0.3623421788215637, 1.7634518146514893, -0.01772327907383442, 1.0824058055877686] [0.16878196597099304, -0.11969395726919174, 0.07972604036331177, 1.1735520362854004, 1.7180380821228027, 0.07000000029802322, -1.0829620361328125, -1.0631040334701538]
[-0.10866329073905945, -0.026044217869639397, 0.3704317510128021, 1.7949979305267334, -0.08563952147960663, 1.0152382850646973] [0.1703159660100937, -0.17338396608829498, 0.15796004235744476, 1.1643480062484741, 1.7180380821228027, 0.07000000029802322, -1.084496021270752, -1.0631040334701538]
[-0.10096331685781479, -0.03968525677919388, 0.3829875588417053, 1.8686515092849731, -0.20036418735980988, 0.9071582555770874] [0.18565596640110016, -0.22093796730041504, 0.41260403394699097, 1.0339579582214355, 1.7180380821228027, 0.07000000029802322, -1.0829620361328125, -1.0646380186080933]
[-0.08515267819166183, -0.06604837626218796, 0.40869277715682983, 2.112536668777466, -0.4178910255432129, 0.6397883892059326] [0.1841219663619995, -0.22247196733951569, 0.7408800721168518, 0.8130619525909424, 1.7180380821228027, 0.07000000029802322, -1.084496021270752, -1.0646380186080933]
[-0.07030683010816574, -0.10179551690816879, 0.4177902638912201, 2.4639663696289062, -0.4825917184352875, 0.28497374057769775] [0.18565596640110016, -0.24394796788692474, 0.9924560785293579, 0.6121079921722412, 1.7195720672607422, 0.07000000029802322, -1.084496021270752, -1.0646380186080933]
[-0.060734111815690994, -0.1355339139699936, 0.41008472442626953, 2.744323253631592, -0.3875595033168793, -0.006969536188989878] [0.18565596640110016, -0.2822979688644409, 1.1673320531845093, 0.4157559871673584, 1.7180380821228027, 0.06960000097751617, -1.0860300064086914, -1.0677059888839722]
[-0.05941031500697136, -0.16348692774772644, 0.39929303526878357, 2.965794086456299, -0.27673840522766113, -0.2018684446811676] [0.1871899664402008, -0.33598798513412476, 1.3529460430145264, 0.29303598403930664, 1.7165040969848633, 0.06960000097751617, -1.0937000513076782, -1.0769100189208984]
[-0.061852969229221344, -0.1851598471403122, 0.38790977001190186, 3.133300304412842, -0.176339253783226, -0.3299025595188141] [0.19946196675300598, -0.4019499719142914, 1.5032780170440674, 0.1841219663619995, 1.7165040969848633, 0.06960000097751617, -1.1029040813446045, -1.0876480340957642]
[-0.06569569557905197, -0.20388223230838776, 0.3696057200431824, -3.0375988483428955, -0.0370832160115242, -0.4281085431575775] [0.23167596757411957, -0.45563995838165283, 1.595318078994751, 0.11048995703458786, 1.7180380821228027, 0.06960000097751617, -1.1121081113815308, -1.0999200344085693]
[-0.067775197327137, -0.21133047342300415, 0.35748356580734253, -3.043536901473999, 0.03028739057481289, -0.46696457266807556] [0.28383195400238037, -0.48325198888778687, 1.6045221090316772, 0.11048995703458786, 1.7165040969848633, 0.07000000029802322, -1.1213120222091675, -1.1060559749603271]
[-0.0686403438448906, -0.21462790668010712, 0.349048912525177, -3.0637946128845215, 0.07146377116441727, -0.48547735810279846] [0.3283179700374603, -0.4970579743385315, 1.6045221090316772, 0.11048995703458786, 1.7165040969848633, 0.07000000029802322, -1.1289820671081543, -1.1152600049972534]
[-0.07099843770265579, -0.2180839627981186, 0.3348775804042816, -3.1069767475128174, 0.14046785235404968, -0.5081217885017395] [0.42342597246170044, -0.5277379751205444, 1.6121920347213745, 0.11048995703458786, 1.7165040969848633, 0.06960000097751617, -1.13972008228302, -1.1259980201721191]
[-0.0768103301525116, -0.22469323873519897, 0.3187907338142395, 3.134343147277832, 0.22001266479492188, -0.5535256266593933] [0.4709799885749817, -0.5461459755897522, 1.6321340799331665, 0.11048995703458786, 1.7165040969848633, 0.06960000097751617, -1.13972008228302, -1.1259980201721191]
[-0.07727833837270737, -0.22569426894187927, 0.31674182415008545, 3.13303804397583, 0.23032952845096588, -0.5605987310409546] [0.481717973947525, -0.5476799607276917, 1.633668065071106, 0.11048995703458786, 1.7165040969848633, 0.06960000097751617, -1.13972008228302, -1.1259980201721191]
[-0.07811776548624039, -0.2257273942232132, 0.31247851252555847, 3.119192600250244, 0.2514479458332062, -0.5639861822128296] [0.5047279596328735, -0.5476799607276917, 1.633668065071106, 0.11048995703458786, 1.7165040969848633, 0.06960000097751617, -1.142788052558899, -1.1275320053100586]
[-0.0779796913266182, -0.22577354311943054, 0.31165990233421326, 3.117892265319824, 0.25575917959213257, -0.5648658275604248] [0.506261944770813, -0.5476799607276917, 1.633668065071106, 0.11048995703458786, 1.7165040969848633, 0.07000000029802322, -1.1412540674209595, -1.1275320053100586]
[-0.07794533669948578, -0.2257460206747055, 0.3112231194972992, 3.115088939666748, 0.25784021615982056, -0.5650337934494019] [0.5093299746513367, -0.5446119904518127, 1.633668065071106, 0.11202395707368851, 1.7180380821228027, 0.06960000097751617, -1.142788052558899, -1.1275320053100586]
[-0.0765845850110054, -0.2236192226409912, 0.3103462755680084, 3.120028495788574, 0.2609945833683014, -0.5530121326446533] [0.5093299746513367, -0.5354079604148865, 1.6321340799331665, 0.11355795711278915, 1.7180380821228027, 0.06960000097751617, -1.1412540674209595, -1.1259980201721191]
[-0.07658834755420685, -0.22361242771148682, 0.3105009198188782, 3.1186039447784424, 0.25954967737197876, -0.5527997612953186] [0.5093299746513367, -0.533873975276947, 1.6321340799331665, 0.11355795711278915, 1.7180380821228027, 0.07000000029802322, -1.142788052558899, -1.1259980201721191]
[-0.07640469074249268, -0.22329466044902802, 0.3104937970638275, 3.1193928718566895, 0.25950729846954346, -0.5509451031684875] [0.5093299746513367, -0.5354079604148865, 1.6321340799331665, 0.11355795711278915, 1.7180380821228027, 0.06960000097751617, -1.1412540674209595, -1.1259980201721191]
[-0.07640690356492996, -0.22327591478824615, 0.3105332553386688, 3.1195085048675537, 0.25930386781692505, -0.5508076548576355] [0.5093299746513367, -0.533873975276947, 1.633668065071106, 0.11355795711278915, 1.7180380821228027, 0.06960000097751617, -1.142788052558899, -1.1259980201721191]
[-0.07646346092224121, -0.22342120110988617, 0.3103843927383423, 3.1196022033691406, 0.2597883641719818, -0.5511636137962341] [0.5093299746513367, -0.533873975276947, 1.6321340799331665, 0.11355795711278915, 1.7180380821228027, 0.07000000029802322, -1.142788052558899, -1.1259980201721191]
[-0.07666133344173431, -0.2235984057188034, 0.31058475375175476, 3.119148015975952, 0.2588648796081543, -0.5524011850357056] [0.5093299746513367, -0.533873975276947, 1.6321340799331665, 0.11355795711278915, 1.7180380821228027, 0.07000000029802322, -1.1412540674209595, -1.1259980201721191]
[-0.07649093121290207, -0.22334861755371094, 0.31047362089157104, 3.1194682121276855, 0.2594977915287018, -0.5511757731437683] [0.5093299746513367, -0.533873975276947, 1.6321340799331665, 0.11355795711278915, 1.7180380821228027, 0.07000000029802322, -1.1412540674209595, -1.1244640350341797]
[-0.07677840441465378, -0.2236005663871765, 0.31004565954208374, 3.1215970516204834, 0.260739266872406, -0.5515774488449097] [0.5108639597892761, -0.533873975276947, 1.633668065071106, 0.11355795711278915, 1.7180380821228027, 0.996399998664856, -1.13972008228302, -1.1244640350341797]
