[-0.0313183069229126, -0.22376205027103424, 0.2992549538612366, 3.068507671356201, 0.2915893495082855, -0.5574792623519897] [0.43723195791244507, -0.5354079604148865, 1.6290661096572876, 0.15650996565818787, 1.7134361267089844, 0.996399998664856, -1.29312002658844, -1.2717280387878418]
[-0.032526880502700806, -0.2234891653060913, 0.30067309737205505, 3.0736277103424072, 0.286239355802536, -0.5549636483192444] [0.4387659728527069, -0.5369420051574707, 1.6290661096572876, 0.15497596561908722, 1.7134361267089844, 0.996399998664856, -1.29312002658844, -1.2701940536499023]
[-0.03698540851473808, -0.22393707931041718, 0.3007652163505554, 3.0753514766693115, 0.28531962633132935, -0.556705892086029] [0.4387659728527069, -0.5354079604148865, 1.6275321245193481, 0.15497596561908722, 1.7134361267089844, 0.996399998664856, -1.29312002658844, -1.2701940536499023]
[-0.050810229033231735, -0.22444701194763184, 0.2991114556789398, 3.072524309158325, 0.2919253706932068, -0.5577120184898376] [0.4387659728527069, -0.5369420051574707, 1.6275321245193481, 0.15497596561908722, 1.7134361267089844, 0.996399998664856, -1.29312002658844, -1.2701940536499023]
[-0.05236384645104408, -0.22410209476947784, 0.2987753450870514, 3.0730180740356445, 0.2933136820793152, -0.5555152297019958] [0.4387659728527069, -0.5354079604148865, 1.6290661096572876, 0.15650996565818787, 1.7134361267089844, 0.08720000088214874, -1.29312002658844, -1.2686599493026733]
[-0.05217568948864937, -0.22412744164466858, 0.2989802658557892, 3.0750930309295654, 0.2923680245876312, -0.5554802417755127] [0.4387659728527069, -0.5354079604148865, 1.6275321245193481, 0.15497596561908722, 1.7134361267089844, 0.08720000088214874, -1.29312002658844, -1.2686599493026733]
[-0.0521581694483757, -0.22417601943016052, 0.2989855706691742, 3.0749056339263916, 0.2926139533519745, -0.5558026432991028] [0.4387659728527069, -0.5369420051574707, 1.6213960647583008, 0.15497596561908722, 1.7134361267089844, 0.08720000088214874, -1.2915860414505005, -1.2671259641647339]
[-0.0521131195127964, -0.22390908002853394, 0.2993291914463043, 3.066911458969116, 0.2902916967868805, -0.5538576245307922] [0.43723195791244507, -0.5369420051574707, 1.6213960647583008, 0.15497596561908722, 1.7134361267089844, 0.08720000088214874, -1.2793140411376953, -1.2563879489898682]
[-0.05256916582584381, -0.22416065633296967, 0.30160555243492126, 3.074173927307129, 0.2796800434589386, -0.5535264015197754] [0.4310959577560425, -0.5369420051574707, 1.6213960647583008, 0.15650996565818787, 1.7134361267089844, 0.08720000088214874, -1.2563040256500244, -1.2333779335021973]
[-0.04544800519943237, -0.22379793226718903, 0.3075140714645386, 3.088397741317749, 0.25236019492149353, -0.5493540167808533] [0.4249599575996399, -0.5369420051574707, 1.6198620796203613, 0.15957796573638916, 1.7134361267089844, 0.08720000088214874, -1.2271580696105957, -1.2011640071868896]
[-0.042043473571538925, -0.22348234057426453, 0.3153170943260193, 3.106071949005127, 0.21244871616363525, -0.5429728031158447] [0.40041595697402954, -0.5369420051574707, 1.6183280944824219, 0.18105396628379822, 1.711902141571045, 0.08720000088214874, -1.1949440240859985, -1.1612800359725952]
[-0.04146556928753853, -0.22267135977745056, 0.33179354667663574, 3.1412477493286133, 0.11495155841112137, -0.5293132066726685] [0.3666679859161377, -0.5354079604148865, 1.6167941093444824, 0.23320996761322021, 1.711902141571045, 0.08720000088214874, -1.1642640829086304, -1.129065990447998]
[-0.044519420713186264, -0.22129316627979279, 0.34953010082244873, -3.1231117248535156, 0.0006484587211161852, -0.5168496370315552] [0.3405899703502655, -0.5354079604148865, 1.5999200344085693, 0.2884339690208435, 1.707300066947937, 0.08720000088214874, -1.1458560228347778, -1.1106579303741455]
[-0.047724101692438126, -0.21901343762874603, 0.3622184991836548, -3.1388401985168457, -0.07987721264362335, -0.503226101398468] [0.32218196988105774, -0.5231359601020813, 1.57230806350708, 0.317579984664917, 1.6842900514602661, 0.08720000088214874, -1.1274480819702148, -1.0876480340957642]
[-0.04783625528216362, -0.21089904010295868, 0.3725922107696533, 3.126673460006714, -0.14468102157115936, -0.4592669904232025] [0.29610395431518555, -0.48631995916366577, 1.5354920625686646, 0.3497939705848694, 1.6812220811843872, 0.08720000088214874, -1.1059720516204834, -1.0661720037460327]
[-0.04704517871141434, -0.20150813460350037, 0.38155585527420044, 3.1111702919006348, -0.2015446126461029, -0.40851452946662903] [0.2654239535331726, -0.4418339729309082, 1.480268120765686, 0.37740597128868103, 1.6812220811843872, 0.08720000088214874, -1.0921660661697388, -1.0492980480194092]
[-0.04745946452021599, -0.18890398740768433, 0.3946138620376587, 3.0791749954223633, -0.28479284048080444, -0.3410373330116272] [0.23474396765232086, -0.40041595697402954, 1.4296460151672363, 0.41728997230529785, 1.6827560663223267, 0.08720000088214874, -1.0798940658569336, -1.0385600328445435]
[-0.04989023134112358, -0.1750430315732956, 0.4060089886188507, 2.9413437843322754, -0.3729700446128845, -0.2475462406873703] [0.22553996741771698, -0.39427995681762695, 1.2026140689849854, 0.5553499460220337, 1.6842900514602661, 0.08720000088214874, -1.066088080406189, -1.0293560028076172]
[-0.05349498987197876, -0.15231679379940033, 0.41379237174987793, 2.655485153198242, -0.4537653625011444, -0.056569941341876984] [0.22400596737861633, -0.3866099715232849, 0.9878540635108948, 0.6750019788742065, 1.6842900514602661, 0.08720000088214874, -1.06302011013031, -1.0247540473937988]
[-0.056278031319379807, -0.13392309844493866, 0.41556161642074585, 2.483462333679199, -0.4766732454299927, 0.09775003790855408] [0.22553996741771698, -0.37126997113227844, 0.9065520763397217, 0.7164199948310852, 1.6827560663223267, 0.08720000088214874, -1.0599520206451416, -1.0216859579086304]
[-0.05781035125255585, -0.1263526976108551, 0.4162719249725342, 2.4446370601654053, -0.48587051033973694, 0.15458789467811584] [0.22553996741771698, -0.3467259705066681, 0.8866100311279297, 0.7409639954566956, 1.6827560663223267, 0.08720000088214874, -1.0538160800933838, -1.017084002494812]
[-0.05945441126823425, -0.11644628643989563, 0.41726621985435486, 2.404338836669922, -0.49566367268562317, 0.22535869479179382] [0.22553996741771698, -0.3083759546279907, 0.8405900597572327, 0.7762459516525269, 1.6827560663223267, 0.08720000088214874, -1.0507481098175049, -1.014016032218933]
[-0.06146897375583649, -0.10371720045804977, 0.4168640673160553, 2.347479820251465, -0.4962652325630188, 0.31850162148475647] [0.22553996741771698, -0.27309396862983704, 0.7638900279998779, 0.8345379829406738, 1.6842900514602661, 0.08720000088214874, -1.0507481098175049, -1.0155500173568726]
[-0.06675643473863602, -0.08419382572174072, 0.4094931483268738, 2.1510396003723145, -0.43709737062454224, 0.4990486204624176] [0.22553996741771698, -0.27309396862983704, 0.516916036605835, 0.9649279713630676, 1.6842900514602661, 0.08720000088214874, -1.0507481098175049, -1.017084002494812]
[-0.07649348676204681, -0.06319113075733185, 0.3952144682407379, 1.9461103677749634, -0.3194490373134613, 0.7089874148368835] [0.22707396745681763, -0.27309396862983704, 0.381924033164978, 1.075376033782959, 1.6842900514602661, 0.08720000088214874, -1.0507481098175049, -1.017084002494812]
[-0.08465754985809326, -0.05364668741822243, 0.3890448212623596, 1.8807826042175293, -0.2732733190059662, 0.8220417499542236] [0.23014196753501892, -0.27309396862983704, 0.33437004685401917, 1.1658819913864136, 1.6842900514602661, 0.08720000088214874, -1.0507481098175049, -1.017084002494812]
[-0.0935577005147934, -0.04687555879354477, 0.38653871417045593, 1.840657114982605, -0.25549939274787903, 0.9219529628753662] [0.23167596757411957, -0.27309396862983704, 0.2607380449771881, 1.284000039100647, 1.6858240365982056, 0.08720000088214874, -1.0492141246795654, -1.014016032218933]
[-0.10308195650577545, -0.03927379101514816, 0.3774207830429077, 1.787772297859192, -0.1778264343738556, 1.0290491580963135] [0.2362779676914215, -0.2684919834136963, 0.20398004353046417, 1.322350025177002, 1.6842900514602661, 0.08720000088214874, -1.0446120500564575, -1.0094139575958252]
[-0.10570363700389862, -0.036763619631528854, 0.37605050206184387, 1.7840524911880493, -0.16830675303936005, 1.0545151233673096] [0.2362779676914215, -0.25315195322036743, 0.20244604349136353, 1.3238840103149414, 1.6842900514602661, 0.08720000088214874, -1.0400100946426392, -1.0063459873199463]
[-0.108185313642025, -0.033036909997463226, 0.3753802478313446, 1.781471848487854, -0.16205519437789917, 1.0817376375198364] [0.2424139678478241, -0.22400596737861633, 0.18710604310035706, 1.3238840103149414, 1.6842900514602661, 0.08720000088214874, -1.0369420051574707, -1.001744031906128]
[-0.11022534221410751, -0.029536370187997818, 0.3724071979522705, 1.7847414016723633, -0.14351609349250793, 1.1051485538482666] [0.251617968082428, -0.20713196694850922, 0.165630042552948, 1.3254179954528809, 1.6858240365982056, 0.08720000088214874, -1.0338740348815918, -1.0002100467681885]
[-0.11211156845092773, -0.026699867099523544, 0.3689621686935425, 1.778943419456482, -0.11604411900043488, 1.1245542764663696] [0.25315195322036743, -0.19485996663570404, 0.13495004177093506, 1.3254179954528809, 1.6858240365982056, 0.08720000088214874, -1.0292720794677734, -0.9940739870071411]
[-0.11311385035514832, -0.026088930666446686, 0.36646768450737, 1.7703114748001099, -0.09368308633565903, 1.128488302230835] [0.25315195322036743, -0.1963939666748047, 0.11194004118442535, 1.3238840103149414, 1.6842900514602661, 0.08720000088214874, -1.0170000791549683, -0.9833359718322754]
[-0.11487743258476257, -0.025966916233301163, 0.36465466022491455, 1.7556118965148926, -0.07392902672290802, 1.129511833190918] [0.2546859681606293, -0.1963939666748047, 0.0904640406370163, 1.3238840103149414, 1.6858240365982056, 0.08720000088214874, -1.0031940937042236, -0.9679960012435913]
[-0.11696094274520874, -0.02582392655313015, 0.36337995529174805, 1.7415167093276978, -0.059020478278398514, 1.1298118829727173] [0.2562199831008911, -0.1963939666748047, 0.07512404024600983, 1.3208160400390625, 1.6858240365982056, 0.08720000088214874, -0.9893880486488342, -0.9557240009307861]
[-0.1187431663274765, -0.026380745694041252, 0.36258459091186523, 1.7298948764801025, -0.0500207245349884, 1.1248376369476318] [0.26082196831703186, -0.19946196675300598, 0.06285203993320465, 1.319282054901123, 1.6858240365982056, 0.08720000088214874, -0.9847860336303711, -0.9526559710502625]
[-0.11978386342525482, -0.026431256905198097, 0.3615899384021759, 1.7242261171340942, -0.0412866547703743, 1.1238598823547363] [0.26388996839523315, -0.19946196675300598, 0.04751203954219818, 1.3162139654159546, 1.6858240365982056, 0.08720000088214874, -0.9832520484924316, -0.951121985912323]
[-0.12033654749393463, -0.02641342207789421, 0.36001458764076233, 1.7201039791107178, -0.02820797637104988, 1.1228190660476685] [0.26695796847343445, -0.19946196675300598, 0.039842039346694946, 1.3146799802780151, 1.6858240365982056, 0.08720000088214874, -0.9832520484924316, -0.9526559710502625]
[-0.12017259746789932, -0.026598026975989342, 0.35982587933540344, 1.7180062532424927, -0.0258136298507452, 1.1183290481567383] [0.2654239535331726, -0.19946196675300598, 0.0383080393075943, 1.3085440397262573, 1.6858240365982056, 0.08720000088214874, -0.9847860336303711, -0.9526559710502625]
[-0.11922988295555115, -0.027073832228779793, 0.3597826361656189, 1.7178505659103394, -0.026002438738942146, 1.1076501607894897] [0.2654239535331726, -0.19946196675300598, 0.0383080393075943, 1.2978060245513916, 1.6858240365982056, 0.08720000088214874, -0.9863200783729553, -0.9572579860687256]
[-0.11869899183511734, -0.027140146121382713, 0.35968607664108276, 1.718859314918518, -0.025228675454854965, 1.104557752609253] [0.2654239535331726, -0.19946196675300598, 0.039842039346694946, 1.2978060245513916, 1.6858240365982056, 0.08720000088214874, -0.9955240488052368, -0.9664620161056519]
[-0.1176539808511734, -0.027126295492053032, 0.3593090772628784, 1.7238261699676514, -0.024126866832375526, 1.102891445159912] [0.2654239535331726, -0.19946196675300598, 0.04137603938579559, 1.2962720394134521, 1.6858240365982056, 0.08720000088214874, -1.007796049118042, -0.9802680015563965]
[-0.11571910977363586, -0.027176683768630028, 0.3585229814052582, 1.73297917842865, -0.02110435999929905, 1.1011325120925903] [0.2654239535331726, -0.19946196675300598, 0.04291003942489624, 1.2932039499282837, 1.6858240365982056, 0.08720000088214874, -1.0170000791549683, -0.9925400018692017]
[-0.11341332644224167, -0.027419447898864746, 0.3580707311630249, 1.7412900924682617, -0.019920464605093002, 1.097777009010315] [0.2623559832572937, -0.19946196675300598, 0.04444403946399689, 1.2916699647903442, 1.6858240365982056, 0.08720000088214874, -1.0292720794677734, -1.001744031906128]
[-0.111441470682621, -0.027245646342635155, 0.35755887627601624, 1.748468041419983, -0.01785336434841156, 1.097571611404419] [0.25928795337677, -0.20099596679210663, 0.045978039503097534, 1.2901359796524048, 1.6858240365982056, 0.08720000088214874, -1.0384761095046997, -1.0078799724578857]
[-0.12006042897701263, -0.026838654652237892, 0.35690227150917053, 1.7544599771499634, -0.010053141973912716, 1.092548131942749] [0.251617968082428, -0.20099596679210663, 0.045978039503097534, 1.2870680093765259, 1.6858240365982056, 0.08720000088214874, -1.0476800203323364, -1.017084002494812]
[-0.12240958958864212, -0.026892470195889473, 0.35592955350875854, 1.7640970945358276, -0.004805231001228094, 1.0889852046966553] [0.2500839829444885, -0.20252996683120728, 0.04904603958129883, 1.2870680093765259, 1.6858240365982056, 0.08720000088214874, -1.061486005783081, -1.0308899879455566]
[-0.12241236865520477, -0.026782605797052383, 0.3555237054824829, 1.769720196723938, -0.0028749918565154076, 1.088618516921997] [0.24394796788692474, -0.20252996683120728, 0.050580039620399475, 1.2855340242385864, 1.6842900514602661, 0.08720000088214874, -1.0752921104431152, -1.0462299585342407]
[-0.12045014649629593, -0.026751035824418068, 0.3557625710964203, 1.770421028137207, -0.0027644301299005747, 1.0856359004974365] [0.23320996761322021, -0.20252996683120728, 0.050580039620399475, 1.282465934753418, 1.6842900514602661, 0.08720000088214874, -1.0937000513076782, -1.0646380186080933]
[-0.11739916354417801, -0.02703600749373436, 0.3553054928779602, 1.7755571603775024, 0.00045192972174845636, 1.081239104270935] [0.21480196714401245, -0.20252996683120728, 0.050580039620399475, 1.2778639793395996, 1.6827560663223267, 0.08720000088214874, -1.1151760816574097, -1.0876480340957642]
[-0.11265140026807785, -0.027037613093852997, 0.35605448484420776, 1.7707284688949585, -0.00043112688581459224, 1.076827049255371] [0.19179196655750275, -0.20406396687030792, 0.050580039620399475, 1.2717280387878418, 1.6796880960464478, 0.08720000088214874, -1.13972008228302, -1.113726019859314]
[-0.10819043964147568, -0.02753928117454052, 0.35657399892807007, 1.76787531375885, -0.0013127620331943035, 1.0708061456680298] [0.1703159660100937, -0.20406396687030792, 0.050580039620399475, 1.2701940536499023, 1.6781541109085083, 0.08720000088214874, -1.1657980680465698, -1.1398040056228638]
[-0.1038726270198822, -0.027527201920747757, 0.35702085494995117, 1.7655051946640015, -0.001976808300241828, 1.0708727836608887] [0.1411699652671814, -0.20406396687030792, 0.050580039620399475, 1.2686599493026733, 1.6766201257705688, 0.08720000088214874, -1.1949440240859985, -1.1643480062484741]
[-0.09911229461431503, -0.027573859319090843, 0.35737860202789307, 1.7630356550216675, -0.002487450372427702, 1.0693100690841675] [0.1150919571518898, -0.20406396687030792, 0.050580039620399475, 1.2686599493026733, 1.6750860214233398, 0.08720000088214874, -1.221022129058838, -1.190425992012024]
[-0.09424081444740295, -0.02783186547458172, 0.3577112853527069, 1.7600208520889282, -0.0037894845008850098, 1.0679309368133545] [0.0859459638595581, -0.20559796690940857, 0.050580039620399475, 1.2671259641647339, 1.6750860214233398, 0.08720000088214874, -1.2471001148223877, -1.2195719480514526]
[-0.08796841651201248, -0.02802971936762333, 0.3574257493019104, 1.7614976167678833, -0.0031220007222145796, 1.0650385618209839] [0.0629359632730484, -0.20559796690940857, 0.050580039620399475, 1.2655919790267944, 1.6750860214233398, 0.08720000088214874, -1.274712085723877, -1.245650053024292]
[-0.08327735215425491, -0.02786904387176037, 0.35764747858047485, 1.7592941522598267, -0.004024417605251074, 1.0651882886886597] [0.035323962569236755, -0.20406396687030792, 0.050580039620399475, 1.2563879489898682, 1.6735520362854004, 0.08720000088214874, -1.2885180711746216, -1.260990023612976]
[-0.07784499228000641, -0.028522122651338577, 0.35572415590286255, 1.7676876783370972, 0.002384919673204422, 1.0499712228775024] [0.029187962412834167, -0.20559796690940857, 0.050580039620399475, 1.244115948677063, 1.672018051147461, 0.08720000088214874, -1.290052056312561, -1.260990023612976]
[-0.07441789656877518, -0.029445020481944084, 0.3548952341079712, 1.7596668004989624, 0.004886293783783913, 1.0331916809082031] [0.02305196225643158, -0.20559796690940857, 0.050580039620399475, 1.222640037536621, 1.6551440954208374, 0.08720000088214874, -1.290052056312561, -1.260990023612976]
[-0.07139524072408676, -0.03070785291492939, 0.3543058931827545, 1.7465981245040894, 0.0067603993229568005, 1.0102391242980957] [0.019983962178230286, -0.20406396687030792, 0.050580039620399475, 1.2011640071868896, 1.6459400653839111, 0.08720000088214874, -1.290052056312561, -1.2625240087509155]
[-0.06900379806756973, -0.03176414966583252, 0.3541622757911682, 1.7378629446029663, 0.007932465523481369, 0.9904121160507202] [0.01691596210002899, -0.20406396687030792, 0.050580039620399475, 1.1781539916992188, 1.6398041248321533, 0.08720000088214874, -1.2915860414505005, -1.2625240087509155]
[-0.06675241887569427, -0.032869040966033936, 0.35411977767944336, 1.731736660003662, 0.008654729463160038, 0.9705542922019958] [0.013847962021827698, -0.20406396687030792, 0.050580039620399475, 1.1582119464874268, 1.6321340799331665, 0.08720000088214874, -1.2915860414505005, -1.264057993888855]
[-0.05394599214196205, -0.033864546567201614, 0.3556133806705475, 1.7162971496582031, 0.004103441257029772, 0.9505882859230042] [0.00771196186542511, -0.20252996683120728, 0.050580039620399475, 1.1428719758987427, 1.6275321245193481, 0.08720000088214874, -1.294654130935669, -1.2671259641647339]
[-0.04740622639656067, -0.034782469272613525, 0.35653185844421387, 1.7057684659957886, 0.0009634965681470931, 0.932198166847229] [0.003109961748123169, -0.20099596679210663, 0.050580039620399475, 1.1198619604110718, 1.6259980201721191, 0.08720000088214874, -1.2961881160736084, -1.2686599493026733]
[-0.04302758723497391, -0.035884320735931396, 0.3566359281539917, 1.7026562690734863, 0.0014687051298096776, 0.9107999205589294] [4.1961669921875e-05, -0.20099596679210663, 0.050580039620399475, 1.0968519449234009, 1.6229300498962402, 0.08720000088214874, -1.2977221012115479, -1.2701940536499023]
[-0.04049110785126686, -0.03656933829188347, 0.35658976435661316, 1.7020080089569092, 0.0024346639402210712, 0.8939975500106812] [-0.001492038369178772, -0.1933259665966034, 0.050580039620399475, 1.0661720037460327, 1.6244640350341797, 0.08720000088214874, -1.2977221012115479, -1.2701940536499023]
[-0.037269093096256256, -0.03582160919904709, 0.3563506603240967, 1.7012101411819458, 0.0045667714439332485, 0.8756858110427856] [-0.003026038408279419, -0.17798596620559692, 0.050580039620399475, 1.0370259284973145, 1.6229300498962402, 0.08720000088214874, -1.2992560863494873, -1.2717280387878418]
[-0.03461088612675667, -0.03489150106906891, 0.3563561737537384, 1.7008591890335083, 0.0053530409932136536, 0.8588749170303345] [-0.006094038486480713, -0.15650996565818787, 0.050580039620399475, 1.0032780170440674, 1.6229300498962402, 0.08720000088214874, -1.3023240566253662, -1.2717280387878418]
[-0.03226546570658684, -0.03425358980894089, 0.35633760690689087, 1.7018827199935913, 0.006566086318343878, 0.843644380569458] [-0.009162038564682007, -0.1411699652671814, 0.050580039620399475, 0.9679960012435913, 1.6229300498962402, 0.08720000088214874, -1.3023240566253662, -1.2732620239257812]
[-0.029493357986211777, -0.03481550142168999, 0.3558522164821625, 1.7029516696929932, 0.009497256949543953, 0.8191854953765869] [-0.009162038564682007, -0.13043196499347687, 0.050580039620399475, 0.9327139854431152, 1.6244640350341797, 0.08720000088214874, -1.3038580417633057, -1.2747960090637207]
[-0.027469664812088013, -0.035132747143507004, 0.3557683825492859, 1.7008718252182007, 0.010604561306536198, 0.8008474707603455] [-0.009162038564682007, -0.12122795730829239, 0.050580039620399475, 0.9020339846611023, 1.6229300498962402, 0.08720000088214874, -1.3038580417633057, -1.2747960090637207]
[-0.02520190365612507, -0.03549286723136902, 0.35532549023628235, 1.7019941806793213, 0.013121579773724079, 0.7809603810310364] [-0.010696038603782654, -0.10895595699548721, 0.050580039620399475, 0.8667519688606262, 1.6244640350341797, 0.08720000088214874, -1.3053920269012451, -1.2763299942016602]
[-0.021857134997844696, -0.03721136227250099, 0.35558533668518066, 1.7010629177093506, 0.013330837711691856, 0.7472848892211914] [-0.019900038838386536, -0.10588795691728592, 0.050580039620399475, 0.8176639676094055, 1.6244640350341797, 0.08720000088214874, -1.3053920269012451, -1.279397964477539]
[-0.01772432029247284, -0.04074730724096298, 0.35601112246513367, 1.6957354545593262, 0.01308488566428423, 0.7013582587242126] [-0.02296803891658783, -0.10588795691728592, 0.050580039620399475, 0.773177981376648, 1.6244640350341797, 0.08720000088214874, -1.309994101524353, -1.2809319496154785]
[-0.020072391256690025, -0.04472017660737038, 0.35502538084983826, 1.6990495920181274, 0.018112702295184135, 0.6562625169754028] [-0.02757003903388977, -0.10588795691728592, 0.050580039620399475, 0.7286919951438904, 1.6244640350341797, 0.08720000088214874, -1.3115280866622925, -1.2855340242385864]
[-0.02291753888130188, -0.05001792684197426, 0.3530972898006439, 1.7057828903198242, 0.026246868073940277, 0.599686324596405] [-0.029104039072990417, -0.10588795691728592, 0.055182039737701416, 0.6734679937362671, 1.6229300498962402, 0.08720000088214874, -1.3145960569381714, -1.2886019945144653]
[-0.020713267847895622, -0.0550939217209816, 0.3525116741657257, 1.712307333946228, 0.027598802000284195, 0.5451154112815857] [-0.02757003903388977, -0.10588795691728592, 0.06592004001140594, 0.6182439923286438, 1.6244640350341797, 0.08720000088214874, -1.3176640272140503, -1.2901359796524048]
[-0.017130408436059952, -0.06067618727684021, 0.35126277804374695, 1.720044732093811, 0.03367849066853523, 0.48644134402275085] [-0.029104039072990417, -0.10588795691728592, 0.07205604016780853, 0.572223961353302, 1.6229300498962402, 0.08720000088214874, -1.3176640272140503, -1.2901359796524048]
[-0.003863879246637225, -0.0645756870508194, 0.35263851284980774, 1.7145805358886719, 0.03044075332581997, 0.4422190189361572] [-0.029104039072990417, -0.10895595699548721, 0.07205604016780853, 0.5277379751205444, 1.6244640350341797, 0.08720000088214874, -1.3176640272140503, -1.2901359796524048]
[0.003200647421181202, -0.0697021409869194, 0.3527531623840332, 1.7110823392868042, 0.032422516494989395, 0.3924730122089386] [-0.029104039072990417, -0.1181599572300911, 0.07205604016780853, 0.4771159887313843, 1.6229300498962402, 0.08720000088214874, -1.3176640272140503, -1.2901359796524048]
[0.007672383915632963, -0.07832232862710953, 0.35261017084121704, 1.7073217630386353, 0.035293109714984894, 0.32694438099861145] [-0.029104039072990417, -0.13656796514987946, 0.07205604016780853, 0.4418339729309082, 1.6229300498962402, 0.08720000088214874, -1.3161300420761108, -1.2901359796524048]
[0.009889927692711353, -0.0832090899348259, 0.3524847626686096, 1.7052288055419922, 0.0371776707470417, 0.2872645854949951] [-0.029104039072990417, -0.14270396530628204, 0.07205604016780853, 0.41422197222709656, 1.6229300498962402, 0.08720000088214874, -1.3161300420761108, -1.2886019945144653]
[0.010925290174782276, -0.08739255368709564, 0.35257387161254883, 1.703543782234192, 0.037557799369096756, 0.2581954598426819] [-0.029104039072990417, -0.1580439656972885, 0.07205604016780853, 0.3958139717578888, 1.6229300498962402, 0.08720000088214874, -1.3145960569381714, -1.2870680093765259]
[0.01114213839173317, -0.09207449108362198, 0.35275793075561523, 1.701818823814392, 0.03736460953950882, 0.23060299456119537] [-0.02757003903388977, -0.17491796612739563, 0.07205604016780853, 0.3927459716796875, 1.6229300498962402, 0.08720000088214874, -1.3084601163864136, -1.282465934753418]
[0.010364740155637264, -0.09517946094274521, 0.3536446690559387, 1.7003517150878906, 0.033328231424093246, 0.21677619218826294] [-0.02757003903388977, -0.19179196655750275, 0.06745404005050659, 0.39427995681762695, 1.6244640350341797, 0.08720000088214874, -1.3053920269012451, -1.279397964477539]
[0.009444866329431534, -0.09943366050720215, 0.35437193512916565, 1.6928976774215698, 0.030042102560400963, 0.1968803107738495] [-0.02757003903388977, -0.2101999670267105, 0.06592004001140594, 0.3958139717578888, 1.6244640350341797, 0.08720000088214874, -1.3023240566253662, -1.2763299942016602]
[0.00858800858259201, -0.10366359353065491, 0.35512691736221313, 1.6921557188034058, 0.026297423988580704, 0.1784387081861496] [-0.026036038994789124, -0.22860796749591827, 0.061318039894104004, 0.39734798669815063, 1.6290661096572876, 0.08720000088214874, -1.2915860414505005, -1.2671259641647339]
[0.006935704033821821, -0.10678849369287491, 0.3555941879749298, 1.6878217458724976, 0.02470315434038639, 0.16477496922016144] [-0.02296803891658783, -0.2454819679260254, 0.050580039620399475, 0.39734798669815063, 1.6290661096572876, 0.08720000088214874, -1.274712085723877, -1.2533199787139893]
[0.004087494686245918, -0.11023104190826416, 0.3558064103126526, 1.6764566898345947, 0.024426322430372238, 0.15110032260417938] [-0.013764038681983948, -0.25928795337677, 0.035240039229393005, 0.39734798669815063, 1.630600094795227, 0.08720000088214874, -1.2578380107879639, -1.2349120378494263]
[0.0006228621932677925, -0.11375348269939423, 0.35516369342803955, 1.665913701057434, 0.02830606698989868, 0.13591551780700684] [0.003109961748123169, -0.2715599536895752, 0.02757003903388977, 0.40041595697402954, 1.6290661096572876, 0.08720000088214874, -1.2378960847854614, -1.2165039777755737]
[-0.0024273102171719074, -0.11557623744010925, 0.3549502491950989, 1.657345175743103, 0.03037295490503311, 0.1283707171678543] [0.021517962217330933, -0.28076398372650146, 0.01683203876018524, 0.4019499719142914, 1.630600094795227, 0.08720000088214874, -1.21642005443573, -1.1934939622879028]
[-0.006674295756965876, -0.11647369712591171, 0.35480979084968567, 1.6476191282272339, 0.03264420107007027, 0.12545694410800934] [0.03839196264743805, -0.2853659689426422, 0.003026038408279419, 0.4034839868545532, 1.630600094795227, 0.08720000088214874, -1.1918760538101196, -1.170483946800232]
[-0.011296866461634636, -0.1177346408367157, 0.3553553819656372, 1.634617805480957, 0.031300242990255356, 0.1224735826253891] [0.05679996311664581, -0.2945699691772461, -0.01231396198272705, 0.41728997230529785, 1.630600094795227, 0.08720000088214874, -1.1657980680465698, -1.1444059610366821]
[-0.01624845527112484, -0.11733412742614746, 0.3551693260669708, 1.6205010414123535, 0.03369620069861412, 0.13171352446079254] [0.07367396354675293, -0.29610395431518555, -0.02305196225643158, 0.4280279874801636, 1.630600094795227, 0.08720000088214874, -1.1443220376968384, -1.1229300498962402]
[-0.020939873531460762, -0.11571645736694336, 0.35596421360969543, 1.6103638410568237, 0.03048202581703663, 0.14700354635715485] [0.08747996389865875, -0.2976379692554474, -0.03225596249103546, 0.4387659728527069, 1.630600094795227, 0.08720000088214874, -1.1274480819702148, -1.1029880046844482]
[-0.023883311077952385, -0.11461421847343445, 0.3570535182952881, 1.6050957441329956, 0.02562587708234787, 0.156144380569458] [0.09975196421146393, -0.29610395431518555, -0.04145996272563934, 0.4587079882621765, 1.630600094795227, 0.08720000088214874, -1.1075060367584229, -1.0876480340957642]
[-0.028123700991272926, -0.11214053630828857, 0.3578243851661682, 1.5929759740829468, 0.022106865420937538, 0.17746472358703613] [0.11048995703458786, -0.29610395431518555, -0.05219796299934387, 0.48938798904418945, 1.630600094795227, 0.08720000088214874, -1.0890980958938599, -1.0692399740219116]
[-0.032877713441848755, -0.10814840346574783, 0.3584582507610321, 1.579585313796997, 0.02049202471971512, 0.21395359933376312] [0.11662595719099045, -0.29610395431518555, -0.0660039633512497, 0.5308059453964233, 1.630600094795227, 0.08720000088214874, -1.0722240209579468, -1.0539000034332275]
[-0.0379030741751194, -0.10332903265953064, 0.3589525520801544, 1.560591220855713, 0.02129628136754036, 0.25919514894485474] [0.11969395726919174, -0.29610395431518555, -0.0920819640159607, 0.5814279913902283, 1.630600094795227, 0.08720000088214874, -1.0553500652313232, -1.035491943359375]
[-0.04336189478635788, -0.09793338924646378, 0.35945603251457214, 1.5338982343673706, 0.02490304782986641, 0.31132009625434875] [0.11969395726919174, -0.2945699691772461, -0.11969395726919174, 0.6274479627609253, 1.630600094795227, 0.08720000088214874, -1.0384761095046997, -1.020151972770691]
[-0.04909332096576691, -0.0919853001832962, 0.3602796494960785, 1.5113134384155273, 0.02579418569803238, 0.3616686165332794] [0.12276195734739304, -0.28383195400238037, -0.1381019651889801, 0.668865978717804, 1.630600094795227, 0.08720000088214874, -1.0262041091918945, -1.0078799724578857]
[-0.05346176400780678, -0.08540912717580795, 0.3603964149951935, 1.4992564916610718, 0.028001179918646812, 0.40956857800483704] [0.12736396491527557, -0.2623559832572937, -0.14577196538448334, 0.696478009223938, 1.630600094795227, 0.08720000088214874, -1.0185340642929077, -0.99714195728302]
[-0.057434432208538055, -0.07839404046535492, 0.36048728227615356, 1.492213249206543, 0.029345359653234482, 0.45786499977111816] [0.13043196499347687, -0.2393459677696228, -0.14577196538448334, 0.7210220098495483, 1.630600094795227, 0.08720000088214874, -1.010864019393921, -0.989471971988678]
[-0.06099039316177368, -0.07153548300266266, 0.36111435294151306, 1.4880651235580444, 0.02806813269853592, 0.5049535632133484] [0.13196596503257751, -0.2163359671831131, -0.14577196538448334, 0.7378959655761719, 1.630600094795227, 0.08720000088214874, -1.0093300342559814, -0.9864040017127991]
[-0.06429939717054367, -0.06201805919408798, 0.36151009798049927, 1.4828132390975952, 0.027593469247221947, 0.5597372055053711] [0.13349996507167816, -0.15957796573638916, -0.1442379653453827, 0.7409639954566956, 1.6321340799331665, 0.08720000088214874, -1.0093300342559814, -0.9864040017127991]
[-0.06708858162164688, -0.051467157900333405, 0.3620561957359314, 1.4874037504196167, 0.024539846926927567, 0.6154289245605469] [0.13656796514987946, -0.10742195695638657, -0.13043196499347687, 0.7394299507141113, 1.6352020502090454, 0.08720000088214874, -1.010864019393921, -0.9879379868507385]
[-0.06910376995801926, -0.043205421417951584, 0.3623984754085541, 1.494263768196106, 0.022303109988570213, 0.6590904593467712] [0.1381019651889801, -0.0660039633512497, -0.12582996487617493, 0.7378959655761719, 1.6352020502090454, 0.08720000088214874, -1.0123980045318604, -0.989471971988678]
[-0.0774146318435669, -0.0356970876455307, 0.3615500330924988, 1.5023630857467651, 0.02741047739982605, 0.697650671005249] [0.1411699652671814, -0.029187962412834167, -0.11662595719099045, 0.7378959655761719, 1.633668065071106, 0.08720000088214874, -1.0139321088790894, -0.989471971988678]
[-0.08548007160425186, -0.030536405742168427, 0.3613318204879761, 1.5125999450683594, 0.028512587770819664, 0.7241904139518738] [0.13963596522808075, -0.003109961748123169, -0.09975196421146393, 0.7378959655761719, 1.633668065071106, 0.08720000088214874, -1.0170000791549683, -0.9925400018692017]
[-0.09072084724903107, -0.023596178740262985, 0.3617875576019287, 1.5300652980804443, 0.022922873497009277, 0.762211263179779] [0.14270396530628204, 0.026036038994789124, -0.08441196382045746, 0.7378959655761719, 1.6321340799331665, 0.08720000088214874, -1.0262041091918945, -1.0002100467681885]
[-0.09207908064126968, -0.02020786888897419, 0.36103248596191406, 1.547730803489685, 0.022236943244934082, 0.7816452383995056] [0.15037396550178528, 0.04137603938579559, -0.06753796339035034, 0.7363619804382324, 1.6321340799331665, 0.08720000088214874, -1.0369420051574707, -1.0094139575958252]
[-0.09090355783700943, -0.020390626043081284, 0.3606264889240265, 1.5634077787399292, 0.0203432384878397, 0.7793189883232117] [0.15037396550178528, 0.039842039346694946, -0.05833396315574646, 0.734827995300293, 1.6321340799331665, 0.08720000088214874, -1.0446120500564575, -1.0186179876327515]
[-0.08922044932842255, -0.02113204076886177, 0.3599107563495636, 1.5738179683685303, 0.022224359214305878, 0.775256872177124] [0.15037396550178528, 0.030638039112091064, -0.055265963077545166, 0.7332940101623535, 1.6321340799331665, 0.08720000088214874, -1.0492141246795654, -1.0232199430465698]
[-0.08596676588058472, -0.025479817762970924, 0.3593924641609192, 1.5788105726242065, 0.02586177922785282, 0.7496864795684814] [0.14883996546268463, 0.006094038486480713, -0.055265963077545166, 0.7332940101623535, 1.633668065071106, 0.08720000088214874, -1.0507481098175049, -1.0232199430465698]
[-0.08409814536571503, -0.028777971863746643, 0.3593648076057434, 1.5779274702072144, 0.026683909818530083, 0.7314324975013733] [0.14577196538448334, -0.010779961943626404, -0.05833396315574646, 0.7332940101623535, 1.6352020502090454, 0.08720000088214874, -1.0492141246795654, -1.0232199430465698]
[-0.08222264796495438, -0.03315793350338936, 0.3593592345714569, 1.5804098844528198, 0.027397509664297104, 0.7084881067276001] [0.14270396530628204, -0.04299396276473999, -0.05833396315574646, 0.734827995300293, 1.6367360353469849, 0.08720000088214874, -1.0507481098175049, -1.0232199430465698]
[-0.07916657626628876, -0.04182438924908638, 0.35953718423843384, 1.5789591073989868, 0.027432866394519806, 0.6608730554580688] [0.1411699652671814, -0.09361596405506134, -0.05986796319484711, 0.734827995300293, 1.6367360353469849, 0.08720000088214874, -1.0507481098175049, -1.0216859579086304]
[-0.0761299654841423, -0.053071029484272, 0.3597105145454407, 1.5781575441360474, 0.027068840339779854, 0.6025368571281433] [0.1411699652671814, -0.16264596581459045, -0.0629359632730484, 0.7394299507141113, 1.6382701396942139, 0.08720000088214874, -1.046146035194397, -1.0186179876327515]
[-0.07435022294521332, -0.06588318198919296, 0.3602284789085388, 1.577730417251587, 0.025238456204533577, 0.5371447205543518] [0.1411699652671814, -0.2194039672613144, -0.0660039633512497, 0.750167965888977, 1.6398041248321533, 0.08720000088214874, -1.043078064918518, -1.0186179876327515]
[-0.06430309265851974, -0.0749676302075386, 0.36149993538856506, 1.572611689567566, 0.016770241782069206, 0.5029079914093018] [0.13963596522808075, -0.2776959538459778, -0.06753796339035034, 0.78084796667099, 1.6398041248321533, 0.08720000088214874, -1.043078064918518, -1.017084002494812]
[-0.0617159828543663, -0.07959963381290436, 0.3622042238712311, 1.5723178386688232, 0.012070802040398121, 0.4966050684452057] [0.13963596522808075, -0.31604596972465515, -0.06907196342945099, 0.808459997177124, 1.6398041248321533, 0.08720000088214874, -1.043078064918518, -1.017084002494812]
[-0.061617352068424225, -0.08368478715419769, 0.36209049820899963, 1.5726999044418335, 0.013232543133199215, 0.49492892622947693] [0.1381019651889801, -0.35899797081947327, -0.07060596346855164, 0.8529459834098816, 1.6398041248321533, 0.08720000088214874, -1.0415440797805786, -1.017084002494812]
[-0.06345606595277786, -0.08796084672212601, 0.36160141229629517, 1.5728622674942017, 0.01704281009733677, 0.4947250485420227] [0.13656796514987946, -0.41422197222709656, -0.07520796358585358, 0.9066359996795654, 1.6398041248321533, 0.08720000088214874, -1.0400100946426392, -1.0155500173568726]
[-0.06642157584428787, -0.09164444357156754, 0.3610171377658844, 1.5722978115081787, 0.021530166268348694, 0.5005794167518616] [0.1381019651889801, -0.4479699730873108, -0.08134396374225616, 0.951121985912323, 1.6398041248321533, 0.08720000088214874, -1.0338740348815918, -1.0109479427337646]
[-0.06870433688163757, -0.09281544387340546, 0.3605150580406189, 1.5694568157196045, 0.025648988783359528, 0.5094408988952637] [0.13656796514987946, -0.4740479588508606, -0.09054796397686005, 1.0002100467681885, 1.6398041248321533, 0.08720000088214874, -1.027738094329834, -1.0032780170440674]
[-0.07309556007385254, -0.09321615099906921, 0.3597278892993927, 1.5614166259765625, 0.034304797649383545, 0.5329684615135193] [0.13656796514987946, -0.5093299746513367, -0.10435395687818527, 1.052366018295288, 1.6398041248321533, 0.08720000088214874, -1.0200680494308472, -0.99714195728302]
[-0.07900475710630417, -0.09524179250001907, 0.3591999113559723, 1.5582687854766846, 0.04061403498053551, 0.5535353422164917] [0.13656796514987946, -0.5461459755897522, -0.11202395707368851, 1.109123945236206, 1.6398041248321533, 0.08720000088214874, -1.010864019393921, -0.9910060167312622]
[-0.08466113358736038, -0.09423533827066422, 0.3590160310268402, 1.55457603931427, 0.044558655470609665, 0.5895367860794067] [0.13656796514987946, -0.5630199909210205, -0.11969395726919174, 1.170483946800232, 1.6398041248321533, 0.08720000088214874, -1.004728078842163, -0.9833359718322754]
[-0.08987060189247131, -0.09021180123090744, 0.35839685797691345, 1.5498360395431519, 0.051623132079839706, 0.6391305923461914] [0.1350339651107788, -0.56455397605896, -0.13043196499347687, 1.2257080078125, 1.6413381099700928, 0.08720000088214874, -0.9955240488052368, -0.9725979566574097]
[-0.09509442001581192, -0.08650606125593185, 0.35777926445007324, 1.5409547090530396, 0.060062967240810394, 0.6851198077201843] [0.13196596503257751, -0.56455397605896, -0.13963596522808075, 1.2717280387878418, 1.6413381099700928, 0.08720000088214874, -0.9878540635108948, -0.9679960012435913]
[-0.10014358162879944, -0.08305984735488892, 0.3579384386539459, 1.5377366542816162, 0.06231428682804108, 0.7285634279251099] [0.13043196499347687, -0.56455397605896, -0.14577196538448334, 1.3238840103149414, 1.6413381099700928, 0.08720000088214874, -0.9847860336303711, -0.9649279713630676]
[-0.10502271354198456, -0.0798109769821167, 0.35802000761032104, 1.532723069190979, 0.06586060672998428, 0.7733843326568604] [0.12736396491527557, -0.56455397605896, -0.14883996546268463, 1.3653019666671753, 1.6428720951080322, 0.08720000088214874, -0.9832520484924316, -0.9633939862251282]
[-0.10969249159097672, -0.0766182616353035, 0.35794153809547424, 1.5384654998779297, 0.06913890689611435, 0.8188889622688293] [0.12429595738649368, -0.56455397605896, -0.15190796554088593, 1.4097880125045776, 1.6597460508346558, 0.08720000088214874, -0.9832520484924316, -0.9633939862251282]
[-0.11393793672323227, -0.0736834928393364, 0.35766997933387756, 1.5592697858810425, 0.07565327733755112, 0.8627216219902039] [0.12429595738649368, -0.56455397605896, -0.15344196557998657, 1.4481379985809326, 1.6827560663223267, 0.08720000088214874, -0.9832520484924316, -0.9618600010871887]
[-0.11776807904243469, -0.07124028354883194, 0.35767555236816406, 1.5886762142181396, 0.07840880006551743, 0.9009671807289124] [0.12582996487617493, -0.5630199909210205, -0.15344196557998657, 1.4818860292434692, 1.707300066947937, 0.08720000088214874, -0.9817180633544922, -0.9603259563446045]
[-0.12022121250629425, -0.06984077394008636, 0.357777863740921, 1.6109994649887085, 0.08037744462490082, 0.9237982630729675] [0.12582996487617493, -0.5630199909210205, -0.15344196557998657, 1.4972259998321533, 1.727242112159729, 0.08720000088214874, -0.9817180633544922, -0.9618600010871887]
[-0.12177284061908722, -0.06847905367612839, 0.3577566146850586, 1.6407060623168945, 0.08348704874515533, 0.942154049873352] [0.12736396491527557, -0.5568839907646179, -0.15344196557998657, 1.507964015007019, 1.7548540830612183, 0.08720000088214874, -0.9817180633544922, -0.9618600010871887]
[-0.12250979244709015, -0.065679170191288, 0.3573592007160187, 1.6633440256118774, 0.08884435892105103, 0.9634362459182739] [0.12889796495437622, -0.5323399901390076, -0.15344196557998657, 1.507964015007019, 1.7717280387878418, 0.08720000088214874, -0.9817180633544922, -0.9618600010871887]
[-0.1231173500418663, -0.06359929591417313, 0.35706254839897156, 1.6740962266921997, 0.0894884243607521, 0.9793133735656738] [0.13349996507167816, -0.5246700048446655, -0.15190796554088593, 1.5048960447311401, 1.7747961282730103, 0.08720000088214874, -0.9863200783729553, -0.9664620161056519]
[-0.12226227670907974, -0.06361662596464157, 0.3567131459712982, 1.6798959970474243, 0.09146163612604141, 0.9765143394470215] [0.1350339651107788, -0.5246700048446655, -0.15037396550178528, 1.5002939701080322, 1.7793980836868286, 0.08720000088214874, -0.9893880486488342, -0.9695299863815308]
[-0.121169812977314, -0.06281835585832596, 0.35652607679367065, 1.6929397583007812, 0.09157814830541611, 0.9771928191184998] [0.1381019651889801, -0.506261944770813, -0.14883996546268463, 1.4910900592803955, 1.7901360988616943, 0.08720000088214874, -0.9909220933914185, -0.9725979566574097]
[-0.12042573094367981, -0.05859408155083656, 0.3563132584095001, 1.6997603178024292, 0.09386476129293442, 0.9988783597946167] [0.13963596522808075, -0.46637797355651855, -0.1442379653453827, 1.4757499694824219, 1.7932040691375732, 0.08720000088214874, -0.9955240488052368, -0.978734016418457]
[-0.12073326110839844, -0.05331633239984512, 0.3564353287220001, 1.7031757831573486, 0.09228389710187912, 1.03340482711792] [0.13963596522808075, -0.4326299726963043, -0.13656796514987946, 1.469614028930664, 1.7932040691375732, 0.08720000088214874, -1.0062620639801025, -0.9879379868507385]
[-0.12017997354269028, -0.049711309373378754, 0.35642120242118835, 1.7078510522842407, 0.09193947166204453, 1.0539432764053345] [0.1411699652671814, -0.3927459716796875, -0.13349996507167816, 1.4573420286178589, 1.7932040691375732, 0.08720000088214874, -1.0154660940170288, -0.99714195728302]
[-0.130474254488945, -0.043706100434064865, 0.35550105571746826, 1.7158362865447998, 0.10079476237297058, 1.0852328538894653] [0.1411699652671814, -0.34825998544692993, -0.13043196499347687, 1.4389339685440063, 1.7932040691375732, 0.08720000088214874, -1.0200680494308472, -1.0002100467681885]
[-0.13381817936897278, -0.03851242735981941, 0.3546544313430786, 1.7209445238113403, 0.10678291320800781, 1.1056349277496338] [0.1442379653453827, -0.2976379692554474, -0.12889796495437622, 1.4005839824676514, 1.7932040691375732, 0.08720000088214874, -1.0262041091918945, -1.0032780170440674]
[-0.13342393934726715, -0.033491820096969604, 0.35409900546073914, 1.7225923538208008, 0.1091424822807312, 1.113582968711853] [0.1442379653453827, -0.2500839829444885, -0.12889796495437622, 1.3637679815292358, 1.7932040691375732, 0.08720000088214874, -1.030806064605713, -1.0078799724578857]
[-0.1322491317987442, -0.02735070511698723, 0.35358384251594543, 1.723655343055725, 0.11063197255134583, 1.1263405084609985] [0.14730596542358398, -0.1963939666748047, -0.12429595738649368, 1.317747950553894, 1.7932040691375732, 0.08720000088214874, -1.0338740348815918, -1.0094139575958252]
[-0.13135990500450134, -0.02118678204715252, 0.35351502895355225, 1.7261863946914673, 0.10752666741609573, 1.1391628980636597] [0.14883996546268463, -0.1381019651889801, -0.1181599572300911, 1.2763299942016602, 1.7932040691375732, 0.08720000088214874, -1.0415440797805786, -1.0186179876327515]
[-0.12920938432216644, -0.015941869467496872, 0.3540644347667694, 1.7307595014572144, 0.098900705575943, 1.1431775093078613] [0.14883996546268463, -0.10128595679998398, -0.10435395687818527, 1.2318439483642578, 1.7932040691375732, 0.08720000088214874, -1.0553500652313232, -1.032423973083496]
[-0.12479698657989502, -0.012510637752711773, 0.35462310910224915, 1.7419829368591309, 0.08716891705989838, 1.1312414407730103] [0.14883996546268463, -0.07060596346855164, -0.09054796397686005, 1.190425992012024, 1.7932040691375732, 0.08720000088214874, -1.0676220655441284, -1.0446959733963013]
[-0.1205310970544815, -0.01237002108246088, 0.35496824979782104, 1.754953145980835, 0.07785816490650177, 1.1128931045532227] [0.14883996546268463, -0.06753796339035034, -0.07520796358585358, 1.1628140211105347, 1.7932040691375732, 0.08720000088214874, -1.0783600807189941, -1.055433988571167]
[-0.11665414273738861, -0.013342178426682949, 0.3558097779750824, 1.770148515701294, 0.06435935199260712, 1.0940090417861938] [0.14883996546268463, -0.07060596346855164, -0.05219796299934387, 1.1551439762115479, 1.7932040691375732, 0.08720000088214874, -1.0798940658569336, -1.055433988571167]
[-0.10547365248203278, -0.015719212591648102, 0.3588773310184479, 1.7801716327667236, 0.0373440682888031, 1.079239010810852] [0.14730596542358398, -0.09668396413326263, -0.021517962217330933, 1.1551439762115479, 1.7932040691375732, 0.08720000088214874, -1.0798940658569336, -1.055433988571167]
[-0.09608665853738785, -0.022621100768446922, 0.36293065547943115, 1.791926622390747, 0.0034566246904432774, 1.0350457429885864] [0.14577196538448334, -0.15037396550178528, 0.0122300386428833, 1.1459399461746216, 1.7932040691375732, 0.08720000088214874, -1.0798940658569336, -1.055433988571167]
[-0.08616188168525696, -0.03671840950846672, 0.36726951599121094, 1.8104939460754395, -0.03405096381902695, 0.9350602626800537] [0.14883996546268463, -0.2623559832572937, 0.05364803969860077, 1.1305999755859375, 1.7932040691375732, 0.08720000088214874, -1.081428050994873, -1.0569679737091064]
[-0.07674610614776611, -0.05986737832427025, 0.37202826142311096, 1.8330583572387695, -0.07520906627178192, 0.7834306359291077] [0.15037396550178528, -0.4096199870109558, 0.113474041223526, 1.1183279752731323, 1.7947380542755127, 0.08720000088214874, -1.0875641107559204, -1.0631040334701538]
[-0.07128434628248215, -0.08703634887933731, 0.37699759006500244, 1.8662645816802979, -0.11853303760290146, 0.6195026636123657] [0.15190796554088593, -0.5446119904518127, 0.17790204286575317, 1.1014540195465088, 1.8162140846252441, 0.10559999942779541, -1.0952340364456177, -1.0738420486450195]
[-0.06339399516582489, -0.11770343035459518, 0.3978983461856842, 2.0617165565490723, -0.29907944798469543, 0.3796495795249939] [0.15957796573638916, -0.5630199909210205, 0.5199840664863586, 0.8790239691734314, 1.857632040977478, 0.0868000015616417, -1.0952340364456177, -1.075376033782959]
[-0.05663842335343361, -0.15621304512023926, 0.41043776273727417, 2.3869006633758545, -0.39506450295448303, 0.026014141738414764] [0.16264596581459045, -0.5630199909210205, 0.7776960730552673, 0.6029039621353149, 1.859166145324707, 0.0868000015616417, -1.0983021259307861, -1.078444004058838]
[-0.05465129017829895, -0.18986554443836212, 0.40238192677497864, 2.6761319637298584, -0.30669456720352173, -0.2686472535133362] [0.17184996604919434, -0.5630199909210205, 0.969446063041687, 0.355929970741272, 1.857632040977478, 0.0868000015616417, -1.0998361110687256, -1.0799779891967773]
[-0.05604616925120354, -0.20869332551956177, 0.39106881618499756, 2.8724114894866943, -0.19867153465747833, -0.41894596815109253] [0.17798596620559692, -0.5630199909210205, 1.175002098083496, 0.1703159660100937, 1.859166145324707, 0.0868000015616417, -1.0998361110687256, -1.0799779891967773]
[-0.05896339938044548, -0.22483199834823608, 0.37129753828048706, 3.103330373764038, -0.020375123247504234, -0.536077618598938] [0.17951996624469757, -0.56455397605896, 1.3606160879135132, 0.03225596249103546, 1.859166145324707, 0.0868000015616417, -1.0998361110687256, -1.0799779891967773]
[-0.05989081785082817, -0.227469801902771, 0.3595468997955322, 3.1407079696655273, 0.051358334720134735, -0.5522140860557556] [0.23167596757411957, -0.5660879611968994, 1.3744220733642578, 0.03378996253013611, 1.859166145324707, 0.08640000224113464, -1.0983021259307861, -1.078444004058838]
[-0.05994139984250069, -0.2273792326450348, 0.3519176244735718, 3.1301870346069336, 0.08801648765802383, -0.5526559948921204] [0.2715599536895752, -0.5660879611968994, 1.383626103401184, 0.03378996253013611, 1.859166145324707, 0.08640000224113464, -1.1029040813446045, -1.0830459594726562]
[-0.06048484146595001, -0.22769586741924286, 0.34410762786865234, 3.110630750656128, 0.12555408477783203, -0.5568654537200928] [0.31604596972465515, -0.5660879611968994, 1.386694073677063, 0.03225596249103546, 1.859166145324707, 0.0868000015616417, -1.1059720516204834, -1.0845799446105957]
[-0.06099165976047516, -0.22780083119869232, 0.3364526331424713, 3.0902445316314697, 0.1624995768070221, -0.560295820236206] [0.3820079565048218, -0.56455397605896, 1.3928301334381104, 0.03225596249103546, 1.859166145324707, 0.0868000015616417, -1.1059720516204834, -1.0845799446105957]
[-0.06329850107431412, -0.22762131690979004, 0.32217949628829956, 3.055556058883667, 0.23179991543293, -0.5680204033851624] [0.4418339729309082, -0.5660879611968994, 1.405102014541626, 0.03225596249103546, 1.859166145324707, 0.08640000224113464, -1.1059720516204834, -1.0845799446105957]
[-0.06482722610235214, -0.2280997931957245, 0.31689727306365967, 3.0484564304351807, 0.2574572265148163, -0.5741162896156311] [0.4709799885749817, -0.5660879611968994, 1.4143060445785522, 0.03225596249103546, 1.859166145324707, 0.0868000015616417, -1.1059720516204834, -1.0861139297485352]
[-0.06614068150520325, -0.22797244787216187, 0.31158098578453064, 3.0418782234191895, 0.28350210189819336, -0.577610969543457] [0.49552398920059204, -0.56455397605896, 1.4235100746154785, 0.03378996253013611, 1.859166145324707, 0.0868000015616417, -1.1059720516204834, -1.0845799446105957]
[-0.06647423654794693, -0.22800332307815552, 0.31076234579086304, 3.040872097015381, 0.28715842962265015, -0.578372597694397] [0.49859195947647095, -0.56455397605896, 1.4235100746154785, 0.03378996253013611, 1.859166145324707, 0.0868000015616417, -1.1059720516204834, -1.0830459594726562]
[-0.0666712298989296, -0.22798320651054382, 0.3104049861431122, 3.039393186569214, 0.2890772521495819, -0.5787972211837769] [0.5031939744949341, -0.5630199909210205, 1.4235100746154785, 0.03378996253013611, 1.857632040977478, 0.0868000015616417, -1.104438066482544, -1.0815119743347168]
[-0.06616347283124924, -0.22659999132156372, 0.3093855679035187, 3.0383899211883545, 0.2935451567173004, -0.5714864730834961] [0.5047279596328735, -0.5522819757461548, 1.421976089477539, 0.035323962569236755, 1.857632040977478, 0.0868000015616417, -1.104438066482544, -1.0830459594726562]
[-0.06564165651798248, -0.22575625777244568, 0.3095305860042572, 3.0424087047576904, 0.29240888357162476, -0.5664178729057312] [0.5047279596328735, -0.5522819757461548, 1.4235100746154785, 0.035323962569236755, 1.857632040977478, 0.0868000015616417, -1.104438066482544, -1.0815119743347168]
[-0.06563988327980042, -0.2257247269153595, 0.3095405697822571, 3.0408430099487305, 0.2924067974090576, -0.5663790106773376] [0.5047279596328735, -0.5538159608840942, 1.421976089477539, 0.03378996253013611, 1.857632040977478, 0.0868000015616417, -1.104438066482544, -1.0815119743347168]
[-0.06578638404607773, -0.22598978877067566, 0.3096175789833069, 3.040224075317383, 0.2922007739543915, -0.5679798126220703] [0.5047279596328735, -0.5522819757461548, 1.421976089477539, 0.035323962569236755, 1.857632040977478, 0.0868000015616417, -1.104438066482544, -1.0830459594726562]
[-0.06569730490446091, -0.2257395088672638, 0.3095327615737915, 3.0410797595977783, 0.2925562560558319, -0.5664384365081787] [0.5047279596328735, -0.5522819757461548, 1.421976089477539, 0.03378996253013611, 1.857632040977478, 0.0868000015616417, -1.104438066482544, -1.0830459594726562]
[-0.0656663253903389, -0.22573742270469666, 0.309604287147522, 3.041172504425049, 0.2924293577671051, -0.5664109587669373] [0.5047279596328735, -0.5522819757461548, 1.421976089477539, 0.035323962569236755, 1.857632040977478, 0.08640000224113464, -1.104438066482544, -1.0830459594726562]
[-0.06584286689758301, -0.22571860253810883, 0.3094528019428253, 3.0405473709106445, 0.2928031384944916, -0.5664623379707336] [0.5047279596328735, -0.5522819757461548, 1.421976089477539, 0.03378996253013611, 1.859166145324707, 0.9959999918937683, -1.1029040813446045, -1.0815119743347168]
