[0.055265963077545166, -0.23781196773052216, 0.6841220855712891, 0.6703999638557434, 1.8791080713272095, 0.2264000028371811, 0.04452796280384064] [0.1947241723537445, -0.09829098731279373, 0.14204104244709015, 2.412487506866455, -0.35021349787712097, 0.3057780861854553] [0.990032970905304, -0.3634016513824463, -0.5467314720153809]
[0.05679996311664581, -0.23781196773052216, 0.6856560707092285, 0.6703999638557434, 1.8791080713272095, 0.2264000028371811, 0.046061962842941284] [0.19473806023597717, -0.09821200370788574, 0.14194807410240173, 2.411092519760132, -0.3494203984737396, 0.306340754032135] [0.990032970905304, -0.3634016513824463, -0.5467314720153809]
[0.05679996311664581, -0.23781196773052216, 0.6841220855712891, 0.6703999638557434, 1.880642056465149, 0.2264000028371811, 0.04452796280384064] [0.19473806023597717, -0.09821200370788574, 0.14194807410240173, 2.411092519760132, -0.3494203984737396, 0.306340754032135] [0.990032970905304, -0.3634016513824463, -0.5467314720153809]
[0.05679996311664581, -0.2393459677696228, 0.6856560707092285, 0.6703999638557434, 1.8791080713272095, 0.22599999606609344, 0.04452796280384064] [0.19473806023597717, -0.09821200370788574, 0.14194807410240173, 2.411092519760132, -0.3494203984737396, 0.306340754032135] [0.990032970905304, -0.3634016513824463, -0.5467314720153809]
[0.055265963077545166, -0.23781196773052216, 0.6841220855712891, 0.6703999638557434, 1.880642056465149, 0.2264000028371811, 0.04452796280384064] [0.19467349350452423, -0.09821200370788574, 0.14224673807621002, 2.410599946975708, -0.35088294744491577, 0.30650976300239563] [0.990032970905304, -0.3634016513824463, -0.5467314720153809]
[0.05679996311664581, -0.2393459677696228, 0.6841220855712891, 0.6703999638557434, 1.8791080713272095, 0.2264000028371811, 0.04452796280384064] [0.1947241723537445, -0.09829098731279373, 0.14204104244709015, 2.412487506866455, -0.35021349787712097, 0.3057780861854553] [0.990032970905304, -0.3634016513824463, -0.5467314720153809]
[0.05679996311664581, -0.2393459677696228, 0.6841220855712891, 0.6703999638557434, 1.8791080713272095, 0.2264000028371811, 0.04452796280384064] [0.19473806023597717, -0.09821200370788574, 0.14194807410240173, 2.411092519760132, -0.3494203984737396, 0.306340754032135] [0.990032970905304, -0.3634016513824463, -0.5467314720153809]
[0.05679996311664581, -0.23781196773052216, 0.6841220855712891, 0.6703999638557434, 1.8791080713272095, 0.2264000028371811, 0.04452796280384064] [0.1948021799325943, -0.09821200370788574, 0.1416492909193039, 2.4115846157073975, -0.3479577898979187, 0.306172639131546] [0.990032970905304, -0.3634016513824463, -0.5467314720153809]
[0.05833396315574646, -0.23781196773052216, 0.6841220855712891, 0.6703999638557434, 1.8791080713272095, 0.2264000028371811, 0.04452796280384064] [0.1948021799325943, -0.09821200370788574, 0.1416492909193039, 2.4115846157073975, -0.3479577898979187, 0.306172639131546] [0.990032970905304, -0.3634016513824463, -0.5467314720153809]
[0.05833396315574646, -0.23781196773052216, 0.6841220855712891, 0.6703999638557434, 1.8791080713272095, 0.2264000028371811, 0.04452796280384064] [0.1948021799325943, -0.09821200370788574, 0.1416492909193039, 2.4115846157073975, -0.3479577898979187, 0.306172639131546] [0.990032970905304, -0.3634016513824463, -0.5467314720153809]
[0.05833396315574646, -0.2362779676914215, 0.6841220855712891, 0.6703999638557434, 1.8791080713272095, 0.2264000028371811, 0.04452796280384064] [0.19480113685131073, -0.09732820838689804, 0.14164935052394867, 2.4118566513061523, -0.3480391800403595, 0.3106740415096283] [0.990032970905304, -0.3634016513824463, -0.5467314720153809]
[0.05833396315574646, -0.22860796749591827, 0.6841220855712891, 0.6703999638557434, 1.8791080713272095, 0.2264000028371811, 0.04452796280384064] [0.1947319060564041, -0.09644445031881332, 0.1419484168291092, 2.4116220474243164, -0.34958022832870483, 0.3153485953807831] [0.990032970905304, -0.3634016513824463, -0.5467314720153809]
[0.05833396315574646, -0.22860796749591827, 0.6841220855712891, 0.6703999638557434, 1.8791080713272095, 0.2264000028371811, 0.04452796280384064] [0.19470317661762238, -0.09632210433483124, 0.14173434674739838, 2.4116644859313965, -0.34897276759147644, 0.316533625125885] [0.990032970905304, -0.3634016513824463, -0.5467314720153809]
[0.05679996311664581, -0.22553996741771698, 0.6733840703964233, 0.6703999638557434, 1.8729721307754517, 0.2264000028371811, 0.04452796280384064] [0.19487059116363525, -0.094047412276268, 0.1409033238887787, 2.4015445709228516, -0.34192633628845215, 0.32864120602607727] [0.990032970905304, -0.3634016513824463, -0.5467314720153809]
[0.05679996311664581, -0.21173396706581116, 0.6733840703964233, 0.6719340085983276, 1.8683700561523438, 0.2264000028371811, 0.04452796280384064] [0.19466529786586761, -0.09253057092428207, 0.14138168096542358, 2.402383327484131, -0.3451575040817261, 0.33713942766189575] [0.990032970905304, -0.3634016513824463, -0.5467314720153809]
[0.04145996272563934, -0.21480196714401245, 0.6810540556907654, 0.6719340085983276, 1.8683700561523438, 0.2264000028371811, 0.04452796280384064] [0.1936766505241394, -0.09418187290430069, 0.14611117541790009, 2.4029619693756104, -0.3701520562171936, 0.33039283752441406] [0.990032970905304, -0.3634016513824463, -0.5467314720153809]
[0.030721962451934814, -0.22860796749591827, 0.6810540556907654, 0.6719340085983276, 1.8653020858764648, 0.2264000028371811, 0.04452796280384064] [0.19356420636177063, -0.09624296426773071, 0.14670419692993164, 2.401540994644165, -0.3729431927204132, 0.320176899433136] [0.990032970905304, -0.3634016513824463, -0.5467314720153809]
[0.03225596249103546, -0.22707396745681763, 0.6825880408287048, 0.6719340085983276, 1.8683700561523438, 0.2264000028371811, 0.04452796280384064] [0.1935540735721588, -0.09535960108041763, 0.1467045247554779, 2.4016919136047363, -0.372990220785141, 0.32472142577171326] [0.990032970905304, -0.3634016513824463, -0.5467314720153809]
[0.029187962412834167, -0.22093796730041504, 0.687190055847168, 0.6734679937362671, 1.8683700561523438, 0.2264000028371811, 0.04452796280384064] [0.19320859014987946, -0.0950089767575264, 0.1481693536043167, 2.40389347076416, -0.38123008608818054, 0.32684648036956787] [0.990032970905304, -0.3634016513824463, -0.5467314720153809]
[0.013847962021827698, -0.22093796730041504, 0.7071320414543152, 0.6734679937362671, 1.8683700561523438, 0.2264000028371811, 0.04452796280384064] [0.19220425188541412, -0.09584315121173859, 0.15240561962127686, 2.4185121059417725, -0.40690651535987854, 0.32238030433654785] [0.990032970905304, -0.3634016513824463, -0.5467314720153809]
[0.00771196186542511, -0.21173396706581116, 0.7132680416107178, 0.6734679937362671, 1.8683700561523438, 0.2264000028371811, 0.04452796280384064] [0.19186992943286896, -0.09450085461139679, 0.15334826707839966, 2.421260356903076, -0.41306957602500916, 0.33007726073265076] [0.990032970905304, -0.3634016513824463, -0.5467314720153809]
[0.004643961787223816, -0.2132679671049118, 0.7117340564727783, 0.6734679937362671, 1.8330880403518677, 0.2280000001192093, 0.04452796280384064] [0.19132395088672638, -0.09423210471868515, 0.1551448255777359, 2.4038422107696533, -0.42163753509521484, 0.33279821276664734] [0.990032970905304, -0.3634016513824463, -0.5467314720153809]
[-0.021434038877487183, -0.21173396706581116, 0.7102000713348389, 0.6734679937362671, 1.762524127960205, 0.22920000553131104, 0.04452796280384064] [0.18967407941818237, -0.09402833878993988, 0.16029275953769684, 2.3411691188812256, -0.44917961955070496, 0.3357006013393402] [0.990032970905304, -0.3634016513824463, -0.5467314720153809]
[-0.05211403965950012, -0.2132679671049118, 0.7102000713348389, 0.6734679937362671, 1.7517861127853394, 0.22920000553131104, 0.04452796280384064] [0.18814022839069366, -0.09364871680736542, 0.16485576331615448, 2.322793960571289, -0.47230833768844604, 0.34131109714508057] [0.990032970905304, -0.3634016513824463, -0.5467314720153809]
[-0.05978403985500336, -0.2132679671049118, 0.7040640711784363, 0.6734679937362671, 1.7517861127853394, 0.22920000553131104, 0.04452796280384064] [0.18834203481674194, -0.09373833984136581, 0.16441954672336578, 2.317697763442993, -0.46828949451446533, 0.3405965268611908] [0.990032970905304, -0.3634016513824463, -0.5467314720153809]
[-0.045978039503097534, -0.21480196714401245, 0.6963940858840942, 0.6719340085983276, 1.7471840381622314, 0.22920000553131104, 0.04452796280384064] [0.18998515605926514, -0.0938841849565506, 0.15928404033184052, 2.315053939819336, -0.44115546345710754, 0.33633819222450256] [0.990032970905304, -0.3634016513824463, -0.5467314720153809]
[-0.009162038564682007, -0.2163359671831131, 0.6963940858840942, 0.6719340085983276, 1.7471840381622314, 0.22920000553131104, 0.04452796280384064] [0.19203852117061615, -0.0938841849565506, 0.1522509604692459, 2.3282790184020996, -0.40636882185935974, 0.3308992385864258] [0.990032970905304, -0.3634016513824463, -0.5467314720153809]
[0.04452796280384064, -0.21786996722221375, 0.69486004114151, 0.6719340085983276, 1.7548540830612183, 0.2295999974012375, 0.04452796280384064] [0.19449923932552338, -0.09462270885705948, 0.14232377707958221, 2.355252504348755, -0.35771703720092773, 0.3205866515636444] [0.990032970905304, -0.3634016513824463, -0.5467314720153809]
[0.05679996311664581, -0.2194039672613144, 0.6994620561599731, 0.6734679937362671, 1.7548540830612183, 0.22920000553131104, 0.04452796280384064] [0.1945563405752182, -0.09499675035476685, 0.14211800694465637, 2.35707950592041, -0.3570203483104706, 0.31832993030548096] [0.990032970905304, -0.3634016513824463, -0.5467314720153809]
[0.05679996311664581, -0.22247196733951569, 0.6979280710220337, 0.6719340085983276, 1.7502521276474, 0.22920000553131104, 0.04452796280384064] [0.1944294422864914, -0.09428618848323822, 0.14258475601673126, 2.350220203399658, -0.3591996133327484, 0.3222692608833313] [0.990032970905304, -0.3634016513824463, -0.5467314720153809]
[0.039925962686538696, -0.21480196714401245, 0.7102000713348389, 0.6734679937362671, 1.7502521276474, 0.22920000553131104, 0.04452796280384064] [0.1920015960931778, -0.09431743621826172, 0.15240485966205597, 2.348257064819336, -0.41081804037094116, 0.3273906111717224] [0.990032970905304, -0.3634016513824463, -0.5467314720153809]
[-0.019900038838386536, -0.21480196714401245, 0.7117340564727783, 0.6750019788742065, 1.7471840381622314, 0.22920000553131104, 0.04452796280384064] [0.18785738945007324, -0.09419361501932144, 0.1656847596168518, 2.316657781600952, -0.4767070412635803, 0.33894938230514526] [0.990032970905304, -0.3634016513824463, -0.5467314720153809]
[-0.16716404259204865, -0.21173396706581116, 0.6994620561599731, 0.6734679937362671, 1.7471840381622314, 0.22920000553131104, 0.04452796280384064] [0.1736965924501419, -0.09232312440872192, 0.1967552751302719, 2.226182222366333, -0.6329952478408813, 0.39082783460617065] [0.990032970905304, -0.3634016513824463, -0.5467314720153809]
[-0.34971004724502563, -0.18872396647930145, 0.6549760699272156, 0.6750019788742065, 1.7502521276474, 0.22920000553131104, 0.04452796280384064] [0.15702186524868011, -0.0837501510977745, 0.2209649533033371, 2.0780861377716064, -0.7480720281600952, 0.5023961663246155] [0.990032970905304, -0.3634016513824463, -0.5467314720153809]
[-0.44788604974746704, -0.14577196538448334, 0.5184500217437744, 0.6949439644813538, 1.7548540830612183, 0.22920000553131104, 0.04452796280384064] [0.15461479127407074, -0.06494244933128357, 0.21768037974834442, 1.827629804611206, -0.6651486754417419, 0.6412092447280884] [0.990032970905304, -0.3634016513824463, -0.5467314720153809]
[-0.4570900499820709, -0.10435395687818527, 0.26534003019332886, 0.7133519649505615, 1.7548540830612183, 0.22920000553131104, 0.04452796280384064] [0.15857456624507904, -0.04837416857481003, 0.2031601220369339, 1.6509264707565308, -0.5250303745269775, 0.7171095609664917] [0.990032970905304, -0.3634016513824463, -0.5467314720153809]
[-0.4524880647659302, -0.04299396276473999, 0.2530680298805237, 0.7210220098495483, 1.7548540830612183, 0.22920000553131104, 0.04452796280384064] [0.15596427023410797, -0.03886140137910843, 0.20167040824890137, 1.6313669681549072, -0.5087934136390686, 0.7748846411705017] [0.990032970905304, -0.3634016513824463, -0.5467314720153809]
[-0.4432840347290039, 0.001492038369178772, 0.2500000596046448, 0.7210220098495483, 1.7548540830612183, 0.22920000553131104, 0.04452796280384064] [0.1550663709640503, -0.02980656363070011, 0.19740866124629974, 1.62245774269104, -0.47814786434173584, 0.8187795877456665] [0.990032970905304, -0.3634016513824463, -0.5467314720153809]
[-0.4202740490436554, 0.021434038877487183, 0.23926204442977905, 0.7194879651069641, 1.7533200979232788, 0.22920000553131104, 0.04452796280384064] [0.15561708807945251, -0.026052534580230713, 0.19373607635498047, 1.6241734027862549, -0.45660561323165894, 0.832903265953064] [0.990032970905304, -0.3634016513824463, -0.5467314720153809]
[-0.41567206382751465, 0.04904603958129883, 0.23926204442977905, 0.7194879651069641, 1.7533200979232788, 0.22920000553131104, 0.04452796280384064] [0.15477128326892853, -0.021922770887613297, 0.19185681641101837, 1.6236637830734253, -0.44455403089523315, 0.8541690111160278] [0.990032970905304, -0.3634016513824463, -0.5467314720153809]
[-0.4080020487308502, 0.06745404005050659, 0.23926204442977905, 0.7194879651069641, 1.7533200979232788, 0.22920000553131104, 0.04452796280384064] [0.15434442460536957, -0.01810462586581707, 0.1892978399991989, 1.6278644800186157, -0.43012484908103943, 0.8721165657043457] [0.990032970905304, -0.3634016513824463, -0.5467314720153809]
[-0.3773220479488373, 0.087396040558815, 0.23926204442977905, 0.7194879651069641, 1.7548540830612183, 0.22920000553131104, 0.04452796280384064] [0.15672750771045685, -0.015682844445109367, 0.18271227180957794, 1.6607166528701782, -0.40055522322654724, 0.8729181885719299] [0.990032970905304, -0.3634016513824463, -0.5467314720153809]
[-0.3159620463848114, 0.09813404083251953, 0.2377280443906784, 0.7194879651069641, 1.7579220533370972, 0.22920000553131104, 0.04452796280384064] [0.16057877242565155, -0.014047705568373203, 0.17312854528427124, 1.7085018157958984, -0.35960856080055237, 0.8645327091217041] [0.990032970905304, -0.3634016513824463, -0.5467314720153809]
[-0.2837480306625366, 0.09966804087162018, 0.24233004450798035, 0.7194879651069641, 1.7640581130981445, 0.22920000553131104, 0.04452796280384064] [0.1617657095193863, -0.014204197563230991, 0.17069414258003235, 1.7325646877288818, -0.3516668677330017, 0.8595197200775146] [0.990032970905304, -0.3634016513824463, -0.5467314720153809]
[-0.2791460454463959, 0.10580404102802277, 0.24846604466438293, 0.7210220098495483, 1.768660068511963, 0.22920000553131104, 0.04299396276473999] [0.16133391857147217, -0.012887945398688316, 0.16992585361003876, 1.7435295581817627, -0.3490554392337799, 0.8674138188362122] [0.990032970905304, -0.3634016513824463, -0.5467314720153809]
[-0.2806800603866577, 0.11500804126262665, 0.2500000596046448, 0.7210220098495483, 1.7671260833740234, 0.22920000553131104, 0.04452796280384064] [0.16034764051437378, -0.010442862287163734, 0.1693565547466278, 1.7341396808624268, -0.34313011169433594, 0.8802356719970703] [0.990032970905304, -0.3634016513824463, -0.5467314720153809]
[-0.27761203050613403, 0.13034804165363312, 0.23926204442977905, 0.7194879651069641, 1.7671260833740234, 0.22920000553131104, 0.04452796280384064] [0.15956975519657135, -0.00855348166078329, 0.16872936487197876, 1.7322766780853271, -0.33886438608169556, 0.8907651305198669] [0.990032970905304, -0.3634016513824463, -0.5467314720153809]
[-0.2791460454463959, 0.13188204169273376, 0.23926204442977905, 0.7194879651069641, 1.765592098236084, 0.22920000553131104, 0.04452796280384064] [0.15908539295196533, -0.007887615822255611, 0.1687474548816681, 1.7272356748580933, -0.33810174465179443, 0.8959078192710876] [0.990032970905304, -0.3634016513824463, -0.5467314720153809]
[-0.2760780453681946, 0.1426200419664383, 0.23926204442977905, 0.7225559949874878, 1.765592098236084, 0.22920000553131104, 0.04299396276473999] [0.15849533677101135, -0.006313346326351166, 0.16755862534046173, 1.7263360023498535, -0.33145439624786377, 0.9056463837623596] [0.990032970905304, -0.3634016513824463, -0.5467314720153809]
[-0.2730100452899933, 0.14415404200553894, 0.2208540439605713, 0.742497980594635, 1.765592098236084, 0.22920000553131104, 0.04452796280384064] [0.15622134506702423, -0.003910967148840427, 0.16529200971126556, 1.7024867534637451, -0.31435272097587585, 0.9350964426994324] [0.990032970905304, -0.3634016513824463, -0.5467314720153809]
[-0.2730100452899933, 0.14415404200553894, 0.20091204345226288, 0.7747119665145874, 1.765592098236084, 0.22920000553131104, 0.04452796280384064] [0.1534930318593979, -0.0014811543514952064, 0.16274334490299225, 1.6770511865615845, -0.29495543241500854, 0.968706488609314] [0.990032970905304, -0.3634016513824463, -0.5467314720153809]
[-0.27147603034973145, 0.14415404200553894, 0.17023204267024994, 0.8130619525909424, 1.765592098236084, 0.22920000553131104, 0.04452796280384064] [0.15085342526435852, 0.0006198075134307146, 0.16005712747573853, 1.6499152183532715, -0.27320393919944763, 1.000142216682434] [0.990032970905304, -0.3634016513824463, -0.5467314720153809]
[-0.27147603034973145, 0.1426200419664383, 0.13495004177093506, 0.8652179837226868, 1.765592098236084, 0.22920000553131104, 0.04452796280384064] [0.1468639373779297, 0.0033257706090807915, 0.15610599517822266, 1.6146471500396729, -0.24102559685707092, 1.0453180074691772] [0.990032970905304, -0.3634016513824463, -0.5467314720153809]
[-0.269942045211792, 0.1334160417318344, 0.09813404083251953, 0.9020339846611023, 1.765592098236084, 0.22920000553131104, 0.04452796280384064] [0.14507657289505005, 0.004003765527158976, 0.1499997079372406, 1.5847671031951904, -0.1963086724281311, 1.0703365802764893] [0.990032970905304, -0.3634016513824463, -0.5467314720153809]
[-0.26227205991744995, 0.12114404141902924, 0.06592004001140594, 0.9357819557189941, 1.765592098236084, 0.22920000553131104, 0.04452796280384064] [0.14394442737102509, 0.004641874693334103, 0.14626850187778473, 1.574568748474121, -0.17108207941055298, 1.0855988264083862] [0.990032970905304, -0.3634016513824463, -0.5467314720153809]
[-0.2500000596046448, 0.12114404141902924, 0.0383080393075943, 0.9756659865379333, 1.765592098236084, 0.22920000553131104, 0.04452796280384064] [0.140794038772583, 0.006599087733775377, 0.14107383787631989, 1.5628552436828613, -0.1359354555606842, 1.1207318305969238] [0.990032970905304, -0.3634016513824463, -0.5467314720153809]
[-0.2407960444688797, 0.12267804145812988, 0.0122300386428833, 1.017084002494812, 1.784000039100647, 0.22920000553131104, 0.04452796280384064] [0.1371624767780304, 0.008323975838720798, 0.13674648106098175, 1.5720762014389038, -0.10359907150268555, 1.1579114198684692] [0.990032970905304, -0.3634016513824463, -0.5467314720153809]
[-0.2346600443124771, 0.11961004137992859, -0.004643961787223816, 1.0492980480194092, 1.7901360988616943, 0.22920000553131104, 0.04452796280384064] [0.13490454852581024, 0.00893641822040081, 0.13400858640670776, 1.5688796043395996, -0.08256903290748596, 1.1800707578659058] [0.990032970905304, -0.3634016513824463, -0.5467314720153809]
[-0.23159204423427582, 0.11040604114532471, -0.019983962178230286, 1.0769100189208984, 1.7901360988616943, 0.22920000553131104, 0.046061962842941284] [0.13422457873821259, 0.007672588806599379, 0.1315615326166153, 1.5632914304733276, -0.06448927521705627, 1.1870397329330444] [0.990032970905304, -0.3634016513824463, -0.5467314720153809]
[-0.23159204423427582, 0.10120204091072083, -0.030721962451934814, 1.0845799446105957, 1.7916700839996338, 0.2295999974012375, 0.04452796280384064] [0.13417048752307892, 0.007393369916826487, 0.13102975487709045, 1.5663648843765259, -0.06089172512292862, 1.1878297328948975] [0.990032970905304, -0.3634016513824463, -0.5467314720153809]
[-0.22699004411697388, 0.09813404083251953, -0.030721962451934814, 1.0845799446105957, 1.7947380542755127, 0.2295999974012375, 0.046061962842941284] [0.13450536131858826, 0.007180267479270697, 0.13030822575092316, 1.5716044902801514, -0.05816677585244179, 1.1857702732086182] [0.990032970905304, -0.3634016513824463, -0.5467314720153809]
[-0.2208540439605713, 0.09506604075431824, -0.00771196186542511, 1.0600359439849854, 1.7901360988616943, 0.23000000417232513, 0.04452796280384064] [0.13793374598026276, 0.005099408328533173, 0.13093385100364685, 1.6020058393478394, -0.0800807774066925, 1.1577420234680176] [0.990032970905304, -0.3634016513824463, -0.5467314720153809]
[-0.20244604349136353, 0.07359004020690918, -0.004643961787223816, 1.055433988571167, 1.7640581130981445, 0.23000000417232513, 0.04452796280384064] [0.1404450684785843, 0.0024994832929223776, 0.1302938014268875, 1.5812867879867554, -0.08108170330524445, 1.1344611644744873] [0.990032970905304, -0.3634016513824463, -0.5467314720153809]
[-0.19784404337406158, 0.05211403965950012, -0.001575961709022522, 1.035491943359375, 1.7257081270217896, 0.2303999960422516, 0.04452796280384064] [0.1450195163488388, -0.001822953810915351, 0.1318953037261963, 1.5421706438064575, -0.09559798985719681, 1.088587999343872] [0.990032970905304, -0.3634016513824463, -0.5467314720153809]
[-0.19784404337406158, 0.05211403965950012, 0.006094038486480713, 1.0308899879455566, 1.7180380821228027, 0.2303999960422516, 0.04452796280384064] [0.1451050192117691, -0.0014422996900975704, 0.13087895512580872, 1.5500637292861938, -0.09553614258766174, 1.0901086330413818] [0.990032970905304, -0.3634016513824463, -0.5467314720153809]
[-0.191708043217659, 0.05364803969860077, 0.006094038486480713, 1.0186179876327515, 1.7180380821228027, 0.2303999960422516, 0.04452796280384064] [0.1462840884923935, -0.0017433632165193558, 0.13085328042507172, 1.550920844078064, -0.09659731388092041, 1.0793390274047852] [0.990032970905304, -0.3634016513824463, -0.5467314720153809]
[-0.19017404317855835, 0.05978403985500336, 0.00762803852558136, 1.0048120021820068, 1.7088340520858765, 0.23080000281333923, 0.04452796280384064] [0.1470412313938141, -0.0011965828016400337, 0.1306660771369934, 1.5452346801757812, -0.09685008972883224, 1.0731223821640015] [0.990032970905304, -0.3634016513824463, -0.5467314720153809]
[-0.19017404317855835, 0.07512404024600983, 0.006094038486480713, 0.9771999716758728, 1.6965620517730713, 0.23080000281333923, 0.04452796280384064] [0.14829953014850616, 0.0002781235671136528, 0.13074640929698944, 1.5340957641601562, -0.09853221476078033, 1.0624655485153198] [0.990032970905304, -0.3634016513824463, -0.5467314720153809]
[-0.19017404317855835, 0.087396040558815, 0.009162038564682007, 0.9449859857559204, 1.6873581409454346, 0.23080000281333923, 0.04452796280384064] [0.1509317308664322, 2.981077523145359e-05, 0.13167649507522583, 1.5279803276062012, -0.10590943694114685, 1.0371229648590088] [0.990032970905304, -0.3634016513824463, -0.5467314720153809]
[-0.191708043217659, 0.09506604075431824, 0.019900038838386536, 0.9066359996795654, 1.6781541109085083, 0.23080000281333923, 0.04452796280384064] [0.15380698442459106, -0.0007245154702104628, 0.13360929489135742, 1.5314446687698364, -0.12256959080696106, 1.0084632635116577] [0.990032970905304, -0.3634016513824463, -0.5467314720153809]
[-0.191708043217659, 0.09813404083251953, 0.039842039346694946, 0.8590819835662842, 1.6628141403198242, 0.23080000281333923, 0.04452796280384064] [0.15806248784065247, -0.003104383824393153, 0.13605155050754547, 1.533204197883606, -0.1440274864435196, 0.9645842909812927] [0.990032970905304, -0.3634016513824463, -0.5467314720153809]
[-0.19324204325675964, 0.10427004098892212, 0.05978403985500336, 0.78084796667099, 1.6505420207977295, 0.23080000281333923, 0.04452796280384064] [0.16509109735488892, -0.005863678641617298, 0.1393989473581314, 1.5492483377456665, -0.170551136136055, 0.8895560503005981] [0.990032970905304, -0.3634016513824463, -0.5467314720153809]
[-0.19937804341316223, 0.15182404220104218, 0.09966804087162018, 0.6121079921722412, 1.6474740505218506, 0.23080000281333923, 0.04299396276473999] [0.17532746493816376, -0.009791126474738121, 0.14395000040531158, 1.596396803855896, -0.20186613500118256, 0.7701199054718018] [0.990032970905304, -0.3634016513824463, -0.5467314720153809]
[-0.19784404337406158, 0.17176604270935059, 0.11500804126262665, 0.5568839907646179, 1.6459400653839111, 0.23080000281333923, 0.04299396276473999] [0.17754685878753662, -0.010659437626600266, 0.14487455785274506, 1.611604928970337, -0.20858599245548248, 0.7421079277992249] [0.990032970905304, -0.3634016513824463, -0.5467314720153809]
[-0.19937804341316223, 0.17176604270935059, 0.1165420413017273, 0.5522819757461548, 1.6413381099700928, 0.23119999468326569, 0.04299396276473999] [0.17802321910858154, -0.010941758751869202, 0.14500980079174042, 1.6060415506362915, -0.20897960662841797, 0.7360139489173889] [0.990032970905304, -0.3634016513824463, -0.5467314720153809]
[-0.20244604349136353, 0.17330004274845123, 0.11500804126262665, 0.5308059453964233, 1.6398041248321533, 0.23119999468326569, 0.04299396276473999] [0.1793603152036667, -0.012364844791591167, 0.14593246579170227, 1.6053204536437988, -0.21306060254573822, 0.717854917049408] [0.990032970905304, -0.3634016513824463, -0.5467314720153809]
[-0.20704804360866547, 0.17330004274845123, 0.11500804126262665, 0.5139319896697998, 1.6398041248321533, 0.23119999468326569, 0.04452796280384064] [0.18053893744945526, -0.013696729205548763, 0.14686888456344604, 1.6059359312057495, -0.21712860465049744, 0.701248049736023] [0.990032970905304, -0.3634016513824463, -0.5467314720153809]
[-0.21011604368686676, 0.16716404259204865, 0.11500804126262665, 0.5093299746513367, 1.6398041248321533, 0.23119999468326569, 0.04452796280384064] [0.18200735747814178, -0.01693781465291977, 0.14771880209445953, 1.6074830293655396, -0.2216842919588089, 0.6814194321632385] [0.990032970905304, -0.3634016513824463, -0.5467314720153809]
[-0.21625204384326935, 0.1334160417318344, 0.11500804126262665, 0.5093299746513367, 1.6398041248321533, 0.23080000281333923, 0.04299396276473999] [0.18424980342388153, -0.023503025993704796, 0.14951641857624054, 1.6106520891189575, -0.2318495512008667, 0.648052453994751] [0.990032970905304, -0.3634016513824463, -0.5467314720153809]
[-0.2208540439605713, 0.09660004079341888, 0.1165420413017273, 0.5093299746513367, 1.6398041248321533, 0.2303999960422516, 0.04452796280384064] [0.1862512081861496, -0.029844023287296295, 0.15088538825511932, 1.6136014461517334, -0.23987196385860443, 0.6159200072288513] [0.990032970905304, -0.3634016513824463, -0.5467314720153809]
[-0.2208540439605713, 0.07665804028511047, 0.11807604134082794, 0.5154659748077393, 1.6398041248321533, 0.23000000417232513, 0.04299396276473999] [0.18696638941764832, -0.0324225090444088, 0.1508977860212326, 1.6175552606582642, -0.24118906259536743, 0.6048176884651184] [0.990032970905304, -0.3634016513824463, -0.5467314720153809]
[-0.2208540439605713, 0.061318039894104004, 0.1165420413017273, 0.5354079604148865, 1.6413381099700928, 0.23000000417232513, 0.04452796280384064] [0.18645712733268738, -0.033658627420663834, 0.1510244756937027, 1.6170122623443604, -0.24264229834079742, 0.6097038388252258] [0.990032970905304, -0.3634016513824463, -0.5467314720153809]
[-0.21932004392147064, 0.05211403965950012, 0.11807604134082794, 0.5507479906082153, 1.6428720951080322, 0.2295999974012375, 0.04452796280384064] [0.18584944307804108, -0.03351912647485733, 0.15047068893909454, 1.617712378501892, -0.24052496254444122, 0.6188043355941772] [0.990032970905304, -0.3634016513824463, -0.5467314720153809]
[-0.2147180438041687, 0.045978039503097534, 0.1165420413017273, 0.5890979766845703, 1.6474740505218506, 0.2295999974012375, 0.046061962842941284] [0.18346624076366425, -0.03148559853434563, 0.14927153289318085, 1.6189074516296387, -0.23541298508644104, 0.652710497379303] [0.990032970905304, -0.3634016513824463, -0.5467314720153809]
[-0.2085820436477661, 0.04444403946399689, 0.11807604134082794, 0.6320499777793884, 1.6582120656967163, 0.2295999974012375, 0.046061962842941284] [0.18001721799373627, -0.027636786922812462, 0.14775191247463226, 1.6279706954956055, -0.227850079536438, 0.700410008430481] [0.990032970905304, -0.3634016513824463, -0.5467314720153809]
[-0.1886400431394577, 0.055182039737701416, 0.11807604134082794, 0.6780699491500854, 1.691960096359253, 0.23199999332427979, 0.046061962842941284] [0.17604899406433105, -0.020688576623797417, 0.1437298208475113, 1.6613532304763794, -0.2076980471611023, 0.7598239183425903] [0.990032970905304, -0.3634016513824463, -0.5467314720153809]
[-0.17483404278755188, 0.08432804048061371, 0.12267804145812988, 0.6796039938926697, 1.7011641263961792, 0.23160000145435333, 0.046061962842941284] [0.17452038824558258, -0.016339823603630066, 0.1419597566127777, 1.6770634651184082, -0.1998765617609024, 0.783165454864502] [0.990032970905304, -0.3634016513824463, -0.5467314720153809]
[-0.16716404259204865, 0.10733804106712341, 0.12267804145812988, 0.6796039938926697, 1.7026981115341187, 0.23119999468326569, 0.046061962842941284] [0.17294174432754517, -0.012512088753283024, 0.14085753262043, 1.6778188943862915, -0.19406746327877045, 0.8041859865188599] [0.990032970905304, -0.3634016513824463, -0.5467314720153809]
[-0.165630042552948, 0.12114404141902924, 0.11961004137992859, 0.6780699491500854, 1.7011641263961792, 0.23160000145435333, 0.046061962842941284] [0.17227637767791748, -0.010827950201928616, 0.1400778442621231, 1.6727784872055054, -0.18901431560516357, 0.8131733536720276] [0.990032970905304, -0.3634016513824463, -0.5467314720153809]
[-0.165630042552948, 0.12114404141902924, 0.1165420413017273, 0.6796039938926697, 1.6950280666351318, 0.23160000145435333, 0.046061962842941284] [0.17225608229637146, -0.010779278352856636, 0.1400248408317566, 1.6631325483322144, -0.18814106285572052, 0.8133268356323242] [0.990032970905304, -0.3634016513824463, -0.5467314720153809]
[-0.17023204267024994, 0.11194004118442535, 0.11194004118442535, 0.6780699491500854, 1.691960096359253, 0.23160000145435333, 0.046061962842941284] [0.17330917716026306, -0.013005057349801064, 0.1406058818101883, 1.6548707485198975, -0.18998461961746216, 0.7999299764633179] [0.990032970905304, -0.3634016513824463, -0.5467314720153809]
[-0.17636804282665253, 0.07512404024600983, 0.11040604114532471, 0.6796039938926697, 1.691960096359253, 0.23119999468326569, 0.046061962842941284] [0.17641977965831757, -0.02059885673224926, 0.14200489223003387, 1.6566662788391113, -0.1984298676252365, 0.7587844729423523] [0.990032970905304, -0.3634016513824463, -0.5467314720153809]
[-0.17636804282665253, 0.05671603977680206, 0.11040604114532471, 0.6796039938926697, 1.6965620517730713, 0.2303999960422516, 0.046061962842941284] [0.17758212983608246, -0.02338443323969841, 0.1421617865562439, 1.6636228561401367, -0.19930297136306763, 0.743251621723175] [0.990032970905304, -0.3634016513824463, -0.5467314720153809]
[-0.17483404278755188, 0.039842039346694946, 0.10887204110622406, 0.6857399940490723, 1.710368037223816, 0.2303999960422516, 0.046061962842941284] [0.17814044654369354, -0.026396382600069046, 0.1422346830368042, 1.677295446395874, -0.20028012990951538, 0.7338489294052124] [0.990032970905304, -0.3634016513824463, -0.5467314720153809]
[-0.17330004274845123, 0.006094038486480713, 0.10733804106712341, 0.714885950088501, 1.722640037536621, 0.2303999960422516, 0.046061962842941284] [0.1780802309513092, -0.030804552137851715, 0.14185331761837006, 1.68906831741333, -0.19926787912845612, 0.7290052771568298] [0.990032970905304, -0.3634016513824463, -0.5467314720153809]
[-0.1686980426311493, -0.03378996253013611, 0.10580404102802277, 0.7563039660453796, 1.7318440675735474, 0.2303999960422516, 0.046061962842941284] [0.17721492052078247, -0.03434239327907562, 0.14103634655475616, 1.7003599405288696, -0.19738516211509705, 0.7331843376159668] [0.990032970905304, -0.3634016513824463, -0.5467314720153809]
[-0.16102804243564606, -0.061401963233947754, 0.10580404102802277, 0.7961879968643188, 1.7410480976104736, 0.2303999960422516, 0.046061962842941284] [0.1752847135066986, -0.03599932789802551, 0.1397744119167328, 1.707439661026001, -0.1932484656572342, 0.7511550784111023] [0.990032970905304, -0.3634016513824463, -0.5467314720153809]
[-0.15182404220104218, -0.09054796397686005, 0.10580404102802277, 0.8590819835662842, 1.748718023300171, 0.2303999960422516, 0.046061962842941284] [0.17275002598762512, -0.03662484884262085, 0.13817960023880005, 1.7146046161651611, -0.1874028891324997, 0.7766716480255127] [0.990032970905304, -0.3634016513824463, -0.5467314720153809]
[-0.139552041888237, -0.10742195695638657, 0.10580404102802277, 0.9020339846611023, 1.7579220533370972, 0.2303999960422516, 0.046061962842941284] [0.17015627026557922, -0.03587276116013527, 0.13579416275024414, 1.7285207509994507, -0.17757102847099304, 0.8061500787734985] [0.990032970905304, -0.3634016513824463, -0.5467314720153809]
[-0.12421204149723053, -0.12582996487617493, 0.10427004098892212, 0.9633939862251282, 1.7701940536499023, 0.2303999960422516, 0.046061962842941284] [0.1662476807832718, -0.033987727016210556, 0.13243645429611206, 1.7416203022003174, -0.16323791444301605, 0.8505460619926453] [0.990032970905304, -0.3634016513824463, -0.5467314720153809]
[-0.10887204110622406, -0.12582996487617493, 0.10427004098892212, 0.99714195728302, 1.7717280387878418, 0.2303999960422516, 0.046061962842941284] [0.1630735546350479, -0.0316101498901844, 0.1307527869939804, 1.744342565536499, -0.15626215934753418, 0.8866903781890869] [0.990032970905304, -0.3634016513824463, -0.5467314720153809]
[-0.10273604094982147, -0.12582996487617493, 0.10273604094982147, 1.0416280031204224, 1.7717280387878418, 0.2303999960422516, 0.046061962842941284] [0.1590327024459839, -0.028824254870414734, 0.12890782952308655, 1.7393169403076172, -0.14590905606746674, 0.930773138999939] [0.990032970905304, -0.3634016513824463, -0.5467314720153809]
[-0.09966804087162018, -0.12429595738649368, 0.08279404044151306, 1.0876480340957642, 1.7717280387878418, 0.23080000281333923, 0.046061962842941284] [0.15462058782577515, -0.025768151506781578, 0.1264561265707016, 1.725461483001709, -0.1269267201423645, 0.9779114127159119] [0.990032970905304, -0.3634016513824463, -0.5467314720153809]
[-0.09966804087162018, -0.12122795730829239, 0.07205604016780853, 1.1183279752731323, 1.7717280387878418, 0.23080000281333923, 0.046061962842941284] [0.1511906236410141, -0.0229475200176239, 0.12528391182422638, 1.7154732942581177, -0.11601545661687851, 1.014578104019165] [0.990032970905304, -0.3634016513824463, -0.5467314720153809]
[-0.09966804087162018, -0.10588795691728592, 0.05978403985500336, 1.1413379907608032, 1.7717280387878418, 0.23080000281333923, 0.046061962842941284] [0.147960364818573, -0.01891377381980419, 0.12327276915311813, 1.7080137729644775, -0.09992313385009766, 1.0521154403686523] [0.990032970905304, -0.3634016513824463, -0.5467314720153809]
[-0.09966804087162018, -0.07827596366405487, 0.04904603958129883, 1.1459399461746216, 1.7609901428222656, 0.23080000281333923, 0.04452796280384064] [0.14573907852172852, -0.015053724870085716, 0.1220923513174057, 1.6926679611206055, -0.09061550348997116, 1.0792629718780518] [0.990032970905304, -0.3634016513824463, -0.5467314720153809]
[-0.09813404083251953, -0.05219796299934387, 0.04137603938579559, 1.1444059610366821, 1.7594560384750366, 0.23080000281333923, 0.046061962842941284] [0.1432519257068634, -0.010360414162278175, 0.12098752707242966, 1.686665415763855, -0.08090706169605255, 1.109413504600525] [0.990032970905304, -0.3634016513824463, -0.5467314720153809]
[-0.09813404083251953, -0.019983962178230286, 0.03370603919029236, 1.1336679458618164, 1.7594560384750366, 0.23119999468326569, 0.04452796280384064] [0.1421317160129547, -0.00627767713740468, 0.11980085074901581, 1.6846333742141724, -0.07156699150800705, 1.125613808631897] [0.990032970905304, -0.3634016513824463, -0.5467314720153809]
[-0.09966804087162018, 0.013764038681983948, 0.029104039072990417, 1.1167939901351929, 1.7594560384750366, 0.23119999468326569, 0.04452796280384064] [0.14048326015472412, -0.001957658212631941, 0.11934363096952438, 1.6808056831359863, -0.06611638516187668, 1.1452730894088745] [0.990032970905304, -0.3634016513824463, -0.5467314720153809]
[-0.09966804087162018, 0.04904603958129883, 0.024502038955688477, 1.0999200344085693, 1.7594560384750366, 0.23119999468326569, 0.04299396276473999] [0.13967065513134003, 0.0015178776811808348, 0.11891324818134308, 1.6794376373291016, -0.06219344213604927, 1.1557445526123047] [0.990032970905304, -0.3634016513824463, -0.5467314720153809]
[-0.09966804087162018, 0.06898804008960724, 0.026036038994789124, 1.0738420486450195, 1.7594560384750366, 0.23160000145435333, 0.04299396276473999] [0.14047324657440186, 0.003239300101995468, 0.11913058906793594, 1.6809462308883667, -0.06381502002477646, 1.1497002840042114] [0.990032970905304, -0.3634016513824463, -0.5467314720153809]
[-0.09966804087162018, 0.07972604036331177, 0.026036038994789124, 1.052366018295288, 1.7594560384750366, 0.23160000145435333, 0.04452796280384064] [0.14200136065483093, 0.003538361983373761, 0.1194194108247757, 1.6827629804611206, -0.06612099707126617, 1.1360002756118774] [0.990032970905304, -0.3634016513824463, -0.5467314720153809]
[-0.09966804087162018, 0.08126004040241241, 0.03217203915119171, 1.0232199430465698, 1.7594560384750366, 0.23119999468326569, 0.04299396276473999] [0.1453581154346466, 0.002246478106826544, 0.1205739974975586, 1.6867470741271973, -0.07445479184389114, 1.1042886972427368] [0.990032970905304, -0.3634016513824463, -0.5467314720153809]
[-0.10427004098892212, 0.08126004040241241, 0.0383080393075943, 0.9910060167312622, 1.7594560384750366, 0.23119999468326569, 0.04299396276473999] [0.1489608883857727, 0.0007045434322208166, 0.12196668237447739, 1.6900904178619385, -0.08354099839925766, 1.0695686340332031] [0.990032970905304, -0.3634016513824463, -0.5467314720153809]
[-0.10733804106712341, 0.08126004040241241, 0.04137603938579559, 0.958791971206665, 1.7594560384750366, 0.23160000145435333, 0.04299396276473999] [0.1522943079471588, -0.0009080984746105969, 0.12371979653835297, 1.6933996677398682, -0.09440037608146667, 1.0365500450134277] [0.990032970905304, -0.3634016513824463, -0.5467314720153809]
[-0.10887204110622406, 0.08126004040241241, 0.05978403985500336, 0.9189079999923706, 1.7594560384750366, 0.23160000145435333, 0.04452796280384064] [0.1562388688325882, -0.002859673695638776, 0.1255291998386383, 1.7066433429718018, -0.108986496925354, 0.9972591996192932] [0.990032970905304, -0.3634016513824463, -0.5467314720153809]
[-0.11040604114532471, 0.08126004040241241, 0.07359004020690918, 0.8759559988975525, 1.7594560384750366, 0.23160000145435333, 0.04299396276473999] [0.16047610342502594, -0.00560490507632494, 0.1278139352798462, 1.7220886945724487, -0.12617704272270203, 0.9533160924911499] [0.990032970905304, -0.3634016513824463, -0.5467314720153809]
[-0.11040604114532471, 0.08279404044151306, 0.09199804067611694, 0.8360719680786133, 1.7594560384750366, 0.23160000145435333, 0.04452796280384064] [0.16469323635101318, -0.00822622049599886, 0.12957154214382172, 1.739335060119629, -0.13995225727558136, 0.9088097214698792] [0.990032970905304, -0.3634016513824463, -0.5467314720153809]
[-0.11040604114532471, 0.08126004040241241, 0.10427004098892212, 0.8007899522781372, 1.7594560384750366, 0.23160000145435333, 0.04299396276473999] [0.1665320098400116, -0.009706069715321064, 0.13033846020698547, 1.7473663091659546, -0.1459357589483261, 0.8887651562690735] [0.990032970905304, -0.3634016513824463, -0.5467314720153809]
[-0.11040604114532471, 0.08279404044151306, 0.12574604153633118, 0.7977219820022583, 1.7640581130981445, 0.23119999468326569, 0.04299396276473999] [0.16654904186725616, -0.010346782393753529, 0.13328851759433746, 1.7779831886291504, -0.16902939975261688, 0.8856735229492188] [0.990032970905304, -0.3634016513824463, -0.5467314720153809]
[-0.10887204110622406, 0.07665804028511047, 0.19017404317855835, 0.7977219820022583, 1.7824660539627075, 0.23119999468326569, 0.04299396276473999] [0.16669507324695587, -0.014037452638149261, 0.14189817011356354, 1.8627007007598877, -0.23793481290340424, 0.8717347979545593] [0.990032970905304, -0.3634016513824463, -0.5467314720153809]
[-0.10273604094982147, 0.06745404005050659, 0.45862406492233276, 0.7977219820022583, 1.7778640985488892, 0.23119999468326569, 0.04452796280384064] [0.16587960720062256, -0.02647395059466362, 0.16545672714710236, 2.0914466381073, -0.4464421272277832, 0.8155019283294678] [0.990032970905304, -0.3634016513824463, -0.5467314720153809]
[-0.10273604094982147, 0.02757003903388977, 0.7546860575675964, 0.7900519967079163, 1.7594560384750366, 0.23119999468326569, 0.04299396276473999] [0.168541818857193, -0.0481707789003849, 0.18167781829833984, 2.292301654815674, -0.5997145175933838, 0.6759337186813354] [0.990032970905304, -0.3634016513824463, -0.5467314720153809]
[-0.09813404083251953, -0.02305196225643158, 0.8728040456771851, 0.7409639954566956, 1.748718023300171, 0.23080000281333923, 0.04299396276473999] [0.1745772361755371, -0.0655813068151474, 0.184326171875, 2.4202301502227783, -0.6294541358947754, 0.5287295579910278] [0.990032970905304, -0.3634016513824463, -0.5467314720153809]
[-0.07512404024600983, -0.07367396354675293, 0.892746090888977, 0.7409639954566956, 1.748718023300171, 0.23080000281333923, 0.04452796280384064] [0.178095281124115, -0.07659672200679779, 0.18056748807430267, 2.4547290802001953, -0.6158043146133423, 0.45469507575035095] [0.990032970905304, -0.3634016513824463, -0.5467314720153809]
[-0.03370603919029236, -0.12429595738649368, 0.892746090888977, 0.7394299507141113, 1.748718023300171, 0.2303999960422516, 0.04299396276473999] [0.18331602215766907, -0.08561305701732635, 0.17006385326385498, 2.485563039779663, -0.5634275674819946, 0.38847342133522034] [0.990032970905304, -0.3634016513824463, -0.5467314720153809]
[0.04145996272563934, -0.15190796554088593, 0.895814061164856, 0.7409639954566956, 1.748718023300171, 0.2303999960422516, 0.04299396276473999] [0.18773534893989563, -0.09016109257936478, 0.15805649757385254, 2.517275333404541, -0.5039835572242737, 0.3492143154144287] [0.990032970905304, -0.3634016513824463, -0.5467314720153809]
[0.07674196362495422, -0.15957796573638916, 0.9004160761833191, 0.7409639954566956, 1.748718023300171, 0.2303999960422516, 0.04299396276473999] [0.18925829231739044, -0.09065096080303192, 0.15301091969013214, 2.5307998657226562, -0.47944292426109314, 0.34108880162239075] [0.990032970905304, -0.3634016513824463, -0.5467314720153809]
[0.09514996409416199, -0.15957796573638916, 0.8988820314407349, 0.7409639954566956, 1.748718023300171, 0.23000000417232513, 0.04299396276473999] [0.19044427573680878, -0.09044373035430908, 0.14848139882087708, 2.536393404006958, -0.45628464221954346, 0.33885154128074646] [0.990032970905304, -0.3634016513824463, -0.5467314720153809]
[0.12276195734739304, -0.15957796573638916, 0.8850760459899902, 0.7409639954566956, 1.748718023300171, 0.2303999960422516, 0.04299396276473999] [0.19155144691467285, -0.08923427760601044, 0.14335455000400543, 2.5317978858947754, -0.4280729293823242, 0.3439384996891022] [0.990032970905304, -0.3634016513824463, -0.5467314720153809]
[0.13043196499347687, -0.1580439656972885, 0.9004160761833191, 0.742497980594635, 1.748718023300171, 0.23000000417232513, 0.04299396276473999] [0.19162005186080933, -0.09036838263273239, 0.1436619907617569, 2.5490949153900146, -0.4331825077533722, 0.33455055952072144] [0.990032970905304, -0.3634016513824463, -0.5467314720153809]
[0.13196596503257751, -0.1580439656972885, 0.9004160761833191, 0.742497980594635, 1.748718023300171, 0.23000000417232513, 0.04452796280384064] [0.19162005186080933, -0.09036838263273239, 0.1436619907617569, 2.5490949153900146, -0.4331825077533722, 0.33455055952072144] [0.990032970905304, -0.3634016513824463, -0.5467314720153809]
[0.13196596503257751, -0.1580439656972885, 0.9004160761833191, 0.7409639954566956, 1.748718023300171, 0.2295999974012375, 0.04452796280384064] [0.19152049720287323, -0.09017264097929001, 0.14368700981140137, 2.5471251010894775, -0.43355974555015564, 0.3365475535392761] [0.990032970905304, -0.3634016513824463, -0.5467314720153809]
[0.13196596503257751, -0.1580439656972885, 0.9004160761833191, 0.7409639954566956, 1.748718023300171, 0.2295999974012375, 0.04452796280384064] [0.19162602722644806, -0.09026467800140381, 0.14358137547969818, 2.5476198196411133, -0.4324607849121094, 0.3353685438632965] [0.990032970905304, -0.3634016513824463, -0.5467314720153809]
[0.13196596503257751, -0.1580439656972885, 0.8988820314407349, 0.7409639954566956, 1.748718023300171, 0.2295999974012375, 0.04452796280384064] [0.19162005186080933, -0.09036838263273239, 0.1436619907617569, 2.5490949153900146, -0.4331825077533722, 0.33455055952072144] [0.990032970905304, -0.3634016513824463, -0.5467314720153809]
[0.13196596503257751, -0.1580439656972885, 0.9004160761833191, 0.7409639954566956, 1.748718023300171, 0.2295999974012375, 0.04452796280384064] [0.19162602722644806, -0.09026467800140381, 0.14358137547969818, 2.5476198196411133, -0.4324607849121094, 0.3353685438632965] [0.990032970905304, -0.3634016513824463, -0.5467314720153809]
