[0.2736710338516438, -0.2510437323374951, 0.21968198821265647] [0.03304261714220047, -0.2147613763809204, 0.29246950149536133, 1.2875221967697144, 0.41128209233283997, -0.31591618061065674] [0.3467259705066681, -0.9679960012435913, 0.00762803852558136, 0.6750019788742065, 1.4081701040267944, 0.9975999593734741, -1.2961881160736084, -1.299340009689331]
[0.2736710338516438, -0.2510437323374951, 0.21968198821265647] [0.03306438773870468, -0.21460802853107452, 0.29246386885643005, 1.2884107828140259, 0.4112638831138611, -0.31408101320266724] [0.34519195556640625, -0.9679960012435913, 0.00762803852558136, 0.6750019788742065, 1.4081701040267944, 0.9975999593734741, -1.29312002658844, -1.2855340242385864]
[0.2736710338516438, -0.2510437323374951, 0.21968198821265647] [0.03274454176425934, -0.214806467294693, 0.292648047208786, 1.2872123718261719, 0.4102628827095032, -0.31566253304481506] [0.34519195556640625, -0.9679960012435913, 0.006094038486480713, 0.676535964012146, 1.4081701040267944, 0.9975999593734741, -1.2885180711746216, -1.2778639793395996]
[0.2736710338516438, -0.2510437323374951, 0.21968198821265647] [0.032272424548864365, -0.21489252150058746, 0.29324424266815186, 1.2887921333312988, 0.4064745008945465, -0.3150516450405121] [0.34519195556640625, -0.9679960012435913, 0.006094038486480713, 0.676535964012146, 1.4081701040267944, 0.9979999661445618, -1.2869840860366821, -1.2778639793395996]
[0.2736710338516438, -0.2510437323374951, 0.21968198821265647] [0.03208736702799797, -0.2146453559398651, 0.29362526535987854, 1.289700984954834, 0.40477830171585083, -0.31329911947250366] [0.34519195556640625, -0.9679960012435913, 0.006094038486480713, 0.676535964012146, 1.4081701040267944, 0.9975999593734741, -1.2885180711746216, -1.2778639793395996]
[0.2736710338516438, -0.2510437323374951, 0.21968198821265647] [0.03196113556623459, -0.21460950374603271, 0.2938465178012848, 1.2898846864700317, 0.40368685126304626, -0.31322982907295227] [0.34519195556640625, -0.9679960012435913, 0.006094038486480713, 0.676535964012146, 1.4081701040267944, 0.9975999593734741, -1.2869840860366821, -1.2778639793395996]
[0.2736710338516438, -0.2510437323374951, 0.21968198821265647] [0.03198083117604256, -0.21459637582302094, 0.29401975870132446, 1.2911632061004639, 0.40244418382644653, -0.3130946755409241] [0.34519195556640625, -0.9679960012435913, 0.006094038486480713, 0.676535964012146, 1.4081701040267944, 0.9975999593734741, -1.2885180711746216, -1.2778639793395996]
[0.2736710338516438, -0.2510437323374951, 0.21968198821265647] [0.03183068335056305, -0.21461071074008942, 0.29359978437423706, 1.289245843887329, 0.40527549386024475, -0.31358301639556885] [0.34519195556640625, -0.9679960012435913, 0.00762803852558136, 0.676535964012146, 1.4081701040267944, 0.9975999593734741, -1.2869840860366821, -1.2778639793395996]
[0.2736710338516438, -0.2510437323374951, 0.21968198821265647] [0.03166772797703743, -0.21462427079677582, 0.2936735451221466, 1.289426326751709, 0.40460827946662903, -0.31364706158638] [0.34519195556640625, -0.9679960012435913, 0.006094038486480713, 0.676535964012146, 1.4081701040267944, 0.9975999593734741, -1.2869840860366821, -1.2778639793395996]
[0.2736710338516438, -0.2510437323374951, 0.21968198821265647] [0.03176942095160484, -0.21460258960723877, 0.2939111888408661, 1.2900220155715942, 0.4029545485973358, -0.31327781081199646] [0.34519195556640625, -0.9679960012435913, 0.006094038486480713, 0.676535964012146, 1.4081701040267944, 0.9975999593734741, -1.2869840860366821, -1.2778639793395996]
[0.2736710338516438, -0.2510437323374951, 0.21968198821265647] [0.03171790391206741, -0.21459129452705383, 0.29397207498550415, 1.2901619672775269, 0.40251991152763367, -0.3131645619869232] [0.3467259705066681, -0.9679960012435913, 0.006094038486480713, 0.676535964012146, 1.4081701040267944, 0.9975999593734741, -1.2869840860366821, -1.2763299942016602]
[0.2736710338516438, -0.2510437323374951, 0.21968198821265647] [0.031605396419763565, -0.2145814597606659, 0.2940191328525543, 1.2903400659561157, 0.40194904804229736, -0.31306159496307373] [0.3467259705066681, -0.9679960012435913, 0.006094038486480713, 0.676535964012146, 1.4081701040267944, 0.9975999593734741, -1.2869840860366821, -1.2732620239257812]
[0.2736710338516438, -0.2510437323374951, 0.21968198821265647] [0.0311684962362051, -0.2149864137172699, 0.29455453157424927, 1.290946125984192, 0.3984817862510681, -0.3159891963005066] [0.34519195556640625, -0.9679960012435913, 0.0122300386428833, 0.676535964012146, 1.4081701040267944, 0.9975999593734741, -1.2731781005859375, -1.2625240087509155]
[0.2736710338516438, -0.2510437323374951, 0.21968198821265647] [0.03094116412103176, -0.21495835483074188, 0.29694274067878723, 1.3014720678329468, 0.3831610381603241, -0.3141481280326843] [0.3405899703502655, -0.9695299863815308, 0.01683203876018524, 0.6750019788742065, 1.4081701040267944, 0.9979999661445618, -1.2624400854110718, -1.2471840381622314]
[0.2736710338516438, -0.2510437323374951, 0.21968198821265647] [0.02792082168161869, -0.2142011970281601, 0.3010023832321167, 1.3113288879394531, 0.35940784215927124, -0.30936965346336365] [0.3375219702720642, -0.9695299863815308, 0.02296803891658783, 0.6918759942054749, 1.406636118888855, 0.9975999593734741, -1.2394300699234009, -1.2180379629135132]
[0.2736710338516438, -0.2510437323374951, 0.21968198821265647] [0.02486768364906311, -0.21212777495384216, 0.3065568506717682, 1.3338478803634644, 0.32438284158706665, -0.29031306505203247] [0.3313859701156616, -0.9679960012435913, 0.039842039346694946, 0.6918759942054749, 1.406636118888855, 0.9975999593734741, -1.2225561141967773, -1.205765962600708]
[0.2736710338516438, -0.2510437323374951, 0.21968198821265647] [0.023352375254034996, -0.21205374598503113, 0.310674786567688, 1.3499126434326172, 0.2971387803554535, -0.2882189452648163] [0.32524996995925903, -0.9679960012435913, 0.05671603977680206, 0.6980119943618774, 1.406636118888855, 0.9975999593734741, -1.2072160243988037, -1.187358021736145]
[0.2736710338516438, -0.2510437323374951, 0.21968198821265647] [0.022257748991250992, -0.21084563434123993, 0.31686559319496155, 1.3765894174575806, 0.25551605224609375, -0.2758530378341675] [0.3053079843521118, -0.9618600010871887, 0.07359004020690918, 0.7133519649505615, 1.405102014541626, 0.9975999593734741, -1.1842060089111328, -1.1628140211105347]
[0.2736710338516438, -0.2510437323374951, 0.21968198821265647] [0.021650677546858788, -0.20620593428611755, 0.3248351812362671, 1.4048995971679688, 0.20455288887023926, -0.23368830978870392] [0.2853659689426422, -0.9557240009307861, 0.07819204032421112, 0.7455660104751587, 1.405102014541626, 0.9975999593734741, -1.162730097770691, -1.1413379907608032]
[0.2736710338516438, -0.2510437323374951, 0.21968198821265647] [0.02028580568730831, -0.20135223865509033, 0.32888898253440857, 1.4178621768951416, 0.178520068526268, -0.19210031628608704] [0.2822979688644409, -0.9495880007743835, 0.07972604036331177, 0.7900519967079163, 1.405102014541626, 0.9975999593734741, -1.1381860971450806, -1.1167939901351929]
[0.2736710338516438, -0.2510437323374951, 0.21968198821265647] [0.01752849854528904, -0.19128122925758362, 0.33342042565345764, 1.4364073276519775, 0.14800487458705902, -0.10908929258584976] [0.2822979688644409, -0.9327139854431152, 0.07972604036331177, 0.8560140132904053, 1.406636118888855, 0.9975999593734741, -1.1182440519332886, -1.0983860492706299]
[0.2736710338516438, -0.2510437323374951, 0.21968198821265647] [0.015942201018333435, -0.18456149101257324, 0.3361566364765167, 1.4472020864486694, 0.12933576107025146, -0.054802943021059036] [0.2822979688644409, -0.923509955406189, 0.07972604036331177, 0.8958979845046997, 1.405102014541626, 0.9975999593734741, -1.101370096206665, -1.075376033782959]
[0.2736710338516438, -0.2510437323374951, 0.21968198821265647] [0.011488494463264942, -0.17608945071697235, 0.34024983644485474, 1.4537982940673828, 0.10119123011827469, 0.016009921208024025] [0.2822979688644409, -0.9189079999923706, 0.07972604036331177, 0.951121985912323, 1.405102014541626, 0.9975999593734741, -1.0875641107559204, -1.0615699291229248]
[0.2736710338516438, -0.2510437323374951, 0.21968198821265647] [0.009020461700856686, -0.1719929575920105, 0.3423088490962982, 1.4565128087997437, 0.08693379163742065, 0.051286544650793076] [0.2822979688644409, -0.9189079999923706, 0.07972604036331177, 0.9956079721450806, 1.405102014541626, 0.9975999593734741, -1.0768260955810547, -1.0492980480194092]
[0.2736710338516438, -0.2510437323374951, 0.21968198821265647] [0.006242877338081598, -0.1669389009475708, 0.34408706426620483, 1.4581648111343384, 0.07464904338121414, 0.09579876810312271] [0.2822979688644409, -0.9189079999923706, 0.07819204032421112, 1.0508320331573486, 1.405102014541626, 0.9975999593734741, -1.06302011013031, -1.0339579582214355]
[0.2736710338516438, -0.2510437323374951, 0.21968198821265647] [0.001811700058169663, -0.16015656292438507, 0.34508267045021057, 1.4571679830551147, 0.06750108301639557, 0.15743790566921234] [0.28689998388290405, -0.9189079999923706, 0.07205604016780853, 1.0891820192337036, 1.405102014541626, 0.9975999593734741, -1.0599520206451416, -1.032423973083496]
[0.2736710338516438, -0.2510437323374951, 0.21968198821265647] [-0.00039885329897515476, -0.1553637832403183, 0.3454837501049042, 1.4580447673797607, 0.06416643410921097, 0.2005183845758438] [0.2884339690208435, -0.9189079999923706, 0.04904603958129883, 1.1551439762115479, 1.405102014541626, 0.9975999593734741, -1.061486005783081, -1.032423973083496]
[0.2736710338516438, -0.2510437323374951, 0.21968198821265647] [-0.0028732940554618835, -0.15041986107826233, 0.3421298563480377, 1.4470596313476562, 0.09203381836414337, 0.24815033376216888] [0.28996795415878296, -0.9189079999923706, 0.01683203876018524, 1.1842899322509766, 1.405102014541626, 0.9975999593734741, -1.0645540952682495, -1.032423973083496]
[0.2736710338516438, -0.2510437323374951, 0.21968198821265647] [-0.0015215663006529212, -0.14757852256298065, 0.3359241187572479, 1.433548092842102, 0.14647176861763, 0.27670034766197205] [0.2884339690208435, -0.9189079999923706, -0.024585962295532227, 1.1950279474258423, 1.405102014541626, 0.9975999593734741, -1.06302011013031, -1.032423973083496]
[0.2736710338516438, -0.2510437323374951, 0.21968198821265647] [-0.0012902460293844342, -0.14708510041236877, 0.3307914137840271, 1.4187887907028198, 0.19176840782165527, 0.28415733575820923] [0.28996795415878296, -0.9189079999923706, -0.0890139639377594, 1.2072999477386475, 1.405102014541626, 0.9975999593734741, -1.06302011013031, -1.032423973083496]
[0.2736710338516438, -0.2510437323374951, 0.21968198821265647] [-0.0026554272044450045, -0.14582829177379608, 0.32535916566848755, 1.4033730030059814, 0.24047085642814636, 0.29874536395072937] [0.2915019690990448, -0.9189079999923706, -0.11969395726919174, 1.2165039777755737, 1.405102014541626, 0.9979999661445618, -1.06302011013031, -1.032423973083496]
[0.2736710338516438, -0.2510437323374951, 0.21968198821265647] [-0.0037336701061576605, -0.14524151384830475, 0.3223039209842682, 1.3976174592971802, 0.26657378673553467, 0.30680206418037415] [0.29610395431518555, -0.9189079999923706, -0.1641799658536911, 1.2211060523986816, 1.405102014541626, 0.9975999593734741, -1.0645540952682495, -1.032423973083496]
[0.2736710338516438, -0.2510437323374951, 0.21968198821265647] [-0.005902815610170364, -0.1456666886806488, 0.31527018547058105, 1.379207968711853, 0.32795631885528564, 0.3091306984424591] [0.2976379692554474, -0.9189079999923706, -0.20406396687030792, 1.222640037536621, 1.405102014541626, 0.9975999593734741, -1.066088080406189, -1.0339579582214355]
[0.2736710338516438, -0.2510437323374951, 0.21968198821265647] [-0.006442178040742874, -0.14612267911434174, 0.31279101967811584, 1.370766043663025, 0.35075250267982483, 0.3069392144680023] [0.29917198419570923, -0.9204419851303101, -0.23014196753501892, 1.222640037536621, 1.405102014541626, 0.9975999593734741, -1.066088080406189, -1.035491943359375]
[0.2736710338516438, -0.2510437323374951, 0.21968198821265647] [-0.008386087603867054, -0.14687809348106384, 0.30708637833595276, 1.3582266569137573, 0.3996361196041107, 0.30606451630592346] [0.3053079843521118, -0.9189079999923706, -0.27002596855163574, 1.2211060523986816, 1.405102014541626, 0.9975999593734741, -1.0676220655441284, -1.0370259284973145]
[0.2736710338516438, -0.2510437323374951, 0.21968198821265647] [-0.009361864998936653, -0.1473882496356964, 0.3042099177837372, 1.3503084182739258, 0.42543280124664307, 0.30503904819488525] [0.30684196949005127, -0.9189079999923706, -0.2945699691772461, 1.2180379629135132, 1.405102014541626, 0.9975999593734741, -1.0676220655441284, -1.0370259284973145]
[0.2736710338516438, -0.2510437323374951, 0.21968198821265647] [-0.011146504431962967, -0.14917974174022675, 0.2996281385421753, 1.3327879905700684, 0.4672869145870209, 0.29434263706207275] [0.30990996956825256, -0.9189079999923706, -0.3329199552536011, 1.2134360074996948, 1.405102014541626, 0.9975999593734741, -1.0676220655441284, -1.0385600328445435]
[0.2736710338516438, -0.2510437323374951, 0.21968198821265647] [-0.011587785556912422, -0.14939925074577332, 0.2982712388038635, 1.3269497156143188, 0.480062335729599, 0.2934368848800659] [0.30990996956825256, -0.9189079999923706, -0.35132795572280884, 1.2134360074996948, 1.4035680294036865, 0.9975999593734741, -1.0691560506820679, -1.0385600328445435]
[0.2736710338516438, -0.2510437323374951, 0.21968198821265647] [-0.01232884917408228, -0.1500329077243805, 0.29653897881507874, 1.316325306892395, 0.4972240924835205, 0.28995847702026367] [0.30990996956825256, -0.9189079999923706, -0.36513397097587585, 1.210368037223816, 1.405102014541626, 0.9975999593734741, -1.0691560506820679, -1.0370259284973145]
[0.2736710338516438, -0.2510437323374951, 0.21968198821265647] [-0.01265229843556881, -0.15058588981628418, 0.2953823506832123, 1.3132539987564087, 0.5076428651809692, 0.2859489321708679] [0.3083759546279907, -0.9189079999923706, -0.3697359561920166, 1.1996300220489502, 1.4035680294036865, 0.9975999593734741, -1.0691560506820679, -1.0370259284973145]
[0.2736710338516438, -0.2510437323374951, 0.21968198821265647] [-0.01211535930633545, -0.15153925120830536, 0.2956361472606659, 1.3076750040054321, 0.5052773356437683, 0.2752852141857147] [0.30990996956825256, -0.9189079999923706, -0.3697359561920166, 1.1996300220489502, 1.405102014541626, 0.9975999593734741, -1.0691560506820679, -1.0385600328445435]
[0.2736710338516438, -0.2510437323374951, 0.21968198821265647] [-0.012204115279018879, -0.15153878927230835, 0.29540833830833435, 1.3081759214401245, 0.5068322420120239, 0.27553677558898926] [0.30990996956825256, -0.9189079999923706, -0.3697359561920166, 1.1996300220489502, 1.4035680294036865, 0.9975999593734741, -1.0676220655441284, -1.0385600328445435]
[0.2736710338516438, -0.2510437323374951, 0.21968198821265647] [-0.012258099392056465, -0.15176595747470856, 0.29571983218193054, 1.3071972131729126, 0.5048159956932068, 0.2735614776611328] [0.30990996956825256, -0.9189079999923706, -0.3697359561920166, 1.1996300220489502, 1.405102014541626, 0.9975999593734741, -1.0676220655441284, -1.0385600328445435]
[0.2736710338516438, -0.2510437323374951, 0.21968198821265647] [-0.012320853769779205, -0.15155723690986633, 0.2954810857772827, 1.3064700365066528, 0.5058702826499939, 0.2754746079444885] [0.30990996956825256, -0.9189079999923706, -0.3697359561920166, 1.1996300220489502, 1.405102014541626, 0.9975999593734741, -1.0676220655441284, -1.0370259284973145]
[0.2736710338516438, -0.2510437323374951, 0.21968198821265647] [-0.012293638661503792, -0.15154115855693817, 0.29549261927604675, 1.307968258857727, 0.5060718059539795, 0.2754482328891754] [0.30990996956825256, -0.9189079999923706, -0.3697359561920166, 1.1996300220489502, 1.4035680294036865, 0.9975999593734741, -1.0676220655441284, -1.0385600328445435]
[0.2736710338516438, -0.2510437323374951, 0.21968198821265647] [-0.010760224424302578, -0.1526268869638443, 0.29963552951812744, 1.3017789125442505, 0.4728231430053711, 0.25891679525375366] [0.29610395431518555, -0.9204419851303101, -0.34825998544692993, 1.187358021736145, 1.405102014541626, 0.03680000454187393, -1.0645540952682495, -1.032423973083496]
[0.2736710338516438, -0.2510437323374951, 0.21968198821265647] [-0.01010051928460598, -0.1522918939590454, 0.3009350895881653, 1.307674765586853, 0.4603080153465271, 0.2603912055492401] [0.29610395431518555, -0.9204419851303101, -0.3329199552536011, 1.187358021736145, 1.405102014541626, 0.03640000522136688, -1.06302011013031, -1.032423973083496]
[0.2736710338516438, -0.2510437323374951, 0.21968198821265647] [-0.009136081673204899, -0.15193527936935425, 0.3029680848121643, 1.3121182918548584, 0.44317594170570374, 0.261412113904953] [0.2884339690208435, -0.9204419851303101, -0.32218196988105774, 1.187358021736145, 1.405102014541626, 0.03640000522136688, -1.06302011013031, -1.032423973083496]
[0.2736710338516438, -0.2510437323374951, 0.21968198821265647] [-0.007281391881406307, -0.15156051516532898, 0.30762532353401184, 1.3124098777770996, 0.4082403779029846, 0.2605300843715668] [0.26388996839523315, -0.9204419851303101, -0.30684196949005127, 1.187358021736145, 1.405102014541626, 0.03680000454187393, -1.0645540952682495, -1.032423973083496]
[0.2736710338516438, -0.2510437323374951, 0.21968198821265647] [-0.005941585171967745, -0.1513245403766632, 0.311153769493103, 1.312280297279358, 0.38238099217414856, 0.25978606939315796] [0.2500839829444885, -0.9204419851303101, -0.29917198419570923, 1.187358021736145, 1.405102014541626, 0.03680000454187393, -1.0645540952682495, -1.032423973083496]
[0.2736710338516438, -0.2510437323374951, 0.21968198821265647] [-0.0040812864899635315, -0.15117019414901733, 0.3161943554878235, 1.3098042011260986, 0.34630802273750305, 0.2572294771671295] [0.22247196733951569, -0.9204419851303101, -0.28076398372650146, 1.187358021736145, 1.405102014541626, 0.03640000522136688, -1.0722240209579468, -1.032423973083496]
[0.2736710338516438, -0.2510437323374951, 0.21968198821265647] [0.0016446325462311506, -0.14987412095069885, 0.33161455392837524, 1.3178528547286987, 0.23452851176261902, 0.25954532623291016] [0.15344196557998657, -0.9189079999923706, -0.22860796749591827, 1.1858240365982056, 1.405102014541626, 0.03680000454187393, -1.0768260955810547, -1.0339579582214355]
[0.2736710338516438, -0.2510437323374951, 0.21968198821265647] [0.0027792705222964287, -0.1496722400188446, 0.33629563450813293, 1.3143352270126343, 0.20385627448558807, 0.2588372528553009] [0.12889796495437622, -0.9189079999923706, -0.21786996722221375, 1.1858240365982056, 1.405102014541626, 0.03640000522136688, -1.0768260955810547, -1.035491943359375]
[0.2736710338516438, -0.2510437323374951, 0.21968198821265647] [0.004237431567162275, -0.14936845004558563, 0.34437403082847595, 1.3134418725967407, 0.14831513166427612, 0.2592225968837738] [0.09054796397686005, -0.9189079999923706, -0.1963939666748047, 1.1858240365982056, 1.405102014541626, 0.03640000522136688, -1.0798940658569336, -1.0370259284973145]
[0.2736710338516438, -0.2510437323374951, 0.21968198821265647] [0.005087196361273527, -0.1489182412624359, 0.3489964008331299, 1.316351294517517, 0.11528875678777695, 0.26152503490448] [0.07367396354675293, -0.9189079999923706, -0.17798596620559692, 1.1858240365982056, 1.405102014541626, 0.03680000454187393, -1.0798940658569336, -1.0385600328445435]
[0.2736710338516438, -0.2510437323374951, 0.21968198821265647] [0.006027702707797289, -0.147677943110466, 0.35340753197669983, 1.319831371307373, 0.08334280550479889, 0.2684984803199768] [0.05679996311664581, -0.905102014541626, -0.15190796554088593, 1.1766200065612793, 1.405102014541626, 0.03640000522136688, -1.0798940658569336, -1.0385600328445435]
[0.2736710338516438, -0.2510437323374951, 0.21968198821265647] [0.008734549395740032, -0.14446449279785156, 0.36068210005760193, 1.3129549026489258, 0.036269597709178925, 0.28135114908218384] [0.021517962217330933, -0.8667519688606262, -0.14577196538448334, 1.1566779613494873, 1.406636118888855, 0.03680000454187393, -1.081428050994873, -1.0370259284973145]
[0.2736710338516438, -0.2510437323374951, 0.21968198821265647] [0.01106196828186512, -0.1410621553659439, 0.3643668591976166, 1.3032288551330566, 0.016061250120401382, 0.29621556401252747] [4.1961669921875e-05, -0.8406739830970764, -0.14577196538448334, 1.1367360353469849, 1.405102014541626, 0.03640000522136688, -1.081428050994873, -1.0370259284973145]
[0.2736710338516438, -0.2510437323374951, 0.21968198821265647] [0.015788309276103973, -0.13701818883419037, 0.37109050154685974, 1.287984848022461, -0.02047240361571312, 0.300891250371933] [-0.03217203915119171, -0.7777799963951111, -0.14577196538448334, 1.078444004058838, 1.405102014541626, 0.03680000454187393, -1.081428050994873, -1.0370259284973145]
[0.2736710338516438, -0.2510437323374951, 0.21968198821265647] [0.018447505310177803, -0.13473671674728394, 0.3747028708457947, 1.275633454322815, -0.03917138651013374, 0.3008370101451874] [-0.05211403965950012, -0.7409639954566956, -0.14577196538448334, 1.0492980480194092, 1.405102014541626, 0.03680000454187393, -1.081428050994873, -1.0370259284973145]
[0.2736710338516438, -0.2510437323374951, 0.21968198821265647] [0.02100679837167263, -0.13062742352485657, 0.3783014118671417, 1.2647727727890015, -0.056711871176958084, 0.3134858310222626] [-0.06745404005050659, -0.696478009223938, -0.14577196538448334, 1.0032780170440674, 1.405102014541626, 0.03680000454187393, -1.081428050994873, -1.0370259284973145]
[0.2736710338516438, -0.2510437323374951, 0.21968198821265647] [0.02442977949976921, -0.12397631257772446, 0.3820047676563263, 1.2509199380874634, -0.07291849702596664, 0.3353044390678406] [-0.08279404044151306, -0.6366519927978516, -0.14730596542358398, 0.9771999716758728, 1.405102014541626, 0.03680000454187393, -1.081428050994873, -1.0370259284973145]
[0.2736710338516438, -0.2510437323374951, 0.21968198821265647] [0.02637798897922039, -0.11862964183092117, 0.38613829016685486, 1.2372708320617676, -0.09192530810832977, 0.3531011939048767] [-0.10120204091072083, -0.5890979766845703, -0.14730596542358398, 0.9495880007743835, 1.405102014541626, 0.03680000454187393, -1.081428050994873, -1.0370259284973145]
[0.2736710338516438, -0.2510437323374951, 0.21968198821265647] [0.028500229120254517, -0.11247687041759491, 0.38944411277770996, 1.224283218383789, -0.10602576285600662, 0.373546302318573] [-0.1165420413017273, -0.5154659748077393, -0.14883996546268463, 0.9081699848175049, 1.405102014541626, 0.03680000454187393, -1.081428050994873, -1.0370259284973145]
[0.2736710338516438, -0.2510437323374951, 0.21968198821265647] [0.030226364731788635, -0.10431147366762161, 0.3920138478279114, 1.2074800729751587, -0.11354230344295502, 0.40722566843032837] [-0.12881404161453247, -0.47251397371292114, -0.15037396550178528, 0.8912959694862366, 1.405102014541626, 0.03680000454187393, -1.081428050994873, -1.0370259284973145]
[0.2736710338516438, -0.2510437323374951, 0.21968198821265647] [0.031510695815086365, -0.09734459221363068, 0.39467138051986694, 1.1940234899520874, -0.12348674237728119, 0.43246883153915405] [-0.1364840418100357, -0.421891987323761, -0.15497596561908722, 0.8698199987411499, 1.405102014541626, 0.03680000454187393, -1.081428050994873, -1.0370259284973145]
[0.2736710338516438, -0.2510437323374951, 0.21968198821265647] [0.03219151496887207, -0.085506871342659, 0.39581772685050964, 1.1677000522613525, -0.11960966885089874, 0.4849037528038025] [-0.1456880420446396, -0.34825998544692993, -0.1611119657754898, 0.8483439683914185, 1.405102014541626, 0.03680000454187393, -1.084496021270752, -1.040094017982483]
[0.2736710338516438, -0.2510437323374951, 0.21968198821265647] [0.032993026077747345, -0.0792047530412674, 0.3978428244590759, 1.1570438146591187, -0.12709887325763702, 0.5069717168807983] [-0.15642604231834412, -0.3053079843521118, -0.1611119657754898, 0.8115279674530029, 1.405102014541626, 0.03680000454187393, -1.0890980958938599, -1.0462299585342407]
[0.2736710338516438, -0.2510437323374951, 0.21968198821265647] [0.034359026700258255, -0.06798752397298813, 0.40127503871917725, 1.1355355978012085, -0.13823078572750092, 0.5482862591743469] [-0.17636804282665253, -0.23014196753501892, -0.1611119657754898, 0.7854499816894531, 1.405102014541626, 0.03680000454187393, -1.0983021259307861, -1.0539000034332275]
[0.2736710338516438, -0.2510437323374951, 0.21968198821265647] [0.03498966991901398, -0.059634819626808167, 0.40206220746040344, 1.1233800649642944, -0.13783812522888184, 0.5825815796852112] [-0.1886400431394577, -0.1703159660100937, -0.1611119657754898, 0.7670419812202454, 1.405102014541626, 0.03640000522136688, -1.1075060367584229, -1.0631040334701538]
[0.2736710338516438, -0.2510437323374951, 0.21968198821265647] [0.03423605114221573, -0.05019085481762886, 0.4046787619590759, 1.1005830764770508, -0.14322951436042786, 0.6295097470283508] [-0.21011604368686676, -0.12429595738649368, -0.1611119657754898, 0.7639739513397217, 1.406636118888855, 0.03640000522136688, -1.1289820671081543, -1.0830459594726562]
[0.2736710338516438, -0.2510437323374951, 0.21968198821265647] [0.03247527405619621, -0.03618359938263893, 0.40824609994888306, 1.0682052373886108, -0.14951002597808838, 0.707776665687561] [-0.2546020448207855, -0.050663962960243225, -0.15957796573638916, 0.7624399662017822, 1.405102014541626, 0.03680000454187393, -1.1443220376968384, -1.0983860492706299]
[0.2736710338516438, -0.2510437323374951, 0.21968198821265647] [0.03221921622753143, -0.029523512348532677, 0.40857386589050293, 1.053671956062317, -0.1453787386417389, 0.7429450750350952] [-0.2730100452899933, -0.01231396198272705, -0.15957796573638916, 0.7624399662017822, 1.405102014541626, 0.03640000522136688, -1.1611961126327515, -1.113726019859314]
[0.2736710338516438, -0.2510437323374951, 0.21968198821265647] [0.03201109915971756, -0.022026468068361282, 0.4109385013580322, 1.0432441234588623, -0.15103714168071747, 0.7854912877082825] [-0.308292031288147, 0.03370603919029236, -0.14883996546268463, 0.7609059810638428, 1.406636118888855, 0.03640000522136688, -1.175002098083496, -1.1275320053100586]
[0.2736710338516438, -0.2510437323374951, 0.21968198821265647] [0.030581550672650337, -0.015259260311722755, 0.413021445274353, 1.0206763744354248, -0.15339213609695435, 0.8234232068061829] [-0.33437004685401917, 0.07819204032421112, -0.14730596542358398, 0.7609059810638428, 1.405102014541626, 0.03680000454187393, -1.1903420686721802, -1.1413379907608032]
[0.2736710338516438, -0.2510437323374951, 0.21968198821265647] [0.029068587347865105, -0.0037128839176148176, 0.4123900532722473, 0.9985983371734619, -0.14102406799793243, 0.88736492395401] [-0.36044806241989136, 0.1364840418100357, -0.14883996546268463, 0.7578380107879639, 1.405102014541626, 0.03680000454187393, -1.2056820392608643, -1.1551439762115479]
[0.2736710338516438, -0.2510437323374951, 0.21968198821265647] [0.027512239292263985, 0.002975702751427889, 0.4115108251571655, 0.9865820407867432, -0.13127359747886658, 0.9260858297348022] [-0.3788560628890991, 0.17943604290485382, -0.14730596542358398, 0.7578380107879639, 1.405102014541626, 0.03640000522136688, -1.2225561141967773, -1.1735520362854004]
[0.2736710338516438, -0.2510437323374951, 0.21968198821265647] [0.02618671953678131, 0.009730658493936062, 0.4109538793563843, 0.9717430472373962, -0.12253794819116592, 0.9664114117622375] [-0.4003320336341858, 0.21932004392147064, -0.14730596542358398, 0.7578380107879639, 1.405102014541626, 0.03680000454187393, -1.2486340999603271, -1.1965620517730713]
[0.2736710338516438, -0.2510437323374951, 0.21968198821265647] [0.02630648761987686, 0.01649528369307518, 0.40824267268180847, 0.9657857418060303, -0.10555166751146317, 1.0077342987060547] [-0.4202740490436554, 0.26227205991744995, -0.14730596542358398, 0.7578380107879639, 1.406636118888855, 0.03640000522136688, -1.2593721151351929, -1.205765962600708]
[0.2736710338516438, -0.2510437323374951, 0.21968198821265647] [0.025685355067253113, 0.02155444398522377, 0.4059855341911316, 0.9636173248291016, -0.09225493669509888, 1.0380645990371704] [-0.42487603425979614, 0.2960200309753418, -0.14730596542358398, 0.7578380107879639, 1.405102014541626, 0.03640000522136688, -1.2624400854110718, -1.2072999477386475]
[0.2736710338516438, -0.2510437323374951, 0.21968198821265647] [0.02438243292272091, 0.02627076394855976, 0.40330979228019714, 0.968757688999176, -0.07822299003601074, 1.0664368867874146] [-0.42487603425979614, 0.3328360319137573, -0.14883996546268463, 0.7578380107879639, 1.405102014541626, 0.03680000454187393, -1.2639740705490112, -1.2072999477386475]
[0.2736710338516438, -0.2510437323374951, 0.21968198821265647] [0.02484261244535446, 0.026164840906858444, 0.40283992886543274, 0.9679446816444397, -0.07652929425239563, 1.0658358335494995] [-0.42487603425979614, 0.33437004685401917, -0.14883996546268463, 0.7578380107879639, 1.406636118888855, 0.03640000522136688, -1.2685760259628296, -1.2119020223617554]
[0.2736710338516438, -0.2510437323374951, 0.21968198821265647] [0.026335468515753746, 0.02604217641055584, 0.4015218913555145, 0.9700894951820374, -0.07091449946165085, 1.0641028881072998] [-0.42487603425979614, 0.3328360319137573, -0.16264596581459045, 0.7578380107879639, 1.405102014541626, 0.03680000454187393, -1.2839161157608032, -1.2303099632263184]
[0.2736710338516438, -0.2510437323374951, 0.21968198821265647] [0.028959715738892555, 0.02568756975233555, 0.3992631137371063, 0.972845733165741, -0.06106376647949219, 1.0607730150222778] [-0.42487603425979614, 0.33437004685401917, -0.16264596581459045, 0.7578380107879639, 1.405102014541626, 0.03640000522136688, -1.2992560863494873, -1.244115948677063]
[0.2736710338516438, -0.2510437323374951, 0.21968198821265647] [0.0326666496694088, 0.025650419294834137, 0.39676761627197266, 0.9902662634849548, -0.05493425950407982, 1.0607935190200806] [-0.42487603425979614, 0.33437004685401917, -0.1580439656972885, 0.7578380107879639, 1.405102014541626, 0.03680000454187393, -1.309994101524353, -1.2533199787139893]
[0.2736710338516438, -0.2510437323374951, 0.21968198821265647] [0.03484058380126953, 0.025504430755972862, 0.39543771743774414, 0.9995740056037903, -0.052652932703495026, 1.061302900314331] [-0.42487603425979614, 0.33437004685401917, -0.15650996565818787, 0.7578380107879639, 1.405102014541626, 0.03640000522136688, -1.313062071800232, -1.2563879489898682]
[0.2736710338516438, -0.2510437323374951, 0.21968198821265647] [0.03549140319228172, 0.025616062805056572, 0.3946758210659027, 1.0051642656326294, -0.05060733109712601, 1.0629994869232178] [-0.42487603425979614, 0.335904061794281, -0.15650996565818787, 0.7624399662017822, 1.405102014541626, 0.03640000522136688, -1.3207321166992188, -1.264057993888855]
[0.2736710338516438, -0.2510437323374951, 0.21968198821265647] [0.03683803230524063, 0.025650624185800552, 0.39290764927864075, 1.0132472515106201, -0.044841207563877106, 1.068474292755127] [-0.42487603425979614, 0.335904061794281, -0.15650996565818787, 0.7670419812202454, 1.405102014541626, 0.03640000522136688, -1.3268680572509766, -1.2686599493026733]
[0.2736710338516438, -0.2510437323374951, 0.21968198821265647] [0.03624304011464119, 0.026224102824926376, 0.3915400207042694, 1.0164748430252075, -0.03723500669002533, 1.0825412273406982] [-0.42487603425979614, 0.335904061794281, -0.15650996565818787, 0.78084796667099, 1.405102014541626, 0.03680000454187393, -1.3268680572509766, -1.2686599493026733]
[0.2736710338516438, -0.2510437323374951, 0.21968198821265647] [0.03659726306796074, 0.026236042380332947, 0.39099448919296265, 1.0172935724258423, -0.034764520823955536, 1.083493947982788] [-0.42487603425979614, 0.335904061794281, -0.1580439656972885, 0.78084796667099, 1.405102014541626, 0.03640000522136688, -1.3268680572509766, -1.2701940536499023]
[0.2736710338516438, -0.2510437323374951, 0.21968198821265647] [0.03694022074341774, 0.026057865470647812, 0.3903679847717285, 1.013808250427246, -0.030785702168941498, 1.0817551612854004] [-0.42487603425979614, 0.335904061794281, -0.1641799658536911, 0.7839159965515137, 1.405102014541626, 0.03680000454187393, -1.3268680572509766, -1.2701940536499023]
[0.2736710338516438, -0.2510437323374951, 0.21968198821265647] [0.03667556121945381, 0.025984324514865875, 0.3901849091053009, 1.01425302028656, -0.030227450653910637, 1.084464430809021] [-0.42487603425979614, 0.33743804693222046, -0.1641799658536911, 0.7869839668273926, 1.405102014541626, 0.03680000454187393, -1.3268680572509766, -1.2717280387878418]
[0.2736710338516438, -0.2510437323374951, 0.21968198821265647] [0.03653804585337639, 0.025974703952670097, 0.39010030031204224, 1.0144009590148926, -0.02986324578523636, 1.0858373641967773] [-0.42487603425979614, 0.335904061794281, -0.16571396589279175, 0.7900519967079163, 1.405102014541626, 0.03680000454187393, -1.3268680572509766, -1.2717280387878418]
[0.2736710338516438, -0.2510437323374951, 0.21968198821265647] [0.03635652735829353, 0.026033520698547363, 0.38978132605552673, 1.013588309288025, -0.027576664462685585, 1.08810293674469] [-0.42487603425979614, 0.335904061794281, -0.1641799658536911, 0.7900519967079163, 1.405102014541626, 0.03680000454187393, -1.3268680572509766, -1.2701940536499023]
[0.2736710338516438, -0.2510437323374951, 0.21968198821265647] [0.036372650414705276, 0.026040298864245415, 0.38976961374282837, 1.013665795326233, -0.02758467011153698, 1.0881990194320679] [-0.42487603425979614, 0.33743804693222046, -0.16571396589279175, 0.7900519967079163, 1.405102014541626, 0.03640000522136688, -1.3268680572509766, -1.2717280387878418]
[0.2736710338516438, -0.2510437323374951, 0.21968198821265647] [0.036357272416353226, 0.026042476296424866, 0.38978180289268494, 1.0136021375656128, -0.0276242196559906, 1.0882213115692139] [-0.42487603425979614, 0.335904061794281, -0.16571396589279175, 0.788517951965332, 1.405102014541626, 0.03680000454187393, -1.3268680572509766, -1.2701940536499023]
[0.2736710338516438, -0.2510437323374951, 0.21968198821265647] [0.03644120693206787, 0.026030445471405983, 0.38952869176864624, 1.0151355266571045, -0.026813041418790817, 1.0881038904190063] [-0.4233420491218567, 0.335904061794281, -0.1641799658536911, 0.7900519967079163, 1.405102014541626, 0.03680000454187393, -1.3268680572509766, -1.2717280387878418]
[0.2736710338516438, -0.2510437323374951, 0.21968198821265647] [0.028018862009048462, 0.026122495532035828, 0.3940684199333191, 0.9916748404502869, -0.04065064340829849, 1.0866011381149292] [-0.4233420491218567, 0.335904061794281, -0.1641799658536911, 0.7900519967079163, 1.405102014541626, 0.9975999593734741, -1.3268680572509766, -1.2717280387878418]
[0.2736710338516438, -0.2510437323374951, 0.21968198821265647] [0.02823806367814541, 0.026034193113446236, 0.3940213918685913, 0.9907065033912659, -0.040283627808094025, 1.0847471952438354] [-0.4233420491218567, 0.335904061794281, -0.1641799658536911, 0.7900519967079163, 1.405102014541626, 0.9975999593734741, -1.3268680572509766, -1.2717280387878418]
