[0.22788075644236344, -0.07359389685667478, 0.15358613912875835] [0.009014244191348553, -0.22951172292232513, 0.2934679388999939, 0.9484580159187317, 0.5199285745620728, -0.41593849658966064] [0.04912996292114258, -1.1367360353469849, -0.5538159608840942, 0.8222659826278687, 1.3974320888519287, 0.9975999593734741, -1.2977221012115479, -1.2978060245513916]
[0.22788075644236344, -0.07359389685667478, 0.15358613912875835] [0.009109921753406525, -0.22946208715438843, 0.29315951466560364, 0.9479012489318848, 0.521209716796875, -0.41452738642692566] [0.04912996292114258, -1.1367360353469849, -0.5538159608840942, 0.8222659826278687, 1.3974320888519287, 0.9975999593734741, -1.2992560863494873, -1.2932039499282837]
[0.22788075644236344, -0.07359389685667478, 0.15358613912875835] [0.009392919950187206, -0.22939828038215637, 0.29335758090019226, 0.9501846432685852, 0.5188012719154358, -0.41297292709350586] [0.04912996292114258, -1.1367360353469849, -0.5538159608840942, 0.8222659826278687, 1.3974320888519287, 0.9975999593734741, -1.2992560863494873, -1.2932039499282837]
[0.22788075644236344, -0.07359389685667478, 0.15358613912875835] [0.009323389269411564, -0.2293669879436493, 0.2930627763271332, 0.9490635395050049, 0.5219103693962097, -0.4142742455005646] [0.04912996292114258, -1.1367360353469849, -0.5538159608840942, 0.8222659826278687, 1.3974320888519287, 0.9975999593734741, -1.2992560863494873, -1.2932039499282837]
[0.22788075644236344, -0.07359389685667478, 0.15358613912875835] [0.009408826939761639, -0.22942009568214417, 0.2930736541748047, 0.9492207765579224, 0.5210267305374146, -0.4135536253452301] [0.04912996292114258, -1.1367360353469849, -0.5522819757461548, 0.8207319974899292, 1.3974320888519287, 0.9975999593734741, -1.2992560863494873, -1.2916699647903442]
[0.22788075644236344, -0.07359389685667478, 0.15358613912875835] [0.009201060980558395, -0.22939348220825195, 0.29302096366882324, 0.9480874538421631, 0.5213525295257568, -0.41392743587493896] [0.04912996292114258, -1.1367360353469849, -0.5538159608840942, 0.8222659826278687, 1.3974320888519287, 0.9975999593734741, -1.2992560863494873, -1.2932039499282837]
[0.22788075644236344, -0.07359389685667478, 0.15358613912875835] [0.009350601583719254, -0.2295583337545395, 0.2931588888168335, 0.9500843286514282, 0.5200760364532471, -0.415068119764328] [0.04912996292114258, -1.1367360353469849, -0.5538159608840942, 0.8222659826278687, 1.3974320888519287, 0.9975999593734741, -1.2992560863494873, -1.2916699647903442]
[0.22788075644236344, -0.07359389685667478, 0.15358613912875835] [0.009447136893868446, -0.22944127023220062, 0.2929755449295044, 0.9495124816894531, 0.5213529467582703, -0.41344761848449707] [0.04759596288204193, -1.1367360353469849, -0.5538159608840942, 0.8207319974899292, 1.3989660739898682, 0.9975999593734741, -1.2992560863494873, -1.2916699647903442]
[0.22788075644236344, -0.07359389685667478, 0.15358613912875835] [0.009346104227006435, -0.22945921123027802, 0.2929689288139343, 0.9497442245483398, 0.5209842324256897, -0.4133528470993042] [0.04912996292114258, -1.1367360353469849, -0.5538159608840942, 0.8222659826278687, 1.3974320888519287, 0.9975999593734741, -1.2992560863494873, -1.2916699647903442]
[0.22788075644236344, -0.07359389685667478, 0.15358613912875835] [0.009389697574079037, -0.2294192761182785, 0.2932451367378235, 0.9502488970756531, 0.519196093082428, -0.41308096051216125] [0.04912996292114258, -1.1367360353469849, -0.5538159608840942, 0.8222659826278687, 1.3974320888519287, 0.9975999593734741, -1.2992560863494873, -1.2916699647903442]
[0.22788075644236344, -0.07359389685667478, 0.15358613912875835] [0.009210017509758472, -0.22940169274806976, 0.29308339953422546, 0.949591875076294, 0.5202729105949402, -0.41339200735092163] [0.04912996292114258, -1.1367360353469849, -0.5538159608840942, 0.8222659826278687, 1.3989660739898682, 0.9975999593734741, -1.2992560863494873, -1.2916699647903442]
[0.22788075644236344, -0.07359389685667478, 0.15358613912875835] [0.010742105543613434, -0.227860689163208, 0.2927638292312622, 0.9500283002853394, 0.5219663977622986, -0.40089893341064453] [0.04912996292114258, -1.1244640350341797, -0.5522819757461548, 0.8222659826278687, 1.3974320888519287, 0.9975999593734741, -1.3023240566253662, -1.2932039499282837]
[0.22788075644236344, -0.07359389685667478, 0.15358613912875835] [0.010934606194496155, -0.2277635782957077, 0.29260653257369995, 0.948776125907898, 0.5234653353691101, -0.4015134871006012] [0.04912996292114258, -1.1244640350341797, -0.5522819757461548, 0.8222659826278687, 1.3974320888519287, 0.9975999593734741, -1.2992560863494873, -1.2916699647903442]
[0.22788075644236344, -0.07359389685667478, 0.15358613912875835] [0.011000796221196651, -0.2277093231678009, 0.29284846782684326, 0.9503116011619568, 0.521989107131958, -0.4008704721927643] [0.04912996292114258, -1.1244640350341797, -0.5538159608840942, 0.8222659826278687, 1.3989660739898682, 0.9975999593734741, -1.2992560863494873, -1.2916699647903442]
[0.22788075644236344, -0.07359389685667478, 0.15358613912875835] [0.010090441443026066, -0.22766709327697754, 0.29324445128440857, 0.948429524898529, 0.521044909954071, -0.4022460877895355] [0.04912996292114258, -1.1244640350341797, -0.5538159608840942, 0.8222659826278687, 1.3974320888519287, 0.9975999593734741, -1.2977221012115479, -1.2886019945144653]
[0.22788075644236344, -0.07359389685667478, 0.15358613912875835] [0.007648563012480736, -0.22752483189105988, 0.29480472207069397, 0.9484295845031738, 0.5144205689430237, -0.40404924750328064] [0.04912996292114258, -1.1244640350341797, -0.5522819757461548, 0.8222659826278687, 1.3974320888519287, 0.9975999593734741, -1.2915860414505005, -1.2778639793395996]
[0.22788075644236344, -0.07359389685667478, 0.15358613912875835] [0.008424517698585987, -0.22726404666900635, 0.29617929458618164, 0.9597262144088745, 0.5022692680358887, -0.3985678553581238] [0.04452796280384064, -1.1213959455490112, -0.5415439605712891, 0.8207319974899292, 1.3974320888519287, 0.9975999593734741, -1.2701101303100586, -1.2579219341278076]
[0.22788075644236344, -0.07359389685667478, 0.15358613912875835] [0.00791290681809187, -0.22600500285625458, 0.2997686564922333, 0.9755381345748901, 0.4774029850959778, -0.3828214406967163] [0.03839196264743805, -1.1075899600982666, -0.5354079604148865, 0.8237999677658081, 1.3974320888519287, 0.9979999661445618, -1.2394300699234009, -1.222640037536621]
[0.22788075644236344, -0.07359389685667478, 0.15358613912875835] [0.008442964404821396, -0.22156167030334473, 0.3051411211490631, 1.002147912979126, 0.4380267560482025, -0.34101659059524536] [0.03839196264743805, -1.0769100189208984, -0.5154659748077393, 0.8268679976463318, 1.3958981037139893, 0.9975999593734741, -1.2148860692977905, -1.1965620517730713]
[0.22788075644236344, -0.07359389685667478, 0.15358613912875835] [0.011027858592569828, -0.21551482379436493, 0.30906376242637634, 1.0263327360153198, 0.4084320366382599, -0.2908187806606293] [0.03839196264743805, -1.0339579582214355, -0.49245595932006836, 0.8268679976463318, 1.3958981037139893, 0.9975999593734741, -1.1842060089111328, -1.1643480062484741]
[0.22788075644236344, -0.07359389685667478, 0.15358613912875835] [0.014717020094394684, -0.20578208565711975, 0.31550392508506775, 1.0564055442810059, 0.3605625033378601, -0.2171732485294342] [0.0368579626083374, -0.9725979566574097, -0.4771159887313843, 0.8268679976463318, 1.3974320888519287, 0.9975999593734741, -1.1642640829086304, -1.1428719758987427]
[0.22788075644236344, -0.07359389685667478, 0.15358613912875835] [0.017421819269657135, -0.19655361771583557, 0.3198487460613251, 1.065477967262268, 0.331403911113739, -0.15584765374660492] [0.0368579626083374, -0.905102014541626, -0.47251397371292114, 0.8268679976463318, 1.3958981037139893, 0.9975999593734741, -1.142788052558899, -1.1183279752731323]
[0.22788075644236344, -0.07359389685667478, 0.15358613912875835] [0.019835524260997772, -0.18657934665679932, 0.3246203362941742, 1.0758830308914185, 0.29850444197654724, -0.09116020053625107] [0.0368579626083374, -0.8560140132904053, -0.4571739733219147, 0.8268679976463318, 1.3958981037139893, 0.9975999593734741, -1.1320500373840332, -1.0983860492706299]
[0.22788075644236344, -0.07359389685667478, 0.15358613912875835] [0.021790044382214546, -0.17870710790157318, 0.32856470346450806, 1.0870612859725952, 0.27134451270103455, -0.04314129799604416] [0.0368579626083374, -0.8038579821586609, -0.43723195791244507, 0.8299359679222107, 1.3958981037139893, 0.9975999593734741, -1.119778037071228, -1.0815119743347168]
[0.22788075644236344, -0.07359389685667478, 0.15358613912875835] [0.023755554109811783, -0.16781561076641083, 0.3341793417930603, 1.1022824048995972, 0.23453934490680695, 0.02115637995302677] [0.0368579626083374, -0.742497980594635, -0.41115397214889526, 0.8299359679222107, 1.3943641185760498, 0.9975999593734741, -1.1105740070343018, -1.075376033782959]
[0.22788075644236344, -0.07359389685667478, 0.15358613912875835] [0.025474708527326584, -0.16049809753894806, 0.33658522367477417, 1.104607343673706, 0.2195500284433365, 0.06234580650925636] [0.0368579626083374, -0.7072159647941589, -0.40808597207069397, 0.8299359679222107, 1.3958981037139893, 0.9975999593734741, -1.1105740070343018, -1.0738420486450195]
[0.22788075644236344, -0.07359389685667478, 0.15358613912875835] [0.02724563144147396, -0.15234290063381195, 0.33781227469444275, 1.1042852401733398, 0.2130802720785141, 0.10788276046514511] [0.0368579626083374, -0.6611959934234619, -0.40655195713043213, 0.8314700126647949, 1.3958981037139893, 0.9975999593734741, -1.1105740070343018, -1.0738420486450195]
[0.22788075644236344, -0.07359389685667478, 0.15358613912875835] [0.03056637942790985, -0.13823026418685913, 0.33834704756736755, 1.097751259803772, 0.21253472566604614, 0.18619662523269653] [0.0368579626083374, -0.5921659469604492, -0.4050179719924927, 0.8376059532165527, 1.3958981037139893, 0.9975999593734741, -1.1105740070343018, -1.075376033782959]
[0.22788075644236344, -0.07359389685667478, 0.15358613912875835] [0.03170721232891083, -0.12977701425552368, 0.33817940950393677, 1.097943902015686, 0.21594808995723724, 0.23578782379627228] [0.0368579626083374, -0.5400099754333496, -0.4050179719924927, 0.8575479984283447, 1.3943641185760498, 0.9975999593734741, -1.1105740070343018, -1.0738420486450195]
[0.22788075644236344, -0.07359389685667478, 0.15358613912875835] [0.030690956860780716, -0.11491513252258301, 0.3370443284511566, 1.1030107736587524, 0.230992391705513, 0.3362389802932739] [0.0368579626083374, -0.5016599893569946, -0.4050179719924927, 0.9035679697990417, 1.3943641185760498, 0.9975999593734741, -1.1090400218963623, -1.0738420486450195]
[0.22788075644236344, -0.07359389685667478, 0.15358613912875835] [0.028689812868833542, -0.11050727218389511, 0.33602842688560486, 1.1091678142547607, 0.24067142605781555, 0.37703391909599304] [0.0368579626083374, -0.5001260042190552, -0.4050179719924927, 0.9664620161056519, 1.3943641185760498, 0.9975999593734741, -1.1105740070343018, -1.075376033782959]
[0.22788075644236344, -0.07359389685667478, 0.15358613912875835] [0.024334046989679337, -0.10378725081682205, 0.3344736695289612, 1.1272835731506348, 0.2578739821910858, 0.44882842898368835] [0.035323962569236755, -0.5001260042190552, -0.4034839868545532, 1.0155500173568726, 1.3943641185760498, 0.9975999593734741, -1.1090400218963623, -1.0738420486450195]
[0.22788075644236344, -0.07359389685667478, 0.15358613912875835] [0.02082112245261669, -0.09914615750312805, 0.33345741033554077, 1.1399897336959839, 0.2699092924594879, 0.5007642507553101] [0.030721962451934814, -0.5001260042190552, -0.4019499719142914, 1.0876480340957642, 1.3943641185760498, 0.9975999593734741, -1.1090400218963623, -1.075376033782959]
[0.22788075644236344, -0.07359389685667478, 0.15358613912875835] [0.016291677951812744, -0.09317776560783386, 0.33546316623687744, 1.151602029800415, 0.26752790808677673, 0.5686517953872681] [0.01231396198272705, -0.5001260042190552, -0.39734798669815063, 1.1382700204849243, 1.3943641185760498, 0.9975999593734741, -1.1105740070343018, -1.075376033782959]
[0.22788075644236344, -0.07359389685667478, 0.15358613912875835] [0.013091486878693104, -0.08931317180395126, 0.33595991134643555, 1.1608830690383911, 0.26903262734413147, 0.6146126985549927] [0.006177961826324463, -0.5001260042190552, -0.3958139717578888, 1.1842899322509766, 1.3943641185760498, 0.9975999593734741, -1.1090400218963623, -1.075376033782959]
[0.22788075644236344, -0.07359389685667478, 0.15358613912875835] [0.00892280600965023, -0.08508860319852829, 0.33651039004325867, 1.1695544719696045, 0.27296173572540283, 0.6687626242637634] [-0.003026038408279419, -0.5001260042190552, -0.3958139717578888, 1.2425819635391235, 1.3943641185760498, 0.9975999593734741, -1.1105740070343018, -1.0738420486450195]
[0.22788075644236344, -0.07359389685667478, 0.15358613912875835] [0.005316896829754114, -0.08192241936922073, 0.33559420704841614, 1.183423399925232, 0.28255242109298706, 0.712472677230835] [-0.001492038369178772, -0.5001260042190552, -0.3958139717578888, 1.2809319496154785, 1.3943641185760498, 0.9975999593734741, -1.1105740070343018, -1.075376033782959]
[0.22788075644236344, -0.07359389685667478, 0.15358613912875835] [0.002590049523860216, -0.07954581826925278, 0.3345538377761841, 1.191253900527954, 0.29197144508361816, 0.7452676296234131] [-0.001492038369178772, -0.49859195947647095, -0.3988819718360901, 1.3100780248641968, 1.3943641185760498, 0.9975999593734741, -1.1105740070343018, -1.075376033782959]
[0.22788075644236344, -0.07359389685667478, 0.15358613912875835] [-0.0003778751997742802, -0.07772734016180038, 0.3329808712005615, 1.1982656717300415, 0.30716291069984436, 0.776526689529419] [-0.001492038369178772, -0.49859195947647095, -0.41422197222709656, 1.3346220254898071, 1.3943641185760498, 0.9975999593734741, -1.1105740070343018, -1.0738420486450195]
[0.22788075644236344, -0.07359389685667478, 0.15358613912875835] [-0.0015558557352051139, -0.07680519670248032, 0.33098599314689636, 1.1970354318618774, 0.32510021328926086, 0.7891955375671387] [0.003109961748123169, -0.4909219741821289, -0.4280279874801636, 1.3361560106277466, 1.3943641185760498, 0.9975999593734741, -1.1105740070343018, -1.0738420486450195]
[0.22788075644236344, -0.07359389685667478, 0.15358613912875835] [-0.003057810477912426, -0.0744696632027626, 0.32502055168151855, 1.1924729347229004, 0.37260347604751587, 0.8111705183982849] [0.013847962021827698, -0.4617759585380554, -0.4648439884185791, 1.3361560106277466, 1.3943641185760498, 0.9975999593734741, -1.1105740070343018, -1.075376033782959]
[0.22788075644236344, -0.07359389685667478, 0.15358613912875835] [-0.003734264289960265, -0.07317683845758438, 0.3228917121887207, 1.1866533756256104, 0.39210137724876404, 0.8224664330482483] [0.013847962021827698, -0.4479699730873108, -0.4801839590072632, 1.3361560106277466, 1.3943641185760498, 0.9975999593734741, -1.1105740070343018, -1.075376033782959]
[0.22788075644236344, -0.07359389685667478, 0.15358613912875835] [-0.00418918626382947, -0.07262486964464188, 0.32055094838142395, 1.1776320934295654, 0.41479742527008057, 0.8275136947631836] [0.013847962021827698, -0.43416398763656616, -0.5123980045318604, 1.3346220254898071, 1.3943641185760498, 0.9975999593734741, -1.1121081113815308, -1.0769100189208984]
[0.22788075644236344, -0.07359389685667478, 0.15358613912875835] [-0.004438623785972595, -0.07364121824502945, 0.31737086176872253, 1.1671723127365112, 0.4447087347507477, 0.8234032392501831] [0.015381962060928345, -0.4326299726963043, -0.5400099754333496, 1.3330880403518677, 1.3943641185760498, 0.9975999593734741, -1.1121081113815308, -1.075376033782959]
[0.22788075644236344, -0.07359389685667478, 0.15358613912875835] [-0.004977044183760881, -0.07472428679466248, 0.3147440552711487, 1.1638824939727783, 0.46654412150382996, 0.8200811743736267] [0.019983962178230286, -0.43416398763656616, -0.561486005783081, 1.3330880403518677, 1.3943641185760498, 0.9975999593734741, -1.1121081113815308, -1.075376033782959]
[0.22788075644236344, -0.07359389685667478, 0.15358613912875835] [-0.006245344411581755, -0.07694187760353088, 0.308464378118515, 1.1639279127120972, 0.514713704586029, 0.8155602216720581] [0.035323962569236755, -0.4326299726963043, -0.5967679619789124, 1.3300199508666992, 1.3943641185760498, 0.9975999593734741, -1.1136420965194702, -1.0769100189208984]
[0.22788075644236344, -0.07359389685667478, 0.15358613912875835] [-0.006438579875975847, -0.07773256301879883, 0.30685099959373474, 1.1614540815353394, 0.5285010933876038, 0.8121154308319092] [0.04145996272563934, -0.4326299726963043, -0.6090399622917175, 1.3300199508666992, 1.3943641185760498, 0.9975999593734741, -1.1136420965194702, -1.0769100189208984]
[0.22788075644236344, -0.07359389685667478, 0.15358613912875835] [-0.0074328891932964325, -0.07865889370441437, 0.3036158084869385, 1.166146993637085, 0.5515540838241577, 0.8134799599647522] [0.055265963077545166, -0.4326299726963043, -0.6213119626045227, 1.3284859657287598, 1.3943641185760498, 0.9975999593734741, -1.1151760816574097, -1.078444004058838]
[0.22788075644236344, -0.07359389685667478, 0.15358613912875835] [-0.0076508186757564545, -0.07908942550420761, 0.30219775438308716, 1.1695970296859741, 0.5601946711540222, 0.8137525916099548] [0.05679996311664581, -0.4326299726963043, -0.6228460073471069, 1.3284859657287598, 1.3943641185760498, 0.9975999593734741, -1.1151760816574097, -1.078444004058838]
[0.22788075644236344, -0.07359389685667478, 0.15358613912875835] [-0.007586236577481031, -0.07929182052612305, 0.3022060990333557, 1.1697977781295776, 0.5603285431861877, 0.8123250603675842] [0.05679996311664581, -0.4326299726963043, -0.6228460073471069, 1.3284859657287598, 1.3943641185760498, 0.9975999593734741, -1.1151760816574097, -1.078444004058838]
[0.22788075644236344, -0.07359389685667478, 0.15358613912875835] [-0.007361935917288065, -0.07945781946182251, 0.30212220549583435, 1.1698473691940308, 0.5601134896278381, 0.8111120462417603] [0.05679996311664581, -0.4326299726963043, -0.6228460073471069, 1.3269519805908203, 1.3943641185760498, 0.9975999593734741, -1.1151760816574097, -1.078444004058838]
[0.22788075644236344, -0.07359389685667478, 0.15358613912875835] [-0.007373454049229622, -0.07929882407188416, 0.30213668942451477, 1.1699119806289673, 0.55994713306427, 0.8126803636550903] [0.05679996311664581, -0.4326299726963043, -0.6228460073471069, 1.3269519805908203, 1.3943641185760498, 0.9975999593734741, -1.1151760816574097, -1.0769100189208984]
[0.22788075644236344, -0.07359389685667478, 0.15358613912875835] [-0.007389650214463472, -0.0793137401342392, 0.30215808749198914, 1.1698325872421265, 0.5597078800201416, 0.8126497864723206] [0.05679996311664581, -0.43416398763656616, -0.6228460073471069, 1.3254179954528809, 1.3943641185760498, 0.9975999593734741, -1.1151760816574097, -1.0769100189208984]
[0.22788075644236344, -0.07359389685667478, 0.15358613912875835] [-0.008305016905069351, -0.07958588749170303, 0.3018154799938202, 1.1700341701507568, 0.5596749186515808, 0.8100451827049255] [0.0629359632730484, -0.43416398763656616, -0.6228460073471069, 1.3254179954528809, 1.3943641185760498, 0.07040000706911087, -1.1105740070343018, -1.0738420486450195]
[0.22788075644236344, -0.07359389685667478, 0.15358613912875835] [-0.008239269256591797, -0.07946857064962387, 0.3018619418144226, 1.1697934865951538, 0.5601802468299866, 0.809914231300354] [0.0629359632730484, -0.43416398763656616, -0.6228460073471069, 1.3254179954528809, 1.3943641185760498, 0.07040000706911087, -1.1105740070343018, -1.0738420486450195]
[0.22788075644236344, -0.07359389685667478, 0.15358613912875835] [-0.007948804646730423, -0.07965121418237686, 0.3020046353340149, 1.1688610315322876, 0.5576180815696716, 0.806988000869751] [0.0629359632730484, -0.43416398763656616, -0.6197779774665833, 1.322350025177002, 1.3958981037139893, 0.07040000706911087, -1.1121081113815308, -1.075376033782959]
[0.22788075644236344, -0.07359389685667478, 0.15358613912875835] [-0.00720279011875391, -0.0797952264547348, 0.3023761212825775, 1.1680983304977417, 0.5538681149482727, 0.8008385300636292] [0.0629359632730484, -0.43416398763656616, -0.6167099475860596, 1.3085440397262573, 1.3943641185760498, 0.07080000638961792, -1.1121081113815308, -1.075376033782959]
[0.22788075644236344, -0.07359389685667478, 0.15358613912875835] [-0.005713206250220537, -0.07998045533895493, 0.3037241995334625, 1.1641424894332886, 0.5398176312446594, 0.7891370058059692] [0.061401963233947754, -0.43416398763656616, -0.6075059771537781, 1.3039419651031494, 1.3958981037139893, 0.07040000706911087, -1.1121081113815308, -1.0738420486450195]
[0.22788075644236344, -0.07359389685667478, 0.15358613912875835] [-0.0051380605436861515, -0.08024927228689194, 0.3044697046279907, 1.1572269201278687, 0.5356230735778809, 0.7838115096092224] [0.05373196303844452, -0.4356979727745056, -0.6059719920158386, 1.3008739948272705, 1.3943641185760498, 0.07040000706911087, -1.1105740070343018, -1.075376033782959]
[0.22788075644236344, -0.07359389685667478, 0.15358613912875835] [-0.004365194123238325, -0.08019855618476868, 0.3064582049846649, 1.1527665853500366, 0.5227883458137512, 0.7783263325691223] [0.04759596288204193, -0.4356979727745056, -0.5967679619789124, 1.299340009689331, 1.3943641185760498, 0.07080000638961792, -1.1105740070343018, -1.075376033782959]
[0.22788075644236344, -0.07359389685667478, 0.15358613912875835] [-0.0034337849356234074, -0.07895184308290482, 0.3095944821834564, 1.154523491859436, 0.4963974356651306, 0.7802446484565735] [0.03378996253013611, -0.4356979727745056, -0.5676219463348389, 1.2962720394134521, 1.3958981037139893, 0.07040000706911087, -1.1121081113815308, -1.075376033782959]
[0.22788075644236344, -0.07359389685667478, 0.15358613912875835] [-0.0012936149723827839, -0.07762130349874496, 0.3167365491390228, 1.1418285369873047, 0.44990354776382446, 0.7746393084526062] [0.00771196186542511, -0.4356979727745056, -0.5476799607276917, 1.2962720394134521, 1.3943641185760498, 0.07040000706911087, -1.1121081113815308, -1.0738420486450195]
[0.22788075644236344, -0.07359389685667478, 0.15358613912875835] [0.001244625891558826, -0.0765233188867569, 0.32696935534477234, 1.1099462509155273, 0.38980692625045776, 0.7624748945236206] [-0.05211403965950012, -0.4356979727745056, -0.5185339450836182, 1.2886019945144653, 1.3943641185760498, 0.07080000638961792, -1.1121081113815308, -1.075376033782959]
[0.22788075644236344, -0.07359389685667478, 0.15358613912875835] [0.0031796549446880817, -0.07586422562599182, 0.33524128794670105, 1.0864567756652832, 0.3411251902580261, 0.7517744898796082] [-0.08279404044151306, -0.4356979727745056, -0.5047279596328735, 1.284000039100647, 1.3943641185760498, 0.07040000706911087, -1.1151760816574097, -1.075376033782959]
[0.22788075644236344, -0.07359389685667478, 0.15358613912875835] [0.005199650302529335, -0.07615923881530762, 0.34080377221107483, 1.0644100904464722, 0.3116455674171448, 0.7354992628097534] [-0.11961004137992859, -0.43416398763656616, -0.49552398920059204, 1.2655919790267944, 1.3943641185760498, 0.07040000706911087, -1.1228461265563965, -1.0769100189208984]
[0.22788075644236344, -0.07359389685667478, 0.15358613912875835] [0.007615699432790279, -0.0759541243314743, 0.3494107127189636, 1.040145754814148, 0.26266640424728394, 0.7233846187591553] [-0.16409604251384735, -0.43416398763656616, -0.4771159887313843, 1.2625240087509155, 1.3943641185760498, 0.07040000706911087, -1.1289820671081543, -1.0815119743347168]
[0.22788075644236344, -0.07359389685667478, 0.15358613912875835] [0.009255772456526756, -0.07522743195295334, 0.356798380613327, 1.021964192390442, 0.22318053245544434, 0.7207933068275452] [-0.19784404337406158, -0.4326299726963043, -0.46944597363471985, 1.2579219341278076, 1.3958981037139893, 0.07040000706911087, -1.1335840225219727, -1.0861139297485352]
[0.22788075644236344, -0.07359389685667478, 0.15358613912875835] [0.010904444381594658, -0.07499788701534271, 0.36527273058891296, 1.0005781650543213, 0.17546677589416504, 0.7143836617469788] [-0.2469320446252823, -0.4310959577560425, -0.44950395822525024, 1.2471840381622314, 1.3958981037139893, 0.07040000706911087, -1.135118007659912, -1.0876480340957642]
[0.22788075644236344, -0.07359389685667478, 0.15358613912875835] [0.01235127542167902, -0.07412325590848923, 0.3726435899734497, 0.9855254888534546, 0.12999263405799866, 0.7065581679344177] [-0.2730100452899933, -0.4157559871673584, -0.42342597246170044, 1.2134360074996948, 1.3958981037139893, 0.07040000706911087, -1.135118007659912, -1.0876480340957642]
[0.22788075644236344, -0.07359389685667478, 0.15358613912875835] [0.013758323155343533, -0.07067400962114334, 0.38027071952819824, 0.9657217860221863, 0.0839693546295166, 0.7093724012374878] [-0.3036900460720062, -0.363599956035614, -0.3958139717578888, 1.1597459316253662, 1.3958981037139893, 0.07040000706911087, -1.135118007659912, -1.0861139297485352]
[0.22788075644236344, -0.07359389685667478, 0.15358613912875835] [0.015057576820254326, -0.06517226248979568, 0.387539803981781, 0.9381691217422485, 0.04659546539187431, 0.7188880443572998] [-0.32363206148147583, -0.3313859701156616, -0.39121198654174805, 1.1352019309997559, 1.3958981037139893, 0.07080000638961792, -1.135118007659912, -1.0876480340957642]
[0.22788075644236344, -0.07359389685667478, 0.15358613912875835] [0.015854770317673683, -0.0617784708738327, 0.3901500701904297, 0.9260205626487732, 0.03287266939878464, 0.7240679860115051] [-0.3328360319137573, -0.28383195400238037, -0.3835419714450836, 1.1014540195465088, 1.3958981037139893, 0.07040000706911087, -1.1366521120071411, -1.0876480340957642]
[0.22788075644236344, -0.07359389685667478, 0.15358613912875835] [0.016483576968312263, -0.05601100996136665, 0.3962653577327728, 0.8995324373245239, 0.0020397843327373266, 0.7357327342033386] [-0.3558460474014282, -0.2500839829444885, -0.3728039860725403, 1.0615699291229248, 1.3958981037139893, 0.07040000706911087, -1.1381860971450806, -1.0891820192337036]
[0.22788075644236344, -0.07359389685667478, 0.15358613912875835] [0.0168495774269104, -0.04943005368113518, 0.4029151201248169, 0.8759244084358215, -0.03363243117928505, 0.7499434947967529] [-0.374254047870636, -0.1933259665966034, -0.3605319857597351, 1.0078799724578857, 1.3958981037139893, 0.07040000706911087, -1.13972008228302, -1.0922499895095825]
[0.22788075644236344, -0.07359389685667478, 0.15358613912875835] [0.017160363495349884, -0.044199150055646896, 0.4070385694503784, 0.8511993288993835, -0.05199013650417328, 0.7594955563545227] [-0.3972640633583069, -0.1411699652671814, -0.35899797081947327, 0.9725979566574097, 1.3958981037139893, 0.07080000638961792, -1.1443220376968384, -1.0953179597854614]
[0.22788075644236344, -0.07359389685667478, 0.15358613912875835] [0.022316010668873787, -0.033205702900886536, 0.41222304105758667, 0.8120454549789429, -0.0777013748884201, 0.7731513977050781] [-0.43101203441619873, -0.05219796299934387, -0.35899797081947327, 0.8836259841918945, 1.3943641185760498, 0.07040000706911087, -1.1611961126327515, -1.1106579303741455]
[0.22788075644236344, -0.07359389685667478, 0.15358613912875835] [0.026665396988391876, -0.027234813198447227, 0.4149380326271057, 0.792157769203186, -0.09200269728899002, 0.7807108759880066] [-0.45862406492233276, 0.003026038408279419, -0.35899797081947327, 0.8345379829406738, 1.3958981037139893, 0.07040000706911087, -1.1857401132583618, -1.1382700204849243]
[0.22788075644236344, -0.07359389685667478, 0.15358613912875835] [0.025021374225616455, -0.021640775725245476, 0.4202428460121155, 0.7603922486305237, -0.11615552753210068, 0.7915292978286743] [-0.486236035823822, 0.05978403985500336, -0.355929970741272, 0.7931199669837952, 1.3958981037139893, 0.07040000706911087, -1.2026140689849854, -1.152076005935669]
[0.22788075644236344, -0.07359389685667478, 0.15358613912875835] [0.024153193458914757, -0.01184256561100483, 0.421255886554718, 0.7469763159751892, -0.12127494066953659, 0.8277040719985962] [-0.4954400658607483, 0.12267804145812988, -0.33905595541000366, 0.7639739513397217, 1.3958981037139893, 0.07040000706911087, -1.2225561141967773, -1.170483946800232]
[0.22788075644236344, -0.07359389685667478, 0.15358613912875835] [0.0232574250549078, 0.002929506590589881, 0.4185197353363037, 0.7533321380615234, -0.11130999773740768, 0.892623782157898] [-0.4985080361366272, 0.21011604368686676, -0.3145119547843933, 0.734827995300293, 1.3958981037139893, 0.07040000706911087, -1.2409640550613403, -1.190425992012024]
[0.22788075644236344, -0.07359389685667478, 0.15358613912875835] [0.022310394793748856, 0.01008512545377016, 0.4156177341938019, 0.763981819152832, -0.09807097166776657, 0.9333425760269165] [-0.4985080361366272, 0.25153404474258423, -0.2976379692554474, 0.7332940101623535, 1.3943641185760498, 0.07040000706911087, -1.254770040512085, -1.2011640071868896]
[0.22788075644236344, -0.07359389685667478, 0.15358613912875835] [0.02066332846879959, 0.016740255057811737, 0.4132569134235382, 0.7816805839538574, -0.0896650105714798, 0.9772282242774963] [-0.4985080361366272, 0.28835004568099976, -0.2654239535331726, 0.7332940101623535, 1.3958981037139893, 0.07040000706911087, -1.2609061002731323, -1.2042319774627686]
[0.22788075644236344, -0.07359389685667478, 0.15358613912875835] [0.017605019733309746, 0.022550927475094795, 0.4128182828426361, 0.8064606785774231, -0.0921889990568161, 1.0190966129302979] [-0.4985080361366272, 0.32363206148147583, -0.23167596757411957, 0.7332940101623535, 1.3943641185760498, 0.07040000706911087, -1.2624400854110718, -1.205765962600708]
[0.22788075644236344, -0.07359389685667478, 0.15358613912875835] [0.0170394629240036, 0.023091552779078484, 0.41424915194511414, 0.8306870460510254, -0.10727482289075851, 1.0299185514450073] [-0.49697405099868774, 0.33130204677581787, -0.20252996683120728, 0.7332940101623535, 1.3943641185760498, 0.07040000706911087, -1.2670420408248901, -1.2119020223617554]
[0.22788075644236344, -0.07359389685667478, 0.15358613912875835] [0.017263341695070267, 0.023280225694179535, 0.41447770595550537, 0.8431706428527832, -0.11209224909543991, 1.0338640213012695] [-0.4954400658607483, 0.33130204677581787, -0.1963939666748047, 0.7317599654197693, 1.3943641185760498, 0.07040000706911087, -1.2793140411376953, -1.2257080078125]
[0.22788075644236344, -0.07359389685667478, 0.15358613912875835] [0.01984839141368866, 0.023229282349348068, 0.4134119153022766, 0.8526845574378967, -0.11019106209278107, 1.0295478105545044] [-0.4954400658607483, 0.33130204677581787, -0.1963939666748047, 0.7240899801254272, 1.3943641185760498, 0.07040000706911087, -1.3069260120391846, -1.2502520084381104]
[0.22788075644236344, -0.07359389685667478, 0.15358613912875835] [0.027007536962628365, 0.023083334788680077, 0.40845179557800293, 0.8814913630485535, -0.09457264840602875, 1.0239214897155762] [-0.49083805084228516, 0.3328360319137573, -0.1963939666748047, 0.7256239652633667, 1.3943641185760498, 0.07040000706911087, -1.3207321166992188, -1.2625240087509155]
[0.22788075644236344, -0.07359389685667478, 0.15358613912875835] [0.02935631200671196, 0.02323935739696026, 0.4066333472728729, 0.8904070258140564, -0.08806152641773224, 1.0244275331497192] [-0.49083805084228516, 0.33437004685401917, -0.1963939666748047, 0.7271579504013062, 1.3943641185760498, 0.07080000638961792, -1.328402042388916, -1.2701940536499023]
[0.22788075644236344, -0.07359389685667478, 0.15358613912875835] [0.031158048659563065, 0.023462748154997826, 0.40499207377433777, 0.8977485299110413, -0.08159581571817398, 1.0265238285064697] [-0.49083805084228516, 0.33437004685401917, -0.1963939666748047, 0.7363619804382324, 1.3943641185760498, 0.07080000638961792, -1.331470012664795, -1.2732620239257812]
[0.22788075644236344, -0.07359389685667478, 0.15358613912875835] [0.031295888125896454, 0.02411254681646824, 0.40303584933280945, 0.9025965332984924, -0.07099182903766632, 1.03957998752594] [-0.49083805084228516, 0.33437004685401917, -0.19792796671390533, 0.7470999956130981, 1.3943641185760498, 0.07040000706911087, -1.331470012664795, -1.2732620239257812]
[0.22788075644236344, -0.07359389685667478, 0.15358613912875835] [0.031049275770783424, 0.024232247844338417, 0.40281668305397034, 0.902516782283783, -0.06956365704536438, 1.042265772819519] [-0.49083805084228516, 0.33437004685401917, -0.1963939666748047, 0.750167965888977, 1.3943641185760498, 0.07040000706911087, -1.333004117012024, -1.2732620239257812]
[0.22788075644236344, -0.07359389685667478, 0.15358613912875835] [0.03087920881807804, 0.024330735206604004, 0.402474045753479, 0.9015005826950073, -0.06707507371902466, 1.0444567203521729] [-0.4923720359802246, 0.335904061794281, -0.19792796671390533, 0.7517019510269165, 1.3943641185760498, 0.07080000638961792, -1.333004117012024, -1.2747960090637207]
[0.22788075644236344, -0.07359389685667478, 0.15358613912875835] [0.030809396877884865, 0.02431759238243103, 0.4023200571537018, 0.901790201663971, -0.06638699769973755, 1.0457807779312134] [-0.49083805084228516, 0.33437004685401917, -0.19792796671390533, 0.7517019510269165, 1.3943641185760498, 0.07040000706911087, -1.3345381021499634, -1.2763299942016602]
[0.22788075644236344, -0.07359389685667478, 0.15358613912875835] [0.031099500134587288, 0.02433076687157154, 0.4020780026912689, 0.9029980301856995, -0.06563588976860046, 1.045703649520874] [-0.4893040657043457, 0.335904061794281, -0.19792796671390533, 0.7532359957695007, 1.3943641185760498, 0.07040000706911087, -1.333004117012024, -1.2763299942016602]
[0.22788075644236344, -0.07359389685667478, 0.15358613912875835] [0.03108830749988556, 0.0243739802390337, 0.4020732343196869, 0.9028937816619873, -0.06556311249732971, 1.045709252357483] [-0.4893040657043457, 0.335904061794281, -0.19792796671390533, 0.7532359957695007, 1.3943641185760498, 0.07040000706911087, -1.333004117012024, -1.2763299942016602]
[0.22788075644236344, -0.07359389685667478, 0.15358613912875835] [0.031119344756007195, 0.02430688589811325, 0.40189504623413086, 0.9041369557380676, -0.06506045162677765, 1.0456254482269287] [-0.4893040657043457, 0.335904061794281, -0.19792796671390533, 0.7532359957695007, 1.3943641185760498, 0.07040000706911087, -1.3345381021499634, -1.2778639793395996]
[0.22788075644236344, -0.07359389685667478, 0.15358613912875835] [0.031215760856866837, 0.02431521937251091, 0.4015531837940216, 0.9057319164276123, -0.06411216408014297, 1.0455224514007568] [-0.48777005076408386, 0.335904061794281, -0.19792796671390533, 0.7532359957695007, 1.3943641185760498, 0.07040000706911087, -1.3345381021499634, -1.279397964477539]
