[0.45813247561454773, -0.10110495984554291, 0.27807119488716125] [0.029904674738645554, -0.21810926496982574, 0.28750520944595337, 1.5299865007400513, 0.37977710366249084, -0.3594937324523926] [0.5829619765281677, -0.9449859857559204, 0.43561404943466187, 0.6427879929542542, 1.4005000591278076, 0.9975999593734741, -1.2977221012115479, -1.2870680093765259]
[0.45813247561454773, -0.10110495984554291, 0.27807119488716125] [0.02992258593440056, -0.21815955638885498, 0.28763529658317566, 1.5313029289245605, 0.3786853849887848, -0.35956326127052307] [0.5844959616661072, -0.9449859857559204, 0.43561404943466187, 0.6427879929542542, 1.4005000591278076, 0.9975999593734741, -1.29312002658844, -1.2763299942016602]
[0.45813247561454773, -0.10110495984554291, 0.27807119488716125] [0.02961491234600544, -0.21792367100715637, 0.28763192892074585, 1.532021403312683, 0.3786996901035309, -0.35850760340690613] [0.5860300064086914, -0.943452000617981, 0.43561404943466187, 0.6427879929542542, 1.4005000591278076, 0.9975999593734741, -1.290052056312561, -1.2732620239257812]
[0.45813247561454773, -0.10110495984554291, 0.27807119488716125] [0.029082810506224632, -0.2180291712284088, 0.288303941488266, 1.533862829208374, 0.37460917234420776, -0.35805249214172363] [0.5860300064086914, -0.943452000617981, 0.43561404943466187, 0.6427879929542542, 1.4005000591278076, 0.9975999593734741, -1.290052056312561, -1.2732620239257812]
[0.45813247561454773, -0.10110495984554291, 0.27807119488716125] [0.029048552736639977, -0.21791717410087585, 0.28884848952293396, 1.534456729888916, 0.3717767596244812, -0.3578198254108429] [0.5860300064086914, -0.943452000617981, 0.43561404943466187, 0.6427879929542542, 1.4005000591278076, 0.9975999593734741, -1.290052056312561, -1.2732620239257812]
[0.45813247561454773, -0.10110495984554291, 0.27807119488716125] [0.029039856046438217, -0.21788011491298676, 0.2886906862258911, 1.5338042974472046, 0.3732505142688751, -0.3579016625881195] [0.5844959616661072, -0.943452000617981, 0.43561404943466187, 0.6427879929542542, 1.4005000591278076, 0.9975999593734741, -1.290052056312561, -1.2732620239257812]
[0.45813247561454773, -0.10110495984554291, 0.27807119488716125] [0.02913402020931244, -0.2178555428981781, 0.28894099593162537, 1.534499168395996, 0.3715115785598755, -0.35751110315322876] [0.5844959616661072, -0.943452000617981, 0.43561404943466187, 0.6427879929542542, 1.4005000591278076, 0.9975999593734741, -1.290052056312561, -1.2732620239257812]
[0.45813247561454773, -0.10110495984554291, 0.27807119488716125] [0.029037177562713623, -0.21787242591381073, 0.2887020409107208, 1.534290075302124, 0.37270718812942505, -0.3573397994041443] [0.5844959616661072, -0.943452000617981, 0.43561404943466187, 0.6427879929542542, 1.402034044265747, 0.9975999593734741, -1.290052056312561, -1.2732620239257812]
[0.45813247561454773, -0.10110495984554291, 0.27807119488716125] [0.029125791043043137, -0.21785837411880493, 0.2889397144317627, 1.534682035446167, 0.371322363615036, -0.3573256731033325] [0.5844959616661072, -0.943452000617981, 0.43561404943466187, 0.6427879929542542, 1.4005000591278076, 0.9975999593734741, -1.290052056312561, -1.2732620239257812]
[0.45813247561454773, -0.10110495984554291, 0.27807119488716125] [0.029160598292946815, -0.21782460808753967, 0.2887624502182007, 1.5354807376861572, 0.3730422854423523, -0.357433557510376] [0.5860300064086914, -0.943452000617981, 0.43561404943466187, 0.6427879929542542, 1.402034044265747, 0.9975999593734741, -1.2915860414505005, -1.2732620239257812]
[0.45813247561454773, -0.10110495984554291, 0.27807119488716125] [0.02927309274673462, -0.2178996205329895, 0.2888069748878479, 1.5376253128051758, 0.37221595644950867, -0.35732346773147583] [0.5844959616661072, -0.943452000617981, 0.43561404943466187, 0.6427879929542542, 1.4035680294036865, 0.9975999593734741, -1.2915860414505005, -1.2717280387878418]
[0.45813247561454773, -0.10110495984554291, 0.27807119488716125] [0.030417120084166527, -0.21765609085559845, 0.29069647192955017, 1.5445830821990967, 0.3593003749847412, -0.3537892699241638] [0.561486005783081, -0.9419180154800415, 0.4340800642967224, 0.6443219780921936, 1.4035680294036865, 0.9975999593734741, -1.2915860414505005, -1.2701940536499023]
[0.45813247561454773, -0.10110495984554291, 0.27807119488716125] [0.03329469636082649, -0.2170938402414322, 0.29612478613853455, 1.5549213886260986, 0.3245777189731598, -0.3459961414337158] [0.5292719602584839, -0.9373160004615784, 0.43254604935646057, 0.6489239931106567, 1.402034044265747, 0.9975999593734741, -1.294654130935669, -1.2655919790267944]
[0.45813247561454773, -0.10110495984554291, 0.27807119488716125] [0.03914870321750641, -0.2108091115951538, 0.30145391821861267, 1.5862081050872803, 0.2863022983074188, -0.2951950430870056] [0.4847859740257263, -0.9158399701118469, 0.4294780492782593, 0.6703999638557434, 1.402034044265747, 0.9975999593734741, -1.29312002658844, -1.2655919790267944]
[0.45813247561454773, -0.10110495984554291, 0.27807119488716125] [0.04114704206585884, -0.21041202545166016, 0.3064590096473694, 1.5930815935134888, 0.2553866505622864, -0.28906136751174927] [0.4510379731655121, -0.9158399701118469, 0.4279440641403198, 0.676535964012146, 1.4005000591278076, 0.9975999593734741, -1.294654130935669, -1.264057993888855]
[0.45813247561454773, -0.10110495984554291, 0.27807119488716125] [0.04340388625860214, -0.2081165611743927, 0.3114500641822815, 1.6054891347885132, 0.22375787794589996, -0.26680082082748413] [0.4157559871673584, -0.9158399701118469, 0.426410049200058, 0.7026139497756958, 1.4005000591278076, 0.9975999593734741, -1.294654130935669, -1.264057993888855]
[0.45813247561454773, -0.10110495984554291, 0.27807119488716125] [0.04698718339204788, -0.20149141550064087, 0.3171112835407257, 1.6232223510742188, 0.18653447926044464, -0.2112232744693756] [0.38507598638534546, -0.8958979845046997, 0.42180806398391724, 0.7440319657325745, 1.4005000591278076, 0.9975999593734741, -1.294654130935669, -1.264057993888855]
[0.45813247561454773, -0.10110495984554291, 0.27807119488716125] [0.05036625266075134, -0.1947990506887436, 0.3207169771194458, 1.6432331800460815, 0.1579662263393402, -0.1623358577489853] [0.3574639558792114, -0.8682860136032104, 0.42180806398391724, 0.7716439962387085, 1.4005000591278076, 0.9975999593734741, -1.29312002658844, -1.264057993888855]
[0.45813247561454773, -0.10110495984554291, 0.27807119488716125] [0.05697552487254143, -0.17984293401241302, 0.32664424180984497, 1.6732381582260132, 0.11032050102949142, -0.05909115821123123] [0.31604596972465515, -0.8130619525909424, 0.40953606367111206, 0.808459997177124, 1.4005000591278076, 0.9975999593734741, -1.294654130935669, -1.264057993888855]
[0.45813247561454773, -0.10110495984554291, 0.27807119488716125] [0.058889441192150116, -0.17415297031402588, 0.3280401825904846, 1.6754084825515747, 0.10006815940141678, -0.022633817046880722] [0.3007059693336487, -0.7931199669837952, 0.38959404826164246, 0.8237999677658081, 1.4005000591278076, 0.9975999593734741, -1.294654130935669, -1.264057993888855]
[0.45813247561454773, -0.10110495984554291, 0.27807119488716125] [0.06070784851908684, -0.16790521144866943, 0.3300735056400299, 1.6647475957870483, 0.09002835303544998, 0.020133400335907936] [0.2746279835700989, -0.770110011100769, 0.3589140474796295, 0.8452759981155396, 1.4005000591278076, 0.9975999593734741, -1.294654130935669, -1.264057993888855]
[0.45813247561454773, -0.10110495984554291, 0.27807119488716125] [0.0641273781657219, -0.1581709384918213, 0.3332073986530304, 1.6583423614501953, 0.07093390077352524, 0.08265198767185211] [0.2393459677696228, -0.7286919951438904, 0.33130204677581787, 0.8483439683914185, 1.4005000591278076, 0.9975999593734741, -1.294654130935669, -1.2625240087509155]
[0.45813247561454773, -0.10110495984554291, 0.27807119488716125] [0.06611362099647522, -0.15164749324321747, 0.33404505252838135, 1.6530110836029053, 0.06731633841991425, 0.11908216774463654] [0.2194039672613144, -0.6918759942054749, 0.31136006116867065, 0.8498779535293579, 1.4005000591278076, 0.9979999661445618, -1.294654130935669, -1.2625240087509155]
[0.45813247561454773, -0.10110495984554291, 0.27807119488716125] [0.0694236308336258, -0.13937774300575256, 0.33493053913116455, 1.641569972038269, 0.06319580227136612, 0.18882612884044647] [0.19179196655750275, -0.6289819478988647, 0.269942045211792, 0.8483439683914185, 1.4005000591278076, 0.9975999593734741, -1.294654130935669, -1.2625240087509155]
[0.45813247561454773, -0.10110495984554291, 0.27807119488716125] [0.07124625891447067, -0.12982246279716492, 0.3350013494491577, 1.62679922580719, 0.06527826935052872, 0.24269267916679382] [0.16878196597099304, -0.5752919912338257, 0.2346600443124771, 0.8498779535293579, 1.4005000591278076, 0.9975999593734741, -1.294654130935669, -1.260990023612976]
[0.45813247561454773, -0.10110495984554291, 0.27807119488716125] [0.07293453067541122, -0.11556462943553925, 0.3333077132701874, 1.6127595901489258, 0.07844335585832596, 0.32076919078826904] [0.15650996565818787, -0.5047279596328735, 0.1886400431394577, 0.8498779535293579, 1.3989660739898682, 0.9975999593734741, -1.29312002658844, -1.260990023612976]
[0.45813247561454773, -0.10110495984554291, 0.27807119488716125] [0.07342421263456345, -0.10432478785514832, 0.33242908120155334, 1.5978646278381348, 0.08672033995389938, 0.38328254222869873] [0.14270396530628204, -0.4479699730873108, 0.15642604231834412, 0.8498779535293579, 1.3989660739898682, 0.9975999593734741, -1.29312002658844, -1.260990023612976]
[0.45813247561454773, -0.10110495984554291, 0.27807119488716125] [0.07296886295080185, -0.09568963944911957, 0.3313615620136261, 1.5846900939941406, 0.0957583412528038, 0.4313385486602783] [0.13656796514987946, -0.4034839868545532, 0.11961004137992859, 0.8498779535293579, 1.3989660739898682, 0.9975999593734741, -1.2915860414505005, -1.2594560384750366]
[0.45813247561454773, -0.10110495984554291, 0.27807119488716125] [0.0720544084906578, -0.08781268447637558, 0.32893913984298706, 1.5635170936584473, 0.1154937669634819, 0.475892573595047] [0.13349996507167816, -0.3666679859161377, 0.087396040558815, 0.8498779535293579, 1.3989660739898682, 0.9975999593734741, -1.2915860414505005, -1.2579219341278076]
[0.45813247561454773, -0.10110495984554291, 0.27807119488716125] [0.07121548801660538, -0.08454889804124832, 0.32601746916770935, 1.543925404548645, 0.1390712857246399, 0.49698811769485474] [0.13349996507167816, -0.3574639558792114, 0.045978039503097534, 0.8498779535293579, 1.3989660739898682, 0.9975999593734741, -1.290052056312561, -1.2563879489898682]
[0.45813247561454773, -0.10110495984554291, 0.27807119488716125] [0.07004126161336899, -0.08387856185436249, 0.32186952233314514, 1.5132064819335938, 0.17310185730457306, 0.5046179294586182] [0.13349996507167816, -0.355929970741272, -0.01231396198272705, 0.8498779535293579, 1.3989660739898682, 0.9975999593734741, -1.2869840860366821, -1.2517859935760498]
[0.45813247561454773, -0.10110495984554291, 0.27807119488716125] [0.06857336312532425, -0.08328702300786972, 0.3173385262489319, 1.4804003238677979, 0.2107153981924057, 0.51319420337677] [0.13349996507167816, -0.3467259705066681, -0.04759596288204193, 0.8498779535293579, 1.3989660739898682, 0.9975999593734741, -1.2869840860366821, -1.2517859935760498]
[0.45813247561454773, -0.10110495984554291, 0.27807119488716125] [0.06738445907831192, -0.08075050264596939, 0.3148917257785797, 1.4617952108383179, 0.2311997413635254, 0.5286790132522583] [0.13349996507167816, -0.3344539701938629, -0.08287796378135681, 0.8498779535293579, 1.3974320888519287, 0.9975999593734741, -1.2869840860366821, -1.2533199787139893]
[0.45813247561454773, -0.10110495984554291, 0.27807119488716125] [0.06594933569431305, -0.08045973628759384, 0.3095262944698334, 1.425006628036499, 0.274578720331192, 0.5355632901191711] [0.1350339651107788, -0.3329199552536011, -0.12889796495437622, 0.8498779535293579, 1.3989660739898682, 0.9975999593734741, -1.2869840860366821, -1.2533199787139893]
[0.45813247561454773, -0.10110495984554291, 0.27807119488716125] [0.06523116677999496, -0.08088049292564392, 0.3068659007549286, 1.4105746746063232, 0.29552358388900757, 0.5360755920410156] [0.13656796514987946, -0.3329199552536011, -0.15037396550178528, 0.8498779535293579, 1.3989660739898682, 0.9975999593734741, -1.2869840860366821, -1.2533199787139893]
[0.45813247561454773, -0.10110495984554291, 0.27807119488716125] [0.06408434361219406, -0.08095891028642654, 0.3031890094280243, 1.4007092714309692, 0.3203508257865906, 0.5393977165222168] [0.14730596542358398, -0.3329199552536011, -0.18565596640110016, 0.8498779535293579, 1.3989660739898682, 0.9975999593734741, -1.2869840860366821, -1.2533199787139893]
[0.45813247561454773, -0.10110495984554291, 0.27807119488716125] [0.06324999779462814, -0.08178865164518356, 0.30038920044898987, 1.384664535522461, 0.34150218963623047, 0.5381634831428528] [0.14883996546268463, -0.3329199552536011, -0.19946196675300598, 0.8498779535293579, 1.3989660739898682, 0.9975999593734741, -1.2885180711746216, -1.2548539638519287]
[0.45813247561454773, -0.10110495984554291, 0.27807119488716125] [0.06282981485128403, -0.081954725086689, 0.2985590398311615, 1.3832157850265503, 0.35327693819999695, 0.5391294956207275] [0.15344196557998657, -0.3313859701156616, -0.20866596698760986, 0.8498779535293579, 1.3974320888519287, 0.9975999593734741, -1.2915860414505005, -1.2579219341278076]
[0.45813247561454773, -0.10110495984554291, 0.27807119488716125] [0.06255322694778442, -0.0820409506559372, 0.29724398255348206, 1.380558967590332, 0.3619396388530731, 0.5409277677536011] [0.15344196557998657, -0.3329199552536011, -0.21786996722221375, 0.8498779535293579, 1.3989660739898682, 0.9975999593734741, -1.2915860414505005, -1.2563879489898682]
[0.45813247561454773, -0.10110495984554291, 0.27807119488716125] [0.062028978019952774, -0.08218444883823395, 0.2950808107852936, 1.381500482559204, 0.3744281828403473, 0.5425276756286621] [0.16571396589279175, -0.3329199552536011, -0.22093796730041504, 0.8498779535293579, 1.3989660739898682, 0.9975999593734741, -1.2915860414505005, -1.2563879489898682]
[0.45813247561454773, -0.10110495984554291, 0.27807119488716125] [0.06152186170220375, -0.08232197910547256, 0.29342690110206604, 1.3861099481582642, 0.38236376643180847, 0.542854368686676] [0.17338396608829498, -0.3329199552536011, -0.2194039672613144, 0.8498779535293579, 1.3989660739898682, 0.9975999593734741, -1.2915860414505005, -1.2563879489898682]
[0.45813247561454773, -0.10110495984554291, 0.27807119488716125] [0.061424173414707184, -0.08227698504924774, 0.29318806529045105, 1.3868893384933472, 0.3834819197654724, 0.5434085726737976] [0.17338396608829498, -0.3344539701938629, -0.22093796730041504, 0.8498779535293579, 1.3989660739898682, 0.9975999593734741, -1.2915860414505005, -1.2563879489898682]
[0.45813247561454773, -0.10110495984554291, 0.27807119488716125] [0.061325907707214355, -0.08228202909231186, 0.2927962839603424, 1.3867909908294678, 0.38598379492759705, 0.5439091324806213] [0.17491796612739563, -0.3329199552536011, -0.22093796730041504, 0.8498779535293579, 1.3974320888519287, 0.9975999593734741, -1.2915860414505005, -1.2563879489898682]
[0.45813247561454773, -0.10110495984554291, 0.27807119488716125] [0.061285872012376785, -0.08233001083135605, 0.29275423288345337, 1.3868422508239746, 0.386113703250885, 0.5436551570892334] [0.17491796612739563, -0.3329199552536011, -0.2194039672613144, 0.8498779535293579, 1.3989660739898682, 0.9975999593734741, -1.2915860414505005, -1.2563879489898682]
[0.45813247561454773, -0.10110495984554291, 0.27807119488716125] [0.06134872883558273, -0.08256407082080841, 0.2929002046585083, 1.3874324560165405, 0.3850404620170593, 0.5421311259269714] [0.17491796612739563, -0.3329199552536011, -0.2194039672613144, 0.8498779535293579, 1.3989660739898682, 0.9975999593734741, -1.2915860414505005, -1.2563879489898682]
[0.45813247561454773, -0.10110495984554291, 0.27807119488716125] [0.061323024332523346, -0.08223448693752289, 0.2929406464099884, 1.3861137628555298, 0.3845762014389038, 0.5439751148223877] [0.17491796612739563, -0.3329199552536011, -0.2194039672613144, 0.8498779535293579, 1.3989660739898682, 0.9975999593734741, -1.2915860414505005, -1.2579219341278076]
[0.45813247561454773, -0.10110495984554291, 0.27807119488716125] [0.06132645905017853, -0.08222204446792603, 0.2929639518260956, 1.3876291513442993, 0.3845427632331848, 0.544000506401062] [0.17491796612739563, -0.3329199552536011, -0.22093796730041504, 0.8498779535293579, 1.3974320888519287, 0.9975999593734741, -1.2915860414505005, -1.2579219341278076]
[0.45813247561454773, -0.10110495984554291, 0.27807119488716125] [0.06089721620082855, -0.08277569711208344, 0.29854071140289307, 1.3805885314941406, 0.3528442680835724, 0.5330408811569214] [0.16571396589279175, -0.3344539701938629, -0.20406396687030792, 0.8452759981155396, 1.3974320888519287, 0.028000004589557648, -1.2655080556869507, -1.2303099632263184]
[0.45813247561454773, -0.10110495984554291, 0.27807119488716125] [0.060429710894823074, -0.08293608576059341, 0.3013366460800171, 1.378142237663269, 0.3381783664226532, 0.5276890993118286] [0.1611119657754898, -0.33598798513412476, -0.1933259665966034, 0.8422079682350159, 1.3974320888519287, 0.028000004589557648, -1.2593721151351929, -1.2257080078125]
[0.45813247561454773, -0.10110495984554291, 0.27807119488716125] [0.06107980012893677, -0.08280466496944427, 0.30662181973457336, 1.3808748722076416, 0.3060307204723358, 0.5230891108512878] [0.14270396530628204, -0.33598798513412476, -0.17184996604919434, 0.8422079682350159, 1.3974320888519287, 0.028000004589557648, -1.2593721151351929, -1.222640037536621]
[0.45813247561454773, -0.10110495984554291, 0.27807119488716125] [0.06326095014810562, -0.082044817507267, 0.31655141711235046, 1.3768612146377563, 0.2509716749191284, 0.5188186764717102] [0.09361596405506134, -0.3344539701938629, -0.1411699652671814, 0.8406739830970764, 1.3989660739898682, 0.028000004589557648, -1.2609061002731323, -1.2241740226745605]
[0.45813247561454773, -0.10110495984554291, 0.27807119488716125] [0.06649607419967651, -0.0819339007139206, 0.33167946338653564, 1.361031174659729, 0.17017216980457306, 0.5105408430099487] [0.035323962569236755, -0.3344539701938629, -0.1181599572300911, 0.8406739830970764, 1.3974320888519287, 0.028000004589557648, -1.2609061002731323, -1.2241740226745605]
[0.45813247561454773, -0.10110495984554291, 0.27807119488716125] [0.06765253841876984, -0.08161129802465439, 0.33979398012161255, 1.3530335426330566, 0.12737181782722473, 0.5083802342414856] [-0.003026038408279419, -0.3344539701938629, -0.10435395687818527, 0.8406739830970764, 1.3989660739898682, 0.028000004589557648, -1.2609061002731323, -1.2241740226745605]
[0.45813247561454773, -0.10110495984554291, 0.27807119488716125] [0.06841844320297241, -0.08136448264122009, 0.3476770222187042, 1.347640037536621, 0.08560004085302353, 0.5071549415588379] [-0.03677403926849365, -0.3344539701938629, -0.08747996389865875, 0.8406739830970764, 1.3989660739898682, 0.028000004589557648, -1.2609061002731323, -1.2241740226745605]
[0.45813247561454773, -0.10110495984554291, 0.27807119488716125] [0.06870419532060623, -0.08128339052200317, 0.35149189829826355, 1.3491581678390503, 0.06437069177627563, 0.5069718360900879] [-0.04751203954219818, -0.3344539701938629, -0.08134396374225616, 0.8406739830970764, 1.3989660739898682, 0.028000004589557648, -1.2609061002731323, -1.2241740226745605]
[0.45813247561454773, -0.10110495984554291, 0.27807119488716125] [0.06886595487594604, -0.08100905269384384, 0.3520173132419586, 1.3492540121078491, 0.061236534267663956, 0.5084865689277649] [-0.04751203954219818, -0.3237159848213196, -0.07980996370315552, 0.8406739830970764, 1.3989660739898682, 0.028000004589557648, -1.2624400854110718, -1.2241740226745605]
[0.45813247561454773, -0.10110495984554291, 0.27807119488716125] [0.06806222349405289, -0.0738055631518364, 0.35205206274986267, 1.3492159843444824, 0.06115173175930977, 0.5468432903289795] [-0.04751203954219818, -0.28076398372650146, -0.07980996370315552, 0.8406739830970764, 1.3989660739898682, 0.028000004589557648, -1.2639740705490112, -1.2272419929504395]
[0.45813247561454773, -0.10110495984554291, 0.27807119488716125] [0.06733399629592896, -0.06662528961896896, 0.35199081897735596, 1.3477771282196045, 0.06142314895987511, 0.5852207541465759] [-0.05211403965950012, -0.23781196773052216, -0.07980996370315552, 0.8406739830970764, 1.3989660739898682, 0.028000004589557648, -1.2670420408248901, -1.2272419929504395]
[0.45813247561454773, -0.10110495984554291, 0.27807119488716125] [0.06614979356527328, -0.05903766304254532, 0.353631854057312, 1.3442450761795044, 0.05344114080071449, 0.6262903809547424] [-0.061318039894104004, -0.20713196694850922, -0.08134396374225616, 0.8406739830970764, 1.3989660739898682, 0.028000004589557648, -1.2670420408248901, -1.2272419929504395]
[0.45813247561454773, -0.10110495984554291, 0.27807119488716125] [0.06474589556455612, -0.05164740979671478, 0.3570863604545593, 1.3307735919952393, 0.03984687477350235, 0.6655291318893433] [-0.08432804048061371, -0.1641799658536911, -0.08134396374225616, 0.8406739830970764, 1.3989660739898682, 0.028000004589557648, -1.2655080556869507, -1.2257080078125]
[0.45813247561454773, -0.10110495984554291, 0.27807119488716125] [0.062040671706199646, -0.041766319423913956, 0.36628979444503784, 1.2961210012435913, 0.0013533360324800014, 0.720003068447113] [-0.1334160417318344, -0.11355795711278915, -0.08134396374225616, 0.8406739830970764, 1.3989660739898682, 0.028000004589557648, -1.2670420408248901, -1.2257080078125]
[0.45813247561454773, -0.10110495984554291, 0.27807119488716125] [0.060256656259298325, -0.037098947912454605, 0.3706645965576172, 1.2775763273239136, -0.015696100890636444, 0.7459521293640137] [-0.165630042552948, -0.08747996389865875, -0.08134396374225616, 0.8406739830970764, 1.3989660739898682, 0.028000004589557648, -1.2670420408248901, -1.2257080078125]
[0.45813247561454773, -0.10110495984554291, 0.27807119488716125] [0.05863850936293602, -0.033759117126464844, 0.3779675364494324, 1.2485454082489014, -0.04505100101232529, 0.7651898264884949] [-0.20091204345226288, -0.07367396354675293, -0.08134396374225616, 0.8345379829406738, 1.3989660739898682, 0.028000004589557648, -1.2670420408248901, -1.2241740226745605]
[0.45813247561454773, -0.10110495984554291, 0.27807119488716125] [0.0568600632250309, -0.02990756556391716, 0.3849305808544159, 1.216336727142334, -0.07175471633672714, 0.785058319568634] [-0.2469320446252823, -0.039925962686538696, -0.08134396374225616, 0.8360719680786133, 1.4005000591278076, 0.028000004589557648, -1.2670420408248901, -1.2257080078125]
[0.45813247561454773, -0.10110495984554291, 0.27807119488716125] [0.05412598326802254, -0.025577958673238754, 0.3910534679889679, 1.1876108646392822, -0.09414444863796234, 0.8115837574005127] [-0.2837480306625366, -0.02305196225643158, -0.07980996370315552, 0.8345379829406738, 1.3989660739898682, 0.028000004589557648, -1.2685760259628296, -1.2241740226745605]
[0.45813247561454773, -0.10110495984554291, 0.27807119488716125] [0.05157971754670143, -0.02166709117591381, 0.39763957262039185, 1.1539866924285889, -0.11860369145870209, 0.8360838890075684] [-0.32056403160095215, 0.004560038447380066, -0.07980996370315552, 0.8237999677658081, 1.4005000591278076, 0.028000004589557648, -1.2685760259628296, -1.2241740226745605]
[0.45813247561454773, -0.10110495984554291, 0.27807119488716125] [0.04982421174645424, -0.01769706979393959, 0.4004334807395935, 1.13840913772583, -0.12798014283180237, 0.8543581962585449] [-0.34050604701042175, 0.030638039112091064, -0.07980996370315552, 0.8222659826278687, 1.4005000591278076, 0.028000004589557648, -1.2701101303100586, -1.2257080078125]
[0.45813247561454773, -0.10110495984554291, 0.27807119488716125] [0.046685632318258286, -0.011645722202956676, 0.40269142389297485, 1.121098279953003, -0.13396883010864258, 0.8897882103919983] [-0.3589140474796295, 0.07512404024600983, -0.07674196362495422, 0.8191980123519897, 1.4005000591278076, 0.028000004589557648, -1.274712085723877, -1.2272419929504395]
[0.45813247561454773, -0.10110495984554291, 0.27807119488716125] [0.043856263160705566, -0.005880195647478104, 0.40366125106811523, 1.1089937686920166, -0.13536149263381958, 0.924885094165802] [-0.3681180477142334, 0.10580404102802277, -0.0629359632730484, 0.8161299824714661, 1.4005000591278076, 0.028000004589557648, -1.2777800559997559, -1.228775978088379]
[0.45813247561454773, -0.10110495984554291, 0.27807119488716125] [0.0415818952023983, -0.0015502928290516138, 0.4044308364391327, 1.1154567003250122, -0.14092206954956055, 0.9524796009063721] [-0.3711860477924347, 0.1364840418100357, -0.04759596288204193, 0.8130619525909424, 1.3989660739898682, 0.028000004589557648, -1.2777800559997559, -1.228775978088379]
[0.45813247561454773, -0.10110495984554291, 0.27807119488716125] [0.03802362084388733, 0.004807043820619583, 0.4050375521183014, 1.1156619787216187, -0.14332574605941772, 0.9901724457740784] [-0.374254047870636, 0.1686980426311493, -0.04299396276473999, 0.8099939823150635, 1.4005000591278076, 0.028000004589557648, -1.2777800559997559, -1.228775978088379]
[0.45813247561454773, -0.10110495984554291, 0.27807119488716125] [0.035923659801483154, 0.008867958560585976, 0.4042873978614807, 1.1105966567993164, -0.13777472078800201, 1.0110292434692383] [-0.374254047870636, 0.19937804341316223, -0.04299396276473999, 0.7992559671401978, 1.3989660739898682, 0.028000004589557648, -1.2793140411376953, -1.2303099632263184]
[0.45813247561454773, -0.10110495984554291, 0.27807119488716125] [0.032454341650009155, 0.015217185020446777, 0.4030097723007202, 1.1072014570236206, -0.1289939135313034, 1.043735146522522] [-0.374254047870636, 0.2530680298805237, -0.04299396276473999, 0.7931199669837952, 1.3989660739898682, 0.028000004589557648, -1.2823820114135742, -1.2333779335021973]
[0.45813247561454773, -0.10110495984554291, 0.27807119488716125] [0.027417277917265892, 0.022939547896385193, 0.4007565379142761, 1.100792646408081, -0.11458682268857956, 1.0925512313842773] [-0.374254047870636, 0.2960200309753418, -0.04299396276473999, 0.7931199669837952, 1.4005000591278076, 0.028000004589557648, -1.2823820114135742, -1.2333779335021973]
[0.45813247561454773, -0.10110495984554291, 0.27807119488716125] [0.024527017027139664, 0.026897944509983063, 0.39955589175224304, 1.0999841690063477, -0.10678437352180481, 1.118884563446045] [-0.374254047870636, 0.3251660466194153, -0.04299396276473999, 0.7931199669837952, 1.3989660739898682, 0.028000004589557648, -1.2839161157608032, -1.2333779335021973]
[0.45813247561454773, -0.10110495984554291, 0.27807119488716125] [0.024694425985217094, 0.026936093345284462, 0.3993435800075531, 1.0993623733520508, -0.10532239824533463, 1.118537425994873] [-0.374254047870636, 0.33130204677581787, -0.046061962842941284, 0.788517951965332, 1.3989660739898682, 0.028000004589557648, -1.2854501008987427, -1.2333779335021973]
[0.45813247561454773, -0.10110495984554291, 0.27807119488716125] [0.026470491662621498, 0.02629151940345764, 0.3989737927913666, 1.0948774814605713, -0.10399586707353592, 1.103547215461731] [-0.374254047870636, 0.3297680616378784, -0.05219796299934387, 0.7716439962387085, 1.3989660739898682, 0.028000004589557648, -1.2854501008987427, -1.2333779335021973]
[0.45813247561454773, -0.10110495984554291, 0.27807119488716125] [0.02798561565577984, 0.02579239010810852, 0.39899417757987976, 1.0932657718658447, -0.10421889275312424, 1.0907938480377197] [-0.374254047870636, 0.3297680616378784, -0.05986796319484711, 0.7639739513397217, 1.3989660739898682, 0.028000004589557648, -1.2839161157608032, -1.2333779335021973]
[0.45813247561454773, -0.10110495984554291, 0.27807119488716125] [0.029447806999087334, 0.025208981707692146, 0.3980967700481415, 1.078173279762268, -0.09623663872480392, 1.076766848564148] [-0.37578803300857544, 0.33130204677581787, -0.07980996370315552, 0.7532359957695007, 1.3974320888519287, 0.028000004589557648, -1.2854501008987427, -1.2333779335021973]
[0.45813247561454773, -0.10110495984554291, 0.27807119488716125] [0.030969666317105293, 0.024664871394634247, 0.3960251808166504, 1.059568166732788, -0.0801905021071434, 1.0647660493850708] [-0.37578803300857544, 0.3297680616378784, -0.10742195695638657, 0.750167965888977, 1.3974320888519287, 0.028000004589557648, -1.2854501008987427, -1.2333779335021973]
[0.45813247561454773, -0.10110495984554291, 0.27807119488716125] [0.031232604756951332, 0.02458474040031433, 0.39526045322418213, 1.0529766082763672, -0.07420700043439865, 1.0626699924468994] [-0.37578803300857544, 0.33130204677581787, -0.11355795711278915, 0.750167965888977, 1.3974320888519287, 0.028000004589557648, -1.2854501008987427, -1.2333779335021973]
[0.45813247561454773, -0.10110495984554291, 0.27807119488716125] [0.031523674726486206, 0.024506382644176483, 0.3950006067752838, 1.0529332160949707, -0.07293601334095001, 1.0622128248214722] [-0.37578803300857544, 0.33130204677581787, -0.1150919571518898, 0.750167965888977, 1.3974320888519287, 0.028000004589557648, -1.2869840860366821, -1.2349120378494263]
[0.45813247561454773, -0.10110495984554291, 0.27807119488716125] [0.03159672021865845, 0.02454366348683834, 0.39491504430770874, 1.0531964302062988, -0.07261261343955994, 1.0622137784957886] [-0.37578803300857544, 0.33130204677581787, -0.1150919571518898, 0.750167965888977, 1.3974320888519287, 0.028000004589557648, -1.2869840860366821, -1.2349120378494263]
[0.45813247561454773, -0.10110495984554291, 0.27807119488716125] [0.031711697578430176, 0.024310000240802765, 0.39483967423439026, 1.054106593132019, -0.07323893159627914, 1.06203293800354] [-0.37578803300857544, 0.33130204677581787, -0.11355795711278915, 0.750167965888977, 1.3974320888519287, 0.028000004589557648, -1.2869840860366821, -1.2349120378494263]
[0.45813247561454773, -0.10110495984554291, 0.27807119488716125] [0.03164747357368469, 0.024513937532901764, 0.39455997943878174, 1.0551830530166626, -0.07140523940324783, 1.0634701251983643] [-0.374254047870636, 0.33130204677581787, -0.11355795711278915, 0.750167965888977, 1.3974320888519287, 0.028000004589557648, -1.2869840860366821, -1.2349120378494263]
[0.45813247561454773, -0.10110495984554291, 0.27807119488716125] [0.03180450201034546, 0.02431006170809269, 0.39451152086257935, 1.054288625717163, -0.07145946472883224, 1.0616012811660767] [-0.374254047870636, 0.33130204677581787, -0.1150919571518898, 0.750167965888977, 1.3974320888519287, 0.028000004589557648, -1.2869840860366821, -1.2349120378494263]
[0.45813247561454773, -0.10110495984554291, 0.27807119488716125] [0.03172571212053299, 0.024263784289360046, 0.39461711049079895, 1.0554280281066895, -0.07272971421480179, 1.061918020248413] [-0.374254047870636, 0.33130204677581787, -0.11355795711278915, 0.750167965888977, 1.3974320888519287, 0.028000004589557648, -1.2869840860366821, -1.2349120378494263]
[0.45813247561454773, -0.10110495984554291, 0.27807119488716125] [0.03077809512615204, 0.024317175149917603, 0.3949686884880066, 1.0527170896530151, -0.07339513301849365, 1.0649657249450684] [-0.37272006273269653, 0.33130204677581787, -0.11355795711278915, 0.7532359957695007, 1.3974320888519287, 0.9975999593734741, -1.2839161157608032, -1.2333779335021973]
[0.45813247561454773, -0.10110495984554291, 0.27807119488716125] [0.03083738684654236, 0.024347636848688126, 0.3947444260120392, 1.0540661811828613, -0.0725506916642189, 1.0648735761642456] [-0.374254047870636, 0.33130204677581787, -0.11355795711278915, 0.7532359957695007, 1.3974320888519287, 0.9975999593734741, -1.2839161157608032, -1.2333779335021973]
[0.45813247561454773, -0.10110495984554291, 0.27807119488716125] [0.030987776815891266, 0.024351365864276886, 0.3947257101535797, 1.054483413696289, -0.07231008261442184, 1.0648432970046997] [-0.37272006273269653, 0.33130204677581787, -0.11355795711278915, 0.7532359957695007, 1.3974320888519287, 0.9975999593734741, -1.2839161157608032, -1.2333779335021973]
