[0.4124689589481096, -0.24383289044773257, 0.3075399032315692] [0.047864288091659546, -0.19130709767341614, 0.30643928050994873, 1.0167663097381592, 0.40472665429115295, -0.1447499841451645] [-0.021434038877487183, -0.8483439683914185, -0.5001260042190552, 0.770110011100769, 1.3974320888519287, 0.9975999593734741, -1.2992560863494873, -1.299340009689331]
[0.4124689589481096, -0.24383289044773257, 0.3075399032315692] [0.04795127734541893, -0.19147491455078125, 0.30617555975914, 1.0173704624176025, 0.4054563045501709, -0.14451241493225098] [-0.021434038877487183, -0.8483439683914185, -0.5001260042190552, 0.770110011100769, 1.3974320888519287, 0.9975999593734741, -1.3176640272140503, -1.3085440397262573]
[0.4124689589481096, -0.24383289044773257, 0.3075399032315692] [0.050523411482572556, -0.19173894822597504, 0.3031739294528961, 1.014437198638916, 0.4225851595401764, -0.1467859297990799] [-0.021434038877487183, -0.8483439683914185, -0.5001260042190552, 0.7685759663581848, 1.3974320888519287, 0.9975999593734741, -1.3682861328125, -1.3468940258026123]
[0.4124689589481096, -0.24383289044773257, 0.3075399032315692] [0.0545109361410141, -0.19156885147094727, 0.2976034879684448, 1.01004159450531, 0.45402541756629944, -0.1472054272890091] [-0.02296803891658783, -0.8483439683914185, -0.49859195947647095, 0.7685759663581848, 1.3974320888519287, 0.9975999593734741, -1.386694073677063, -1.3668359518051147]
[0.4124689589481096, -0.24383289044773257, 0.3075399032315692] [0.0582125261425972, -0.19166556000709534, 0.2930479943752289, 1.0078763961791992, 0.4775528013706207, -0.14957772195339203] [-0.02296803891658783, -0.846809983253479, -0.4970579743385315, 0.7685759663581848, 1.3974320888519287, 0.9975999593734741, -1.3820921182632446, -1.3653019666671753]
[0.4124689589481096, -0.24383289044773257, 0.3075399032315692] [0.059576645493507385, -0.1918955147266388, 0.2907902002334595, 1.0076699256896973, 0.4892175793647766, -0.1491786539554596] [-0.021434038877487183, -0.8483439683914185, -0.4970579743385315, 0.7685759663581848, 1.3974320888519287, 0.9975999593734741, -1.3682861328125, -1.356097936630249]
[0.4124689589481096, -0.24383289044773257, 0.3075399032315692] [0.058990828692913055, -0.19233807921409607, 0.2916185259819031, 1.0098090171813965, 0.4839603006839752, -0.1478511244058609] [-0.021434038877487183, -0.8483439683914185, -0.49859195947647095, 0.770110011100769, 1.3974320888519287, 0.9975999593734741, -1.3621500730514526, -1.3484280109405518]
[0.4124689589481096, -0.24383289044773257, 0.3075399032315692] [0.05797336623072624, -0.19224217534065247, 0.2935284972190857, 1.012476921081543, 0.47353798151016235, -0.14521746337413788] [-0.021434038877487183, -0.846809983253479, -0.49859195947647095, 0.770110011100769, 1.3974320888519287, 0.9975999593734741, -1.3590821027755737, -1.3484280109405518]
[0.4124689589481096, -0.24383289044773257, 0.3075399032315692] [0.05760790780186653, -0.19244879484176636, 0.29398825764656067, 1.0124567747116089, 0.47134336829185486, -0.14665761590003967] [-0.021434038877487183, -0.8483439683914185, -0.49859195947647095, 0.770110011100769, 1.3974320888519287, 0.9975999593734741, -1.3606160879135132, -1.3484280109405518]
[0.4124689589481096, -0.24383289044773257, 0.3075399032315692] [0.057599470019340515, -0.19205404818058014, 0.29394248127937317, 1.0121263265609741, 0.4723169803619385, -0.14385180175304413] [-0.021434038877487183, -0.8422079682350159, -0.4939899742603302, 0.770110011100769, 1.3974320888519287, 0.9975999593734741, -1.3575481176376343, -1.3453600406646729]
[0.4124689589481096, -0.24383289044773257, 0.3075399032315692] [0.05904924497008324, -0.1902376264333725, 0.29611435532569885, 1.0223064422607422, 0.4568455219268799, -0.13245393335819244] [-0.029104039072990417, -0.8376059532165527, -0.4909219741821289, 0.7685759663581848, 1.3974320888519287, 0.9975999593734741, -1.3468101024627686, -1.3315539360046387]
[0.4124689589481096, -0.24383289044773257, 0.3075399032315692] [0.058693937957286835, -0.19014178216457367, 0.29956886172294617, 1.0301876068115234, 0.4349198639392853, -0.12965263426303864] [-0.03677403926849365, -0.8376059532165527, -0.48325198888778687, 0.7685759663581848, 1.3974320888519287, 0.9975999593734741, -1.3191981315612793, -1.3039419651031494]
[0.4124689589481096, -0.24383289044773257, 0.3075399032315692] [0.05625654011964798, -0.18892404437065125, 0.30367809534072876, 1.0338692665100098, 0.41422027349472046, -0.12068279832601547] [-0.0383080393075943, -0.8314700126647949, -0.4801839590072632, 0.7777799963951111, 1.3958981037139893, 0.9975999593734741, -1.294654130935669, -1.2778639793395996]
[0.4124689589481096, -0.24383289044773257, 0.3075399032315692] [0.05401362478733063, -0.18543510138988495, 0.3077784776687622, 1.0460509061813354, 0.3950837552547455, -0.09259670227766037] [-0.03677403926849365, -0.8237999677658081, -0.47864997386932373, 0.8145959973335266, 1.3958981037139893, 0.9975999593734741, -1.2609061002731323, -1.2395139932632446]
[0.4124689589481096, -0.24383289044773257, 0.3075399032315692] [0.05050264298915863, -0.1773502230644226, 0.3114268481731415, 1.0678192377090454, 0.38331010937690735, -0.02501028962433338] [-0.0383080393075943, -0.8023239970207214, -0.47864997386932373, 0.8728879690170288, 1.3958981037139893, 0.9975999593734741, -1.2409640550613403, -1.2180379629135132]
[0.4124689589481096, -0.24383289044773257, 0.3075399032315692] [0.04484181106090546, -0.17061346769332886, 0.3149777054786682, 1.0808900594711304, 0.37022536993026733, 0.026487885043025017] [-0.03677403926849365, -0.7946540117263794, -0.47864997386932373, 0.9004999995231628, 1.3958981037139893, 0.9975999593734741, -1.2240900993347168, -1.2011640071868896]
[0.4124689589481096, -0.24383289044773257, 0.3075399032315692] [0.04190743714570999, -0.16515901684761047, 0.31776663661003113, 1.0859603881835938, 0.35909736156463623, 0.06529316306114197] [-0.0383080393075943, -0.7486339807510376, -0.4801839590072632, 0.9419180154800415, 1.3943641185760498, 0.9975999593734741, -1.2102841138839722, -1.1735520362854004]
[0.4124689589481096, -0.24383289044773257, 0.3075399032315692] [0.03901202976703644, -0.15339884161949158, 0.32179611921310425, 1.0932379961013794, 0.3422207534313202, 0.14657916128635406] [-0.03677403926849365, -0.7286919951438904, -0.47864997386932373, 0.9419180154800415, 1.3958981037139893, 0.9975999593734741, -1.2087500095367432, -1.167415976524353]
[0.4124689589481096, -0.24383289044773257, 0.3075399032315692] [0.03805141896009445, -0.14924919605255127, 0.3245854377746582, 1.0876713991165161, 0.3273515999317169, 0.16783122718334198] [-0.03677403926849365, -0.7118179798126221, -0.4801839590072632, 0.9403839707374573, 1.3943641185760498, 0.9975999593734741, -1.213352084159851, -1.170483946800232]
[0.4124689589481096, -0.24383289044773257, 0.3075399032315692] [0.038121260702610016, -0.1489051878452301, 0.32464414834976196, 1.0871672630310059, 0.32748648524284363, 0.16920380294322968] [-0.03677403926849365, -0.7102839946746826, -0.4801839590072632, 0.9403839707374573, 1.3943641185760498, 0.9975999593734741, -1.2148860692977905, -1.1735520362854004]
[0.4124689589481096, -0.24383289044773257, 0.3075399032315692] [0.04242605343461037, -0.14948739111423492, 0.3203449547290802, 1.0926530361175537, 0.35094520449638367, 0.1713666319847107] [-0.03217203915119171, -0.7102839946746826, -0.481717973947525, 0.9403839707374573, 1.3958981037139893, 0.9975999593734741, -1.221022129058838, -1.1781539916992188]
[0.4124689589481096, -0.24383289044773257, 0.3075399032315692] [0.04356583207845688, -0.14957211911678314, 0.31726524233818054, 1.090154767036438, 0.3703312873840332, 0.17208527028560638] [-0.024502038955688477, -0.7056819796562195, -0.4909219741821289, 0.9403839707374573, 1.3958981037139893, 0.9975999593734741, -1.2271580696105957, -1.1842899322509766]
[0.4124689589481096, -0.24383289044773257, 0.3075399032315692] [0.045353952795267105, -0.14614158868789673, 0.3148612380027771, 1.084250807762146, 0.3866395950317383, 0.19253309071063995] [-0.024502038955688477, -0.6719340085983276, -0.5001260042190552, 0.9403839707374573, 1.3958981037139893, 0.9975999593734741, -1.2332940101623535, -1.190425992012024]
[0.4124689589481096, -0.24383289044773257, 0.3075399032315692] [0.047202881425619125, -0.14199405908584595, 0.3140682578086853, 1.0845776796340942, 0.3917066156864166, 0.21602220833301544] [-0.024502038955688477, -0.6596620082855225, -0.5001260042190552, 0.9373160004615784, 1.3958981037139893, 0.9975999593734741, -1.2424980401992798, -1.1980960369110107]
[0.4124689589481096, -0.24383289044773257, 0.3075399032315692] [0.04868052899837494, -0.14195096492767334, 0.3122237026691437, 1.0851365327835083, 0.4011215567588806, 0.21626608073711395] [-0.024502038955688477, -0.6596620082855225, -0.5016599893569946, 0.9373160004615784, 1.3958981037139893, 0.9975999593734741, -1.2471001148223877, -1.202697992324829]
[0.4124689589481096, -0.24383289044773257, 0.3075399032315692] [0.049441926181316376, -0.14208614826202393, 0.3103806972503662, 1.0852307081222534, 0.4119184613227844, 0.21620598435401917] [-0.02296803891658783, -0.6596620082855225, -0.5047279596328735, 0.9373160004615784, 1.3943641185760498, 0.9975999593734741, -1.2486340999603271, -1.202697992324829]
[0.4124689589481096, -0.24383289044773257, 0.3075399032315692] [0.04902748763561249, -0.1421985626220703, 0.3081092834472656, 1.084234595298767, 0.4263898730278015, 0.21588663756847382] [-0.0122300386428833, -0.6596620082855225, -0.5093299746513367, 0.9357819557189941, 1.3958981037139893, 0.9975999593734741, -1.2486340999603271, -1.2042319774627686]
[0.4124689589481096, -0.24383289044773257, 0.3075399032315692] [0.0479302778840065, -0.1424829214811325, 0.3048638105392456, 1.0823463201522827, 0.4460398852825165, 0.21458320319652557] [0.00771196186542511, -0.6596620082855225, -0.5154659748077393, 0.9342479705810547, 1.3958981037139893, 0.9975999593734741, -1.2501680850982666, -1.205765962600708]
[0.4124689589481096, -0.24383289044773257, 0.3075399032315692] [0.04726547747850418, -0.14287827908992767, 0.3022361993789673, 1.0851547718048096, 0.4605362117290497, 0.21257224678993225] [0.01691596210002899, -0.6611959934234619, -0.5154659748077393, 0.9327139854431152, 1.3958981037139893, 0.9975999593734741, -1.2593721151351929, -1.2165039777755737]
[0.4124689589481096, -0.24383289044773257, 0.3075399032315692] [0.047882795333862305, -0.14290660619735718, 0.30140891671180725, 1.0855013132095337, 0.46616706252098083, 0.21118856966495514] [0.01691596210002899, -0.6611959934234619, -0.5154659748077393, 0.9327139854431152, 1.3958981037139893, 0.9975999593734741, -1.2869840860366821, -1.245650053024292]
[0.4124689589481096, -0.24383289044773257, 0.3075399032315692] [0.050532855093479156, -0.1428597867488861, 0.2982576787471771, 1.0930002927780151, 0.4814184904098511, 0.21304166316986084] [0.01691596210002899, -0.6611959934234619, -0.5047279596328735, 0.9311800003051758, 1.3958981037139893, 0.9975999593734741, -1.3176640272140503, -1.2747960090637207]
[0.4124689589481096, -0.24383289044773257, 0.3075399032315692] [0.05557026341557503, -0.14256949722766876, 0.29137590527534485, 1.1108742952346802, 0.513507604598999, 0.22239896655082703] [0.015381962060928345, -0.6611959934234619, -0.5031939744949341, 0.9327139854431152, 1.3958981037139893, 0.9975999593734741, -1.3222661018371582, -1.2778639793395996]
[0.4124689589481096, -0.24383289044773257, 0.3075399032315692] [0.05629342794418335, -0.1426495611667633, 0.29072725772857666, 1.1120656728744507, 0.5168110132217407, 0.22145234048366547] [0.015381962060928345, -0.6611959934234619, -0.5016599893569946, 0.9311800003051758, 1.3958981037139893, 0.9975999593734741, -1.3222661018371582, -1.2778639793395996]
[0.4124689589481096, -0.24383289044773257, 0.3075399032315692] [0.05641189217567444, -0.14259932935237885, 0.2905530631542206, 1.113634705543518, 0.516671895980835, 0.22210587561130524] [0.015381962060928345, -0.6627299785614014, -0.49859195947647095, 0.9311800003051758, 1.3958981037139893, 0.9975999593734741, -1.3222661018371582, -1.2778639793395996]
[0.4124689589481096, -0.24383289044773257, 0.3075399032315692] [0.05645599588751793, -0.14241474866867065, 0.2905440330505371, 1.1159473657608032, 0.5161647796630859, 0.2243785262107849] [0.015381962060928345, -0.6611959934234619, -0.49859195947647095, 0.9311800003051758, 1.3958981037139893, 0.9975999593734741, -1.3222661018371582, -1.279397964477539]
[0.4124689589481096, -0.24383289044773257, 0.3075399032315692] [0.056649334728717804, -0.1424630582332611, 0.29067695140838623, 1.1146807670593262, 0.5159026980400085, 0.22280949354171753] [0.015381962060928345, -0.6611959934234619, -0.49859195947647095, 0.9311800003051758, 1.3958981037139893, 0.9975999593734741, -1.3222661018371582, -1.279397964477539]
[0.4124689589481096, -0.24383289044773257, 0.3075399032315692] [0.056516390293836594, -0.14229121804237366, 0.2906840145587921, 1.1152645349502563, 0.516152560710907, 0.22435998916625977] [0.015381962060928345, -0.6611959934234619, -0.49859195947647095, 0.9327139854431152, 1.3958981037139893, 0.9975999593734741, -1.3222661018371582, -1.279397964477539]
[0.4124689589481096, -0.24383289044773257, 0.3075399032315692] [0.05652058497071266, -0.14239072799682617, 0.29056376218795776, 1.1157859563827515, 0.5164089798927307, 0.2243196815252304] [0.015381962060928345, -0.6611959934234619, -0.4970579743385315, 0.9327139854431152, 1.3958981037139893, 0.9975999593734741, -1.3222661018371582, -1.279397964477539]
[0.4124689589481096, -0.24383289044773257, 0.3075399032315692] [0.056504566222429276, -0.14244091510772705, 0.2904905378818512, 1.116058588027954, 0.5165588855743408, 0.22430190443992615] [0.015381962060928345, -0.6611959934234619, -0.4970579743385315, 0.9327139854431152, 1.3958981037139893, 0.9975999593734741, -1.3222661018371582, -1.279397964477539]
[0.4124689589481096, -0.24383289044773257, 0.3075399032315692] [0.05667693540453911, -0.14262312650680542, 0.2905714809894562, 1.116758108139038, 0.5150468945503235, 0.2231747806072235] [0.015381962060928345, -0.6627299785614014, -0.4970579743385315, 0.9311800003051758, 1.3958981037139893, 0.9975999593734741, -1.3222661018371582, -1.2778639793395996]
[0.4124689589481096, -0.24383289044773257, 0.3075399032315692] [0.05638950318098068, -0.1426064670085907, 0.2907668650150299, 1.116349458694458, 0.5149014592170715, 0.22280284762382507] [0.015381962060928345, -0.6627299785614014, -0.49859195947647095, 0.9327139854431152, 1.3958981037139893, 0.9975999593734741, -1.3222661018371582, -1.279397964477539]
[0.4124689589481096, -0.24383289044773257, 0.3075399032315692] [0.05648345500230789, -0.1423315703868866, 0.29082629084587097, 1.116719126701355, 0.5143924355506897, 0.22467651963233948] [0.015381962060928345, -0.6627299785614014, -0.4970579743385315, 0.9327139854431152, 1.3958981037139893, 0.9975999593734741, -1.3222661018371582, -1.279397964477539]
[0.4124689589481096, -0.24383289044773257, 0.3075399032315692] [0.05647394433617592, -0.14242281019687653, 0.2906704246997833, 1.1172316074371338, 0.5146806240081787, 0.22470921277999878] [0.015381962060928345, -0.6627299785614014, -0.4970579743385315, 0.9327139854431152, 1.3958981037139893, 0.9975999593734741, -1.3207321166992188, -1.279397964477539]
[0.4124689589481096, -0.24383289044773257, 0.3075399032315692] [0.05647854506969452, -0.14255400002002716, 0.29086825251579285, 1.1160473823547363, 0.5136303901672363, 0.22282177209854126] [0.015381962060928345, -0.6627299785614014, -0.4970579743385315, 0.9327139854431152, 1.3958981037139893, 0.9975999593734741, -1.3207321166992188, -1.279397964477539]
[0.4124689589481096, -0.24383289044773257, 0.3075399032315692] [0.05655035376548767, -0.14246070384979248, 0.2907542288303375, 1.118888258934021, 0.5132774114608765, 0.2254091203212738] [0.015381962060928345, -0.6627299785614014, -0.4939899742603302, 0.9311800003051758, 1.3958981037139893, 0.9975999593734741, -1.3222661018371582, -1.279397964477539]
[0.4124689589481096, -0.24383289044773257, 0.3075399032315692] [0.05679350718855858, -0.1426558494567871, 0.29125699400901794, 1.1222660541534424, 0.5083128809928894, 0.22353236377239227] [0.015381962060928345, -0.6611959934234619, -0.48938798904418945, 0.9327139854431152, 1.3943641185760498, 0.9975999593734741, -1.3207321166992188, -1.279397964477539]
[0.4124689589481096, -0.24383289044773257, 0.3075399032315692] [0.05669182166457176, -0.14217999577522278, 0.29139798879623413, 1.1227470636367798, 0.5080603361129761, 0.22659584879875183] [0.015381962060928345, -0.6627299785614014, -0.48938798904418945, 0.9327139854431152, 1.3958981037139893, 0.9975999593734741, -1.3207321166992188, -1.279397964477539]
[0.4124689589481096, -0.24383289044773257, 0.3075399032315692] [0.05391246825456619, -0.13852503895759583, 0.3137267529964447, 1.1899752616882324, 0.35012874007225037, 0.23774872720241547] [0.001575961709022522, -0.6642639636993408, -0.3467259705066681, 0.9281119704246521, 1.3958981037139893, 0.03760000318288803, -1.2808480262756348, -1.2395139932632446]
[0.4124689589481096, -0.24383289044773257, 0.3075399032315692] [0.05357104912400246, -0.137728750705719, 0.3182084858417511, 1.2038567066192627, 0.31880003213882446, 0.24106691777706146] [-0.006094038486480713, -0.6642639636993408, -0.3237159848213196, 0.9281119704246521, 1.3958981037139893, 0.03760000318288803, -1.271644115447998, -1.228775978088379]
[0.4124689589481096, -0.24383289044773257, 0.3075399032315692] [0.053328756242990494, -0.13715876638889313, 0.3271002173423767, 1.2067241668701172, 0.2648840844631195, 0.2413070797920227] [-0.03370603919029236, -0.6642639636993408, -0.3145119547843933, 0.9296460151672363, 1.3958981037139893, 0.03760000318288803, -1.2670420408248901, -1.222640037536621]
[0.4124689589481096, -0.24383289044773257, 0.3075399032315692] [0.05335920676589012, -0.13710394501686096, 0.3325772285461426, 1.2029471397399902, 0.23368887603282928, 0.2403351366519928] [-0.061318039894104004, -0.6627299785614014, -0.30990996956825256, 0.9281119704246521, 1.3958981037139893, 0.03760000318288803, -1.2655080556869507, -1.2211060523986816]
[0.4124689589481096, -0.24383289044773257, 0.3075399032315692] [0.054216936230659485, -0.13657166063785553, 0.34641289710998535, 1.1883723735809326, 0.15698476135730743, 0.23923321068286896] [-0.13034804165363312, -0.6627299785614014, -0.3053079843521118, 0.9281119704246521, 1.3958981037139893, 0.03760000318288803, -1.2655080556869507, -1.2211060523986816]
[0.4124689589481096, -0.24383289044773257, 0.3075399032315692] [0.05460599064826965, -0.13659630715847015, 0.35312971472740173, 1.1795117855072021, 0.1206752136349678, 0.2379886656999588] [-0.165630042552948, -0.6627299785614014, -0.30377396941185, 0.9281119704246521, 1.3958981037139893, 0.03760000318288803, -1.2670420408248901, -1.2211060523986816]
[0.4124689589481096, -0.24383289044773257, 0.3075399032315692] [0.05476018041372299, -0.13622984290122986, 0.3629021644592285, 1.1661471128463745, 0.06804218888282776, 0.23822511732578278] [-0.22852404415607452, -0.6611959934234619, -0.30377396941185, 0.9281119704246521, 1.3958981037139893, 0.03760000318288803, -1.2670420408248901, -1.2180379629135132]
[0.4124689589481096, -0.24383289044773257, 0.3075399032315692] [0.0544174462556839, -0.13600707054138184, 0.3716854155063629, 1.1556626558303833, 0.019959600642323494, 0.2394828051328659] [-0.2638060450553894, -0.6596620082855225, -0.30377396941185, 0.9281119704246521, 1.3958981037139893, 0.03760000318288803, -1.2655080556869507, -1.2195719480514526]
[0.4124689589481096, -0.24383289044773257, 0.3075399032315692] [0.05430347099900246, -0.135746031999588, 0.3758103847503662, 1.1499398946762085, -0.00200398126617074, 0.2409093677997589] [-0.29448604583740234, -0.6519919633865356, -0.30377396941185, 0.9281119704246521, 1.3958981037139893, 0.03760000318288803, -1.2655080556869507, -1.2180379629135132]
[0.4124689589481096, -0.24383289044773257, 0.3075399032315692] [0.05497805401682854, -0.12146072834730148, 0.39043402671813965, 1.1066803932189941, -0.0698854848742485, 0.3189147114753723] [-0.3619820475578308, -0.5568839907646179, -0.30377396941185, 0.9281119704246521, 1.3958981037139893, 0.03760000318288803, -1.2655080556869507, -1.2180379629135132]
[0.4124689589481096, -0.24383289044773257, 0.3075399032315692] [0.05461860075592995, -0.11272971332073212, 0.39707303047180176, 1.0793638229370117, -0.09743279963731766, 0.3673746883869171] [-0.4049340486526489, -0.5185339450836182, -0.30377396941185, 0.9281119704246521, 1.3958981037139893, 0.03760000318288803, -1.2655080556869507, -1.2180379629135132]
[0.4124689589481096, -0.24383289044773257, 0.3075399032315692] [0.05390416085720062, -0.10718358308076859, 0.40222492814064026, 1.0582867860794067, -0.11901327967643738, 0.3981707990169525] [-0.4294780492782593, -0.4878539741039276, -0.30223995447158813, 0.9281119704246521, 1.3958981037139893, 0.03760000318288803, -1.2655080556869507, -1.2180379629135132]
[0.4124689589481096, -0.24383289044773257, 0.3075399032315692] [0.05230020731687546, -0.09859511256217957, 0.4100787043571472, 1.0254325866699219, -0.15188367664813995, 0.4458397924900055] [-0.46476006507873535, -0.44336795806884766, -0.3007059693336487, 0.9281119704246521, 1.3958981037139893, 0.03760000318288803, -1.2655080556869507, -1.2180379629135132]
[0.4124689589481096, -0.24383289044773257, 0.3075399032315692] [0.05137818306684494, -0.09188196063041687, 0.4131518006324768, 1.0044528245925903, -0.16101965308189392, 0.48298490047454834] [-0.4831680655479431, -0.4126879572868347, -0.2976379692554474, 0.9281119704246521, 1.3958981037139893, 0.03760000318288803, -1.2655080556869507, -1.2180379629135132]
[0.4124689589481096, -0.24383289044773257, 0.3075399032315692] [0.04995260387659073, -0.0844995379447937, 0.41645631194114685, 0.9867285490036011, -0.17285041511058807, 0.5254329442977905] [-0.49697405099868774, -0.363599956035614, -0.2776959538459778, 0.9250440001487732, 1.3958981037139893, 0.03760000318288803, -1.2670420408248901, -1.2180379629135132]
[0.4124689589481096, -0.24383289044773257, 0.3075399032315692] [0.04854585975408554, -0.07909208536148071, 0.4199010133743286, 0.9829633831977844, -0.1909652054309845, 0.5570623278617859] [-0.5077120661735535, -0.3283179700374603, -0.24854996800422668, 0.9173740148544312, 1.3958981037139893, 0.03760000318288803, -1.2670420408248901, -1.2180379629135132]
[0.4124689589481096, -0.24383289044773257, 0.3075399032315692] [0.04685429856181145, -0.07198220491409302, 0.424114465713501, 0.9825331568717957, -0.21493902802467346, 0.5969570875167847] [-0.5123140811920166, -0.2976379692554474, -0.22860796749591827, 0.9143059849739075, 1.3958981037139893, 0.03760000318288803, -1.2670420408248901, -1.2180379629135132]
[0.4124689589481096, -0.24383289044773257, 0.3075399032315692] [0.045169997960329056, -0.06431342661380768, 0.42504358291625977, 0.9789705276489258, -0.21791353821754456, 0.641887366771698] [-0.5123140811920166, -0.2562199831008911, -0.20866596698760986, 0.9097039699554443, 1.3958981037139893, 0.03760000318288803, -1.2701101303100586, -1.2195719480514526]
[0.4124689589481096, -0.24383289044773257, 0.3075399032315692] [0.04367384314537048, -0.056446854025125504, 0.42578256130218506, 0.970599889755249, -0.2174544334411621, 0.6852514147758484] [-0.5107800364494324, -0.2132679671049118, -0.20099596679210663, 0.9066359996795654, 1.3958981037139893, 0.03760000318288803, -1.271644115447998, -1.2180379629135132]
[0.4124689589481096, -0.24383289044773257, 0.3075399032315692] [0.043605219572782516, -0.047480259090662, 0.4242452085018158, 0.961705207824707, -0.20335786044597626, 0.734218955039978] [-0.5107800364494324, -0.15497596561908722, -0.1933259665966034, 0.9035679697990417, 1.3958981037139893, 0.03760000318288803, -1.2762460708618164, -1.2211060523986816]
[0.4124689589481096, -0.24383289044773257, 0.3075399032315692] [0.047555871307849884, -0.03511745482683182, 0.41876453161239624, 0.9574450850486755, -0.17010916769504547, 0.795554518699646] [-0.5107800364494324, -0.08747996389865875, -0.19179196655750275, 0.8882279992103577, 1.3958981037139893, 0.03760000318288803, -1.2777800559997559, -1.2211060523986816]
[0.4124689589481096, -0.24383289044773257, 0.3075399032315692] [0.04627964273095131, -0.028306633234024048, 0.41781914234161377, 0.9493169784545898, -0.1610586792230606, 0.8287681937217712] [-0.5123140811920166, -0.03839196264743805, -0.18872396647930145, 0.885159969329834, 1.3958981037139893, 0.03800000250339508, -1.2777800559997559, -1.2211060523986816]
[0.4124689589481096, -0.24383289044773257, 0.3075399032315692] [0.0429210402071476, -0.018851453438401222, 0.4162358343601227, 0.9328423142433167, -0.14360511302947998, 0.8797264099121094] [-0.5107800364494324, 0.006094038486480713, -0.18872396647930145, 0.885159969329834, 1.3958981037139893, 0.03760000318288803, -1.2777800559997559, -1.2211060523986816]
[0.4124689589481096, -0.24383289044773257, 0.3075399032315692] [0.04078377038240433, -0.013941464014351368, 0.41510146856307983, 0.9268183708190918, -0.13382647931575775, 0.9075261950492859] [-0.5107800364494324, 0.045978039503097534, -0.18872396647930145, 0.8805580139160156, 1.3958981037139893, 0.03760000318288803, -1.2793140411376953, -1.222640037536621]
[0.4124689589481096, -0.24383289044773257, 0.3075399032315692] [0.038716189563274384, -0.008281017653644085, 0.41377249360084534, 0.9176458716392517, -0.1222739964723587, 0.9358707070350647] [-0.5107800364494324, 0.10273604094982147, -0.18872396647930145, 0.8713539838790894, 1.3958981037139893, 0.03760000318288803, -1.2839161157608032, -1.2272419929504395]
[0.4124689589481096, -0.24383289044773257, 0.3075399032315692] [0.0356452539563179, 0.0014173915842548013, 0.41166192293167114, 0.9072068929672241, -0.10744880884885788, 0.9798235893249512] [-0.5107800364494324, 0.14415404200553894, -0.18872396647930145, 0.846809983253479, 1.3958981037139893, 0.03760000318288803, -1.2869840860366821, -1.2303099632263184]
[0.4124689589481096, -0.24383289044773257, 0.3075399032315692] [0.03577548265457153, 0.006287477910518646, 0.4119132161140442, 0.9049577713012695, -0.11263197660446167, 0.9839412569999695] [-0.5092460513114929, 0.1855720430612564, -0.18105396628379822, 0.8023239970207214, 1.3958981037139893, 0.03760000318288803, -1.2869840860366821, -1.2303099632263184]
[0.4124689589481096, -0.24383289044773257, 0.3075399032315692] [0.034149784594774246, 0.012284169904887676, 0.4116455912590027, 0.9139680862426758, -0.11683695018291473, 1.002681851387024] [-0.5046440362930298, 0.23312604427337646, -0.1672479659318924, 0.7747119665145874, 1.3958981037139893, 0.03760000318288803, -1.290052056312561, -1.2333779335021973]
[0.4124689589481096, -0.24383289044773257, 0.3075399032315692] [0.03320067748427391, 0.01585547812283039, 0.41029930114746094, 0.9194816946983337, -0.11364784091711044, 1.0155222415924072] [-0.4985080361366272, 0.26227205991744995, -0.16264596581459045, 0.7593719959259033, 1.3974320888519287, 0.03760000318288803, -1.2961881160736084, -1.241047978401184]
[0.4124689589481096, -0.24383289044773257, 0.3075399032315692] [0.030361320823431015, 0.023709850385785103, 0.4100644588470459, 0.9359204173088074, -0.12025663256645203, 1.0502440929412842] [-0.4985080361366272, 0.3328360319137573, -0.12736396491527557, 0.7302259802818298, 1.3958981037139893, 0.03760000318288803, -1.3023240566253662, -1.245650053024292]
[0.4124689589481096, -0.24383289044773257, 0.3075399032315692] [0.03141241893172264, 0.023460490629076958, 0.41102859377861023, 0.952631413936615, -0.13196291029453278, 1.047729730606079] [-0.4985080361366272, 0.33437004685401917, -0.1150919571518898, 0.7240899801254272, 1.3958981037139893, 0.03760000318288803, -1.3053920269012451, -1.248718023300171]
[0.4124689589481096, -0.24383289044773257, 0.3075399032315692] [0.032506171613931656, 0.023236025124788284, 0.41111767292022705, 0.966291606426239, -0.13700923323631287, 1.0454492568969727] [-0.49697405099868774, 0.33437004685401917, -0.11355795711278915, 0.7240899801254272, 1.3974320888519287, 0.03760000318288803, -1.3115280866622925, -1.2533199787139893]
[0.4124689589481096, -0.24383289044773257, 0.3075399032315692] [0.03351723030209541, 0.023339759558439255, 0.4097437858581543, 0.9692580103874207, -0.13078881800174713, 1.0466805696487427] [-0.49390605092048645, 0.335904061794281, -0.12582996487617493, 0.7271579504013062, 1.3958981037139893, 0.03760000318288803, -1.3176640272140503, -1.260990023612976]
[0.4124689589481096, -0.24383289044773257, 0.3075399032315692] [0.03230786323547363, 0.023824449628591537, 0.4088277816772461, 0.9551644921302795, -0.11957269161939621, 1.0469049215316772] [-0.49697405099868774, 0.335904061794281, -0.12889796495437622, 0.7440319657325745, 1.3958981037139893, 0.03760000318288803, -1.3238000869750977, -1.264057993888855]
[0.4124689589481096, -0.24383289044773257, 0.3075399032315692] [0.028836876153945923, 0.024938248097896576, 0.4092990458011627, 0.945347011089325, -0.11576581001281738, 1.0602521896362305] [-0.49697405099868774, 0.335904061794281, -0.12889796495437622, 0.7486339807510376, 1.3958981037139893, 0.03760000318288803, -1.3268680572509766, -1.2671259641647339]
[0.4124689589481096, -0.24383289044773257, 0.3075399032315692] [0.0274343378841877, 0.025436727330088615, 0.409056156873703, 0.9436087608337402, -0.11241704225540161, 1.0672917366027832] [-0.49697405099868774, 0.335904061794281, -0.12889796495437622, 0.7532359957695007, 1.3958981037139893, 0.03760000318288803, -1.3268680572509766, -1.2671259641647339]
[0.4124689589481096, -0.24383289044773257, 0.3075399032315692] [0.027122676372528076, 0.025706307962536812, 0.40888512134552, 0.9432487487792969, -0.11066912114620209, 1.070074200630188] [-0.49697405099868774, 0.335904061794281, -0.12889796495437622, 0.7547699809074402, 1.3958981037139893, 0.03760000318288803, -1.3268680572509766, -1.2671259641647339]
[0.4124689589481096, -0.24383289044773257, 0.3075399032315692] [0.027390552684664726, 0.025568481534719467, 0.4086233079433441, 0.9454784989356995, -0.11002343147993088, 1.069778323173523] [-0.4954400658607483, 0.33743804693222046, -0.12889796495437622, 0.7547699809074402, 1.3958981037139893, 0.03760000318288803, -1.3268680572509766, -1.2671259641647339]
[0.4124689589481096, -0.24383289044773257, 0.3075399032315692] [0.027232706546783447, 0.025607872754335403, 0.40866386890411377, 0.9449642300605774, -0.11014118790626526, 1.0698449611663818] [-0.4954400658607483, 0.335904061794281, -0.12889796495437622, 0.7547699809074402, 1.3958981037139893, 0.03760000318288803, -1.3268680572509766, -1.2671259641647339]
[0.4124689589481096, -0.24383289044773257, 0.3075399032315692] [0.027314510196447372, 0.025569209828972816, 0.40867120027542114, 0.9452039003372192, -0.11018635332584381, 1.0698013305664062] [-0.4954400658607483, 0.335904061794281, -0.12889796495437622, 0.7547699809074402, 1.3958981037139893, 0.03760000318288803, -1.3268680572509766, -1.2671259641647339]
[0.4124689589481096, -0.24383289044773257, 0.3075399032315692] [0.02733956091105938, 0.02558242902159691, 0.40866315364837646, 0.945248007774353, -0.11005715280771255, 1.0698195695877075] [-0.4954400658607483, 0.335904061794281, -0.12889796495437622, 0.7547699809074402, 1.3958981037139893, 0.03760000318288803, -1.3268680572509766, -1.2671259641647339]
[0.4124689589481096, -0.24383289044773257, 0.3075399032315692] [0.027195170521736145, 0.025741754099726677, 0.40864741802215576, 0.944728434085846, -0.10986752808094025, 1.069863200187683] [-0.4954400658607483, 0.335904061794281, -0.12889796495437622, 0.7547699809074402, 1.3958981037139893, 0.03760000318288803, -1.325334072113037, -1.2671259641647339]
[0.4124689589481096, -0.24383289044773257, 0.3075399032315692] [0.026876743882894516, 0.025485726073384285, 0.4085842967033386, 0.9452038407325745, -0.11076690256595612, 1.0696877241134644] [-0.4954400658607483, 0.335904061794281, -0.12889796495437622, 0.7547699809074402, 1.3958981037139893, 0.9975999593734741, -1.325334072113037, -1.2686599493026733]
[0.4124689589481096, -0.24383289044773257, 0.3075399032315692] [0.02684406191110611, 0.025390051305294037, 0.40861961245536804, 0.9467538595199585, -0.11109316349029541, 1.0696817636489868] [-0.4954400658607483, 0.335904061794281, -0.12889796495437622, 0.7547699809074402, 1.3958981037139893, 0.9975999593734741, -1.3238000869750977, -1.2686599493026733]
[0.4124689589481096, -0.24383289044773257, 0.3075399032315692] [0.026706423610448837, 0.025509098544716835, 0.40887466073036194, 0.9449843764305115, -0.1116713136434555, 1.0698814392089844] [-0.4954400658607483, 0.335904061794281, -0.12889796495437622, 0.7547699809074402, 1.3958981037139893, 0.9975999593734741, -1.325334072113037, -1.2686599493026733]
