[0.3136817216873169, 0.03076937422156334, 0.20124998688697815] [0.05147974565625191, -0.17461684346199036, 0.29989108443260193, 1.162293553352356, 0.41676270961761475, -0.02002761885523796] [0.08747996389865875, -0.7992559671401978, -0.3313859701156616, 0.8099939823150635, 1.3974320888519287, 0.9975999593734741, -1.2992560863494873, -1.3008739948272705]
[0.3136817216873169, 0.03076937422156334, 0.20124998688697815] [0.05174228176474571, -0.1743105798959732, 0.2997804582118988, 1.1623975038528442, 0.4176713526248932, -0.018485641106963158] [0.08747996389865875, -0.7992559671401978, -0.3313859701156616, 0.8099939823150635, 1.3974320888519287, 0.9975999593734741, -1.3437421321868896, -1.317747950553894]
[0.3136817216873169, 0.03076937422156334, 0.20124998688697815] [0.055011872202157974, -0.17439138889312744, 0.29500365257263184, 1.1624658107757568, 0.44382569193840027, -0.018403299152851105] [0.08747996389865875, -0.7992559671401978, -0.31911396980285645, 0.808459997177124, 1.3958981037139893, 0.9975999593734741, -1.3728880882263184, -1.3468940258026123]
[0.3136817216873169, 0.03076937422156334, 0.20124998688697815] [0.06059093028306961, -0.17422965168952942, 0.28924837708473206, 1.1705869436264038, 0.47100988030433655, -0.01885310932993889] [0.08441196382045746, -0.7992559671401978, -0.31297796964645386, 0.8069260120391846, 1.3958981037139893, 0.9975999593734741, -1.4005000591278076, -1.3668359518051147]
[0.3136817216873169, 0.03076937422156334, 0.20124998688697815] [0.06394151598215103, -0.17412486672401428, 0.285580039024353, 1.1766914129257202, 0.4880087971687317, -0.016854239627718925] [0.08441196382045746, -0.7992559671401978, -0.30684196949005127, 0.808459997177124, 1.3958981037139893, 0.9975999593734741, -1.405102014541626, -1.3668359518051147]
[0.3136817216873169, 0.03076937422156334, 0.20124998688697815] [0.06519990414381027, -0.17417828738689423, 0.2836917042732239, 1.177078127861023, 0.4979000985622406, -0.01624789834022522] [0.08441196382045746, -0.7992559671401978, -0.30684196949005127, 0.808459997177124, 1.3958981037139893, 0.9975999593734741, -1.4035680294036865, -1.3653019666671753]
[0.3136817216873169, 0.03076937422156334, 0.20124998688697815] [0.06598055362701416, -0.17454451322555542, 0.28242555260658264, 1.1792192459106445, 0.5033391118049622, -0.015177945606410503] [0.08441196382045746, -0.7992559671401978, -0.3053079843521118, 0.808459997177124, 1.3958981037139893, 0.9975999593734741, -1.4035680294036865, -1.3653019666671753]
[0.3136817216873169, 0.03076937422156334, 0.20124998688697815] [0.06616735458374023, -0.17465125024318695, 0.2821615934371948, 1.179766058921814, 0.5045022368431091, -0.014877432957291603] [0.08441196382045746, -0.7992559671401978, -0.30684196949005127, 0.808459997177124, 1.3958981037139893, 0.9975999593734741, -1.4035680294036865, -1.3653019666671753]
[0.3136817216873169, 0.03076937422156334, 0.20124998688697815] [0.06619308143854141, -0.17469416558742523, 0.2820488214492798, 1.1801509857177734, 0.5048103928565979, -0.01478612795472145] [0.08441196382045746, -0.7992559671401978, -0.30684196949005127, 0.808459997177124, 1.3958981037139893, 0.9975999593734741, -1.405102014541626, -1.3653019666671753]
[0.3136817216873169, 0.03076937422156334, 0.20124998688697815] [0.06620150059461594, -0.17470820248126984, 0.28201186656951904, 1.1802771091461182, 0.5049113035202026, -0.014756186865270138] [0.08441196382045746, -0.7992559671401978, -0.30684196949005127, 0.808459997177124, 1.3958981037139893, 0.9975999593734741, -1.4035680294036865, -1.3653019666671753]
[0.3136817216873169, 0.03076937422156334, 0.20124998688697815] [0.06612345576286316, -0.1747095286846161, 0.2819867432117462, 1.1803091764450073, 0.5046281814575195, -0.014751283451914787] [0.08441196382045746, -0.7992559671401978, -0.30684196949005127, 0.808459997177124, 1.3958981037139893, 0.9975999593734741, -1.4035680294036865, -1.3653019666671753]
[0.3136817216873169, 0.03076937422156334, 0.20124998688697815] [0.06606093049049377, -0.17473268508911133, 0.28204935789108276, 1.1802746057510376, 0.5042812824249268, -0.014907622709870338] [0.08441196382045746, -0.7992559671401978, -0.30684196949005127, 0.808459997177124, 1.3958981037139893, 0.9975999593734741, -1.405102014541626, -1.3653019666671753]
[0.3136817216873169, 0.03076937422156334, 0.20124998688697815] [0.06607852876186371, -0.17468248307704926, 0.2821357548236847, 1.181495189666748, 0.5031341910362244, -0.014523624442517757] [0.08441196382045746, -0.7992559671401978, -0.30684196949005127, 0.808459997177124, 1.3958981037139893, 0.9975999593734741, -1.405102014541626, -1.3653019666671753]
[0.3136817216873169, 0.03076937422156334, 0.20124998688697815] [0.06590680778026581, -0.1747051328420639, 0.282053142786026, 1.1802985668182373, 0.5037174820899963, -0.01477422472089529] [0.08441196382045746, -0.7992559671401978, -0.30684196949005127, 0.808459997177124, 1.3958981037139893, 0.9975999593734741, -1.4035680294036865, -1.3653019666671753]
[0.3136817216873169, 0.03076937422156334, 0.20124998688697815] [0.06582753360271454, -0.17471931874752045, 0.28210508823394775, 1.1804254055023193, 0.5031837821006775, -0.01473508682101965] [0.08441196382045746, -0.7992559671401978, -0.30684196949005127, 0.808459997177124, 1.3958981037139893, 0.9975999593734741, -1.4035680294036865, -1.3653019666671753]
[0.3136817216873169, 0.03076937422156334, 0.20124998688697815] [0.06574729084968567, -0.17485857009887695, 0.28191685676574707, 1.1810734272003174, 0.503506600856781, -0.014838168397545815] [0.08441196382045746, -0.7992559671401978, -0.30684196949005127, 0.808459997177124, 1.3958981037139893, 0.9975999593734741, -1.405102014541626, -1.3653019666671753]
[0.3136817216873169, 0.03076937422156334, 0.20124998688697815] [0.06575922667980194, -0.17491431534290314, 0.2817586362361908, 1.181604266166687, 0.5038419365882874, -0.014686474576592445] [0.08441196382045746, -0.7992559671401978, -0.30684196949005127, 0.808459997177124, 1.3958981037139893, 0.9975999593734741, -1.4035680294036865, -1.3653019666671753]
[0.3136817216873169, 0.03076937422156334, 0.20124998688697815] [0.06576956063508987, -0.1747307926416397, 0.2819044589996338, 1.180773377418518, 0.5039330124855042, -0.015109590254724026] [0.08441196382045746, -0.7992559671401978, -0.30684196949005127, 0.808459997177124, 1.3958981037139893, 0.9975999593734741, -1.4035680294036865, -1.3668359518051147]
[0.3136817216873169, 0.03076937422156334, 0.20124998688697815] [0.0629778802394867, -0.17390117049217224, 0.2845531702041626, 1.1787497997283936, 0.491752564907074, -0.01492233294993639] [0.0859459638595581, -0.7992559671401978, -0.30684196949005127, 0.808459997177124, 1.3958981037139893, 0.9975999593734741, -1.405102014541626, -1.3653019666671753]
[0.3136817216873169, 0.03076937422156334, 0.20124998688697815] [0.06188834086060524, -0.17355531454086304, 0.2858695387840271, 1.1761393547058105, 0.48602718114852905, -0.015259644947946072] [0.08441196382045746, -0.7992559671401978, -0.30684196949005127, 0.808459997177124, 1.3958981037139893, 0.9975999593734741, -1.4035680294036865, -1.3653019666671753]
[0.3136817216873169, 0.03076937422156334, 0.20124998688697815] [0.06134835630655289, -0.17336151003837585, 0.2863873243331909, 1.1752870082855225, 0.48375818133354187, -0.015329753048717976] [0.08441196382045746, -0.7992559671401978, -0.30684196949005127, 0.808459997177124, 1.3958981037139893, 0.9975999593734741, -1.402034044265747, -1.3668359518051147]
[0.3136817216873169, 0.03076937422156334, 0.20124998688697815] [0.061157405376434326, -0.17332684993743896, 0.28658929467201233, 1.1753044128417969, 0.48281508684158325, -0.015282290987670422] [0.0859459638595581, -0.7992559671401978, -0.30684196949005127, 0.808459997177124, 1.3958981037139893, 0.9975999593734741, -1.402034044265747, -1.3653019666671753]
[0.3136817216873169, 0.03076937422156334, 0.20124998688697815] [0.06089382991194725, -0.17331667244434357, 0.28677791357040405, 1.1753255128860474, 0.48134347796440125, -0.015263138338923454] [0.08441196382045746, -0.7992559671401978, -0.30684196949005127, 0.808459997177124, 1.3958981037139893, 0.9975999593734741, -1.402034044265747, -1.3653019666671753]
[0.3136817216873169, 0.03076937422156334, 0.20124998688697815] [0.061683110892772675, -0.17354421317577362, 0.2859624922275543, 1.17594575881958, 0.4851074814796448, -0.015609228052198887] [0.08441196382045746, -0.7992559671401978, -0.30684196949005127, 0.808459997177124, 1.3943641185760498, 0.9975999593734741, -1.4035680294036865, -1.3653019666671753]
[0.3136817216873169, 0.03076937422156334, 0.20124998688697815] [0.06354136765003204, -0.17416958510875702, 0.28399044275283813, 1.1781692504882812, 0.4938569664955139, -0.01585695892572403] [0.08441196382045746, -0.7992559671401978, -0.30684196949005127, 0.808459997177124, 1.3943641185760498, 0.9975999593734741, -1.402034044265747, -1.3653019666671753]
[0.3136817216873169, 0.03076937422156334, 0.20124998688697815] [0.06183386966586113, -0.17365983128547668, 0.2857132852077484, 1.176472544670105, 0.485733300447464, -0.015515230596065521] [0.08441196382045746, -0.7992559671401978, -0.30684196949005127, 0.808459997177124, 1.3958981037139893, 0.9975999593734741, -1.402034044265747, -1.3653019666671753]
[0.3136817216873169, 0.03076937422156334, 0.20124998688697815] [0.060870833694934845, -0.17337556183338165, 0.28631800413131714, 1.1754684448242188, 0.4834423065185547, -0.015405025333166122] [0.0859459638595581, -0.7992559671401978, -0.30684196949005127, 0.808459997177124, 1.3958981037139893, 0.9975999593734741, -1.402034044265747, -1.3637679815292358]
[0.3136817216873169, 0.03076937422156334, 0.20124998688697815] [0.06062320992350578, -0.17335155606269836, 0.28658121824264526, 1.17551851272583, 0.4820011556148529, -0.01527380757033825] [0.0859459638595581, -0.7992559671401978, -0.30684196949005127, 0.808459997177124, 1.3958981037139893, 0.9975999593734741, -1.3974320888519287, -1.360700011253357]
[0.3136817216873169, 0.03076937422156334, 0.20124998688697815] [0.06043287739157677, -0.1730252206325531, 0.28753769397735596, 1.1757968664169312, 0.47683820128440857, -0.013633588328957558] [0.08441196382045746, -0.7977219820022583, -0.30684196949005127, 0.808459997177124, 1.3958981037139893, 0.9975999593734741, -1.3974320888519287, -1.3545639514923096]
[0.3136817216873169, 0.03076937422156334, 0.20124998688697815] [0.06065775081515312, -0.17307890951633453, 0.289752334356308, 1.1752362251281738, 0.4645702540874481, -0.014039959758520126] [0.07367396354675293, -0.7977219820022583, -0.30990996956825256, 0.808459997177124, 1.3974320888519287, 0.9975999593734741, -1.386694073677063, -1.337689995765686]
[0.3136817216873169, 0.03076937422156334, 0.20124998688697815] [0.05988139286637306, -0.16797512769699097, 0.29198530316352844, 1.186567783355713, 0.4542529582977295, 0.023918986320495605] [0.07367396354675293, -0.7747119665145874, -0.3114439845085144, 0.8268679976463318, 1.3974320888519287, 0.9975999593734741, -1.3621500730514526, -1.3070099353790283]
[0.3136817216873169, 0.03076937422156334, 0.20124998688697815] [0.05972842872142792, -0.16383576393127441, 0.2948344349861145, 1.192350149154663, 0.4374442398548126, 0.05021324381232262] [0.07213996350765228, -0.7440319657325745, -0.31297796964645386, 0.8268679976463318, 1.3974320888519287, 0.9975999593734741, -1.3437421321868896, -1.2870680093765259]
[0.3136817216873169, 0.03076937422156334, 0.20124998688697815] [0.05968999117612839, -0.1579771786928177, 0.29754945635795593, 1.1975328922271729, 0.4217630624771118, 0.08551626652479172] [0.07060596346855164, -0.668865978717804, -0.31297796964645386, 0.8299359679222107, 1.3974320888519287, 0.9975999593734741, -1.290052056312561, -1.2349120378494263]
[0.3136817216873169, 0.03076937422156334, 0.20124998688697815] [0.06200537830591202, -0.11982548236846924, 0.307221919298172, 1.2225044965744019, 0.35750582814216614, 0.30232003331184387] [0.0660039633512497, -0.41115397214889526, -0.3145119547843933, 0.8284019827842712, 1.3974320888519287, 0.9975999593734741, -1.2609061002731323, -1.208833932876587]
[0.3136817216873169, 0.03076937422156334, 0.20124998688697815] [0.06022918224334717, -0.08720535039901733, 0.3110674023628235, 1.2342090606689453, 0.3307940363883972, 0.4799448251724243] [0.06446996331214905, -0.23781196773052216, -0.3145119547843933, 0.8284019827842712, 1.3974320888519287, 0.9975999593734741, -1.2424980401992798, -1.182755947113037]
[0.3136817216873169, 0.03076937422156334, 0.20124998688697815] [0.050517164170742035, -0.05244402587413788, 0.31780385971069336, 1.2245534658432007, 0.29594430327415466, 0.6653998494148254] [0.0629359632730484, -0.14883996546268463, -0.3206479549407959, 0.8284019827842712, 1.3974320888519287, 0.9975999593734741, -1.231760025024414, -1.1735520362854004]
[0.3136817216873169, 0.03076937422156334, 0.20124998688697815] [0.04876420274376869, -0.05190793424844742, 0.31979113817214966, 1.2161266803741455, 0.2881644368171692, 0.6661421060562134] [0.0629359632730484, -0.14577196538448334, -0.32218196988105774, 0.8284019827842712, 1.3974320888519287, 0.9975999593734741, -1.2302260398864746, -1.1735520362854004]
[0.3136817216873169, 0.03076937422156334, 0.20124998688697815] [0.046668875962495804, -0.04659348353743553, 0.32052215933799744, 1.2144089937210083, 0.28510725498199463, 0.6962820291519165] [0.06446996331214905, -0.10128595679998398, -0.3237159848213196, 0.8299359679222107, 1.3974320888519287, 0.9975999593734741, -1.2302260398864746, -1.1735520362854004]
[0.3136817216873169, 0.03076937422156334, 0.20124998688697815] [0.04471391811966896, -0.04137693718075752, 0.3206186294555664, 1.2156662940979004, 0.28368881344795227, 0.7257230877876282] [0.06446996331214905, -0.07520796358585358, -0.3237159848213196, 0.8299359679222107, 1.3974320888519287, 0.9975999593734741, -1.2302260398864746, -1.1750860214233398]
[0.3136817216873169, 0.03076937422156334, 0.20124998688697815] [0.042865000665187836, -0.03667215257883072, 0.31967610120773315, 1.2208373546600342, 0.2872373163700104, 0.7532052397727966] [0.07980996370315552, -0.026119962334632874, -0.32985198497772217, 0.8330039978027344, 1.3974320888519287, 0.9975999593734741, -1.2302260398864746, -1.1750860214233398]
[0.3136817216873169, 0.03076937422156334, 0.20124998688697815] [0.03897760435938835, -0.02863062359392643, 0.3170969784259796, 1.2240091562271118, 0.3009869158267975, 0.8036661148071289] [0.08287796378135681, -0.01691596210002899, -0.33905595541000366, 0.8330039978027344, 1.3974320888519287, 0.9975999593734741, -1.2302260398864746, -1.1750860214233398]
[0.3136817216873169, 0.03076937422156334, 0.20124998688697815] [0.03867874667048454, -0.029065560549497604, 0.31491562724113464, 1.22040855884552, 0.3144206404685974, 0.8035491704940796] [0.09054796397686005, -0.015381962060928345, -0.3528619706630707, 0.8314700126647949, 1.3974320888519287, 0.9975999593734741, -1.2302260398864746, -1.1750860214233398]
[0.3136817216873169, 0.03076937422156334, 0.20124998688697815] [0.036651596426963806, -0.02916630357503891, 0.30807241797447205, 1.2229223251342773, 0.35197460651397705, 0.8114449381828308] [0.12582996487617493, -0.010779961943626404, -0.3804739713668823, 0.8314700126647949, 1.3974320888519287, 0.9975999593734741, -1.2302260398864746, -1.1750860214233398]
[0.3136817216873169, 0.03076937422156334, 0.20124998688697815] [0.03469549119472504, -0.029615623876452446, 0.30141448974609375, 1.2329097986221313, 0.38629576563835144, 0.8174424767494202] [0.14730596542358398, -0.01231396198272705, -0.3927459716796875, 0.8330039978027344, 1.3974320888519287, 0.9975999593734741, -1.2302260398864746, -1.1750860214233398]
[0.3136817216873169, 0.03076937422156334, 0.20124998688697815] [0.03434009477496147, -0.030018532648682594, 0.2998560667037964, 1.2368385791778564, 0.3941178321838379, 0.8178534507751465] [0.15650996565818787, -0.010779961943626404, -0.39427995681762695, 0.8314700126647949, 1.3974320888519287, 0.9975999593734741, -1.2302260398864746, -1.1766200065612793]
[0.3136817216873169, 0.03076937422156334, 0.20124998688697815] [0.03327424079179764, -0.030066194012761116, 0.29703032970428467, 1.2522064447402954, 0.40551140904426575, 0.823198676109314] [0.17184996604919434, -0.01231396198272705, -0.39427995681762695, 0.8299359679222107, 1.3974320888519287, 0.9975999593734741, -1.2302260398864746, -1.1750860214233398]
[0.3136817216873169, 0.03076937422156334, 0.20124998688697815] [0.03315887972712517, -0.03014044277369976, 0.2964093089103699, 1.2550257444381714, 0.4072425365447998, 0.8232599496841431] [0.17491796612739563, -0.01231396198272705, -0.39427995681762695, 0.8299359679222107, 1.3974320888519287, 0.9975999593734741, -1.2302260398864746, -1.1750860214233398]
[0.3136817216873169, 0.03076937422156334, 0.20124998688697815] [0.03284534811973572, -0.03014208935201168, 0.295540988445282, 1.257490873336792, 0.41161224246025085, 0.8245048522949219] [0.17798596620559692, -0.01231396198272705, -0.39427995681762695, 0.8299359679222107, 1.3974320888519287, 0.9975999593734741, -1.2302260398864746, -1.1750860214233398]
[0.3136817216873169, 0.03076937422156334, 0.20124998688697815] [0.03281664103269577, -0.03012743405997753, 0.2955501973628998, 1.2573375701904297, 0.4116328954696655, 0.8244484663009644] [0.17951996624469757, -0.01231396198272705, -0.39427995681762695, 0.8299359679222107, 1.3974320888519287, 0.9975999593734741, -1.2302260398864746, -1.1750860214233398]
[0.3136817216873169, 0.03076937422156334, 0.20124998688697815] [0.032788701355457306, -0.030138904228806496, 0.2955344319343567, 1.2573339939117432, 0.41161686182022095, 0.8244493007659912] [0.17951996624469757, -0.01231396198272705, -0.39427995681762695, 0.8299359679222107, 1.3974320888519287, 0.9975999593734741, -1.2302260398864746, -1.1750860214233398]
[0.3136817216873169, 0.03076937422156334, 0.20124998688697815] [0.0327814556658268, -0.03016190603375435, 0.2955419421195984, 1.2573742866516113, 0.4114449918270111, 0.8244592547416687] [0.17951996624469757, -0.01231396198272705, -0.39427995681762695, 0.8299359679222107, 1.3974320888519287, 0.9975999593734741, -1.2302260398864746, -1.1750860214233398]
[0.3136817216873169, 0.03076937422156334, 0.20124998688697815] [0.03282814472913742, -0.030118634924292564, 0.29555609822273254, 1.2573384046554565, 0.4116499722003937, 0.8244472146034241] [0.17951996624469757, -0.01231396198272705, -0.3927459716796875, 0.8299359679222107, 1.3974320888519287, 0.9975999593734741, -1.2302260398864746, -1.1750860214233398]
[0.3136817216873169, 0.03076937422156334, 0.20124998688697815] [0.039739370346069336, -0.03398948162794113, 0.3094610571861267, 1.1884411573410034, 0.350584477186203, 0.7650322318077087] [0.09821796417236328, -0.02765396237373352, -0.39121198654174805, 0.8099939823150635, 1.3974320888519287, 0.052800003439188004, -1.2225561141967773, -1.172018051147461]
[0.3136817216873169, 0.03076937422156334, 0.20124998688697815] [0.04170634225010872, -0.034519996494054794, 0.3163125813007355, 1.1595169305801392, 0.3220170736312866, 0.7524703145027161] [0.05986796319484711, -0.030721962451934814, -0.39121198654174805, 0.8099939823150635, 1.3974320888519287, 0.052800003439188004, -1.221022129058838, -1.170483946800232]
[0.3136817216873169, 0.03076937422156334, 0.20124998688697815] [0.04449567571282387, -0.03693296015262604, 0.3260290324687958, 1.1199865341186523, 0.2811705768108368, 0.7269788980484009] [0.006177961826324463, -0.046061962842941284, -0.39121198654174805, 0.808459997177124, 1.3974320888519287, 0.052800003439188004, -1.2194880247116089, -1.1689499616622925]
[0.3136817216873169, 0.03076937422156334, 0.20124998688697815] [0.04703740403056145, -0.03729671239852905, 0.3423027992248535, 1.058355450630188, 0.21238641440868378, 0.7090578675270081] [-0.08432804048061371, -0.04452796280384064, -0.39121198654174805, 0.808459997177124, 1.3974320888519287, 0.052800003439188004, -1.221022129058838, -1.1689499616622925]
[0.3136817216873169, 0.03076937422156334, 0.20124998688697815] [0.047732338309288025, -0.037315383553504944, 0.3509563207626343, 1.0267728567123413, 0.17587390542030334, 0.7030172944068909] [-0.13034804165363312, -0.04452796280384064, -0.39121198654174805, 0.808459997177124, 1.3974320888519287, 0.05320000275969505, -1.2194880247116089, -1.1689499616622925]
[0.3136817216873169, 0.03076937422156334, 0.20124998688697815] [0.04793725535273552, -0.03703022375702858, 0.3590497076511383, 0.9973535537719727, 0.1418464481830597, 0.6999262571334839] [-0.17943604290485382, -0.046061962842941284, -0.39121198654174805, 0.808459997177124, 1.3974320888519287, 0.052800003439188004, -1.221022129058838, -1.1689499616622925]
[0.3136817216873169, 0.03076937422156334, 0.20124998688697815] [0.04798472672700882, -0.03729405999183655, 0.36753663420677185, 0.9690808653831482, 0.10526371747255325, 0.6952971816062927] [-0.22238804399967194, -0.04452796280384064, -0.3866099715232849, 0.808459997177124, 1.3974320888519287, 0.052800003439188004, -1.2194880247116089, -1.1689499616622925]
[0.3136817216873169, 0.03076937422156334, 0.20124998688697815] [0.04734950140118599, -0.03671547770500183, 0.3761669099330902, 0.9456600546836853, 0.06640491634607315, 0.6967211365699768] [-0.26840806007385254, -0.04452796280384064, -0.3804739713668823, 0.8069260120391846, 1.3974320888519287, 0.052800003439188004, -1.221022129058838, -1.1689499616622925]
[0.3136817216873169, 0.03076937422156334, 0.20124998688697815] [0.046247463673353195, -0.035888299345970154, 0.3852839171886444, 0.9135580062866211, 0.02769928239285946, 0.700106143951416] [-0.3190300464630127, -0.030721962451934814, -0.3758719563484192, 0.808459997177124, 1.3974320888519287, 0.052800003439188004, -1.221022129058838, -1.1689499616622925]
[0.3136817216873169, 0.03076937422156334, 0.20124998688697815] [0.044012922793626785, -0.03175962716341019, 0.3902096450328827, 0.8975165486335754, 0.0065594990737736225, 0.7231595516204834] [-0.3420400619506836, -0.01844996213912964, -0.3666679859161377, 0.808459997177124, 1.3974320888519287, 0.052800003439188004, -1.221022129058838, -1.170483946800232]
[0.3136817216873169, 0.03076937422156334, 0.20124998688697815] [0.04224672541022301, -0.031002186238765717, 0.3986984193325043, 0.8834737539291382, -0.03517024591565132, 0.7301258444786072] [-0.38345804810523987, -0.01691596210002899, -0.34825998544692993, 0.8069260120391846, 1.3974320888519287, 0.052800003439188004, -1.221022129058838, -1.1689499616622925]
[0.3136817216873169, 0.03076937422156334, 0.20124998688697815] [0.03972809761762619, -0.028362292796373367, 0.40589025616645813, 0.8659163117408752, -0.06820429116487503, 0.7484051585197449] [-0.42487603425979614, 0.001492038369178772, -0.3267839550971985, 0.8069260120391846, 1.3974320888519287, 0.052800003439188004, -1.2225561141967773, -1.170483946800232]
[0.3136817216873169, 0.03076937422156334, 0.20124998688697815] [0.035097889602184296, -0.02289714477956295, 0.4141736626625061, 0.8408001065254211, -0.10501700639724731, 0.7847986817359924] [-0.46169203519821167, 0.024502038955688477, -0.31297796964645386, 0.8069260120391846, 1.3974320888519287, 0.052800003439188004, -1.2240900993347168, -1.170483946800232]
[0.3136817216873169, 0.03076937422156334, 0.20124998688697815] [0.032675329595804214, -0.019807668402791023, 0.4175461232662201, 0.8242353200912476, -0.11795172095298767, 0.8044567108154297] [-0.4893040657043457, 0.055182039737701416, -0.3053079843521118, 0.8069260120391846, 1.3974320888519287, 0.052800003439188004, -1.2256240844726562, -1.1735520362854004]
[0.3136817216873169, 0.03076937422156334, 0.20124998688697815] [0.027274051681160927, -0.010633204132318497, 0.4210957884788513, 0.7935978174209595, -0.12565664947032928, 0.8592252731323242] [-0.513848066329956, 0.09966804087162018, -0.29917198419570923, 0.8069260120391846, 1.3974320888519287, 0.052800003439188004, -1.2302260398864746, -1.1766200065612793]
[0.3136817216873169, 0.03076937422156334, 0.20124998688697815] [0.02500615455210209, -0.005811244249343872, 0.42114681005477905, 0.7761808037757874, -0.11996143311262131, 0.8864157199859619] [-0.5245860815048218, 0.13188204169273376, -0.29917198419570923, 0.8069260120391846, 1.3974320888519287, 0.052800003439188004, -1.2332940101623535, -1.1796879768371582]
[0.3136817216873169, 0.03076937422156334, 0.20124998688697815] [0.02311033196747303, -0.0007818843587301672, 0.4196855425834656, 0.7665449380874634, -0.10776975005865097, 0.914017379283905] [-0.5261200666427612, 0.16409604251384735, -0.29917198419570923, 0.8069260120391846, 1.3974320888519287, 0.052800003439188004, -1.2378960847854614, -1.1842899322509766]
[0.3136817216873169, 0.03076937422156334, 0.20124998688697815] [0.01865457370877266, 0.010477514006197453, 0.41497471928596497, 0.7516987919807434, -0.07462459802627563, 0.9764653444290161] [-0.5261200666427612, 0.23619404435157776, -0.29917198419570923, 0.8069260120391846, 1.3974320888519287, 0.052800003439188004, -1.2455661296844482, -1.190425992012024]
[0.3136817216873169, 0.03076937422156334, 0.20124998688697815] [0.016674406826496124, 0.015306386165320873, 0.412690669298172, 0.7465981841087341, -0.059978187084198, 1.0035723447799683] [-0.5261200666427612, 0.2730100452899933, -0.29917198419570923, 0.8053919672966003, 1.3974320888519287, 0.052800003439188004, -1.251702070236206, -1.1965620517730713]
[0.3136817216873169, 0.03076937422156334, 0.20124998688697815] [0.013571449555456638, 0.02200184017419815, 0.40928056836128235, 0.7402079701423645, -0.03804688900709152, 1.0426390171051025] [-0.5261200666427612, 0.30522406101226807, -0.3007059693336487, 0.8069260120391846, 1.3974320888519287, 0.052800003439188004, -1.254770040512085, -1.1996300220489502]
[0.3136817216873169, 0.03076937422156334, 0.20124998688697815] [0.013278459198772907, 0.02417566627264023, 0.40749505162239075, 0.7401471734046936, -0.02808004431426525, 1.0551000833511353] [-0.5261200666427612, 0.33130204677581787, -0.30223995447158813, 0.8038579821586609, 1.3974320888519287, 0.052800003439188004, -1.2593721151351929, -1.2011640071868896]
[0.3136817216873169, 0.03076937422156334, 0.20124998688697815] [0.01411493681371212, 0.024084243923425674, 0.4070862829685211, 0.7415774464607239, -0.026742178946733475, 1.0531418323516846] [-0.5261200666427612, 0.33130204677581787, -0.30223995447158813, 0.8007899522781372, 1.3974320888519287, 0.052800003439188004, -1.2593721151351929, -1.2011640071868896]
[0.3136817216873169, 0.03076937422156334, 0.20124998688697815] [0.01511097140610218, 0.023882150650024414, 0.40655288100242615, 0.7375583648681641, -0.023159220814704895, 1.047316551208496] [-0.5261200666427612, 0.33130204677581787, -0.3114439845085144, 0.8007899522781372, 1.3974320888519287, 0.052800003439188004, -1.2609061002731323, -1.2011640071868896]
[0.3136817216873169, 0.03076937422156334, 0.20124998688697815] [0.015450607985258102, 0.02374955080449581, 0.40622907876968384, 0.7362200021743774, -0.021159756928682327, 1.0459421873092651] [-0.5261200666427612, 0.33130204677581787, -0.31297796964645386, 0.8007899522781372, 1.3974320888519287, 0.052800003439188004, -1.2639740705490112, -1.202697992324829]
[0.3136817216873169, 0.03076937422156334, 0.20124998688697815] [0.015896672382950783, 0.023709045723080635, 0.4058675467967987, 0.7328379154205322, -0.018251026049256325, 1.0439438819885254] [-0.5276540517807007, 0.33130204677581787, -0.32218196988105774, 0.8007899522781372, 1.3974320888519287, 0.052800003439188004, -1.2639740705490112, -1.202697992324829]
[0.3136817216873169, 0.03076937422156334, 0.20124998688697815] [0.01655317284166813, 0.02333299070596695, 0.4050799310207367, 0.7258540391921997, -0.012189054861664772, 1.0391570329666138] [-0.5276540517807007, 0.3328360319137573, -0.3313859701156616, 0.8007899522781372, 1.3974320888519287, 0.052800003439188004, -1.2639740705490112, -1.202697992324829]
[0.3136817216873169, 0.03076937422156334, 0.20124998688697815] [0.016987767070531845, 0.023134734481573105, 0.40450984239578247, 0.7207098007202148, -0.007741148583590984, 1.0357120037078857] [-0.5291880369186401, 0.33130204677581787, -0.3375219702720642, 0.8007899522781372, 1.3974320888519287, 0.052800003439188004, -1.2639740705490112, -1.202697992324829]
[0.3136817216873169, 0.03076937422156334, 0.20124998688697815] [0.017047656700015068, 0.022975752130150795, 0.40437179803848267, 0.7183091044425964, -0.006475530099123716, 1.0343146324157715] [-0.5276540517807007, 0.33130204677581787, -0.33905595541000366, 0.8007899522781372, 1.3974320888519287, 0.052800003439188004, -1.2624400854110718, -1.202697992324829]
[0.3136817216873169, 0.03076937422156334, 0.20124998688697815] [0.01701056957244873, 0.02295582741498947, 0.4041673541069031, 0.7193742990493774, -0.005918515380471945, 1.0343018770217896] [-0.5276540517807007, 0.33130204677581787, -0.33905595541000366, 0.8023239970207214, 1.3974320888519287, 0.052800003439188004, -1.2624400854110718, -1.202697992324829]
[0.3136817216873169, 0.03076937422156334, 0.20124998688697815] [0.017108870670199394, 0.022929128259420395, 0.40391805768013, 0.7208728790283203, -0.005119131878018379, 1.0342954397201538] [-0.5245860815048218, 0.33130204677581787, -0.33905595541000366, 0.8023239970207214, 1.3974320888519287, 0.052800003439188004, -1.2624400854110718, -1.202697992324829]
[0.3136817216873169, 0.03076937422156334, 0.20124998688697815] [0.01711072400212288, 0.022946694865822792, 0.40397006273269653, 0.7206857204437256, -0.005176102742552757, 1.0342966318130493] [-0.5245860815048218, 0.33130204677581787, -0.33905595541000366, 0.8007899522781372, 1.3974320888519287, 0.052800003439188004, -1.2624400854110718, -1.202697992324829]
[0.3136817216873169, 0.03076937422156334, 0.20124998688697815] [0.015826504677534103, 0.023144660517573357, 0.40408921241760254, 0.7184388637542725, -0.005402991082519293, 1.0354846715927124] [-0.5215180516242981, 0.33130204677581787, -0.33905595541000366, 0.8023239970207214, 1.3974320888519287, 0.9975999593734741, -1.2578380107879639, -1.2011640071868896]
[0.3136817216873169, 0.03076937422156334, 0.20124998688697815] [0.015826515853405, 0.023164747282862663, 0.4041174054145813, 0.7183166742324829, -0.005346514750272036, 1.0354928970336914] [-0.5215180516242981, 0.33130204677581787, -0.33905595541000366, 0.8023239970207214, 1.3974320888519287, 0.9975999593734741, -1.2578380107879639, -1.2011640071868896]
[0.3136817216873169, 0.03076937422156334, 0.20124998688697815] [0.015660343691706657, 0.023167932406067848, 0.4041900932788849, 0.7177491188049316, -0.005719976965337992, 1.0354926586151123] [-0.5230520367622375, 0.33130204677581787, -0.33905595541000366, 0.8023239970207214, 1.3974320888519287, 0.9975999593734741, -1.254770040512085, -1.1996300220489502]
[0.3136817216873169, 0.03076937422156334, 0.20124998688697815] [0.015365508385002613, 0.023204807192087173, 0.4043336510658264, 0.7166227102279663, -0.006215864326804876, 1.0355058908462524] [-0.5215180516242981, 0.33130204677581787, -0.33905595541000366, 0.8023239970207214, 1.3974320888519287, 0.9975999593734741, -1.254770040512085, -1.1996300220489502]
[0.3136817216873169, 0.03076937422156334, 0.20124998688697815] [0.015333374962210655, 0.023121865466237068, 0.40438058972358704, 0.7165939211845398, -0.006506022531539202, 1.0355024337768555] [-0.5215180516242981, 0.33130204677581787, -0.33905595541000366, 0.8023239970207214, 1.3974320888519287, 0.9975999593734741, -1.254770040512085, -1.1996300220489502]
[0.3136817216873169, 0.03076937422156334, 0.20124998688697815] [0.015251222997903824, 0.02309429459273815, 0.4043704867362976, 0.7165190577507019, -0.0067675053142011166, 1.0354835987091064] [-0.5215180516242981, 0.33130204677581787, -0.33905595541000366, 0.8023239970207214, 1.3974320888519287, 0.9975999593734741, -1.254770040512085, -1.1996300220489502]
