[-0.025545459240674973, -0.2946084141731262, 0.3584368824958801, -3.125542640686035, -0.01800958439707756, -1.063918113708496] [0.2915019690990448, -0.9879379868507385, 2.072391986846924, 0.22707396745681763, 1.402034044265747, 0.9971999526023865, -1.2992560863494873, -1.2962720394134521]
[-0.025902826339006424, -0.2948262393474579, 0.3584378957748413, -3.1239688396453857, -0.01829712651669979, -1.0654155015945435] [0.2915019690990448, -0.989471971988678, 2.072391986846924, 0.22707396745681763, 1.4005000591278076, 0.9971999526023865, -1.2992560863494873, -1.2962720394134521]
[-0.02591468207538128, -0.2948240637779236, 0.3584078252315521, -3.125575304031372, -0.01827865280210972, -1.0655004978179932] [0.2915019690990448, -0.9879379868507385, 2.072391986846924, 0.22707396745681763, 1.4005000591278076, 0.9971999526023865, -1.3007900714874268, -1.2962720394134521]
[-0.025676103308796883, -0.2948024570941925, 0.3583369553089142, -3.1269938945770264, -0.017622968181967735, -1.065683364868164] [0.2915019690990448, -0.989471971988678, 2.072391986846924, 0.22707396745681763, 1.4005000591278076, 0.9971999526023865, -1.3007900714874268, -1.2962720394134521]
[-0.02572021819651127, -0.2947773337364197, 0.3583543300628662, -3.1255502700805664, -0.017753424122929573, -1.0657292604446411] [0.2915019690990448, -0.989471971988678, 2.072391986846924, 0.22707396745681763, 1.4005000591278076, 0.9971999526023865, -1.3007900714874268, -1.2962720394134521]
[-0.025362150743603706, -0.294708788394928, 0.3581268787384033, -3.1270012855529785, -0.016838939860463142, -1.0643404722213745] [0.2915019690990448, -0.989471971988678, 2.072391986846924, 0.22707396745681763, 1.4005000591278076, 0.9971999526023865, -1.3007900714874268, -1.2962720394134521]
[-0.02569486014544964, -0.2948574721813202, 0.35823097825050354, -3.1270737648010254, -0.01742427796125412, -1.0657708644866943] [0.2915019690990448, -0.9879379868507385, 2.072391986846924, 0.22707396745681763, 1.4005000591278076, 0.9971999526023865, -1.3007900714874268, -1.2962720394134521]
[-0.025665562599897385, -0.2947944104671478, 0.35834261775016785, -3.1273012161254883, -0.017685115337371826, -1.0657236576080322] [0.2915019690990448, -0.989471971988678, 2.072391986846924, 0.22707396745681763, 1.4005000591278076, 0.9971999526023865, -1.3007900714874268, -1.2962720394134521]
[-0.025436509400606155, -0.2946839928627014, 0.3582027852535248, -3.1253268718719482, -0.017179489135742188, -1.0643151998519897] [0.2915019690990448, -0.989471971988678, 2.072391986846924, 0.22707396745681763, 1.4005000591278076, 0.9971999526023865, -1.3007900714874268, -1.2962720394134521]
[-0.02540300227701664, -0.29473477602005005, 0.3578226566314697, -3.1303606033325195, -0.015498783439397812, -1.0651978254318237] [0.29303598403930664, -0.9879379868507385, 2.072391986846924, 0.22707396745681763, 1.4005000591278076, 0.07600000500679016, -1.3023240566253662, -1.2962720394134521]
[-0.020607823505997658, -0.29179373383522034, 0.35870030522346497, 3.108997344970703, -0.030702415853738785, -1.0394651889801025] [0.2945699691772461, -0.9495880007743835, 2.012566089630127, 0.251617968082428, 1.3912960290908813, 0.07600000500679016, -1.3053920269012451, -1.2978060245513916]
[-0.012645593844354153, -0.2871190011501312, 0.35723215341567993, 3.069087505340576, -0.027168864384293556, -0.9964025020599365] [0.2915019690990448, -0.9143059849739075, 1.9021180868148804, 0.4326299726963043, 1.389762043952942, 0.07600000500679016, -1.3084601163864136, -1.2978060245513916]
[0.02485392987728119, -0.2388961762189865, 0.3863591253757477, 2.489896297454834, -0.3353240191936493, -0.5896667242050171] [0.28076398372650146, -0.8345379829406738, 1.236362099647522, 0.7639739513397217, 1.389762043952942, 0.07600000500679016, -1.309994101524353, -1.2962720394134521]
[0.03677072376012802, -0.2042609602212906, 0.38977572321891785, 2.1783134937286377, -0.3958571255207062, -0.2754867672920227] [0.2792299687862396, -0.8145959973335266, 1.0522820949554443, 0.9403839707374573, 1.3912960290908813, 0.07600000500679016, -1.309994101524353, -1.2962720394134521]
[0.04056325554847717, -0.1736522614955902, 0.38913998007774353, 2.0022530555725098, -0.41449639201164246, -0.006847584620118141] [0.2776959538459778, -0.7823820114135742, 0.9142220616340637, 1.1229300498962402, 1.389762043952942, 0.07600000500679016, -1.309994101524353, -1.2916699647903442]
[0.04043274372816086, -0.1478317528963089, 0.38331377506256104, 1.8749173879623413, -0.37966445088386536, 0.2197568118572235] [0.27616196870803833, -0.7486339807510376, 0.7623560428619385, 1.2303099632263184, 1.389762043952942, 0.07600000500679016, -1.3023240566253662, -1.2778639793395996]
[0.04234395548701286, -0.12258453667163849, 0.38207346200942993, 1.8683825731277466, -0.3848250210285187, 0.3873440623283386] [0.26388996839523315, -0.5737580060958862, 0.7470160722732544, 1.2272419929504395, 1.3912960290908813, 0.07600000500679016, -1.2793140411376953, -1.2548539638519287]
[0.04162101820111275, -0.083981454372406, 0.3819654583930969, 1.9067261219024658, -0.4044499099254608, 0.6060722470283508] [0.2424139678478241, -0.24701596796512604, 0.36044806241989136, 1.205765962600708, 1.3698201179504395, 0.07600000500679016, -1.2486340999603271, -1.222640037536621]
[0.0231026578694582, -0.03432998061180115, 0.3486950993537903, 1.6844512224197388, -0.0944242924451828, 0.9586579203605652] [0.23320996761322021, -0.18105396628379822, 0.2546020448207855, 1.2165039777755737, 1.3698201179504395, 0.07600000500679016, -1.198012113571167, -1.1689499616622925]
[0.005831172689795494, -0.016042541712522507, 0.35502269864082336, 1.6477099657058716, -0.12002523988485336, 1.0901728868484497] [0.23014196753501892, -0.07367396354675293, 0.22545604407787323, 1.2165039777755737, 1.3698201179504395, 0.07600000500679016, -1.1688660383224487, -1.1029880046844482]
[-0.015296882949769497, -0.0017319908365607262, 0.35729989409446716, 1.5743603706359863, -0.10145443677902222, 1.2072721719741821] [0.23167596757411957, 0.01683203876018524, 0.15335804224014282, 1.2180379629135132, 1.3698201179504395, 0.07600000500679016, -1.1029040813446045, -1.0738420486450195]
[-0.034640565514564514, 0.00844748318195343, 0.35670363903045654, 1.5140421390533447, -0.07227708399295807, 1.2915879487991333] [0.24854996800422668, 0.09506604075431824, 0.10580404102802277, 1.205765962600708, 1.371354103088379, 0.07600000500679016, -1.0492141246795654, -1.0232199430465698]
[-0.04039198160171509, 0.01168570201843977, 0.35781556367874146, 1.4937177896499634, -0.07063853740692139, 1.309461236000061] [0.251617968082428, 0.11961004137992859, 0.09199804067611694, 1.2011640071868896, 1.371354103088379, 0.07600000500679016, -1.0185340642929077, -0.9956079721450806]
[-0.049135297536849976, 0.014353546313941479, 0.35264456272125244, 1.4922616481781006, -0.04345178231596947, 1.3292709589004517] [0.29610395431518555, 0.13495004177093506, 0.0643860399723053, 1.1996300220489502, 1.371354103088379, 0.07600000500679016, -1.007796049118042, -0.9741320013999939]
[-0.05355123057961464, 0.014545050449669361, 0.3451433777809143, 1.5061309337615967, -0.008013411425054073, 1.3308535814285278] [0.34825998544692993, 0.1334160417318344, 0.03677403926849365, 1.1919599771499634, 1.371354103088379, 0.07600000500679016, -0.9863200783729553, -0.9649279713630676]
[-0.056018587201833725, 0.01416892558336258, 0.34452158212661743, 1.5016175508499146, -0.006676343735307455, 1.3220152854919434] [0.35899797081947327, 0.1334160417318344, 0.03677403926849365, 1.187358021736145, 1.371354103088379, 0.07600000500679016, -0.9786500930786133, -0.958791971206665]
[-0.056234683841466904, 0.014323622919619083, 0.34488123655319214, 1.5006132125854492, -0.008180633187294006, 1.3187603950500488] [0.3605319857597351, 0.13495004177093506, 0.0383080393075943, 1.182755947113037, 1.3698201179504395, 0.07600000500679016, -0.9817180633544922, -0.9618600010871887]
[-0.0538083016872406, 0.013983442448079586, 0.3447291851043701, 1.4991393089294434, -0.006597924046218395, 1.2957791090011597] [0.35899797081947327, 0.13495004177093506, 0.0383080393075943, 1.1612800359725952, 1.3698201179504395, 0.07600000500679016, -0.9847860336303711, -0.9695299863815308]
[-0.05156534165143967, 0.01376060489565134, 0.34383952617645264, 1.4981749057769775, -0.0011365817626938224, 1.2821277379989624] [0.35899797081947327, 0.1334160417318344, 0.0383080393075943, 1.1367360353469849, 1.3652180433273315, 0.07600000500679016, -0.9939900636672974, -0.9756659865379333]
[-0.04616818204522133, 0.012900465168058872, 0.3429097831249237, 1.4960721731185913, 0.005143885500729084, 1.2501729726791382] [0.35132795572280884, 0.13188204169273376, 0.039842039346694946, 1.1167939901351929, 1.348344087600708, 0.07600000500679016, -1.007796049118042, -0.9879379868507385]
[-0.043684057891368866, 0.012559437192976475, 0.34279075264930725, 1.4838981628417969, 0.006809709127992392, 1.2379974126815796] [0.3467259705066681, 0.13188204169273376, 0.039842039346694946, 1.0922499895095825, 1.345276117324829, 0.07600000500679016, -1.0185340642929077, -0.9986760020256042]
[-0.04130488261580467, 0.011849898844957352, 0.34094148874282837, 1.4935723543167114, 0.017459897324442863, 1.2121787071228027] [0.3467259705066681, 0.13188204169273376, 0.039842039346694946, 1.0830459594726562, 1.345276117324829, 0.07600000500679016, -1.027738094329834, -1.0063459873199463]
[-0.03918200358748436, 0.01136074773967266, 0.34015312790870667, 1.5037046670913696, 0.020236827433109283, 1.205132246017456] [0.34519195556640625, 0.12881404161453247, 0.04291003942489624, 1.078444004058838, 1.3437421321868896, 0.07600000500679016, -1.0292720794677734, -1.0063459873199463]
[-0.036262743175029755, 0.010639598593115807, 0.33972084522247314, 1.5052412748336792, 0.022668980062007904, 1.1863393783569336] [0.34212398529052734, 0.12421204149723053, 0.045978039503097534, 1.0631040334701538, 1.3345381021499634, 0.07600000500679016, -1.0354080200195312, -1.0109479427337646]
[-0.033912695944309235, 0.009187087416648865, 0.34016841650009155, 1.4882173538208008, 0.024076079949736595, 1.1698687076568604] [0.3237159848213196, 0.1165420413017273, 0.04444403946399689, 1.0600359439849854, 1.3238000869750977, 0.07600000500679016, -1.0645540952682495, -1.0431619882583618]
[-0.029591141268610954, 0.00893405545502901, 0.34181106090545654, 1.4723247289657593, 0.02090628072619438, 1.1687766313552856] [0.2976379692554474, 0.11500804126262665, 0.04444403946399689, 1.0600359439849854, 1.3145960569381714, 0.07600000500679016, -1.1213120222091675, -1.1014540195465088]
[-0.01946142129600048, 0.00777002377435565, 0.3433659076690674, 1.4613752365112305, 0.01977231353521347, 1.1615999937057495] [0.24701596796512604, 0.10733804106712341, 0.04444403946399689, 1.058501958847046, 1.3084601163864136, 0.07600000500679016, -1.181138038635254, -1.1597459316253662]
[-0.008286073803901672, 0.007200268562883139, 0.3440701961517334, 1.4466159343719482, 0.019854798913002014, 1.1513516902923584] [0.1871899664402008, 0.10733804106712341, 0.04444403946399689, 1.035491943359375, 1.3007900714874268, 0.07600000500679016, -1.2072160243988037, -1.1842899322509766]
[0.02121957391500473, 0.004824712872505188, 0.3442721366882324, 1.4331868886947632, 0.02352091297507286, 1.0972918272018433] [0.055265963077545166, 0.10733804106712341, 0.04444403946399689, 0.9864040017127991, 1.294654130935669, 0.07600000500679016, -1.328402042388916, -1.3085440397262573]
[0.02800164371728897, 0.004089471884071827, 0.3438088595867157, 1.4286854267120361, 0.025471067056059837, 1.0775303840637207] [0.03378996253013611, 0.10733804106712341, 0.045978039503097534, 0.9603259563446045, 1.29312002658844, 0.07600000500679016, -1.3360720872879028, -1.3146799802780151]
[0.03290829807519913, 0.0030555257108062506, 0.34105414152145386, 1.443276047706604, 0.033364180475473404, 1.0601941347122192] [0.03225596249103546, 0.10733804106712341, 0.045978039503097534, 0.943452000617981, 1.29312002658844, 0.07600000500679016, -1.3360720872879028, -1.3162139654159546]
[0.036484409123659134, 0.0017250963719561696, 0.33977746963500977, 1.4462699890136719, 0.039473727345466614, 1.033292531967163] [0.03225596249103546, 0.10733804106712341, 0.04751203954219818, 0.9158399701118469, 1.29312002658844, 0.07600000500679016, -1.3391400575637817, -1.319282054901123]
[0.04477466642856598, -8.748081017984077e-05, 0.3397769629955292, 1.4537855386734009, 0.04037541151046753, 0.9769262075424194] [0.03225596249103546, 0.10733804106712341, 0.0643860399723053, 0.854479968547821, 1.29312002658844, 0.07600000500679016, -1.3391400575637817, -1.3208160400390625]
[0.05146041139960289, -0.0023452641908079386, 0.34005773067474365, 1.4637364149093628, 0.038637857884168625, 0.919411838054657] [0.03378996253013611, 0.11500804126262665, 0.08126004040241241, 0.7869839668273926, 1.29312002658844, 0.07600000500679016, -1.3391400575637817, -1.3208160400390625]
[0.055033840239048004, -0.004243661183863878, 0.3401556611061096, 1.4708361625671387, 0.03763483092188835, 0.8848968744277954] [0.03378996253013611, 0.11500804126262665, 0.09353204071521759, 0.7685759663581848, 1.29312002658844, 0.07600000500679016, -1.3391400575637817, -1.317747950553894]
[0.055295757949352264, -0.004548624623566866, 0.3412413001060486, 1.4776396751403809, 0.029665276408195496, 0.8804516196250916] [0.03378996253013611, 0.11500804126262665, 0.09813404083251953, 0.770110011100769, 1.29312002658844, 0.07600000500679016, -1.3376060724258423, -1.3162139654159546]
[0.054444003850221634, -0.004288136027753353, 0.34180498123168945, 1.475757360458374, 0.026972869411110878, 0.8849077820777893] [0.03378996253013611, 0.11500804126262665, 0.09813404083251953, 0.7777799963951111, 1.29312002658844, 0.07600000500679016, -1.3360720872879028, -1.3131459951400757]
[0.05305580794811249, -0.004600313026458025, 0.34275689721107483, 1.4708466529846191, 0.022599073126912117, 0.893997848033905] [0.03225596249103546, 0.10580404102802277, 0.09506604075431824, 0.7915859818458557, 1.294654130935669, 0.07600000500679016, -1.333004117012024, -1.3131459951400757]
[0.05231210216879845, -0.004661616403609514, 0.3426015377044678, 1.4648215770721436, 0.025781748816370964, 0.8964015245437622] [0.03225596249103546, 0.10580404102802277, 0.08893004059791565, 0.7946540117263794, 1.294654130935669, 0.07600000500679016, -1.3238000869750977, -1.3008739948272705]
[0.05096600577235222, -0.005625864956527948, 0.3432900607585907, 1.4618067741394043, 0.023849081248044968, 0.8933976888656616] [0.0368579626083374, 0.09813404083251953, 0.087396040558815, 0.7977219820022583, 1.2992560863494873, 0.07600000500679016, -1.313062071800232, -1.2886019945144653]
[0.04966071993112564, -0.0065871793776750565, 0.3438708186149597, 1.4612410068511963, 0.022544438019394875, 0.8888822793960571] [0.04452796280384064, 0.09506604075431824, 0.08432804048061371, 0.7992559671401978, 1.3038580417633057, 0.07600000500679016, -1.2977221012115479, -1.2717280387878418]
[0.0473463200032711, -0.006722705904394388, 0.3446934223175049, 1.4587697982788086, 0.021102584898471832, 0.8907819986343384] [0.050663962960243225, 0.09506604075431824, 0.08126004040241241, 0.7992559671401978, 1.3053920269012451, 0.07600000500679016, -1.2854501008987427, -1.260990023612976]
[0.04455853998661041, -0.006873309146612883, 0.34495505690574646, 1.459851622581482, 0.021148014813661575, 0.8908730149269104] [0.06446996331214905, 0.09353204071521759, 0.07972604036331177, 0.8007899522781372, 1.3084601163864136, 0.07600000500679016, -1.271644115447998, -1.2502520084381104]
[0.042359642684459686, -0.006928035523742437, 0.3449600040912628, 1.4619604349136353, 0.021257804706692696, 0.890876293182373] [0.07827596366405487, 0.09199804067611694, 0.07972604036331177, 0.8007899522781372, 1.3084601163864136, 0.07600000500679016, -1.2593721151351929, -1.2349120378494263]
[0.040170058608055115, -0.0077500613406300545, 0.34470751881599426, 1.4646432399749756, 0.022437572479248047, 0.8863131403923035] [0.09361596405506134, 0.08586204051971436, 0.07972604036331177, 0.8007899522781372, 1.309994101524353, 0.07600000500679016, -1.2424980401992798, -1.2180379629135132]
[0.038021307438611984, -0.009563051164150238, 0.3447158634662628, 1.465634822845459, 0.022883454337716103, 0.878681480884552] [0.10895595699548721, 0.07359004020690918, 0.07972604036331177, 0.8053919672966003, 1.3161300420761108, 0.07600000500679016, -1.2240900993347168, -1.1996300220489502]
[0.03619816154241562, -0.01219159085303545, 0.34453085064888, 1.469444990158081, 0.024673035368323326, 0.8649979829788208] [0.12736396491527557, 0.055182039737701416, 0.07972604036331177, 0.8130619525909424, 1.3161300420761108, 0.07600000500679016, -1.2056820392608643, -1.1858240365982056]
[0.034160371869802475, -0.01502887811511755, 0.3446468114852905, 1.4658268690109253, 0.02495539002120495, 0.8544366359710693] [0.14270396530628204, 0.03217203915119171, 0.07972604036331177, 0.8268679976463318, 1.3161300420761108, 0.07600000500679016, -1.1918760538101196, -1.170483946800232]
[0.030652089044451714, -0.01809561438858509, 0.3450222313404083, 1.4666372537612915, 0.021963879466056824, 0.851140022277832] [0.1580439656972885, 0.00762803852558136, 0.07972604036331177, 0.8498779535293579, 1.3207321166992188, 0.07600000500679016, -1.1765360832214355, -1.1536099910736084]
[0.02754920721054077, -0.021077439188957214, 0.3449278771877289, 1.4690767526626587, 0.02235826663672924, 0.8512358069419861] [0.17184996604919434, -0.02305196225643158, 0.07819204032421112, 0.8836259841918945, 1.325334072113037, 0.07600000500679016, -1.162730097770691, -1.1382700204849243]
[0.024120742455124855, -0.024127641692757607, 0.34506720304489136, 1.4701818227767944, 0.021352877840399742, 0.8528278470039368] [0.1871899664402008, -0.05679996311664581, 0.07665804028511047, 0.9173740148544312, 1.3299360275268555, 0.07600000500679016, -1.1504580974578857, -1.129065990447998]
[0.020712481811642647, -0.02718195877969265, 0.3452765643596649, 1.4714308977127075, 0.020512655377388, 0.8576194047927856] [0.19485996663570404, -0.0920819640159607, 0.07052204012870789, 0.9572579860687256, 1.3376060724258423, 0.07600000500679016, -1.142788052558899, -1.1275320053100586]
[0.017673037946224213, -0.030675124377012253, 0.34587913751602173, 1.4664835929870605, 0.019502967596054077, 0.8643676042556763] [0.1963939666748047, -0.13043196499347687, 0.06285203993320465, 1.012481927871704, 1.3437421321868896, 0.07600000500679016, -1.1412540674209595, -1.1275320053100586]
[0.014970785938203335, -0.034261249005794525, 0.34599629044532776, 1.4642343521118164, 0.02202773652970791, 0.872795820236206] [0.1963939666748047, -0.16878196597099304, 0.05364803969860077, 1.0600359439849854, 1.348344087600708, 0.07600000500679016, -1.13972008228302, -1.1275320053100586]
[0.010131393559277058, -0.03775548189878464, 0.3451971709728241, 1.4689319133758545, 0.031339939683675766, 0.8941566944122314] [0.1963939666748047, -0.22247196733951569, 0.03370603919029236, 1.1658819913864136, 1.3698201179504395, 0.07600000500679016, -1.1381860971450806, -1.1275320053100586]
[-0.003303304547443986, -0.0429254025220871, 0.3430705964565277, 1.4826593399047852, 0.05771969258785248, 0.9801908731460571] [0.19485996663570404, -0.3329199552536011, 0.003026038408279419, 1.3162139654159546, 1.3912960290908813, 0.07600000500679016, -1.1366521120071411, -1.1229300498962402]
[-0.004227813798934221, -0.0590897835791111, 0.3427889943122864, 1.4820092916488647, 0.06883428990840912, 0.913152277469635] [0.19485996663570404, -0.4648439884185791, -0.003109961748123169, 1.3637679815292358, 1.3928301334381104, 0.07600000500679016, -1.1259140968322754, -1.113726019859314]
[-0.010896130464971066, -0.0699530839920044, 0.34171101450920105, 1.4826242923736572, 0.08778136968612671, 0.896067202091217] [0.1963939666748047, -0.5844959616661072, -0.03839196264743805, 1.5340420007705688, 1.4204421043395996, 0.07600000500679016, -1.1167100667953491, -1.1045219898223877]
[-0.020541848614811897, -0.07795505225658417, 0.34014689922332764, 1.5099759101867676, 0.11726774275302887, 0.8994681239128113] [0.1963939666748047, -0.6535259485244751, -0.05986796319484711, 1.5754599571228027, 1.4388500452041626, 0.07600000500679016, -1.0952340364456177, -1.0830459594726562]
[-0.02332661859691143, -0.07861463725566864, 0.33977067470550537, 1.5034931898117065, 0.12476561963558197, 0.8964616656303406] [0.19792796671390533, -0.6535259485244751, -0.07827596366405487, 1.5769939422607422, 1.441918134689331, 0.07600000500679016, -1.0768260955810547, -1.0646380186080933]
[-0.026197409257292747, -0.0787123441696167, 0.3401247560977936, 1.4964454174041748, 0.12823393940925598, 0.8957676291465759] [0.19792796671390533, -0.6535259485244751, -0.09054796397686005, 1.584663987159729, 1.4511220455169678, 0.07600000500679016, -1.0645540952682495, -1.055433988571167]
[-0.029026858508586884, -0.07876034080982208, 0.3401697278022766, 1.4938983917236328, 0.1353258192539215, 0.8951022028923035] [0.19792796671390533, -0.6535259485244751, -0.10742195695638657, 1.6015379428863525, 1.4618600606918335, 0.07600000500679016, -1.0522820949554443, -1.040094017982483]
[-0.031231073662638664, -0.07859963923692703, 0.34018474817276, 1.5006110668182373, 0.1417999416589737, 0.8956977128982544] [0.19946196675300598, -0.6535259485244751, -0.11969395726919174, 1.6076740026474, 1.4772000312805176, 0.07600000500679016, -1.0354080200195312, -1.0216859579086304]
[-0.03366153687238693, -0.07878460735082626, 0.34008467197418213, 1.5001235008239746, 0.14519555866718292, 0.8934563398361206] [0.20713196694850922, -0.6519919633865356, -0.12736396491527557, 1.6076740026474, 1.483336091041565, 0.07600000500679016, -1.0200680494308472, -1.0048120021820068]
[-0.03718842938542366, -0.07873085886240005, 0.3400912284851074, 1.496853232383728, 0.1462053805589676, 0.892501950263977] [0.21480196714401245, -0.6535259485244751, -0.13043196499347687, 1.6076740026474, 1.4848700761795044, 0.07600000500679016, -1.004728078842163, -0.9925400018692017]
[-0.03857589140534401, -0.07845833897590637, 0.3409970998764038, 1.4903417825698853, 0.13669626414775848, 0.8936664462089539] [0.2194039672613144, -0.6535259485244751, -0.13043196499347687, 1.6015379428863525, 1.4848700761795044, 0.07600000500679016, -0.9985920786857605, -0.9864040017127991]
[-0.0395202673971653, -0.07857008278369904, 0.3419351577758789, 1.4804188013076782, 0.1280408650636673, 0.8916693925857544] [0.22247196733951569, -0.6535259485244751, -0.12736396491527557, 1.5831300020217896, 1.478734016418457, 0.07600000500679016, -1.0001261234283447, -0.9864040017127991]
[-0.040479183197021484, -0.07851634174585342, 0.34246087074279785, 1.4733996391296387, 0.12446899712085724, 0.8912201523780823] [0.22093796730041504, -0.6535259485244751, -0.12122795730829239, 1.5723919868469238, 1.4725980758666992, 0.07600000500679016, -1.004728078842163, -0.9910060167312622]
[-0.040693167597055435, -0.07841084897518158, 0.3429957330226898, 1.4670512676239014, 0.12221697717905045, 0.8907979726791382] [0.22093796730041504, -0.6535259485244751, -0.1150919571518898, 1.549381971359253, 1.4618600606918335, 0.07600000500679016, -1.0139321088790894, -0.9986760020256042]
[-0.03851860761642456, -0.07917876541614532, 0.3429502248764038, 1.459708333015442, 0.12135238945484161, 0.8771317005157471] [0.2194039672613144, -0.6535259485244751, -0.11048995703458786, 1.511031985282898, 1.4557241201400757, 0.07600000500679016, -1.023136019706726, -1.0063459873199463]
[-0.033471375703811646, -0.0818500965833664, 0.34270888566970825, 1.4570564031600952, 0.1222456768155098, 0.8354233503341675] [0.21786996722221375, -0.6535259485244751, -0.10588795691728592, 1.4772839546203613, 1.4557241201400757, 0.07600000500679016, -1.0292720794677734, -1.012481927871704]
[-0.028469236567616463, -0.0846986323595047, 0.3426877558231354, 1.4511010646820068, 0.11857830733060837, 0.7938604950904846] [0.21786996722221375, -0.6550599932670593, -0.09361596405506134, 1.437399983406067, 1.4388500452041626, 0.07360000163316727, -1.0415440797805786, -1.0308899879455566]
[-0.02372371219098568, -0.08721788972616196, 0.34364545345306396, 1.4459819793701172, 0.10684768855571747, 0.7602704167366028] [0.2132679671049118, -0.6535259485244751, -0.07213996350765228, 1.392914056777954, 1.4357820749282837, 0.07400000095367432, -1.0722240209579468, -1.0646380186080933]
[-0.01394721306860447, -0.09125316143035889, 0.34464001655578613, 1.448960304260254, 0.09233611077070236, 0.705737829208374] [0.20866596698760986, -0.6550599932670593, -0.039925962686538696, 1.3438260555267334, 1.425044059753418, 0.07360000163316727, -1.1075060367584229, -1.0999200344085693]
[-0.007007811684161425, -0.09329715371131897, 0.34499090909957886, 1.466078519821167, 0.08069823682308197, 0.6768144965171814] [0.20713196694850922, -0.6535259485244751, -0.00771196186542511, 1.3131459951400757, 1.4235100746154785, 0.07360000163316727, -1.1320500373840332, -1.1259980201721191]
[-0.00016144693654496223, -0.0960216224193573, 0.34496086835861206, 1.486169695854187, 0.0703451931476593, 0.6456383466720581] [0.20713196694850922, -0.6550599932670593, 0.03370603919029236, 1.2809319496154785, 1.4173741340637207, 0.07360000163316727, -1.1611961126327515, -1.1536099910736084]
[0.0089076217263937, -0.09952258318662643, 0.34498330950737, 1.4984872341156006, 0.056721288710832596, 0.6022817492485046] [0.20252996683120728, -0.6550599932670593, 0.0643860399723053, 1.248718023300171, 1.405102014541626, 0.07360000163316727, -1.1888080835342407, -1.1842899322509766]
[0.015503750182688236, -0.10237635672092438, 0.3454378545284271, 1.5023757219314575, 0.04604284092783928, 0.5713412761688232] [0.1902579665184021, -0.6550599932670593, 0.087396040558815, 1.2119020223617554, 1.3912960290908813, 0.07360000163316727, -1.213352084159851, -1.2042319774627686]
[0.022131221368908882, -0.1054612398147583, 0.3451935946941376, 1.5044136047363281, 0.04187272489070892, 0.5376613140106201] [0.17491796612739563, -0.6535259485244751, 0.10273604094982147, 1.1796879768371582, 1.386694073677063, 0.07360000163316727, -1.236362099647522, -1.2272419929504395]
[0.029662592336535454, -0.10857099294662476, 0.34499984979629517, 1.500551462173462, 0.040236495435237885, 0.5029070973396301] [0.15344196557998657, -0.6550599932670593, 0.11040604114532471, 1.1536099910736084, 1.3774900436401367, 0.07360000163316727, -1.2593721151351929, -1.2548539638519287]
[0.03489474207162857, -0.11081468313932419, 0.3449997007846832, 1.4983594417572021, 0.03822364658117294, 0.48092374205589294] [0.12889796495437622, -0.6535259485244751, 0.11807604134082794, 1.1275320053100586, 1.3744220733642578, 0.07400000095367432, -1.2808480262756348, -1.2763299942016602]
[0.04046957939863205, -0.11257825791835785, 0.34533068537712097, 1.4968181848526, 0.03628978133201599, 0.4590904414653778] [0.10895595699548721, -0.6535259485244751, 0.12421204149723053, 1.1075899600982666, 1.3744220733642578, 0.07360000163316727, -1.309994101524353, -1.30240797996521]
[0.047400277107954025, -0.11515553295612335, 0.34582439064979553, 1.4978444576263428, 0.030151117593050003, 0.4337550401687622] [0.08134396374225616, -0.6535259485244751, 0.12881404161453247, 1.0861139297485352, 1.3682861328125, 0.07400000095367432, -1.328402042388916, -1.3238840103149414]
[0.0533541738986969, -0.11877235770225525, 0.34345167875289917, 1.496026873588562, 0.04236019775271416, 0.39687636494636536] [0.07060596346855164, -0.6519919633865356, 0.12881404161453247, 1.0431619882583618, 1.3698201179504395, 0.07360000163316727, -1.3299360275268555, -1.3238840103149414]
[0.057226113975048065, -0.12268407642841339, 0.3414176404476166, 1.4986605644226074, 0.052879128605127335, 0.3603162169456482] [0.06907196342945099, -0.6519919633865356, 0.13034804165363312, 1.0063459873199463, 1.3698201179504395, 0.07360000163316727, -1.3299360275268555, -1.3238840103149414]
[0.05985947325825691, -0.12507623434066772, 0.3405081331729889, 1.497183084487915, 0.059043049812316895, 0.33162349462509155] [0.06446996331214905, -0.6443219780921936, 0.13034804165363312, 0.9710639715194702, 1.3682861328125, 0.07360000163316727, -1.331470012664795, -1.3254179954528809]
[0.061612319201231, -0.12790781259536743, 0.34117043018341064, 1.499091386795044, 0.05514441430568695, 0.3035294711589813] [0.0629359632730484, -0.6443219780921936, 0.139552041888237, 0.9495880007743835, 1.3682861328125, 0.07400000095367432, -1.331470012664795, -1.3238840103149414]
[0.062198903411626816, -0.12903405725955963, 0.3428021967411041, 1.5108343362808228, 0.04048652946949005, 0.29349175095558167] [0.05833396315574646, -0.6443219780921936, 0.21778604388237, 0.943452000617981, 1.3682861328125, 0.07360000163316727, -1.3299360275268555, -1.3238840103149414]
[0.064710333943367, -0.13919062912464142, 0.3664742112159729, 1.6706361770629883, -0.14893674850463867, 0.2009485363960266] [0.05986796319484711, -0.6443219780921936, 0.6258300542831421, 0.7747119665145874, 1.3682861328125, 0.07360000163316727, -1.331470012664795, -1.3238840103149414]
[0.061805881559848785, -0.1907057762145996, 0.38972362875938416, 2.199394464492798, -0.31733351945877075, -0.2543518543243408] [0.07520796358585358, -0.6458559632301331, 1.1458560228347778, 0.48631995916366577, 1.3682861328125, 0.07360000163316727, -1.3299360275268555, -1.3238840103149414]
[0.05243019014596939, -0.22691044211387634, 0.3803670406341553, 2.6636688709259033, -0.19959717988967896, -0.558506429195404] [0.07827596366405487, -0.6458559632301331, 1.5861140489578247, 0.2546859681606293, 1.3682861328125, 0.07360000163316727, -1.3299360275268555, -1.3238840103149414]
[0.04696138948202133, -0.24270009994506836, 0.35882332921028137, 2.9766836166381836, -0.000489512225612998, -0.6664811372756958] [0.09361596405506134, -0.6489239931106567, 1.8254181146621704, 0.0660039633512497, 1.3698201179504395, 0.07360000163316727, -1.3299360275268555, -1.3238840103149414]
[0.045220762491226196, -0.2448561042547226, 0.3391868770122528, 3.1284937858581543, 0.14989060163497925, -0.6709755659103394] [0.13043196499347687, -0.6489239931106567, 1.900584101676941, 0.029187962412834167, 1.3728880882263184, 0.07360000163316727, -1.3299360275268555, -1.3254179954528809]
[0.04458500072360039, -0.24501553177833557, 0.334836483001709, 3.115312099456787, 0.17074905335903168, -0.6738119721412659] [0.16264596581459045, -0.6489239931106567, 1.9021180868148804, 0.02765396237373352, 1.3728880882263184, 0.07360000163316727, -1.3299360275268555, -1.3254179954528809]
[0.04300791397690773, -0.2449825406074524, 0.32570573687553406, 3.077521562576294, 0.21531131863594055, -0.6805341243743896] [0.2101999670267105, -0.6489239931106567, 1.900584101676941, 0.029187962412834167, 1.3728880882263184, 0.07360000163316727, -1.3299360275268555, -1.3254179954528809]
[0.04094463959336281, -0.24499718844890594, 0.31786930561065674, 3.0481858253479004, 0.2529836595058441, -0.6874786019325256] [0.25928795337677, -0.6489239931106567, 1.9021180868148804, 0.02765396237373352, 1.3728880882263184, 0.07360000163316727, -1.3299360275268555, -1.3254179954528809]
[0.0402275025844574, -0.24507758021354675, 0.3150646686553955, 3.03570294380188, 0.2665182650089264, -0.690450131893158] [0.2792299687862396, -0.6473900079727173, 1.900584101676941, 0.029187962412834167, 1.3728880882263184, 0.07400000095367432, -1.3299360275268555, -1.3254179954528809]
[0.039726946502923965, -0.24479956924915314, 0.31284141540527344, 3.0274956226348877, 0.27716365456581116, -0.6909830570220947] [0.28383195400238037, -0.6473900079727173, 1.900584101676941, 0.029187962412834167, 1.3728880882263184, 0.07360000163316727, -1.3299360275268555, -1.3238840103149414]
[0.04015541076660156, -0.24430210888385773, 0.3126579821109772, 3.02851939201355, 0.27793648838996887, -0.6878238320350647] [0.28383195400238037, -0.6412539482116699, 1.8990501165390015, 0.02765396237373352, 1.3728880882263184, 0.07360000163316727, -1.3299360275268555, -1.3238840103149414]
[0.04084206745028496, -0.24360987544059753, 0.3122938573360443, 3.030127763748169, 0.27945441007614136, -0.6831666827201843] [0.28383195400238037, -0.6412539482116699, 1.8990501165390015, 0.029187962412834167, 1.3728880882263184, 0.07360000163316727, -1.3299360275268555, -1.3238840103149414]
[0.04067692533135414, -0.24360130727291107, 0.31205037236213684, 3.0279648303985596, 0.2803557813167572, -0.6832947134971619] [0.28383195400238037, -0.6412539482116699, 1.8990501165390015, 0.029187962412834167, 1.371354103088379, 0.07360000163316727, -1.3299360275268555, -1.3238840103149414]
[0.04048193246126175, -0.24391421675682068, 0.31236037611961365, 3.029996871948242, 0.2788359522819519, -0.6848450303077698] [0.2853659689426422, -0.6412539482116699, 1.900584101676941, 0.02765396237373352, 1.371354103088379, 0.07360000163316727, -1.3299360275268555, -1.3238840103149414]
[0.04043711721897125, -0.24393494427204132, 0.3123413622379303, 3.029981851577759, 0.2788594961166382, -0.6849662065505981] [0.28383195400238037, -0.6397199630737305, 1.900584101676941, 0.029187962412834167, 1.3728880882263184, 0.07360000163316727, -1.3299360275268555, -1.3238840103149414]
[0.040551409125328064, -0.24393607676029205, 0.3122894763946533, 3.028099298477173, 0.27931639552116394, -0.6851009726524353] [0.28383195400238037, -0.6412539482116699, 1.8990501165390015, 0.02765396237373352, 1.3728880882263184, 0.07360000163316727, -1.3299360275268555, -1.3238840103149414]
