[0.05001722276210785, -0.22501738369464874, 0.302232027053833, 2.9760336875915527, 0.3144768178462982, -0.5798208713531494] [0.3543959856033325, -0.5369420051574707, 1.80087411403656, 0.05833396315574646, 1.405102014541626, 0.569599986076355, -1.2992560863494873, -1.2978060245513916]
[0.050114911049604416, -0.22501546144485474, 0.3025393784046173, 2.976943254470825, 0.31308096647262573, -0.5795382261276245] [0.3543959856033325, -0.5369420051574707, 1.80087411403656, 0.05833396315574646, 1.405102014541626, 0.569599986076355, -1.2992560863494873, -1.282465934753418]
[0.049498580396175385, -0.2251812219619751, 0.3026115894317627, 2.977856159210205, 0.3130062520503998, -0.5792660117149353] [0.3574639558792114, -0.5369420051574707, 1.8024080991744995, 0.05679996311664581, 1.405102014541626, 0.569599986076355, -1.2915860414505005, -1.2717280387878418]
[0.04884769394993782, -0.22489677369594574, 0.3030359148979187, 2.983612298965454, 0.3131633400917053, -0.5772101879119873] [0.3605319857597351, -0.5369420051574707, 1.8024080991744995, 0.05679996311664581, 1.405102014541626, 0.5691999793052673, -1.2915860414505005, -1.2717280387878418]
[0.048190247267484665, -0.22497346997261047, 0.30436238646507263, 2.9833743572235107, 0.3072504699230194, -0.578153669834137] [0.35899797081947327, -0.5369420051574707, 1.8024080991744995, 0.05679996311664581, 1.405102014541626, 0.569599986076355, -1.2915860414505005, -1.2717280387878418]
[0.04821893200278282, -0.2249438464641571, 0.3043065071105957, 2.98307466506958, 0.3075016140937805, -0.5782450437545776] [0.35899797081947327, -0.5369420051574707, 1.8024080991744995, 0.055265963077545166, 1.405102014541626, 0.569599986076355, -1.29312002658844, -1.2717280387878418]
[0.04825357347726822, -0.22495786845684052, 0.3042033016681671, 2.982849359512329, 0.3079369068145752, -0.5783119797706604] [0.3605319857597351, -0.5369420051574707, 1.8024080991744995, 0.05679996311664581, 1.405102014541626, 0.569599986076355, -1.29312002658844, -1.2717280387878418]
[0.048127543181180954, -0.22492891550064087, 0.3039560317993164, 2.981940507888794, 0.3090743124485016, -0.5785827040672302] [0.3605319857597351, -0.5369420051574707, 1.8024080991744995, 0.05679996311664581, 1.405102014541626, 0.569599986076355, -1.29312002658844, -1.2717280387878418]
[0.04824569448828697, -0.22491969168186188, 0.3042564392089844, 2.9827959537506104, 0.3077516257762909, -0.5783282518386841] [0.35899797081947327, -0.5369420051574707, 1.8024080991744995, 0.05679996311664581, 1.405102014541626, 0.569599986076355, -1.29312002658844, -1.2717280387878418]
[0.04812110587954521, -0.2249586284160614, 0.3037528991699219, 2.983463764190674, 0.31077060103416443, -0.5786564350128174] [0.3605319857597351, -0.5369420051574707, 1.8024080991744995, 0.05679996311664581, 1.405102014541626, 0.569599986076355, -1.29312002658844, -1.2717280387878418]
[0.04821746051311493, -0.224918395280838, 0.30426135659217834, 2.9827966690063477, 0.3076772093772888, -0.5783191919326782] [0.3605319857597351, -0.5369420051574707, 1.8024080991744995, 0.055265963077545166, 1.405102014541626, 0.569599986076355, -1.29312002658844, -1.2717280387878418]
[0.04823650047183037, -0.22494716942310333, 0.3039027154445648, 2.981679677963257, 0.30954909324645996, -0.5786573886871338] [0.3605319857597351, -0.5369420051574707, 1.8024080991744995, 0.055265963077545166, 1.405102014541626, 0.569599986076355, -1.29312002658844, -1.2717280387878418]
[0.048172567039728165, -0.2249528467655182, 0.3039528727531433, 2.9819345474243164, 0.3092297911643982, -0.5785837173461914] [0.3605319857597351, -0.5369420051574707, 1.803942084312439, 0.05679996311664581, 1.405102014541626, 0.569599986076355, -1.2915860414505005, -1.2717280387878418]
[0.04813762381672859, -0.22497427463531494, 0.30391982197761536, 2.9833991527557373, 0.3092796206474304, -0.5786883234977722] [0.35899797081947327, -0.5369420051574707, 1.803942084312439, 0.055265963077545166, 1.405102014541626, 0.569599986076355, -1.29312002658844, -1.2717280387878418]
[0.04807715490460396, -0.22497008740901947, 0.3040737211704254, 2.9847512245178223, 0.30895763635635376, -0.5782703161239624] [0.35899797081947327, -0.5369420051574707, 1.8024080991744995, 0.05679996311664581, 1.405102014541626, 0.569599986076355, -1.29312002658844, -1.2717280387878418]
[0.04811014607548714, -0.2249516397714615, 0.3040059506893158, 2.983494997024536, 0.3089129626750946, -0.5786486864089966] [0.3605319857597351, -0.5369420051574707, 1.803942084312439, 0.05679996311664581, 1.405102014541626, 0.569599986076355, -1.2915860414505005, -1.2717280387878418]
[0.048220377415418625, -0.22493968904018402, 0.30425500869750977, 2.984253168106079, 0.3077542781829834, -0.5784280896186829] [0.3605319857597351, -0.5369420051574707, 1.8024080991744995, 0.05679996311664581, 1.405102014541626, 0.569599986076355, -1.29312002658844, -1.2717280387878418]
[0.0481531135737896, -0.2249770313501358, 0.3039482533931732, 2.98344349861145, 0.30922654271125793, -0.5786729454994202] [0.35899797081947327, -0.5369420051574707, 1.803942084312439, 0.05679996311664581, 1.405102014541626, 0.569599986076355, -1.2915860414505005, -1.2717280387878418]
[0.048249661922454834, -0.2249574363231659, 0.3041929602622986, 2.9841651916503906, 0.30803242325782776, -0.5784590840339661] [0.3605319857597351, -0.5369420051574707, 1.8024080991744995, 0.05679996311664581, 1.405102014541626, 0.569599986076355, -1.29312002658844, -1.2717280387878418]
[0.048281703144311905, -0.22496210038661957, 0.3041699230670929, 2.9827375411987305, 0.3081311583518982, -0.5783469080924988] [0.35899797081947327, -0.5369420051574707, 1.803942084312439, 0.05679996311664581, 1.405102014541626, 0.569599986076355, -1.2915860414505005, -1.2717280387878418]
[0.05196164548397064, -0.22076216340065002, 0.3141126036643982, 2.8916854858398438, 0.2438770830631256, -0.550186038017273] [0.3237159848213196, -0.5216019749641418, 1.688892126083374, 0.10435395687818527, 1.3759560585021973, 0.07760000228881836, -1.274712085723877, -1.245650053024292]
[0.053935568779706955, -0.21827571094036102, 0.32385802268981934, 2.8593108654022217, 0.17832832038402557, -0.5306941866874695] [0.29917198419570923, -0.5093299746513367, 1.6413381099700928, 0.14577196538448334, 1.3744220733642578, 0.07760000228881836, -1.2701101303100586, -1.2395139932632446]
[0.05834256485104561, -0.21099048852920532, 0.3343871831893921, 2.8378477096557617, 0.105204276740551, -0.48589828610420227] [0.2684919834136963, -0.467911958694458, 1.5738420486450195, 0.2163359671831131, 1.3744220733642578, 0.07760000228881836, -1.2624400854110718, -1.2318439483642578]
[0.06436198204755783, -0.1983211636543274, 0.3456732928752899, 2.804887294769287, 0.02410036511719227, -0.4139023721218109] [0.22860796749591827, -0.3958139717578888, 1.498676061630249, 0.2776959538459778, 1.3728880882263184, 0.07760000228881836, -1.2593721151351929, -1.2272419929504395]
[0.07130556553602219, -0.17478077113628387, 0.3629053235054016, 2.683948040008545, -0.1075068935751915, -0.27763861417770386] [0.20559796690940857, -0.35132795572280884, 1.2578380107879639, 0.43723195791244507, 1.3728880882263184, 0.07760000228881836, -1.2593721151351929, -1.228775978088379]
[-0.015946319326758385, -0.00042767991544678807, 0.3745501935482025, 1.621796727180481, -0.20445682108402252, 0.9786723852157593] [0.28689998388290405, 0.13495004177093506, 0.3098260462284088, 0.885159969329834, 1.3621500730514526, 0.07760000228881836, -0.9709800481796265, -0.9373160004615784]
[-0.020379776135087013, 0.0012027858756482601, 0.3712511658668518, 1.6271586418151855, -0.19272224605083466, 0.9874035120010376] [0.3313859701156616, 0.1426200419664383, 0.2929520606994629, 0.8836259841918945, 1.3621500730514526, 0.07760000228881836, -0.9479700326919556, -0.9112379550933838]
[-0.02551272325217724, 0.0017403913661837578, 0.36638253927230835, 1.628997802734375, -0.17407046258449554, 0.9900001287460327] [0.3666679859161377, 0.14415404200553894, 0.2868160605430603, 0.8836259841918945, 1.3621500730514526, 0.07760000228881836, -0.9264940619468689, -0.8912959694862366]
[-0.02878464199602604, 0.0018125392962247133, 0.3635284900665283, 1.6328881978988647, -0.16473370790481567, 0.9900234341621399] [0.39427995681762695, 0.14415404200553894, 0.27761203050613403, 0.8836259841918945, 1.3621500730514526, 0.07760000228881836, -0.9065520763397217, -0.8713539838790894]
[-0.034028179943561554, 0.002001918852329254, 0.35974517464637756, 1.6345529556274414, -0.15303374826908112, 0.9908332824707031] [0.4326299726963043, 0.14415404200553894, 0.269942045211792, 0.8836259841918945, 1.3621500730514526, 0.07760000228881836, -0.8758720755577087, -0.8437420129776001]
[-0.03841583803296089, 0.0024580657482147217, 0.35721176862716675, 1.6342368125915527, -0.14636224508285522, 0.9945283532142639] [0.4617759585380554, 0.14415404200553894, 0.26227205991744995, 0.8836259841918945, 1.3621500730514526, 0.07760000228881836, -0.8559300899505615, -0.8222659826278687]
[-0.042138367891311646, 0.0025946232490241528, 0.3535830080509186, 1.63591730594635, -0.13414479792118073, 0.993925154209137] [0.49552398920059204, 0.14415404200553894, 0.2546020448207855, 0.8836259841918945, 1.3621500730514526, 0.07760000228881836, -0.8298520445823669, -0.7977219820022583]
[-0.04712294414639473, 0.002518308348953724, 0.3499884307384491, 1.641567587852478, -0.12683247029781342, 0.9921379089355469] [0.5231359601020813, 0.14415404200553894, 0.2546020448207855, 0.8836259841918945, 1.3621500730514526, 0.07760000228881836, -0.8145120739936829, -0.7839159965515137]
[-0.049350522458553314, 0.0026465286500751972, 0.34753671288490295, 1.6504063606262207, -0.12116453796625137, 0.9925314784049988] [0.5507479906082153, 0.1426200419664383, 0.2546020448207855, 0.8836259841918945, 1.363684058189392, 0.07760000228881836, -0.8037740588188171, -0.773177981376648]
[-0.05183637887239456, 0.0026870924048125744, 0.3458772599697113, 1.6536524295806885, -0.11871874332427979, 0.9920634627342224] [0.56455397605896, 0.1426200419664383, 0.2546020448207855, 0.8820919990539551, 1.3621500730514526, 0.07760000228881836, -0.7930360436439514, -0.7670419812202454]
[-0.053427804261446, 0.0023219939321279526, 0.344799667596817, 1.6549760103225708, -0.1178208664059639, 0.9891671538352966] [0.5752919912338257, 0.1426200419664383, 0.2546020448207855, 0.8805580139160156, 1.3621500730514526, 0.07760000228881836, -0.791502058506012, -0.7655079960823059]
[-0.054438408464193344, 0.002203423995524645, 0.3449191153049469, 1.6519159078598022, -0.11983949691057205, 0.9881669878959656] [0.5752919912338257, 0.1426200419664383, 0.2546020448207855, 0.8805580139160156, 1.3621500730514526, 0.07720000296831131, -0.791502058506012, -0.7655079960823059]
[-0.05489146336913109, 0.002158841583877802, 0.34508708119392395, 1.6500029563903809, -0.1213051825761795, 0.9884235858917236] [0.5752919912338257, 0.14108604192733765, 0.2546020448207855, 0.8774899840354919, 1.3621500730514526, 0.07760000228881836, -0.791502058506012, -0.7685759663581848]
[-0.05383224040269852, 0.0012347354786470532, 0.34500953555107117, 1.652313470840454, -0.1202676072716713, 0.9804674386978149] [0.5752919912338257, 0.1364840418100357, 0.25613605976104736, 0.8774899840354919, 1.3621500730514526, 0.07760000228881836, -0.7976380586624146, -0.7747119665145874]
[-0.05282580479979515, 0.0007592035108245909, 0.3446105122566223, 1.6550511121749878, -0.11721281707286835, 0.9756289720535278] [0.5752919912338257, 0.1334160417318344, 0.2576700448989868, 0.8744219541549683, 1.3621500730514526, 0.07760000228881836, -0.8022400736808777, -0.7823820114135742]
[-0.051488664001226425, 0.00011893929331563413, 0.34452196955680847, 1.6584235429763794, -0.11534856259822845, 0.9704071879386902] [0.5737580060958862, 0.12881404161453247, 0.25920403003692627, 0.8744219541549683, 1.3621500730514526, 0.07720000296831131, -0.8114440441131592, -0.7915859818458557]
[-0.04932186007499695, -0.0010496708564460278, 0.3438511788845062, 1.6649733781814575, -0.11035800725221634, 0.9604579210281372] [0.572223961353302, 0.12114404141902924, 0.25920403003692627, 0.8744219541549683, 1.3621500730514526, 0.07760000228881836, -0.8252500295639038, -0.8069260120391846]
[-0.046775054186582565, -0.0018407326424494386, 0.3443273901939392, 1.6623506546020508, -0.10764940083026886, 0.9534463286399841] [0.5630199909210205, 0.1165420413017273, 0.25920403003692627, 0.8713539838790894, 1.3621500730514526, 0.07720000296831131, -0.8390560746192932, -0.8161299824714661]
[-0.044266365468502045, -0.002053774893283844, 0.3432779908180237, 1.6774507761001587, -0.1009674221277237, 0.9500108957290649] [0.5630199909210205, 0.1165420413017273, 0.26227205991744995, 0.8713539838790894, 1.3621500730514526, 0.07760000228881836, -0.8528620600700378, -0.8299359679222107]
[-0.0431775338947773, -0.0020430698059499264, 0.3419859707355499, 1.688139796257019, -0.08932042866945267, 0.9428918957710266] [0.5599519610404968, 0.113474041223526, 0.26534003019332886, 0.8698199987411499, 1.3606160879135132, 0.07760000228881836, -0.8697360754013062, -0.8498779535293579]
[-0.040415965020656586, -0.0023687409702688456, 0.3416742980480194, 1.692015290260315, -0.08082346618175507, 0.9341462850570679] [0.5507479906082153, 0.11194004118442535, 0.26534003019332886, 0.8698199987411499, 1.3606160879135132, 0.07760000228881836, -0.8912120461463928, -0.8759559988975525]
[-0.036960773169994354, -0.0022831344977021217, 0.3424002230167389, 1.6958026885986328, -0.07772985100746155, 0.9331960678100586] [0.5308059453964233, 0.11194004118442535, 0.26534003019332886, 0.8698199987411499, 1.3621500730514526, 0.07760000228881836, -0.9218920469284058, -0.9020339846611023]
[-0.032949719578027725, -0.002540790708735585, 0.3426212966442108, 1.6991851329803467, -0.07376013696193695, 0.9314081072807312] [0.5123980045318604, 0.11040604114532471, 0.26534003019332886, 0.8698199987411499, 1.3621500730514526, 0.07760000228881836, -0.9495040774345398, -0.9296460151672363]
[-0.028794988989830017, -0.0026849769055843353, 0.3429877758026123, 1.7035000324249268, -0.07043921202421188, 0.9311689734458923] [0.49552398920059204, 0.10887204110622406, 0.26534003019332886, 0.8698199987411499, 1.3606160879135132, 0.07760000228881836, -0.9755820631980896, -0.958791971206665]
[-0.02382649853825569, -0.0030429090838879347, 0.3439055383205414, 1.7051012516021729, -0.06891278177499771, 0.9285887479782104] [0.46944597363471985, 0.10733804106712341, 0.26534003019332886, 0.8698199987411499, 1.3606160879135132, 0.07760000228881836, -1.0031940937042236, -0.9864040017127991]
[-0.019217727705836296, -0.0030346233397722244, 0.34393179416656494, 1.709977388381958, -0.06492730230093002, 0.9304718375205994] [0.4449019730091095, 0.10733804106712341, 0.2638060450553894, 0.8529459834098816, 1.3606160879135132, 0.07760000228881836, -1.0323400497436523, -1.0109479427337646]
[0.04810839146375656, -0.009020178578794003, 0.34419119358062744, 1.629364013671875, -0.02168271504342556, 0.8659728765487671] [0.09821796417236328, 0.10120204091072083, 0.20551404356956482, 0.788517951965332, 1.3345381021499634, 0.07760000228881836, -1.331470012664795, -1.3085440397262573]
[0.0511062927544117, -0.009674821980297565, 0.34206268191337585, 1.6375749111175537, -0.013482509180903435, 0.8585140705108643] [0.09514996409416199, 0.10120204091072083, 0.20551404356956482, 0.78084796667099, 1.3345381021499634, 0.07760000228881836, -1.333004117012024, -1.3100780248641968]
[0.05397333204746246, -0.010911267250776291, 0.3407234847545624, 1.6407359838485718, -0.00581890344619751, 0.8409247398376465] [0.0920819640159607, 0.10120204091072083, 0.20551404356956482, 0.7532359957695007, 1.3345381021499634, 0.07760000228881836, -1.3376060724258423, -1.3146799802780151]
[0.057540059089660645, -0.012920553795993328, 0.34024426341056824, 1.6400036811828613, -9.239698556484655e-06, 0.8126450181007385] [0.08441196382045746, 0.10273604094982147, 0.2116500437259674, 0.7210220098495483, 1.3345381021499634, 0.07760000228881836, -1.3422080278396606, -1.319282054901123]
[0.06341693550348282, -0.01436664815992117, 0.3400658369064331, 1.6450982093811035, 0.004916970152407885, 0.7755475640296936] [0.08441196382045746, 0.10427004098892212, 0.21778604388237, 0.6903419494628906, 1.3345381021499634, 0.07760000228881836, -1.345276117324829, -1.322350025177002]
[0.06440305709838867, -0.013991937041282654, 0.33967429399490356, 1.6464110612869263, 0.007467369083315134, 0.7733609080314636] [0.08287796378135681, 0.10580404102802277, 0.21625204384326935, 0.6903419494628906, 1.333004117012024, 0.07760000228881836, -1.345276117324829, -1.319282054901123]
[0.06326797604560852, -0.012775968760251999, 0.34090909361839294, 1.6371488571166992, 0.0017657486023381352, 0.787951648235321] [0.07520796358585358, 0.10580404102802277, 0.2085820436477661, 0.7102839946746826, 1.3345381021499634, 0.07760000228881836, -1.3437421321868896, -1.3162139654159546]
[0.061884909868240356, -0.011900307610630989, 0.343161016702652, 1.624657392501831, -0.007737253326922655, 0.8023590445518494] [0.06753796339035034, 0.10427004098892212, 0.20551404356956482, 0.7179539799690247, 1.3345381021499634, 0.07760000228881836, -1.3437421321868896, -1.3146799802780151]
[0.06141223385930061, -0.012056912295520306, 0.34387850761413574, 1.622097134590149, -0.011528221890330315, 0.8052144646644592] [0.0660039633512497, 0.10273604094982147, 0.20398004353046417, 0.7256239652633667, 1.3360720872879028, 0.07760000228881836, -1.3422080278396606, -1.3146799802780151]
[0.060453955084085464, -0.011403549462556839, 0.3442027270793915, 1.6216546297073364, -0.013651218265295029, 0.8128983378410339] [0.0660039633512497, 0.10273604094982147, 0.20398004353046417, 0.7286919951438904, 1.3360720872879028, 0.07760000228881836, -1.3422080278396606, -1.3146799802780151]
[0.059868596494197845, -0.011063083074986935, 0.3446180522441864, 1.6186549663543701, -0.015679363161325455, 0.8175915479660034] [0.06446996331214905, 0.10273604094982147, 0.20244604349136353, 0.734827995300293, 1.3376060724258423, 0.07760000228881836, -1.3422080278396606, -1.3146799802780151]
[0.059549786150455475, -0.011081485077738762, 0.34478098154067993, 1.6183346509933472, -0.01710893213748932, 0.8204932808876038] [0.0629359632730484, 0.10273604094982147, 0.19937804341316223, 0.7440319657325745, 1.3360720872879028, 0.07760000228881836, -1.3422080278396606, -1.3146799802780151]
[0.05840105190873146, -0.010534660890698433, 0.3449847996234894, 1.6135849952697754, -0.01789587363600731, 0.8319416642189026] [0.0629359632730484, 0.10120204091072083, 0.19631004333496094, 0.7547699809074402, 1.3360720872879028, 0.07760000228881836, -1.3376060724258423, -1.3131459951400757]
[0.057400818914175034, -0.010539687238633633, 0.3452102839946747, 1.6084742546081543, -0.018820933997631073, 0.8385952115058899] [0.0629359632730484, 0.09660004079341888, 0.19017404317855835, 0.7639739513397217, 1.3376060724258423, 0.07760000228881836, -1.333004117012024, -1.3070099353790283]
[0.055753324180841446, -0.010944252833724022, 0.3454457223415375, 1.599526047706604, -0.0189311895519495, 0.8472243547439575] [0.0660039633512497, 0.08279404044151306, 0.17943604290485382, 0.7869839668273926, 1.3376060724258423, 0.07760000228881836, -1.3299360275268555, -1.3039419651031494]
[0.05417270585894585, -0.011843244545161724, 0.3455151319503784, 1.5926532745361328, -0.019013985991477966, 0.855506956577301] [0.06907196342945099, 0.06285203993320465, 0.17636804282665253, 0.808459997177124, 1.3376060724258423, 0.07720000296831131, -1.3238000869750977, -1.2978060245513916]
[0.05268077924847603, -0.014861936680972576, 0.34543851017951965, 1.5801583528518677, -0.01723417080938816, 0.8584749102592468] [0.07060596346855164, 0.0383080393075943, 0.16102804243564606, 0.8422079682350159, 1.3391400575637817, 0.07760000228881836, -1.3161300420761108, -1.2886019945144653]
[0.05028524622321129, -0.016883235424757004, 0.3452549874782562, 1.56593656539917, -0.013049597851932049, 0.8683026432991028] [0.07520796358585358, 0.01683203876018524, 0.1456880420446396, 0.8744219541549683, 1.3391400575637817, 0.07760000228881836, -1.3084601163864136, -1.279397964477539]
[0.04721269756555557, -0.01868622563779354, 0.3451823890209198, 1.5453473329544067, -0.007267484907060862, 0.88186115026474] [0.07827596366405487, -0.009245961904525757, 0.12574604153633118, 0.9081699848175049, 1.3406740427017212, 0.07760000228881836, -1.294654130935669, -1.2671259641647339]
[0.04354993999004364, -0.01962759904563427, 0.34511470794677734, 1.5319229364395142, -0.0018944896291941404, 0.8978736400604248] [0.08287796378135681, -0.030721962451934814, 0.10427004098892212, 0.951121985912323, 1.3422080278396606, 0.07760000228881836, -1.2808480262756348, -1.2548539638519287]
[0.03833680599927902, -0.020697245374321938, 0.3445510268211365, 1.5186580419540405, 0.006626933813095093, 0.9202436804771423] [0.0920819640159607, -0.055265963077545166, 0.08893004059791565, 0.9910060167312622, 1.348344087600708, 0.07760000228881836, -1.2639740705490112, -1.2364460229873657]
[0.034460339695215225, -0.02276892215013504, 0.34417006373405457, 1.5083928108215332, 0.013923859223723412, 0.9297686815261841] [0.10742195695638657, -0.07827596366405487, 0.07819204032421112, 1.017084002494812, 1.351412057876587, 0.07760000228881836, -1.2455661296844482, -1.2195719480514526]
[0.029885906726121902, -0.025817781686782837, 0.34360069036483765, 1.5096168518066406, 0.018877079710364342, 0.9320809245109558] [0.12276195734739304, -0.10588795691728592, 0.06898804008960724, 1.0462299585342407, 1.3575481176376343, 0.07760000228881836, -1.2256240844726562, -1.1965620517730713]
[0.025674298405647278, -0.028552303090691566, 0.3432818651199341, 1.5065665245056152, 0.024776503443717957, 0.9333807826042175] [0.1381019651889801, -0.13349996507167816, 0.055182039737701416, 1.0738420486450195, 1.3621500730514526, 0.07760000228881836, -1.2041480541229248, -1.1766200065612793]
[0.020783307030797005, -0.03151087835431099, 0.34294766187667847, 1.4978033304214478, 0.03379113972187042, 0.9382809400558472] [0.15037396550178528, -0.1641799658536911, 0.04291003942489624, 1.1014540195465088, 1.3698201179504395, 0.07760000228881836, -1.181138038635254, -1.1566779613494873]
[-0.042043108493089676, -0.06480482220649719, 0.34210076928138733, 1.4733237028121948, 0.10733074694871902, 0.9317592978477478] [0.26082196831703186, -0.5031939744949341, -0.12736396491527557, 1.4327980279922485, 1.5002100467681885, 0.07760000228881836, -0.9249600768089294, -0.9020339846611023]
[-0.04530131444334984, -0.0655890703201294, 0.3422578275203705, 1.4618821144104004, 0.11093614250421524, 0.9263667464256287] [0.2623559832572937, -0.5047279596328735, -0.1411699652671814, 1.434332013130188, 1.5063461065292358, 0.07760000228881836, -0.91115403175354, -0.8897619843482971]
[-0.047621943056583405, -0.065669484436512, 0.34282249212265015, 1.4548039436340332, 0.10633149743080139, 0.9238696098327637] [0.2654239535331726, -0.5047279596328735, -0.1411699652671814, 1.4327980279922485, 1.5063461065292358, 0.07760000228881836, -0.9096200466156006, -0.8912959694862366]
[-0.04827127978205681, -0.0659823939204216, 0.3432920277118683, 1.4505131244659424, 0.10314763337373734, 0.9203047156333923] [0.2654239535331726, -0.506261944770813, -0.13963596522808075, 1.4281959533691406, 1.5063461065292358, 0.07760000228881836, -0.9126880764961243, -0.8943639993667603]
[-0.04747543856501579, -0.06662111729383469, 0.3437011241912842, 1.4504544734954834, 0.0996139869093895, 0.9113448858261108] [0.2654239535331726, -0.506261944770813, -0.13656796514987946, 1.4220600128173828, 1.5063461065292358, 0.07760000228881836, -0.9203580617904663, -0.9035679697990417]
[-0.04602077230811119, -0.06686847656965256, 0.34348157048225403, 1.4553487300872803, 0.10773447155952454, 0.9001303911209106] [0.26388996839523315, -0.5077959895133972, -0.13349996507167816, 1.4005839824676514, 1.5048121213912964, 0.07760000228881836, -0.9264940619468689, -0.9097039699554443]
[-0.04388965666294098, -0.0682833343744278, 0.34317412972450256, 1.4607102870941162, 0.11373487114906311, 0.8790808916091919] [0.26388996839523315, -0.5216019749641418, -0.13196596503257751, 1.399049997329712, 1.5048121213912964, 0.07760000228881836, -0.9387660622596741, -0.9204419851303101]
[-0.04171831160783768, -0.07190202921628952, 0.3429873585700989, 1.4648675918579102, 0.11676297336816788, 0.851275622844696] [0.2623559832572937, -0.5476799607276917, -0.12736396491527557, 1.3944480419158936, 1.5002100467681885, 0.07760000228881836, -0.9571740627288818, -0.9419180154800415]
[-0.03787156566977501, -0.0752570778131485, 0.3428574502468109, 1.4659446477890015, 0.12002228200435638, 0.8271793723106384] [0.25315195322036743, -0.561486005783081, -0.12429595738649368, 1.391379952430725, 1.498676061630249, 0.07760000228881836, -0.977116048336029, -0.9633939862251282]
[-0.03493594378232956, -0.07575966417789459, 0.34265607595443726, 1.4726730585098267, 0.12292096763849258, 0.8234912157058716] [0.24701596796512604, -0.5630199909210205, -0.11662595719099045, 1.3883119821548462, 1.498676061630249, 0.07760000228881836, -1.0001261234283447, -0.9864040017127991]
[-0.02935018390417099, -0.07702475041151047, 0.3425801992416382, 1.4862010478973389, 0.1203434094786644, 0.8084141612052917] [0.2393459677696228, -0.5660879611968994, -0.10281995683908463, 1.3699040412902832, 1.4971420764923096, 0.07760000228881836, -1.0262041091918945, -1.0078799724578857]
[-0.02385937049984932, -0.07845678180456161, 0.34226083755493164, 1.4964487552642822, 0.11958879977464676, 0.7879984974861145] [0.23474396765232086, -0.56455397605896, -0.0890139639377594, 1.3499619960784912, 1.4956080913543701, 0.07720000296831131, -1.0507481098175049, -1.0293560028076172]
[-0.018103938549757004, -0.07965082675218582, 0.34184762835502625, 1.5114951133728027, 0.11747700721025467, 0.7725028395652771] [0.22707396745681763, -0.5660879611968994, -0.07367396354675293, 1.3300199508666992, 1.4956080913543701, 0.07720000296831131, -1.0737581253051758, -1.0569679737091064]
[-0.012179557234048843, -0.08151104301214218, 0.34185805916786194, 1.5188705921173096, 0.11408287286758423, 0.7486352324485779] [0.21480196714401245, -0.5676219463348389, -0.0660039633512497, 1.3054759502410889, 1.4940741062164307, 0.07680000364780426, -1.0998361110687256, -1.0799779891967773]
[-0.00583926634863019, -0.08325198292732239, 0.3426194489002228, 1.5194599628448486, 0.1101037934422493, 0.7255353927612305] [0.1933259665966034, -0.5676219463348389, -0.05679996311664581, 1.2717280387878418, 1.4910061359405518, 0.07720000296831131, -1.1320500373840332, -1.1213959455490112]
[0.0036608900409191847, -0.08676470816135406, 0.34294620156288147, 1.5174440145492554, 0.10838097333908081, 0.6840774416923523] [0.16571396589279175, -0.5676219463348389, -0.05373196303844452, 1.241047978401184, 1.4894720315933228, 0.07720000296831131, -1.1611961126327515, -1.1459399461746216]
[0.011186272837221622, -0.0892600491642952, 0.34321194887161255, 1.5141438245773315, 0.10902348905801773, 0.6534436345100403] [0.1411699652671814, -0.5660879611968994, -0.05373196303844452, 1.210368037223816, 1.4894720315933228, 0.07720000296831131, -1.193410038948059, -1.1750860214233398]
[0.01829843409359455, -0.09153451770544052, 0.3431621789932251, 1.5126476287841797, 0.10966271907091141, 0.6288325190544128] [0.10895595699548721, -0.5676219463348389, -0.05219796299934387, 1.187358021736145, 1.4879380464553833, 0.07720000296831131, -1.2225561141967773, -1.2072999477386475]
[0.025487257167696953, -0.09353413432836533, 0.34312304854393005, 1.5118482112884521, 0.11029359698295593, 0.6056981682777405] [0.08134396374225616, -0.5676219463348389, -0.05219796299934387, 1.1643480062484741, 1.4894720315933228, 0.07720000296831131, -1.2532360553741455, -1.2395139932632446]
[0.033495765179395676, -0.09539271146059036, 0.34330910444259644, 1.5112630128860474, 0.10734987258911133, 0.585776150226593] [0.050663962960243225, -0.5676219463348389, -0.04912996292114258, 1.152076005935669, 1.4879380464553833, 0.07720000296831131, -1.2854501008987427, -1.2717280387878418]
[0.041166096925735474, -0.09636986255645752, 0.3436199724674225, 1.5058072805404663, 0.10571125149726868, 0.5719131827354431] [0.010779961943626404, -0.5676219463348389, -0.04912996292114258, 1.1367360353469849, 1.4879380464553833, 0.07720000296831131, -1.3176640272140503, -1.3039419651031494]
[0.047257497906684875, -0.09738883376121521, 0.3434527516365051, 1.503517985343933, 0.10535228252410889, 0.558140218257904] [-0.01836603879928589, -0.5676219463348389, -0.04912996292114258, 1.113726019859314, 1.4848700761795044, 0.07720000296831131, -1.333004117012024, -1.317747950553894]
[0.05278565362095833, -0.09976692497730255, 0.3412298262119293, 1.5052986145019531, 0.11452043801546097, 0.5342406630516052] [-0.02296803891658783, -0.5660879611968994, -0.04912996292114258, 1.0891820192337036, 1.4848700761795044, 0.07720000296831131, -1.3345381021499634, -1.317747950553894]
[0.056578341871500015, -0.10276322066783905, 0.3389955759048462, 1.5058698654174805, 0.1242961585521698, 0.503801703453064] [-0.02296803891658783, -0.5660879611968994, -0.04912996292114258, 1.0661720037460327, 1.4848700761795044, 0.07720000296831131, -1.3345381021499634, -1.317747950553894]
[0.05748631805181503, -0.10339759290218353, 0.33878833055496216, 1.5066756010055542, 0.12426883727312088, 0.49753859639167786] [-0.024502038955688477, -0.56455397605896, -0.04912996292114258, 1.0646380186080933, 1.4848700761795044, 0.07680000364780426, -1.3345381021499634, -1.317747950553894]
[0.057776112109422684, -0.10347607731819153, 0.33830636739730835, 1.506994366645813, 0.1270376294851303, 0.497566819190979] [-0.024502038955688477, -0.5660879611968994, -0.04912996292114258, 1.0646380186080933, 1.4848700761795044, 0.07720000296831131, -1.3345381021499634, -1.317747950553894]
[0.05783923715353012, -0.10347618907690048, 0.33846715092658997, 1.5064711570739746, 0.12588545680046082, 0.4975847899913788] [-0.02757003903388977, -0.5660879611968994, -0.04759596288204193, 1.0646380186080933, 1.4864040613174438, 0.07720000296831131, -1.3345381021499634, -1.317747950553894]
[0.05847475305199623, -0.1033923327922821, 0.34352293610572815, 1.5118330717086792, 0.09249245375394821, 0.4962877929210663] [-0.050580039620399475, -0.5660879611968994, 0.00762803852558136, 1.0631040334701538, 1.4848700761795044, 0.07720000296831131, -1.3345381021499634, -1.317747950553894]
[0.061913155019283295, -0.1079569011926651, 0.36584046483039856, 1.5889286994934082, -0.07914841920137405, 0.44705086946487427] [-0.06285203993320465, -0.5660879611968994, 0.3251660466194153, 0.8958979845046997, 1.4864040613174438, 0.07720000296831131, -1.3345381021499634, -1.319282054901123]
[0.07041584700345993, -0.1475415825843811, 0.3957946002483368, 1.9523952007293701, -0.3210616111755371, 0.08504823595285416] [-0.050580039620399475, -0.56455397605896, 0.7117340564727783, 0.668865978717804, 1.4864040613174438, 0.07720000296831131, -1.3345381021499634, -1.3208160400390625]
[0.0697554275393486, -0.17972959578037262, 0.39922091364860535, 2.283200263977051, -0.33518359065055847, -0.19764220714569092] [-0.03677403926849365, -0.56455397605896, 0.9939900636672974, 0.45563995838165283, 1.4864040613174438, 0.07720000296831131, -1.3345381021499634, -1.322350025177002]
[0.06658773124217987, -0.20396842062473297, 0.39316660165786743, 2.574321746826172, -0.2597872018814087, -0.3992859721183777] [-0.035240039229393005, -0.56455397605896, 1.271644115447998, 0.26695796847343445, 1.4864040613174438, 0.07720000296831131, -1.3345381021499634, -1.322350025177002]
[0.0627775639295578, -0.22462061047554016, 0.3739962875843048, 2.8932104110717773, -0.07279554754495621, -0.5474681854248047] [-0.035240039229393005, -0.5660879611968994, 1.533958077430725, 0.07827596366405487, 1.4864040613174438, 0.07720000296831131, -1.3345381021499634, -1.3208160400390625]
[0.0614098459482193, -0.22993165254592896, 0.3607599437236786, 3.0782456398010254, 0.042851369827985764, -0.5726673007011414] [-0.026036038994789124, -0.5660879611968994, 1.6474740505218506, 0.035323962569236755, 1.4864040613174438, 0.07720000296831131, -1.3345381021499634, -1.322350025177002]
[0.06120374798774719, -0.23024335503578186, 0.3574907183647156, 3.0900020599365234, 0.05836569145321846, -0.5737361311912537] [-0.00762803852558136, -0.5660879611968994, 1.6704840660095215, 0.035323962569236755, 1.4864040613174438, 0.07720000296831131, -1.3345381021499634, -1.322350025177002]
[0.06098375469446182, -0.23047596216201782, 0.3545077443122864, 3.097805976867676, 0.07258622348308563, -0.5748193860054016] [0.01231396198272705, -0.5660879611968994, 1.6812220811843872, 0.035323962569236755, 1.4864040613174438, 0.07720000296831131, -1.3345381021499634, -1.3238840103149414]
[0.06068596616387367, -0.23044027388095856, 0.34794488549232483, 3.0963985919952393, 0.10411430895328522, -0.5755371451377869] [0.04759596288204193, -0.56455397605896, 1.7026981115341187, 0.03378996253013611, 1.4864040613174438, 0.07720000296831131, -1.3345381021499634, -1.322350025177002]
[0.059953123331069946, -0.23069798946380615, 0.3420730531215668, 3.1022472381591797, 0.13240787386894226, -0.578477680683136] [0.07980996370315552, -0.56455397605896, 1.727242112159729, 0.035323962569236755, 1.4864040613174438, 0.07720000296831131, -1.3345381021499634, -1.3238840103149414]
[0.05920656770467758, -0.23091788589954376, 0.33695048093795776, 3.1015496253967285, 0.15692520141601562, -0.5812252163887024] [0.12429595738649368, -0.5630199909210205, 1.7410480976104736, 0.03378996253013611, 1.4864040613174438, 0.07680000364780426, -1.3345381021499634, -1.3238840103149414]
[0.05783357471227646, -0.23054608702659607, 0.3270096480846405, 3.0873258113861084, 0.2048281878232956, -0.5842514038085938] [0.17338396608829498, -0.5630199909210205, 1.7579220533370972, 0.03378996253013611, 1.4864040613174438, 0.07720000296831131, -1.3345381021499634, -1.3238840103149414]
[0.05580730363726616, -0.23115426301956177, 0.3191825747489929, 3.0777409076690674, 0.24214667081832886, -0.5917293429374695] [0.2163359671831131, -0.5630199909210205, 1.7763301134109497, 0.03225596249103546, 1.4864040613174438, 0.07720000296831131, -1.3345381021499634, -1.3238840103149414]
[0.053625352680683136, -0.23124611377716064, 0.31093937158584595, 3.073348045349121, 0.28238746523857117, -0.5983424186706543] [0.2562199831008911, -0.561486005783081, 1.7932040691375732, 0.03378996253013611, 1.4864040613174438, 0.07720000296831131, -1.3345381021499634, -1.322350025177002]
[0.05345458537340164, -0.23107022047042847, 0.3097531199455261, 3.075388193130493, 0.28779155015945435, -0.5976269841194153] [0.25928795337677, -0.561486005783081, 1.7947380542755127, 0.035323962569236755, 1.4864040613174438, 0.07720000296831131, -1.3345381021499634, -1.322350025177002]
[0.053029611706733704, -0.2308191955089569, 0.3078819215297699, 3.068418502807617, 0.2964661717414856, -0.597784161567688] [0.27002596855163574, -0.5584179759025574, 1.7932040691375732, 0.0368579626083374, 1.4864040613174438, 0.07720000296831131, -1.3345381021499634, -1.3208160400390625]
[0.05352948233485222, -0.22975759208202362, 0.3073638677597046, 3.0684304237365723, 0.29850050806999207, -0.5918147563934326] [0.2715599536895752, -0.5522819757461548, 1.7916700839996338, 0.035323962569236755, 1.4864040613174438, 0.07720000296831131, -1.3360720872879028, -1.319282054901123]
[0.05353270843625069, -0.22976315021514893, 0.30726879835128784, 3.069319486618042, 0.29897627234458923, -0.5923058986663818] [0.2715599536895752, -0.5522819757461548, 1.7932040691375732, 0.035323962569236755, 1.4864040613174438, 0.07680000364780426, -1.3360720872879028, -1.319282054901123]
[0.0535295307636261, -0.22980999946594238, 0.30715394020080566, 3.0693938732147217, 0.29919126629829407, -0.5922970175743103] [0.2715599536895752, -0.5522819757461548, 1.7932040691375732, 0.035323962569236755, 1.4864040613174438, 0.07720000296831131, -1.3360720872879028, -1.319282054901123]
[0.05346272885799408, -0.2298150211572647, 0.30720359086990356, 3.0681076049804688, 0.29889407753944397, -0.5922660827636719] [0.2715599536895752, -0.5522819757461548, 1.7916700839996338, 0.035323962569236755, 1.4864040613174438, 0.07720000296831131, -1.3360720872879028, -1.319282054901123]
[0.05350629240274429, -0.22984489798545837, 0.307120144367218, 3.0694096088409424, 0.29927146434783936, -0.5923908352851868] [0.2715599536895752, -0.5522819757461548, 1.7932040691375732, 0.0368579626083374, 1.4864040613174438, 0.07720000296831131, -1.3345381021499634, -1.319282054901123]
[0.05355728417634964, -0.2299063801765442, 0.3070494532585144, 3.0692811012268066, 0.29973387718200684, -0.5926281213760376] [0.2715599536895752, -0.5522819757461548, 1.7916700839996338, 0.035323962569236755, 1.4864040613174438, 0.07720000296831131, -1.3360720872879028, -1.319282054901123]
[0.05343589931726456, -0.22989128530025482, 0.3071545958518982, 3.0686967372894287, 0.29892590641975403, -0.5921359658241272] [0.2715599536895752, -0.5522819757461548, 1.7932040691375732, 0.035323962569236755, 1.4864040613174438, 0.07720000296831131, -1.3360720872879028, -1.319282054901123]
