[0.04845232143998146, -0.2295495569705963, 0.3114171624183655, 3.0826773643493652, 0.2810482978820801, -0.5869480967521667] [0.2822979688644409, -0.5492140054702759, 1.7932040691375732, 0.035323962569236755, 1.4864040613174438, 0.9971999526023865, -1.3023240566253662, -1.299340009689331]
[0.048600852489471436, -0.22963213920593262, 0.31109383702278137, 3.080820083618164, 0.2821882665157318, -0.5870566964149475] [0.2822979688644409, -0.5492140054702759, 1.7932040691375732, 0.035323962569236755, 1.4864040613174438, 0.9971999526023865, -1.3191981315612793, -1.3085440397262573]
[0.05000060424208641, -0.22983014583587646, 0.30908626317977905, 3.074514865875244, 0.2897194027900696, -0.588472306728363] [0.2822979688644409, -0.5492140054702759, 1.7901360988616943, 0.039925962686538696, 1.4864040613174438, 0.9971999526023865, -1.3268680572509766, -1.3146799802780151]
[0.051567915827035904, -0.2300219088792801, 0.3075277805328369, 3.0692942142486572, 0.29544222354888916, -0.5900055766105652] [0.2822979688644409, -0.5492140054702759, 1.7901360988616943, 0.03839196264743805, 1.4879380464553833, 0.9971999526023865, -1.325334072113037, -1.3116120100021362]
[0.05219795182347298, -0.2303272932767868, 0.3064366281032562, 3.068469285964966, 0.3009217083454132, -0.5903251767158508] [0.2822979688644409, -0.5492140054702759, 1.7916700839996338, 0.039925962686538696, 1.4864040613174438, 0.9971999526023865, -1.325334072113037, -1.3116120100021362]
[0.052455104887485504, -0.23045392334461212, 0.30634570121765137, 3.0681748390197754, 0.30062103271484375, -0.5904430150985718] [0.2822979688644409, -0.5492140054702759, 1.7916700839996338, 0.03839196264743805, 1.4864040613174438, 0.9971999526023865, -1.325334072113037, -1.3116120100021362]
[0.052531298249959946, -0.23050449788570404, 0.306291401386261, 3.068068742752075, 0.3008825480937958, -0.5904205441474915] [0.2822979688644409, -0.5476799607276917, 1.7901360988616943, 0.03839196264743805, 1.4879380464553833, 0.9971999526023865, -1.325334072113037, -1.3116120100021362]
[0.05598624423146248, -0.2285422384738922, 0.32089242339134216, 2.99759840965271, 0.18735651671886444, -0.5740922689437866] [0.2562199831008911, -0.5461459755897522, 1.6950280666351318, 0.15497596561908722, 1.480268120765686, 0.07479999959468842, -1.3268680572509766, -1.3100780248641968]
[0.05823488160967827, -0.22636698186397552, 0.3304766118526459, 2.9742326736450195, 0.1126018837094307, -0.557996392250061] [0.2393459677696228, -0.5354079604148865, 1.6674160957336426, 0.22707396745681763, 1.4679961204528809, 0.07479999959468842, -1.3268680572509766, -1.3085440397262573]
[0.06074818596243858, -0.22224251925945282, 0.3419807553291321, 2.937930107116699, 0.020852377638220787, -0.5310001969337463] [0.22553996741771698, -0.5292719602584839, 1.52168607711792, 0.40808597207069397, 1.4649280309677124, 0.07479999959468842, -1.325334072113037, -1.3100780248641968]
[0.06582235544919968, -0.19764752686023712, 0.36908286809921265, 2.648935556411743, -0.22665785253047943, -0.3486870527267456] [0.22553996741771698, -0.5292719602584839, 1.254770040512085, 0.6535259485244751, 1.4649280309677124, 0.07440000027418137, -1.3268680572509766, -1.3085440397262573]
[0.06776846200227737, -0.17233513295650482, 0.3779301047325134, 2.4234132766723633, -0.31953564286231995, -0.14349378645420074] [0.2194039672613144, -0.526203989982605, 1.0645540952682495, 0.7931199669837952, 1.4649280309677124, 0.07479999959468842, -1.3268680572509766, -1.3070099353790283]
[0.06618330627679825, -0.15802642703056335, 0.3800589144229889, 2.299649953842163, -0.3511790931224823, -0.011885331012308598] [0.21786996722221375, -0.526203989982605, 0.9847860336303711, 0.8958979845046997, 1.463394045829773, 0.07479999959468842, -1.3268680572509766, -1.3039419651031494]
[0.06268328428268433, -0.1419021487236023, 0.38429418206214905, 2.189544439315796, -0.3924799859523773, 0.1339222639799118] [0.20406396687030792, -0.5139319896697998, 0.9218920469284058, 0.9465199708938599, 1.463394045829773, 0.07440000027418137, -1.3176640272140503, -1.2901359796524048]
[0.0623803474009037, -0.1335984766483307, 0.39056918025016785, 2.179290533065796, -0.4260255694389343, 0.1807321161031723] [0.17491796612739563, -0.4648439884185791, 0.8988820314407349, 0.9495880007743835, 1.4618600606918335, 0.07479999959468842, -1.2977221012115479, -1.2655919790267944]
[0.0606192946434021, -0.12275122106075287, 0.39572039246559143, 2.1446146965026855, -0.44734829664230347, 0.2496156394481659] [0.14577196538448334, -0.42342597246170044, 0.8467260599136353, 0.9603259563446045, 1.4511220455169678, 0.07440000027418137, -1.2839161157608032, -1.244115948677063]
[0.055736079812049866, -0.10847213864326477, 0.4004066586494446, 2.068208932876587, -0.4667496681213379, 0.35433563590049744] [0.13043196499347687, -0.3820079565048218, 0.7761620283126831, 0.9848699569702148, 1.44498610496521, 0.07440000027418137, -1.2655080556869507, -1.2241740226745605]
[0.050516221672296524, -0.09053091704845428, 0.39619138836860657, 1.9089938402175903, -0.402590274810791, 0.503071665763855] [0.09975196421146393, -0.3528619706630707, 0.5629360675811768, 1.0446959733963013, 1.44498610496521, 0.07440000027418137, -1.2455661296844482, -1.2042319774627686]
[0.04214145988225937, -0.07148239761590958, 0.3897292912006378, 1.7727171182632446, -0.32600724697113037, 0.6581316590309143] [0.08747996389865875, -0.30377396941185, 0.45095404982566833, 1.0677059888839722, 1.44498610496521, 0.07479999959468842, -1.2256240844726562, -1.182755947113037]
[0.035534147173166275, -0.05914153903722763, 0.39048078656196594, 1.7367290258407593, -0.31661996245384216, 0.7386392951011658] [0.0859459638595581, -0.2424139678478241, 0.42487603425979614, 1.0677059888839722, 1.44498610496521, 0.07479999959468842, -1.2056820392608643, -1.1597459316253662]
[0.02850663848221302, -0.04733281582593918, 0.3904390037059784, 1.706947922706604, -0.3036385178565979, 0.8132091164588928] [0.0859459638595581, -0.17184996604919434, 0.3880600333213806, 1.0677059888839722, 1.44498610496521, 0.07479999959468842, -1.1842060089111328, -1.1382700204849243]
[0.020536841824650764, -0.0357767678797245, 0.3889206647872925, 1.6657544374465942, -0.27629905939102173, 0.888292670249939] [0.08747996389865875, -0.12276195734739304, 0.32056403160095215, 1.0677059888839722, 1.4465200901031494, 0.07479999959468842, -1.158128023147583, -1.113726019859314]
[0.009922139346599579, -0.024616122245788574, 0.38637202978134155, 1.6069207191467285, -0.23611950874328613, 0.9638767838478088] [0.0920819640159607, -0.07367396354675293, 0.2745440602302551, 1.0677059888839722, 1.44498610496521, 0.07479999959468842, -1.1335840225219727, -1.090716004371643]
[0.003061840310692787, -0.017373288050293922, 0.38206520676612854, 1.5691417455673218, -0.19363002479076385, 1.0097602605819702] [0.09975196421146393, -0.030721962451934814, 0.17790204286575317, 1.070773959159851, 1.4465200901031494, 0.07479999959468842, -1.1105740070343018, -1.0661720037460327]
[-0.0062411027029156685, -0.009145082905888557, 0.3754613697528839, 1.5291613340377808, -0.13812440633773804, 1.0660022497177124] [0.12122795730829239, 0.006094038486480713, 0.15796004235744476, 1.070773959159851, 1.4465200901031494, 0.07440000027418137, -1.0890980958938599, -1.0477639436721802]
[-0.012843134813010693, -0.0044509731233119965, 0.376953125, 1.5179188251495361, -0.14430339634418488, 1.099769949913025] [0.12736396491527557, 0.0383080393075943, 0.15642604231834412, 1.0723079442977905, 1.4495880603790283, 0.07440000027418137, -1.0676220655441284, -1.0262880325317383]
[-0.020091796293854713, 0.0005822759703733027, 0.3754265308380127, 1.5305484533309937, -0.1404532939195633, 1.1343843936920166] [0.15957796573638916, 0.07205604016780853, 0.15489204227924347, 1.070773959159851, 1.4557241201400757, 0.07479999959468842, -1.043078064918518, -1.001744031906128]
[-0.024900278076529503, 0.0031914147548377514, 0.3727785646915436, 1.5411101579666138, -0.13185057044029236, 1.151672124862671] [0.1933259665966034, 0.09506604075431824, 0.14722204208374023, 1.070773959159851, 1.4557241201400757, 0.07479999959468842, -1.0170000791549683, -0.9756659865379333]
[-0.032133396714925766, 0.005882213357836008, 0.3680541217327118, 1.553563117980957, -0.11551298946142197, 1.1688724756240845] [0.2362779676914215, 0.10580404102802277, 0.139552041888237, 1.070773959159851, 1.4557241201400757, 0.07479999959468842, -0.9970580339431763, -0.9557240009307861]
[-0.036081913858652115, 0.006180080119520426, 0.36490803956985474, 1.5621702671051025, -0.10537408292293549, 1.169746994972229] [0.2715599536895752, 0.10887204110622406, 0.1334160417318344, 1.070773959159851, 1.4557241201400757, 0.07440000027418137, -0.9786500930786133, -0.9357819557189941]
[-0.03909876197576523, 0.0064581092447042465, 0.362179160118103, 1.5706864595413208, -0.09692434966564178, 1.1706979274749756] [0.30223995447158813, 0.10887204110622406, 0.12728004157543182, 1.070773959159851, 1.4557241201400757, 0.07440000027418137, -0.9602420330047607, -0.9189079999923706]
[-0.04279394447803497, 0.00654252152889967, 0.35838398337364197, 1.5789449214935303, -0.08381035923957825, 1.1706433296203613] [0.33598798513412476, 0.10887204110622406, 0.11807604134082794, 1.0692399740219116, 1.4557241201400757, 0.07479999959468842, -0.9418340921401978, -0.9004999995231628]
[-0.045781780034303665, 0.006557263899594545, 0.35487625002861023, 1.5874391794204712, -0.07247532159090042, 1.1673133373260498] [0.37126997113227844, 0.10733804106712341, 0.11194004118442535, 1.0646380186080933, 1.4541900157928467, 0.07479999959468842, -0.9249600768089294, -0.885159969329834]
[-0.04850153252482414, 0.006484294775873423, 0.3513987362384796, 1.5961157083511353, -0.06137629225850105, 1.1642204523086548] [0.39734798669815063, 0.10887204110622406, 0.10733804106712341, 1.0631040334701538, 1.4526560306549072, 0.07440000027418137, -0.9172900915145874, -0.8790239691734314]
[-0.05014030635356903, 0.0062746815383434296, 0.3489863872528076, 1.599338173866272, -0.05307891592383385, 1.1553468704223633] [0.41422197222709656, 0.10887204110622406, 0.10273604094982147, 1.0477639436721802, 1.4511220455169678, 0.07479999959468842, -0.9157560467720032, -0.8774899840354919]
[-0.05060679093003273, 0.006211451254785061, 0.3472064137458801, 1.603372573852539, -0.045786257833242416, 1.149628758430481] [0.42342597246170044, 0.11040604114532471, 0.09660004079341888, 1.0477639436721802, 1.4511220455169678, 0.07440000027418137, -0.9157560467720032, -0.8774899840354919]
[-0.05102752149105072, 0.006034757476300001, 0.3456113338470459, 1.6021603345870972, -0.03654496744275093, 1.1492916345596313] [0.4310959577560425, 0.10887204110622406, 0.09199804067611694, 1.0477639436721802, 1.4511220455169678, 0.07440000027418137, -0.9157560467720032, -0.8774899840354919]
[-0.05133983492851257, 0.006154434289783239, 0.3454485833644867, 1.6051340103149414, -0.037430379539728165, 1.1505712270736694] [0.4326299726963043, 0.11040604114532471, 0.09199804067611694, 1.0477639436721802, 1.4511220455169678, 0.07479999959468842, -0.9157560467720032, -0.8774899840354919]
[-0.05103083327412605, 0.005938353016972542, 0.3452587425708771, 1.6042629480361938, -0.03563675284385681, 1.1477532386779785] [0.4326299726963043, 0.10887204110622406, 0.0904640406370163, 1.0431619882583618, 1.4511220455169678, 0.07479999959468842, -0.9157560467720032, -0.8790239691734314]
[-0.050656091421842575, 0.005889297462999821, 0.34515100717544556, 1.6030611991882324, -0.034864917397499084, 1.144719123840332] [0.4326299726963043, 0.10887204110622406, 0.0904640406370163, 1.0431619882583618, 1.4495880603790283, 0.07479999959468842, -0.9188240766525269, -0.8820919990539551]
[-0.0500427670776844, 0.005807578098028898, 0.34499338269233704, 1.6061813831329346, -0.03361964598298073, 1.1416432857513428] [0.4326299726963043, 0.10887204110622406, 0.0904640406370163, 1.0385600328445435, 1.4495880603790283, 0.07479999959468842, -0.9234260320663452, -0.8882279992103577]
[-0.0491318479180336, 0.005786388646811247, 0.3444172739982605, 1.6081181764602661, -0.030055558308959007, 1.1402149200439453] [0.4326299726963043, 0.10887204110622406, 0.08893004059791565, 1.0385600328445435, 1.4495880603790283, 0.07440000027418137, -0.9280280470848083, -0.8943639993667603]
[-0.04817188158631325, 0.0057148742489516735, 0.3439234793186188, 1.611180305480957, -0.027769479900598526, 1.1385841369628906] [0.4310959577560425, 0.10887204110622406, 0.08893004059791565, 1.032423973083496, 1.4480540752410889, 0.07479999959468842, -0.9326300621032715, -0.8989659547805786]
[-0.0464041642844677, 0.0053759184665977955, 0.3435325622558594, 1.6145201921463013, -0.024972807615995407, 1.1294916868209839] [0.4310959577560425, 0.10733804106712341, 0.08893004059791565, 1.0247540473937988, 1.4465200901031494, 0.07479999959468842, -0.9372320771217346, -0.9035679697990417]
[-0.04495587199926376, 0.005118423607200384, 0.3429713845252991, 1.6180148124694824, -0.021712832152843475, 1.1248995065689087] [0.429561972618103, 0.10733804106712341, 0.08893004059791565, 1.0232199430465698, 1.44498610496521, 0.07440000027418137, -0.9464360475540161, -0.9158399701118469]
[-0.04273702949285507, 0.004788659047335386, 0.3434002697467804, 1.6161025762557983, -0.020803648978471756, 1.1188857555389404] [0.421891987323761, 0.10580404102802277, 0.08893004059791565, 1.0155500173568726, 1.44498610496521, 0.07440000027418137, -0.9571740627288818, -0.9281119704246521]
[-0.040345534682273865, 0.004622065462172031, 0.3425440192222595, 1.6241123676300049, -0.01571345143020153, 1.1127551794052124] [0.4188239574432373, 0.10427004098892212, 0.08893004059791565, 1.014016032218933, 1.44498610496521, 0.07479999959468842, -0.9725140333175659, -0.9419180154800415]
[-0.03748715668916702, 0.004264816641807556, 0.3415106534957886, 1.6346086263656616, -0.01080274023115635, 1.1079254150390625] [0.4188239574432373, 0.10427004098892212, 0.0904640406370163, 1.0094139575958252, 1.4434521198272705, 0.07479999959468842, -0.9786500930786133, -0.9480539560317993]
[-0.036047257483005524, 0.0041299788281321526, 0.34078142046928406, 1.6399041414260864, -0.007027898915112019, 1.1033416986465454] [0.4188239574432373, 0.10427004098892212, 0.09199804067611694, 1.001744031906128, 1.4434521198272705, 0.07440000027418137, -0.9878540635108948, -0.9572579860687256]
[-0.03394440934062004, 0.003862038953229785, 0.3403184711933136, 1.6470468044281006, -0.0051711867563426495, 1.0953391790390015] [0.4157559871673584, 0.10273604094982147, 0.09353204071521759, 0.9956079721450806, 1.4434521198272705, 0.07479999959468842, -0.9985920786857605, -0.9679960012435913]
[-0.031237134709954262, 0.0032932437025010586, 0.3399219810962677, 1.6527808904647827, -0.0022278311662375927, 1.0860848426818848] [0.4126879572868347, 0.10427004098892212, 0.09660004079341888, 0.9864040017127991, 1.4434521198272705, 0.07479999959468842, -1.0093300342559814, -0.978734016418457]
[-0.028576456010341644, 0.0029959636740386486, 0.3403342068195343, 1.6540164947509766, -0.0021560315508395433, 1.079808235168457] [0.39734798669815063, 0.10120204091072083, 0.09506604075431824, 0.9818019866943359, 1.4373160600662231, 0.07440000027418137, -1.0216020345687866, -0.9940739870071411]
[-0.02473604865372181, 0.0024180528707802296, 0.34126660227775574, 1.6295835971832275, -0.0020864158868789673, 1.0710300207138062] [0.37740597128868103, 0.10120204091072083, 0.09506604075431824, 0.9741320013999939, 1.4112380743026733, 0.07440000027418137, -1.0369420051574707, -1.0078799724578857]
[-0.0219306331127882, 0.0021334358025342226, 0.3418384790420532, 1.6082189083099365, -0.002692259382456541, 1.065017819404602] [0.363599956035614, 0.09966804087162018, 0.09506604075431824, 0.9710639715194702, 1.402034044265747, 0.07479999959468842, -1.0522820949554443, -1.0232199430465698]
[-0.01885136030614376, 0.0018047558842226863, 0.3424651622772217, 1.5846402645111084, -0.004102878272533417, 1.0634911060333252] [0.3436579704284668, 0.09813404083251953, 0.09506604075431824, 0.9710639715194702, 1.3698201179504395, 0.07440000027418137, -1.0752921104431152, -1.0492980480194092]
[-0.014621096663177013, 0.0014180706348270178, 0.34306588768959045, 1.5645473003387451, -0.004173938184976578, 1.0603986978530884] [0.31911396980285645, 0.09660004079341888, 0.09506604075431824, 0.9710639715194702, 1.3621500730514526, 0.07440000027418137, -1.1029040813446045, -1.0769100189208984]
[-0.010765289887785912, 0.0014317136956378818, 0.3435289263725281, 1.555092692375183, -0.004264727234840393, 1.0603406429290771] [0.29303598403930664, 0.09660004079341888, 0.09506604075431824, 0.9710639715194702, 1.3468101024627686, 0.07440000027418137, -1.1366521120071411, -1.109123945236206]
[-0.004864215850830078, 0.0009148505050688982, 0.34362995624542236, 1.5394113063812256, -0.0004152442270424217, 1.0551936626434326] [0.26082196831703186, 0.09660004079341888, 0.09506604075431824, 0.9710639715194702, 1.3391400575637817, 0.07479999959468842, -1.1657980680465698, -1.1413379907608032]
[0.0002688092936296016, 0.001123501337133348, 0.34354060888290405, 1.533625602722168, 0.003776493016630411, 1.0551429986953735] [0.23167596757411957, 0.09660004079341888, 0.09506604075431824, 0.9710639715194702, 1.3268680572509766, 0.07479999959468842, -1.1949440240859985, -1.170483946800232]
[0.005663715302944183, 0.000877188635058701, 0.3435496985912323, 1.5184859037399292, 0.0038197822868824005, 1.05452561378479] [0.19792796671390533, 0.09660004079341888, 0.09506604075431824, 0.9710639715194702, 1.3069260120391846, 0.07479999959468842, -1.2271580696105957, -1.1996300220489502]
[0.010957839898765087, 0.0007137898937799037, 0.34285083413124084, 1.4986228942871094, 0.005315976683050394, 1.0542839765548706] [0.17184996604919434, 0.09660004079341888, 0.09506604075431824, 0.9710639715194702, 1.2839161157608032, 0.07440000027418137, -1.2501680850982666, -1.2241740226745605]
[0.015994077548384666, 0.0005784804816357791, 0.3420930802822113, 1.4685132503509521, 0.005181831773370504, 1.0539145469665527] [0.14730596542358398, 0.09660004079341888, 0.09660004079341888, 0.9710639715194702, 1.2378960847854614, 0.06160000339150429, -1.274712085723877, -1.2502520084381104]
[0.02098754607141018, -7.17680377420038e-05, 0.3418772518634796, 1.440922498703003, 0.003686177311465144, 1.0506006479263306] [0.12582996487617493, 0.08893004059791565, 0.09660004079341888, 0.9710639715194702, 1.231760025024414, 0.07440000027418137, -1.294654130935669, -1.2686599493026733]
[0.025633590295910835, -0.00019940493803005666, 0.3420324921607971, 1.4373514652252197, 0.0019128192216157913, 1.0469651222229004] [0.10742195695638657, 0.087396040558815, 0.09813404083251953, 0.9710639715194702, 1.2302260398864746, 0.07440000027418137, -1.3145960569381714, -1.2870680093765259]
[0.031226113438606262, -0.0012601508060470223, 0.34260135889053345, 1.430992603302002, -0.0018300852971151471, 1.0386067628860474] [0.08441196382045746, 0.07665804028511047, 0.10120204091072083, 0.9695299863815308, 1.2240900993347168, 0.07440000027418137, -1.3391400575637817, -1.3162139654159546]
[0.036670297384262085, -0.002534836530685425, 0.34211087226867676, 1.4271968603134155, -0.0014924623537808657, 1.026538610458374] [0.06753796339035034, 0.07359004020690918, 0.10427004098892212, 0.958791971206665, 1.2240900993347168, 0.07440000027418137, -1.3468101024627686, -1.3208160400390625]
[0.040006041526794434, -0.0029654931277036667, 0.34001249074935913, 1.4380944967269897, 0.004999067634344101, 1.0158941745758057] [0.06753796339035034, 0.07205604016780853, 0.10427004098892212, 0.9419180154800415, 1.2240900993347168, 0.07440000027418137, -1.3468101024627686, -1.3208160400390625]
[0.044460490345954895, -0.005310285836458206, 0.3388914465904236, 1.4402025938034058, 0.011929717846214771, 0.981205403804779] [0.0629359632730484, 0.0643860399723053, 0.10733804106712341, 0.9066359996795654, 1.2225561141967773, 0.07440000027418137, -1.348344087600708, -1.322350025177002]
[0.04852456599473953, -0.00848802737891674, 0.3385695815086365, 1.443334937095642, 0.01343618519604206, 0.9453582763671875] [0.061401963233947754, 0.05825003981590271, 0.11807604134082794, 0.8790239691734314, 1.2225561141967773, 0.07440000027418137, -1.348344087600708, -1.322350025177002]
[0.051752131432294846, -0.010248509235680103, 0.33877038955688477, 1.4565393924713135, 0.010196343995630741, 0.9143293499946594] [0.061401963233947754, 0.05825003981590271, 0.13188204169273376, 0.8652179837226868, 1.2240900993347168, 0.07440000027418137, -1.3468101024627686, -1.322350025177002]
[0.052253156900405884, -0.010520323179662228, 0.3393661677837372, 1.463644027709961, 0.004188878927379847, 0.9112094044685364] [0.0629359632730484, 0.05825003981590271, 0.139552041888237, 0.8652179837226868, 1.2240900993347168, 0.07440000027418137, -1.348344087600708, -1.3208160400390625]
[0.05181712284684181, -0.010087281465530396, 0.3398350477218628, 1.4653247594833374, 0.0007814301061443985, 0.9151697158813477] [0.0629359632730484, 0.061318039894104004, 0.1426200419664383, 0.8682860136032104, 1.2240900993347168, 0.07440000027418137, -1.345276117324829, -1.3162139654159546]
[0.05098791792988777, -0.009817912243306637, 0.3408198654651642, 1.4629757404327393, -0.003939684946089983, 0.9193536639213562] [0.061401963233947754, 0.061318039894104004, 0.14108604192733765, 0.8728879690170288, 1.2256240844726562, 0.07440000027418137, -1.3437421321868896, -1.3146799802780151]
[0.050629712641239166, -0.009786765091121197, 0.3413213789463043, 1.462081789970398, -0.004934045020490885, 0.9196538925170898] [0.05986796319484711, 0.061318039894104004, 0.14108604192733765, 0.8744219541549683, 1.2302260398864746, 0.07440000027418137, -1.3376060724258423, -1.3070099353790283]
[0.04989468678832054, -0.009983411058783531, 0.34225746989250183, 1.4791265726089478, -0.00667274184525013, 0.9199267029762268] [0.061401963233947754, 0.05825003981590271, 0.1334160417318344, 0.8759559988975525, 1.2578380107879639, 0.07440000027418137, -1.3207321166992188, -1.2886019945144653]
[0.047739725559949875, -0.01099377404898405, 0.34259793162345886, 1.4785313606262207, -0.0015402220888063312, 0.9157736897468567] [0.06907196342945099, 0.04904603958129883, 0.12881404161453247, 0.8759559988975525, 1.2609061002731323, 0.07440000027418137, -1.3053920269012451, -1.2717280387878418]
[0.045562904328107834, -0.012404121458530426, 0.34319180250167847, 1.4688613414764404, 0.0014655785635113716, 0.9096969366073608] [0.07674196362495422, 0.04137603938579559, 0.11807604134082794, 0.8774899840354919, 1.2655080556869507, 0.07440000027418137, -1.2885180711746216, -1.2563879489898682]
[0.043357569724321365, -0.013836516998708248, 0.34326836466789246, 1.4681320190429688, 0.0050275893881917, 0.9030553102493286] [0.08747996389865875, 0.030638039112091064, 0.11194004118442535, 0.8805580139160156, 1.271644115447998, 0.07440000027418137, -1.2762460708618164, -1.244115948677063]
[0.040970899164676666, -0.014361847192049026, 0.3440524935722351, 1.4648233652114868, 0.004205182660371065, 0.9004524350166321] [0.09821796417236328, 0.02757003903388977, 0.10887204110622406, 0.8805580139160156, 1.2731781005859375, 0.07440000027418137, -1.2609061002731323, -1.228775978088379]
[0.03920149430632591, -0.01458676066249609, 0.3439777195453644, 1.4636139869689941, 0.006231676321476698, 0.8994026184082031] [0.10895595699548721, 0.02757003903388977, 0.10733804106712341, 0.8805580139160156, 1.2793140411376953, 0.07440000027418137, -1.2486340999603271, -1.2149699926376343]
[0.03429979830980301, -0.01604333333671093, 0.3442709147930145, 1.4753777980804443, 0.006963755935430527, 0.8997824788093567] [0.1350339651107788, 0.001492038369178772, 0.09966804087162018, 0.8958979845046997, 1.2977221012115479, 0.07440000027418137, -1.2179540395736694, -1.1842899322509766]
[0.0329107865691185, -0.01990119367837906, 0.34348204731941223, 1.4792157411575317, 0.014476343058049679, 0.8794167041778564] [0.15497596561908722, -0.021517962217330933, 0.09660004079341888, 0.8974319696426392, 1.3038580417633057, 0.07479999959468842, -1.1918760538101196, -1.1612800359725952]
[0.02987981028854847, -0.023836055770516396, 0.34293457865715027, 1.486370325088501, 0.01883355714380741, 0.8584260940551758] [0.17951996624469757, -0.04299396276473999, 0.09506604075431824, 0.9004999995231628, 1.3161300420761108, 0.07440000027418137, -1.1657980680465698, -1.132133960723877]
[0.02626137062907219, -0.027979766950011253, 0.34240061044692993, 1.5009281635284424, 0.022929972037672997, 0.8359273672103882] [0.20559796690940857, -0.06446996331214905, 0.09506604075431824, 0.9035679697990417, 1.328402042388916, 0.07440000027418137, -1.1443220376968384, -1.109123945236206]
[0.023001953959465027, -0.03064935840666294, 0.3425934314727783, 1.5017955303192139, 0.023084396496415138, 0.8239002227783203] [0.22553996741771698, -0.08441196382045746, 0.09199804067611694, 0.9081699848175049, 1.3391400575637817, 0.07440000027418137, -1.1182440519332886, -1.0876480340957642]
[0.019251855090260506, -0.03337511047720909, 0.34293365478515625, 1.506080985069275, 0.02311553992331028, 0.8089849352836609] [0.2454819679260254, -0.09975196421146393, 0.09199804067611694, 0.9081699848175049, 1.3468101024627686, 0.07440000027418137, -1.0998361110687256, -1.0677059888839722]
[0.01663813181221485, -0.035927023738622665, 0.3432447910308838, 1.5079660415649414, 0.02167804166674614, 0.7952290177345276] [0.26082196831703186, -0.11355795711278915, 0.0904640406370163, 0.9143059849739075, 1.351412057876587, 0.07440000027418137, -1.0798940658569336, -1.0492980480194092]
[0.012794620357453823, -0.03700949251651764, 0.34333330392837524, 1.5088032484054565, 0.019746840000152588, 0.7966850996017456] [0.27616196870803833, -0.13043196499347687, 0.08893004059791565, 0.9327139854431152, 1.3544800281524658, 0.07440000027418137, -1.0645540952682495, -1.0339579582214355]
[0.009547123685479164, -0.03969625011086464, 0.3433726131916046, 1.5102779865264893, 0.0179093386977911, 0.7905049920082092] [0.28996795415878296, -0.15190796554088593, 0.087396040558815, 0.9449859857559204, 1.3606160879135132, 0.07440000027418137, -1.0400100946426392, -1.0109479427337646]
[0.006101442966610193, -0.04304956644773483, 0.3434067368507385, 1.5068376064300537, 0.017509574070572853, 0.775513231754303] [0.3083759546279907, -0.16878196597099304, 0.08586204051971436, 0.9480539560317993, 1.3652180433273315, 0.07440000027418137, -1.0200680494308472, -0.989471971988678]
[0.003152495017275214, -0.044696226716041565, 0.34313714504241943, 1.5073715448379517, 0.01865723356604576, 0.7665611505508423] [0.3237159848213196, -0.18258796632289886, 0.08432804048061371, 0.9480539560317993, 1.371354103088379, 0.07440000027418137, -0.9985920786857605, -0.9679960012435913]
[0.00012960794265381992, -0.046229250729084015, 0.34323474764823914, 1.507788896560669, 0.016434218734502792, 0.7573025822639465] [0.33905595541000366, -0.1902579665184021, 0.08432804048061371, 0.951121985912323, 1.3759560585021973, 0.07440000027418137, -0.9786500930786133, -0.951121985912323]
[-0.003539563389495015, -0.047324344515800476, 0.3437957763671875, 1.507184624671936, 0.01092752255499363, 0.7572389245033264] [0.3528619706630707, -0.20713196694850922, 0.08126004040241241, 0.9818019866943359, 1.3805580139160156, 0.07440000027418137, -0.9663780927658081, -0.9388499855995178]
[-0.00900033488869667, -0.04959554970264435, 0.34433430433273315, 1.5001575946807861, 0.00798837374895811, 0.7684715986251831] [0.3574639558792114, -0.2362779676914215, 0.07359004020690918, 1.0109479427337646, 1.3882280588150024, 0.07440000027418137, -0.9571740627288818, -0.9342479705810547]
[-0.012180211953818798, -0.05174702778458595, 0.34478262066841125, 1.4938219785690308, 0.008591079153120518, 0.7739448547363281] [0.3574639558792114, -0.26388996839523315, 0.06285203993320465, 1.0477639436721802, 1.3943641185760498, 0.07440000027418137, -0.9525720477104187, -0.9342479705810547]
[-0.014858226291835308, -0.05400595813989639, 0.34482482075691223, 1.489575982093811, 0.011221297085285187, 0.7791590094566345] [0.3574639558792114, -0.2976379692554474, 0.05364803969860077, 1.090716004371643, 1.3989660739898682, 0.07440000027418137, -0.9479700326919556, -0.9327139854431152]
[-0.01792057976126671, -0.05621521547436714, 0.3449607193470001, 1.4846512079238892, 0.011402079835534096, 0.7872124314308167] [0.355929970741272, -0.3206479549407959, 0.04751203954219818, 1.1244640350341797, 1.4035680294036865, 0.07440000027418137, -0.9403000473976135, -0.9327139854431152]
[-0.022045738995075226, -0.05814294517040253, 0.3451010584831238, 1.4795821905136108, 0.010685945861041546, 0.8029478192329407] [0.3574639558792114, -0.35899797081947327, 0.04137603938579559, 1.1689499616622925, 1.405102014541626, 0.07479999959468842, -0.9372320771217346, -0.9296460151672363]
[-0.025438563898205757, -0.06114223599433899, 0.3447428345680237, 1.4744362831115723, 0.014577015303075314, 0.809673011302948] [0.3574639558792114, -0.3958139717578888, 0.03370603919029236, 1.208833932876587, 1.4097040891647339, 0.07440000027418137, -0.9295620918273926, -0.9219759702682495]
[-0.028689594939351082, -0.06409638375043869, 0.34459277987480164, 1.4699031114578247, 0.017925318330526352, 0.811657726764679] [0.3574639558792114, -0.42649397253990173, 0.021434038877487183, 1.244115948677063, 1.4158400297164917, 0.07440000027418137, -0.9203580617904663, -0.912771999835968]
[-0.03281686455011368, -0.06656543165445328, 0.3439812660217285, 1.4712640047073364, 0.026682564988732338, 0.8185257911682129] [0.3574639558792114, -0.4510379731655121, 0.006094038486480713, 1.279397964477539, 1.4311801195144653, 0.07440000027418137, -0.91115403175354, -0.9035679697990417]
[-0.036383453756570816, -0.06717048585414886, 0.34372785687446594, 1.4758274555206299, 0.0325155183672905, 0.8310660123825073] [0.3574639558792114, -0.46944597363471985, -0.00771196186542511, 1.3039419651031494, 1.4465200901031494, 0.07440000027418137, -0.9004160761833191, -0.8928300142288208]
[-0.03976287320256233, -0.06865376234054565, 0.34367114305496216, 1.4839929342269897, 0.03674888610839844, 0.8373374342918396] [0.3574639558792114, -0.49245595932006836, -0.019983962178230286, 1.3361560106277466, 1.4664621353149414, 0.07440000027418137, -0.8912120461463928, -0.8836259841918945]
[-0.04255523905158043, -0.06976772099733353, 0.34355220198631287, 1.4905651807785034, 0.04119201749563217, 0.8403964638710022] [0.3574639558792114, -0.5047279596328735, -0.029187962412834167, 1.3468940258026123, 1.4772000312805176, 0.07440000027418137, -0.8850760459899902, -0.8774899840354919]
[-0.04506373032927513, -0.06948604434728622, 0.34346598386764526, 1.4902535676956177, 0.043699316680431366, 0.8510282039642334] [0.355929970741272, -0.5093299746513367, -0.03225596249103546, 1.3683700561523438, 1.4772000312805176, 0.07440000027418137, -0.8850760459899902, -0.8790239691734314]
[-0.04674644395709038, -0.06972871720790863, 0.343792200088501, 1.4880694150924683, 0.041398514062166214, 0.8570310473442078] [0.3574639558792114, -0.5139319896697998, -0.03225596249103546, 1.3699040412902832, 1.4772000312805176, 0.07479999959468842, -0.8866100311279297, -0.8805580139160156]
[-0.04674277827143669, -0.06972970068454742, 0.3440098166465759, 1.4883215427398682, 0.03979995846748352, 0.8570250272750854] [0.355929970741272, -0.5139319896697998, -0.029187962412834167, 1.3699040412902832, 1.4741320610046387, 0.07440000027418137, -0.8912120461463928, -0.8836259841918945]
[-0.045513346791267395, -0.07033556699752808, 0.34440526366233826, 1.4874502420425415, 0.0367593877017498, 0.8493607640266418] [0.3574639558792114, -0.5154659748077393, -0.024585962295532227, 1.3622339963912964, 1.4710640907287598, 0.07440000027418137, -0.9019500613212585, -0.8943639993667603]
[-0.04345908388495445, -0.0708574652671814, 0.3440716862678528, 1.486703872680664, 0.038802362978458405, 0.8403114080429077] [0.3543959856033325, -0.5154659748077393, -0.021517962217330933, 1.3484280109405518, 1.463394045829773, 0.07440000027418137, -0.9126880764961243, -0.9066359996795654]
[-0.04119597002863884, -0.0715838298201561, 0.34404850006103516, 1.480076789855957, 0.04432975500822067, 0.8222873210906982] [0.35132795572280884, -0.5169999599456787, -0.01844996213912964, 1.3392239809036255, 1.4434521198272705, 0.07440000027418137, -0.931096076965332, -0.923509955406189]
[-0.03927978128194809, -0.07245352864265442, 0.3441050350666046, 1.454055666923523, 0.05118606984615326, 0.8105483055114746] [0.3436579704284668, -0.5246700048446655, -0.015381962060928345, 1.3346220254898071, 1.421976089477539, 0.07440000027418137, -0.9479700326919556, -0.9403839707374573]
[-0.036335207521915436, -0.07422168552875519, 0.34363219141960144, 1.4515255689620972, 0.05714092403650284, 0.7959046363830566] [0.3375219702720642, -0.533873975276947, -0.009245961904525757, 1.3315539360046387, 1.4158400297164917, 0.07440000027418137, -0.9663780927658081, -0.9557240009307861]
[-0.03205376863479614, -0.07555360347032547, 0.34335458278656006, 1.457843542098999, 0.06012852117419243, 0.7832152843475342] [0.3313859701156616, -0.5369420051574707, -0.003109961748123169, 1.3208160400390625, 1.406636118888855, 0.07440000027418137, -0.9909220933914185, -0.9833359718322754]
[-0.027139225974678993, -0.0772201418876648, 0.34332430362701416, 1.453967571258545, 0.06056933477520943, 0.7678815126419067] [0.317579984664917, -0.5492140054702759, 0.006094038486480713, 1.3162139654159546, 1.3974320888519287, 0.07440000027418137, -1.0185340642929077, -1.0063459873199463]
[-0.023043178021907806, -0.07963234931230545, 0.34386247396469116, 1.4560660123825073, 0.058170318603515625, 0.7507760524749756] [0.3053079843521118, -0.5584179759025574, 0.019900038838386536, 1.30240797996521, 1.389762043952942, 0.07440000027418137, -1.0369420051574707, -1.0262880325317383]
[-0.017031343653798103, -0.08118296414613724, 0.3440420925617218, 1.452004075050354, 0.05573844909667969, 0.7318724393844604] [0.29303598403930664, -0.5584179759025574, 0.03217203915119171, 1.2870680093765259, 1.3744220733642578, 0.07440000027418137, -1.061486005783081, -1.052366018295288]
[-0.011548599228262901, -0.08291124552488327, 0.3439447283744812, 1.4509491920471191, 0.05585640296339989, 0.7104003429412842] [0.28076398372650146, -0.5584179759025574, 0.039842039346694946, 1.264057993888855, 1.3698201179504395, 0.07440000027418137, -1.084496021270752, -1.0769100189208984]
[-0.005220506805926561, -0.08511771261692047, 0.34445497393608093, 1.453811764717102, 0.054112400859594345, 0.688791036605835] [0.2623559832572937, -0.5660879611968994, 0.04751203954219818, 1.2579219341278076, 1.3698201179504395, 0.07440000027418137, -1.1105740070343018, -1.1029880046844482]
[-0.0008572018705308437, -0.08604732155799866, 0.3445679545402527, 1.4560108184814453, 0.05264086276292801, 0.6826664209365845] [0.24701596796512604, -0.5691559910774231, 0.05364803969860077, 1.2563879489898682, 1.3621500730514526, 0.07440000027418137, -1.1335840225219727, -1.1259980201721191]
[0.004091958981007338, -0.08698473125696182, 0.3447055220603943, 1.454785943031311, 0.050721947103738785, 0.6730245351791382] [0.22860796749591827, -0.5676219463348389, 0.061318039894104004, 1.2425819635391235, 1.3590821027755737, 0.07440000027418137, -1.1535260677337646, -1.1428719758987427]
[0.009810098446905613, -0.08872926235198975, 0.34443399310112, 1.4598263502120972, 0.05169379711151123, 0.6512120962142944] [0.2132679671049118, -0.5691559910774231, 0.06592004001140594, 1.2180379629135132, 1.3590821027755737, 0.07440000027418137, -1.1719341278076172, -1.1658819913864136]
[0.014803709462285042, -0.09048808366060257, 0.34450823068618774, 1.459552526473999, 0.051310520619153976, 0.6328945755958557] [0.1933259665966034, -0.5691559910774231, 0.06898804008960724, 1.2042319774627686, 1.3560140132904053, 0.07440000027418137, -1.1918760538101196, -1.1858240365982056]
[0.018841171637177467, -0.09108226746320724, 0.3442235291004181, 1.4630776643753052, 0.052011165767908096, 0.6268616318702698] [0.17338396608829498, -0.5691559910774231, 0.07205604016780853, 1.2011640071868896, 1.3560140132904053, 0.07440000027418137, -1.2118180990219116, -1.202697992324829]
[0.023627150803804398, -0.09206066280603409, 0.343776673078537, 1.4636962413787842, 0.05412221699953079, 0.616281270980835] [0.1611119657754898, -0.5676219463348389, 0.07205604016780853, 1.1858240365982056, 1.3560140132904053, 0.07440000027418137, -1.2225561141967773, -1.2149699926376343]
[0.0269298292696476, -0.09322211891412735, 0.3433719277381897, 1.4637842178344727, 0.05709005519747734, 0.6026597619056702] [0.14730596542358398, -0.5691559910774231, 0.07205604016780853, 1.1689499616622925, 1.3575481176376343, 0.07440000027418137, -1.2378960847854614, -1.2318439483642578]
[0.031724587082862854, -0.09481417387723923, 0.344014972448349, 1.461411714553833, 0.05334532633423805, 0.5856819748878479] [0.12582996487617493, -0.5691559910774231, 0.07359004020690918, 1.1582119464874268, 1.3560140132904053, 0.07440000027418137, -1.2593721151351929, -1.2548539638519287]
[0.03506551682949066, -0.09532338380813599, 0.3441575765609741, 1.4604158401489258, 0.05161989852786064, 0.5811123251914978] [0.10588795691728592, -0.5691559910774231, 0.07359004020690918, 1.1566779613494873, 1.3560140132904053, 0.07440000027418137, -1.2762460708618164, -1.2717280387878418]
[0.03825566545128822, -0.09566710889339447, 0.34435346722602844, 1.4576414823532104, 0.04956672340631485, 0.5780628323554993] [0.0890139639377594, -0.5676219463348389, 0.07359004020690918, 1.1444059610366821, 1.3560140132904053, 0.07440000027418137, -1.290052056312561, -1.284000039100647]
[0.042580440640449524, -0.09736510366201401, 0.3437024652957916, 1.457745909690857, 0.052600812166929245, 0.5582789182662964] [0.07520796358585358, -0.5676219463348389, 0.07359004020690918, 1.1152600049972534, 1.3544800281524658, 0.07440000027418137, -1.3038580417633057, -1.2978060245513916]
[0.04673387110233307, -0.09985264390707016, 0.3432040810585022, 1.4568943977355957, 0.05470173805952072, 0.5338738560676575] [0.05679996311664581, -0.5676219463348389, 0.07359004020690918, 1.0999200344085693, 1.3544800281524658, 0.07479999959468842, -1.3207321166992188, -1.3162139654159546]
[0.052252013236284256, -0.10200749337673187, 0.3438194990158081, 1.4484537839889526, 0.05169600993394852, 0.5079163908958435] [0.035323962569236755, -0.5676219463348389, 0.07359004020690918, 1.0631040334701538, 1.351412057876587, 0.07440000027418137, -1.3299360275268555, -1.3238840103149414]
[0.05625328794121742, -0.10487037152051926, 0.3420977294445038, 1.449806571006775, 0.061142001301050186, 0.4774099290370941] [0.03378996253013611, -0.5660879611968994, 0.07359004020690918, 1.035491943359375, 1.351412057876587, 0.07440000027418137, -1.331470012664795, -1.3238840103149414]
[0.058671534061431885, -0.10738828033208847, 0.3411168158054352, 1.4481950998306274, 0.06642434000968933, 0.4516346752643585] [0.03225596249103546, -0.5676219463348389, 0.07359004020690918, 1.0078799724578857, 1.351412057876587, 0.07479999959468842, -1.3299360275268555, -1.3238840103149414]
[0.06068429350852966, -0.10987333953380585, 0.34044939279556274, 1.4480035305023193, 0.06939832866191864, 0.4272029399871826] [0.030721962451934814, -0.5660879611968994, 0.07359004020690918, 0.9956079721450806, 1.351412057876587, 0.07440000027418137, -1.331470012664795, -1.3238840103149414]
[0.06107630208134651, -0.11017444729804993, 0.3402066230773926, 1.449902057647705, 0.07072623819112778, 0.42416810989379883] [0.030721962451934814, -0.5660879611968994, 0.07359004020690918, 0.9956079721450806, 1.351412057876587, 0.07440000027418137, -1.331470012664795, -1.3238840103149414]
[0.061252765357494354, -0.11023052781820297, 0.340972900390625, 1.4505294561386108, 0.06590812653303146, 0.4235941171646118] [0.026119962334632874, -0.5660879611968994, 0.08586204051971436, 0.9956079721450806, 1.3498780727386475, 0.07440000027418137, -1.3299360275268555, -1.3238840103149414]
[0.06219373270869255, -0.11094536632299423, 0.3533414900302887, 1.4741848707199097, -0.01855149120092392, 0.41569581627845764] [-0.003026038408279419, -0.5676219463348389, 0.2407960444688797, 0.9725979566574097, 1.351412057876587, 0.07440000027418137, -1.3299360275268555, -1.3238840103149414]
[0.0663752555847168, -0.1270311027765274, 0.38051366806030273, 1.673071026802063, -0.238326296210289, 0.26686224341392517] [-0.003026038408279419, -0.5660879611968994, 0.5844120383262634, 0.8038579821586609, 1.351412057876587, 0.07440000027418137, -1.331470012664795, -1.3238840103149414]
[0.0681653618812561, -0.16824139654636383, 0.39685267210006714, 2.094104766845703, -0.3580164313316345, -0.10651758313179016] [0.013847962021827698, -0.56455397605896, 0.9878540635108948, 0.5691559910774231, 1.351412057876587, 0.07440000027418137, -1.331470012664795, -1.3238840103149414]
[0.06577902287244797, -0.19875386357307434, 0.3905979096889496, 2.4310336112976074, -0.2772408425807953, -0.36866509914398193] [0.02305196225643158, -0.561486005783081, 1.271644115447998, 0.36820197105407715, 1.351412057876587, 0.07440000027418137, -1.331470012664795, -1.3254179954528809]
[0.06254024803638458, -0.2192395031452179, 0.3736410439014435, 2.7157206535339355, -0.11464768648147583, -0.522545337677002] [0.030721962451934814, -0.5630199909210205, 1.5293561220169067, 0.15190796554088593, 1.3529460430145264, 0.07479999959468842, -1.3299360275268555, -1.3238840103149414]
[0.06008235365152359, -0.2285781055688858, 0.35281842947006226, 2.983124017715454, 0.07500800490379333, -0.5762885212898254] [0.03378996253013611, -0.5630199909210205, 1.768660068511963, 0.029187962412834167, 1.351412057876587, 0.07440000027418137, -1.331470012664795, -1.3254179954528809]
[0.05894600972533226, -0.23017224669456482, 0.34743207693099976, 3.0814125537872314, 0.10813470184803009, -0.5801180601119995] [0.05986796319484711, -0.5630199909210205, 1.8208160400390625, 0.026119962334632874, 1.3544800281524658, 0.07440000027418137, -1.331470012664795, -1.3254179954528809]
[0.05843965709209442, -0.23007388412952423, 0.3403446674346924, 3.0719733238220215, 0.1420462280511856, -0.5814792513847351] [0.09821796417236328, -0.561486005783081, 1.822350025177002, 0.026119962334632874, 1.363684058189392, 0.07320000231266022, -1.331470012664795, -1.3254179954528809]
[0.057193536311388016, -0.23006871342658997, 0.3311960995197296, 3.0427229404449463, 0.18607179820537567, -0.5863918662071228] [0.15037396550178528, -0.561486005783081, 1.822350025177002, 0.026119962334632874, 1.363684058189392, 0.07320000231266022, -1.331470012664795, -1.3254179954528809]
[0.05541856214404106, -0.2298848032951355, 0.3214711844921112, 3.012110710144043, 0.23262986540794373, -0.5914441347122192] [0.20866596698760986, -0.5599519610404968, 1.822350025177002, 0.026119962334632874, 1.3621500730514526, 0.07320000231266022, -1.331470012664795, -1.3254179954528809]
[0.053625643253326416, -0.22963103652000427, 0.31382104754447937, 2.9929192066192627, 0.2699071168899536, -0.5964256525039673] [0.24701596796512604, -0.5584179759025574, 1.823884129524231, 0.026119962334632874, 1.3682861328125, 0.07320000231266022, -1.331470012664795, -1.3238840103149414]
[0.053344085812568665, -0.22966566681861877, 0.3130749464035034, 2.990790367126465, 0.2733469009399414, -0.5968824028968811] [0.2500839829444885, -0.5584179759025574, 1.823884129524231, 0.026119962334632874, 1.366752028465271, 0.07280000299215317, -1.331470012664795, -1.3238840103149414]
[0.05364005267620087, -0.22942911088466644, 0.3126250207424164, 2.9884445667266846, 0.2757038474082947, -0.5957615971565247] [0.251617968082428, -0.5538159608840942, 1.822350025177002, 0.026119962334632874, 1.366752028465271, 0.07280000299215317, -1.331470012664795, -1.3238840103149414]
[0.05409201979637146, -0.2285870462656021, 0.3124144673347473, 2.988762140274048, 0.2762394845485687, -0.5908772945404053] [0.25315195322036743, -0.5522819757461548, 1.822350025177002, 0.026119962334632874, 1.366752028465271, 0.07280000299215317, -1.331470012664795, -1.3238840103149414]
[0.05416299030184746, -0.2284250408411026, 0.31191495060920715, 2.9887290000915527, 0.2781999707221985, -0.5896003842353821] [0.25315195322036743, -0.5522819757461548, 1.822350025177002, 0.02765396237373352, 1.366752028465271, 0.07320000231266022, -1.331470012664795, -1.3238840103149414]
[0.0540660135447979, -0.22862569987773895, 0.3123759627342224, 2.990312337875366, 0.2763703465461731, -0.5910304188728333] [0.251617968082428, -0.5507479906082153, 1.822350025177002, 0.026119962334632874, 1.366752028465271, 0.07320000231266022, -1.333004117012024, -1.3238840103149414]
[0.05406876653432846, -0.2287304848432541, 0.3122149705886841, 2.9909372329711914, 0.2766627371311188, -0.5908048748970032] [0.25315195322036743, -0.5522819757461548, 1.822350025177002, 0.02765396237373352, 1.366752028465271, 0.07280000299215317, -1.331470012664795, -1.3238840103149414]
[0.053901273757219315, -0.22872626781463623, 0.3119819164276123, 2.9886512756347656, 0.27763304114341736, -0.5910766124725342] [0.25315195322036743, -0.5507479906082153, 1.822350025177002, 0.026119962334632874, 1.366752028465271, 0.07320000231266022, -1.333004117012024, -1.3238840103149414]
[0.05425422266125679, -0.22852569818496704, 0.3116913437843323, 2.9887967109680176, 0.2790384590625763, -0.5896917581558228] [0.25315195322036743, -0.5522819757461548, 1.822350025177002, 0.026119962334632874, 1.366752028465271, 0.07320000231266022, -1.331470012664795, -1.3238840103149414]
[0.05401024594902992, -0.22880831360816956, 0.3117724657058716, 2.9885051250457764, 0.2785666286945343, -0.5912214517593384] [0.25315195322036743, -0.5507479906082153, 1.822350025177002, 0.02765396237373352, 1.366752028465271, 0.07280000299215317, -1.331470012664795, -1.3238840103149414]
[0.054183103144168854, -0.22885750234127045, 0.3119488060474396, 2.989408493041992, 0.27774497866630554, -0.5910192728042603] [0.25315195322036743, -0.5522819757461548, 1.822350025177002, 0.026119962334632874, 1.3682861328125, 0.07320000231266022, -1.331470012664795, -1.3238840103149414]
