[0.07452922314405441, -0.1749657541513443, 0.3351626396179199, 2.3856120109558105, -0.04826942831277847, -0.311320424079895] [0.34825998544692993, -0.32985198497772217, 1.5983860492706299, 0.4648439884185791, 0.9218920469284058, 0.9975999593734741, -1.3038580417633057, -1.2962720394134521]
[0.07467591762542725, -0.17483144998550415, 0.3350660502910614, 2.385096549987793, -0.04762844741344452, -0.31119662523269653] [0.34825998544692993, -0.32985198497772217, 1.5999200344085693, 0.4648439884185791, 0.9218920469284058, 0.9975999593734741, -1.313062071800232, -1.2962720394134521]
[0.07529135048389435, -0.17522242665290833, 0.3340051770210266, 2.382854461669922, -0.04292430728673935, -0.3128332197666168] [0.34825998544692993, -0.32985198497772217, 1.5983860492706299, 0.4648439884185791, 0.9218920469284058, 0.9975999593734741, -1.3207321166992188, -1.30240797996521]
[0.07448239624500275, -0.17452770471572876, 0.3355923593044281, 2.3794105052948, -0.050267793238162994, -0.305961936712265] [0.34825998544692993, -0.3237159848213196, 1.5891821384429932, 0.4648439884185791, 0.9218920469284058, 0.07760000228881836, -1.2823820114135742, -1.2579219341278076]
[0.07405075430870056, -0.17272788286209106, 0.3373316526412964, 2.3842413425445557, -0.05779623985290527, -0.29730224609375] [0.34519195556640625, -0.3053079843521118, 1.5861140489578247, 0.4648439884185791, 0.9218920469284058, 0.07720000296831131, -1.2624400854110718, -1.2364460229873657]
[0.07338903099298477, -0.16658227145671844, 0.3425644338130951, 2.389824151992798, -0.08188848942518234, -0.270771324634552] [0.34212398529052734, -0.29303598403930664, 1.5677061080932617, 0.46637797355651855, 0.9218920469284058, 0.07720000296831131, -1.2424980401992798, -1.2119020223617554]
[0.07156335562467575, -0.16205531358718872, 0.3506481945514679, 2.368116617202759, -0.1269800066947937, -0.24711348116397858] [0.3329199552536011, -0.28689998388290405, 1.5308901071548462, 0.48325198888778687, 0.9203580617904663, 0.07720000296831131, -1.2148860692977905, -1.182755947113037]
[0.06850147247314453, -0.15749062597751617, 0.3572481572628021, 2.3355510234832764, -0.15992629528045654, -0.2199888378381729] [0.3283179700374603, -0.27616196870803833, 1.4879380464553833, 0.48631995916366577, 0.9203580617904663, 0.07760000228881836, -1.1826720237731934, -1.14900803565979]
[0.06506884098052979, -0.14949136972427368, 0.3620128631591797, 2.308471918106079, -0.18373066186904907, -0.1757938265800476] [0.3267839550971985, -0.24087996780872345, 1.4434521198272705, 0.48631995916366577, 0.9203580617904663, 0.07720000296831131, -1.1458560228347778, -1.1106579303741455]
[0.06211410462856293, -0.1321570724248886, 0.3680950403213501, 2.2879679203033447, -0.21544195711612701, -0.08790784329175949] [0.32218196988105774, -0.15037396550178528, 1.3989660739898682, 0.48631995916366577, 0.9157560467720032, 0.07720000296831131, -1.101370096206665, -1.070773959159851]
[0.05738250911235809, -0.10391384363174438, 0.37490567564964294, 2.2592644691467285, -0.2533314526081085, 0.05121529847383499] [0.31604596972465515, -0.009245961904525757, 1.2885180711746216, 0.48631995916366577, 0.91115403175354, 0.07720000296831131, -1.0737581253051758, -1.0385600328445435]
[0.0487983264029026, -0.07298874109983444, 0.3746034801006317, 2.010474443435669, -0.24957957863807678, 0.24672722816467285] [0.31604596972465515, 0.03677403926849365, 0.9740480780601501, 0.4909219741821289, 0.91115403175354, 0.07760000228881836, -1.0568840503692627, -1.020151972770691]
[0.040738511830568314, -0.056546032428741455, 0.36939215660095215, 1.7508727312088013, -0.21003395318984985, 0.37383049726486206] [0.3145119547843933, 0.05825003981590271, 0.8129780292510986, 0.4939899742603302, 0.91115403175354, 0.07720000296831131, -1.0446120500564575, -1.0063459873199463]
[0.033206433057785034, -0.04437750205397606, 0.37259653210639954, 1.708413004875183, -0.22835469245910645, 0.4456537067890167] [0.3145119547843933, 0.10427004098892212, 0.7976380586624146, 0.5154659748077393, 0.91115403175354, 0.07720000296831131, -1.023136019706726, -0.989471971988678]
[0.023836469277739525, -0.03025425225496292, 0.37803545594215393, 1.6990368366241455, -0.2683022916316986, 0.5325555801391602] [0.317579984664917, 0.1686980426311493, 0.7930360436439514, 0.5492140054702759, 0.91115403175354, 0.07720000296831131, -1.0062620639801025, -0.9710639715194702]
[0.014392037875950336, -0.01897221989929676, 0.38144752383232117, 1.6763744354248047, -0.29627418518066406, 0.6092780828475952] [0.3237159848213196, 0.22699004411697388, 0.7684920430183411, 0.5906319618225098, 0.91115403175354, 0.07760000228881836, -0.9817180633544922, -0.9480539560317993]
[0.003654340747743845, -0.009336302056908607, 0.38334038853645325, 1.6359232664108276, -0.31643110513687134, 0.6854628324508667] [0.3375219702720642, 0.2469320446252823, 0.7424140572547913, 0.6029039621353149, 0.9126880764961243, 0.07760000228881836, -0.9709800481796265, -0.9373160004615784]
[-0.0021089313086122274, -0.0060560256242752075, 0.3848741948604584, 1.598824143409729, -0.3296915292739868, 0.7232564687728882] [0.3375219702720642, 0.2530680298805237, 0.7163360714912415, 0.6351180076599121, 0.9126880764961243, 0.07720000296831131, -0.9709800481796265, -0.9388499855995178]
[-0.005916066467761993, -0.0038149680476635695, 0.38611820340156555, 1.5634050369262695, -0.3411862850189209, 0.7599400281906128] [0.33598798513412476, 0.2500000596046448, 0.6917920708656311, 0.6642639636993408, 0.9126880764961243, 0.07760000228881836, -0.9709800481796265, -0.9403839707374573]
[-0.006848747376352549, -0.005932532716542482, 0.3871460556983948, 1.5318719148635864, -0.3510163426399231, 0.7692484259605408] [0.32985198497772217, 0.2085820436477661, 0.6733840703964233, 0.6949439644813538, 0.91115403175354, 0.07720000296831131, -0.9725140333175659, -0.943452000617981]
[-0.005806880071759224, -0.01203554030507803, 0.3898487687110901, 1.496352195739746, -0.367328941822052, 0.75914067029953] [0.3206479549407959, 0.17636804282665253, 0.6595780849456787, 0.7225559949874878, 0.91115403175354, 0.07720000296831131, -0.969446063041687, -0.9388499855995178]
[-0.006272356491535902, -0.013584272935986519, 0.3893314599990845, 1.4676941633224487, -0.3646765649318695, 0.7636516094207764] [0.3206479549407959, 0.14875604212284088, 0.6304320693016052, 0.7455660104751587, 0.91115403175354, 0.07720000296831131, -0.961776077747345, -0.9342479705810547]
[-0.00840768776834011, -0.014439685270190239, 0.3886795938014984, 1.430093765258789, -0.3633096516132355, 0.7820798754692078] [0.32524996995925903, 0.13801804184913635, 0.6043540239334106, 0.7839159965515137, 0.91115403175354, 0.07760000228881836, -0.9587080478668213, -0.9327139854431152]
[-0.013156053610146046, -0.011230481788516045, 0.38758841156959534, 1.401763677597046, -0.36476972699165344, 0.8307948708534241] [0.33598798513412476, 0.139552041888237, 0.5798100233078003, 0.8268679976463318, 0.91115403175354, 0.07720000296831131, -0.9587080478668213, -0.9327139854431152]
[-0.019822824746370316, -0.006816043984144926, 0.3856055438518524, 1.3555657863616943, -0.3611328601837158, 0.9045100212097168] [0.3497939705848694, 0.1364840418100357, 0.5031100511550903, 0.9311800003051758, 0.9679120779037476, 0.10000000149011612, -0.9602420330047607, -0.9357819557189941]
[-0.032162975519895554, 0.001971297897398472, 0.3752000331878662, 1.3468494415283203, -0.28171300888061523, 1.0470069646835327] [0.363599956035614, 0.12728004157543182, 0.3297680616378784, 0.9986760020256042, 1.0783600807189941, 0.13600000739097595, -0.9602420330047607, -0.9327139854431152]
[-0.035865817219018936, 0.0053577427752316, 0.3628951907157898, 1.3636125326156616, -0.17197269201278687, 1.093043565750122] [0.36513397097587585, 0.12267804145812988, 0.24846604466438293, 1.001744031906128, 1.1688660383224487, 0.06400000303983688, -0.9571740627288818, -0.9327139854431152]
[-0.03682249039411545, 0.0057420567609369755, 0.3619424104690552, 1.4156650304794312, -0.16306978464126587, 1.0986851453781128] [0.3697359561920166, 0.12574604153633118, 0.24846604466438293, 1.0155500173568726, 1.2302260398864746, 0.1459999978542328, -0.9571740627288818, -0.9311800003051758]
[-0.04024120792746544, 0.0069483807310462, 0.36360615491867065, 1.4901796579360962, -0.16956229507923126, 1.1261961460113525] [0.3697359561920166, 0.12728004157543182, 0.24846604466438293, 1.035491943359375, 1.3161300420761108, 0.1979999989271164, -0.9495040774345398, -0.923509955406189]
[-0.04199426248669624, 0.0069320895709097385, 0.3654795289039612, 1.5872001647949219, -0.17325769364833832, 1.1330760717391968] [0.3697359561920166, 0.12574604153633118, 0.24846604466438293, 1.035491943359375, 1.4035680294036865, 0.4016000032424927, -0.9356980323791504, -0.9112379550933838]
[-0.043173905462026596, 0.006806251592934132, 0.36645349860191345, 1.6267551183700562, -0.17526455223560333, 1.1324501037597656] [0.3728039860725403, 0.12728004157543182, 0.2469320446252823, 1.035491943359375, 1.4158400297164917, 0.07760000228881836, -0.9295620918273926, -0.9035679697990417]
[-0.044924862682819366, 0.006863699294626713, 0.3662542402744293, 1.6211498975753784, -0.17284168303012848, 1.1344845294952393] [0.37740597128868103, 0.12728004157543182, 0.23926204442977905, 1.0370259284973145, 1.4158400297164917, 0.07760000228881836, -0.9295620918273926, -0.9035679697990417]
[-0.04572523757815361, 0.006921153981238604, 0.36427393555641174, 1.6271543502807617, -0.16522914171218872, 1.1338880062103271] [0.39427995681762695, 0.12728004157543182, 0.2377280443906784, 1.035491943359375, 1.4158400297164917, 0.07760000228881836, -0.9280280470848083, -0.9020339846611023]
[-0.045630186796188354, 0.006980642210692167, 0.35946595668792725, 1.6558996438980103, -0.1497698575258255, 1.128122091293335] [0.4326299726963043, 0.12728004157543182, 0.23159204423427582, 1.032423973083496, 1.4158400297164917, 0.07760000228881836, -0.9280280470848083, -0.9035679697990417]
[-0.046116165816783905, 0.007565728854387999, 0.3536836504936218, 1.6799050569534302, -0.12660440802574158, 1.1278774738311768] [0.4648439884185791, 0.12881404161453247, 0.21932004392147064, 1.032423973083496, 1.4143060445785522, 0.07760000228881836, -0.9280280470848083, -0.9035679697990417]
[-0.046581853181123734, 0.008030951954424381, 0.3496701717376709, 1.6900686025619507, -0.10826808959245682, 1.13013756275177] [0.47864997386932373, 0.13034804165363312, 0.20704804360866547, 1.032423973083496, 1.4127720594406128, 0.07760000228881836, -0.9280280470848083, -0.9020339846611023]
[-0.04677916318178177, 0.008169570937752724, 0.3462218940258026, 1.69632089138031, -0.09138133376836777, 1.1302380561828613] [0.49552398920059204, 0.13034804165363312, 0.19631004333496094, 1.032423973083496, 1.4127720594406128, 0.07760000228881836, -0.9295620918273926, -0.9035679697990417]
[-0.046905431896448135, 0.008236452005803585, 0.3451288044452667, 1.6981334686279297, -0.08571918308734894, 1.131003975868225] [0.49552398920059204, 0.13034804165363312, 0.1947760432958603, 1.0339579582214355, 1.4112380743026733, 0.07760000228881836, -0.9295620918273926, -0.9035679697990417]
[-0.04701175540685654, 0.008211670443415642, 0.34490466117858887, 1.6958121061325073, -0.08466622978448868, 1.1313821077346802] [0.49552398920059204, 0.13034804165363312, 0.1947760432958603, 1.032423973083496, 1.406636118888855, 0.07760000228881836, -0.9295620918273926, -0.9035679697990417]
[-0.04705613851547241, 0.008307364769279957, 0.34449219703674316, 1.6867012977600098, -0.08195358514785767, 1.1321102380752563] [0.49552398920059204, 0.13034804165363312, 0.191708043217659, 1.032423973083496, 1.389762043952942, 0.07760000228881836, -0.931096076965332, -0.905102014541626]
[-0.04679066315293312, 0.008382183499634266, 0.34438613057136536, 1.6597620248794556, -0.08305094391107559, 1.1317518949508667] [0.4939899742603302, 0.13034804165363312, 0.19324204325675964, 1.0308899879455566, 1.371354103088379, 0.07760000228881836, -0.9341640472412109, -0.9081699848175049]
[-0.046235911548137665, 0.008364381268620491, 0.3440497815608978, 1.6575678586959839, -0.08145391196012497, 1.1300910711288452] [0.4939899742603302, 0.13034804165363312, 0.19324204325675964, 1.0308899879455566, 1.366752028465271, 0.07760000228881836, -0.9372320771217346, -0.9112379550933838]
[-0.045757465064525604, 0.008344097062945366, 0.3443811535835266, 1.638136386871338, -0.08364887535572052, 1.1298692226409912] [0.48938798904418945, 0.13034804165363312, 0.19324204325675964, 1.0278220176696777, 1.3406740427017212, 0.07760000228881836, -0.9449020624160767, -0.9219759702682495]
[-0.04429241269826889, 0.008244268596172333, 0.34444302320480347, 1.6137884855270386, -0.08306266367435455, 1.1255749464035034] [0.481717973947525, 0.13034804165363312, 0.1947760432958603, 1.0262880325317383, 1.325334072113037, 0.07760000228881836, -0.9571740627288818, -0.9357819557189941]
[-0.041923556476831436, 0.007793966680765152, 0.34279683232307434, 1.6241014003753662, -0.07258490473031998, 1.117058277130127] [0.4801839590072632, 0.13034804165363312, 0.20091204345226288, 1.0247540473937988, 1.3145960569381714, 0.07760000228881836, -0.9679120779037476, -0.9419180154800415]
[-0.0404205322265625, 0.007699796464294195, 0.3422992527484894, 1.6191587448120117, -0.06901814043521881, 1.1127994060516357] [0.47864997386932373, 0.12881404161453247, 0.20398004353046417, 1.0247540473937988, 1.3023240566253662, 0.07760000228881836, -0.9740480780601501, -0.9480539560317993]
[-0.03927949443459511, 0.0077180820517241955, 0.3415142595767975, 1.6181597709655762, -0.06512609869241714, 1.1107704639434814] [0.47864997386932373, 0.12881404161453247, 0.20398004353046417, 1.020151972770691, 1.2839161157608032, 0.07760000228881836, -0.9817180633544922, -0.9557240009307861]
[-0.03640902042388916, 0.0071606384590268135, 0.3410264551639557, 1.5937135219573975, -0.05925585702061653, 1.0944089889526367] [0.467911958694458, 0.12728004157543182, 0.20398004353046417, 1.0063459873199463, 1.2639740705490112, 0.07760000228881836, -0.9939900636672974, -0.9695299863815308]
[-0.03420305624604225, 0.00704756285995245, 0.34155333042144775, 1.5713192224502563, -0.05981270968914032, 1.0935487747192383] [0.45563995838165283, 0.12881404161453247, 0.20398004353046417, 1.0063459873199463, 1.2455661296844482, 0.07760000228881836, -1.0093300342559814, -0.9864040017127991]
[-0.03179527819156647, 0.007231507916003466, 0.34235167503356934, 1.5497307777404785, -0.06133650243282318, 1.0938444137573242] [0.43723195791244507, 0.12881404161453247, 0.20398004353046417, 1.0078799724578857, 1.2332940101623535, 0.07760000228881836, -1.027738094329834, -1.0048120021820068]
[-0.02885138802230358, 0.006955352146178484, 0.34258997440338135, 1.546617865562439, -0.06061463803052902, 1.092443823814392] [0.421891987323761, 0.12728004157543182, 0.20398004353046417, 1.001744031906128, 1.2271580696105957, 0.07760000228881836, -1.0446120500564575, -1.0155500173568726]
[-0.025501500815153122, 0.006519030313938856, 0.34246596693992615, 1.5431997776031494, -0.057762570679187775, 1.0865024328231812] [0.41115397214889526, 0.12574604153633118, 0.20398004353046417, 1.001744031906128, 1.2179540395736694, 0.07760000228881836, -1.061486005783081, -1.0339579582214355]
[-0.02161872200667858, 0.006003810558468103, 0.3426011800765991, 1.5272691249847412, -0.057050593197345734, 1.083710789680481] [0.3927459716796875, 0.12114404141902924, 0.20398004353046417, 1.0002100467681885, 1.201080083847046, 0.07760000228881836, -1.0829620361328125, -1.0569679737091064]
[-0.017981112003326416, 0.005678956396877766, 0.3431984782218933, 1.5162427425384521, -0.057344935834407806, 1.080861210823059] [0.37126997113227844, 0.12114404141902924, 0.20398004353046417, 1.001744031906128, 1.193410038948059, 0.07760000228881836, -1.101370096206665, -1.0769100189208984]
[-0.01432784553617239, 0.005367498379200697, 0.34341922402381897, 1.5092214345932007, -0.05722178518772125, 1.079498052597046] [0.35132795572280884, 0.1165420413017273, 0.20398004353046417, 0.9986760020256042, 1.1857401132583618, 0.07760000228881836, -1.1213120222091675, -1.0953179597854614]
[-0.00934341736137867, 0.003089537611231208, 0.34336012601852417, 1.5030510425567627, -0.05428752675652504, 1.063262701034546] [0.3329199552536011, 0.08893004059791565, 0.20398004353046417, 0.9986760020256042, 1.175002098083496, 0.07760000228881836, -1.1412540674209595, -1.113726019859314]
[-0.0015681604854762554, -0.0016597389476373792, 0.3430526852607727, 1.4832626581192017, -0.049653977155685425, 1.0337294340133667] [0.3083759546279907, 0.07205604016780853, 0.20398004353046417, 0.9986760020256042, 1.162730097770691, 0.07760000228881836, -1.1611961126327515, -1.1367360353469849]
[0.0020507003646343946, -0.0024705883115530014, 0.3434453010559082, 1.4649224281311035, -0.05092853307723999, 1.0294711589813232] [0.28689998388290405, 0.07052204012870789, 0.20398004353046417, 0.99714195728302, 1.1535260677337646, 0.07760000228881836, -1.1872740983963013, -1.1597459316253662]
[0.007229719310998917, -0.0026195766404271126, 0.3433034420013428, 1.465711236000061, -0.05063692107796669, 1.029596209526062] [0.2623559832572937, 0.07052204012870789, 0.20398004353046417, 0.99714195728302, 1.1535260677337646, 0.07760000228881836, -1.2102841138839722, -1.1858240365982056]
[0.011424724943935871, -0.0026905303820967674, 0.3436985909938812, 1.4640374183654785, -0.05209482088685036, 1.0298144817352295] [0.2362779676914215, 0.07052204012870789, 0.20398004353046417, 0.99714195728302, 1.1535260677337646, 0.07760000228881836, -1.2332940101623535, -1.205765962600708]
[0.015235683880746365, -0.0027044517919421196, 0.34345802664756775, 1.4649395942687988, -0.05156373232603073, 1.0298057794570923] [0.21786996722221375, 0.07052204012870789, 0.20398004353046417, 0.99714195728302, 1.1535260677337646, 0.07760000228881836, -1.2532360553741455, -1.2303099632263184]
[0.018783774226903915, -0.0027513897512108088, 0.3438146710395813, 1.4627273082733154, -0.05325676500797272, 1.0301049947738647] [0.1933259665966034, 0.07052204012870789, 0.20398004353046417, 0.9940739870071411, 1.1535260677337646, 0.07760000228881836, -1.2777800559997559, -1.2563879489898682]
[0.024497561156749725, -0.0034426399506628513, 0.3440033793449402, 1.4591437578201294, -0.05287618562579155, 1.0186330080032349] [0.1611119657754898, 0.07052204012870789, 0.20398004353046417, 0.9802680015563965, 1.1535260677337646, 0.07760000228881836, -1.3038580417633057, -1.282465934753418]
[0.029920198023319244, -0.004001623950898647, 0.3445361852645874, 1.4530969858169556, -0.05397755652666092, 1.0087103843688965] [0.13196596503257751, 0.07052204012870789, 0.20398004353046417, 0.9649279713630676, 1.1519920825958252, 0.07760000228881836, -1.328402042388916, -1.3085440397262573]
[0.036852095276117325, -0.004971581511199474, 0.34376177191734314, 1.4512418508529663, -0.04982607066631317, 0.9912182092666626] [0.10588795691728592, 0.07052204012870789, 0.20398004353046417, 0.9403839707374573, 1.1519920825958252, 0.07760000228881836, -1.3376060724258423, -1.3146799802780151]
[0.04301460087299347, -0.006779784336686134, 0.3409035801887512, 1.4619649648666382, -0.03661445900797844, 0.9600224494934082] [0.10281995683908463, 0.07052204012870789, 0.20704804360866547, 0.9158399701118469, 1.1519920825958252, 0.07760000228881836, -1.3376060724258423, -1.3162139654159546]
[0.04609959200024605, -0.008287877775728703, 0.3396780788898468, 1.469895362854004, -0.03097689524292946, 0.9369329810142517] [0.10128595679998398, 0.07205604016780853, 0.21318404376506805, 0.8805580139160156, 1.1519920825958252, 0.07760000228881836, -1.3360720872879028, -1.3162139654159546]
[0.049819160252809525, -0.009823721833527088, 0.33937934041023254, 1.4816482067108154, -0.028654761612415314, 0.901557207107544] [0.10281995683908463, 0.07665804028511047, 0.22699004411697388, 0.8560140132904053, 1.1519920825958252, 0.07760000228881836, -1.3360720872879028, -1.3146799802780151]
[0.05021313577890396, -0.009955549612641335, 0.3396263122558594, 1.4851282835006714, -0.03087746351957321, 0.8975507020950317] [0.10281995683908463, 0.07665804028511047, 0.23005804419517517, 0.8575479984283447, 1.1519920825958252, 0.07760000228881836, -1.3376060724258423, -1.3131459951400757]
[0.050310902297496796, -0.010086444206535816, 0.34025028347969055, 1.4870446920394897, -0.035253286361694336, 0.8963854908943176] [0.10281995683908463, 0.07665804028511047, 0.2346600443124771, 0.8575479984283447, 1.1519920825958252, 0.07760000228881836, -1.3360720872879028, -1.3116120100021362]
[0.05004050210118294, -0.009958235546946526, 0.3404844403266907, 1.4893546104431152, -0.037451162934303284, 0.8972460031509399] [0.10435395687818527, 0.07665804028511047, 0.23619404435157776, 0.8606159687042236, 1.1535260677337646, 0.07760000228881836, -1.3360720872879028, -1.3100780248641968]
[0.04953595995903015, -0.009806569665670395, 0.3403606414794922, 1.4888644218444824, -0.0372895710170269, 0.9007548689842224] [0.10435395687818527, 0.07665804028511047, 0.2346600443124771, 0.8621499538421631, 1.1535260677337646, 0.07760000228881836, -1.3345381021499634, -1.3070099353790283]
[0.04923838749527931, -0.00989921297878027, 0.3409627676010132, 1.4879292249679565, -0.03982925042510033, 0.9023531079292297] [0.10435395687818527, 0.07359004020690918, 0.23312604427337646, 0.8652179837226868, 1.1535260677337646, 0.07800000160932541, -1.328402042388916, -1.30240797996521]
[0.04881778359413147, -0.009271725080907345, 0.3417342007160187, 1.4814586639404297, -0.041001901030540466, 0.9049915075302124] [0.10588795691728592, 0.07205604016780853, 0.22392204403877258, 0.8682860136032104, 1.1535260677337646, 0.07760000228881836, -1.3161300420761108, -1.2870680093765259]
[0.04763342812657356, -0.00976636353880167, 0.3436698615550995, 1.4652526378631592, -0.04349997639656067, 0.902073323726654] [0.11048995703458786, 0.05671603977680206, 0.22238804399967194, 0.885159969329834, 1.1596620082855225, 0.07760000228881836, -1.3084601163864136, -1.2763299942016602]
[0.04628529027104378, -0.011683099903166294, 0.3445298671722412, 1.46012544631958, -0.04621526598930359, 0.9014573097229004] [0.1150919571518898, 0.04137603938579559, 0.2208540439605713, 0.8866939544677734, 1.1596620082855225, 0.07800000160932541, -1.3023240566253662, -1.2686599493026733]
[0.04528393968939781, -0.012817258946597576, 0.3451387584209442, 1.4546408653259277, -0.04685510694980621, 0.8964509963989258] [0.1181599572300911, 0.035240039229393005, 0.21625204384326935, 0.8897619843482971, 1.1596620082855225, 0.07760000228881836, -1.2977221012115479, -1.2655919790267944]
[0.044182658195495605, -0.012818392366170883, 0.34576770663261414, 1.4472053050994873, -0.04754878953099251, 0.8991652131080627] [0.1181599572300911, 0.035240039229393005, 0.21318404376506805, 0.8928300142288208, 1.1611961126327515, 0.07760000228881836, -1.2961881160736084, -1.264057993888855]
[0.04337646812200546, -0.012678023427724838, 0.34627431631088257, 1.4498347043991089, -0.04927576333284378, 0.9007638692855835] [0.11969395726919174, 0.03370603919029236, 0.21318404376506805, 0.8943639993667603, 1.1642640829086304, 0.07760000228881836, -1.294654130935669, -1.2625240087509155]
[0.04298735037446022, -0.0129548953846097, 0.3463171422481537, 1.4478532075881958, -0.048718590289354324, 0.8996648788452148] [0.12122795730829239, 0.03370603919029236, 0.2116500437259674, 0.8974319696426392, 1.1642640829086304, 0.07760000228881836, -1.2915860414505005, -1.2594560384750366]
[0.04215998575091362, -0.01275135762989521, 0.34617769718170166, 1.4472129344940186, -0.04803675785660744, 0.9043776988983154] [0.12429595738649368, 0.030638039112091064, 0.2116500437259674, 0.8989659547805786, 1.1642640829086304, 0.07760000228881836, -1.2885180711746216, -1.2579219341278076]
[0.041687432676553726, -0.013707034289836884, 0.3460836410522461, 1.4513907432556152, -0.04738243669271469, 0.8998550176620483] [0.12889796495437622, 0.026036038994789124, 0.21011604368686676, 0.9020339846611023, 1.1734681129455566, 0.07760000228881836, -1.2808480262756348, -1.248718023300171]
[0.041032664477825165, -0.014572704210877419, 0.34559354186058044, 1.4561724662780762, -0.04411816596984863, 0.8955701589584351] [0.13963596522808075, 0.015298038721084595, 0.20551404356956482, 0.9020339846611023, 1.175002098083496, 0.07760000228881836, -1.2685760259628296, -1.2349120378494263]
[0.03980851545929909, -0.01588733308017254, 0.3452586829662323, 1.454979658126831, -0.04103850945830345, 0.890183687210083] [0.15190796554088593, 0.003026038408279419, 0.20244604349136353, 0.912771999835968, 1.175002098083496, 0.07800000160932541, -1.2486340999603271, -1.2195719480514526]
[0.03671753779053688, -0.017873208969831467, 0.34415191411972046, 1.452945590019226, -0.03557951748371124, 0.8910537958145142] [0.17184996604919434, -0.015381962060928345, 0.19631004333496094, 0.9342479705810547, 1.175002098083496, 0.07760000228881836, -1.2332940101623535, -1.202697992324829]
[0.033848412334918976, -0.01942712999880314, 0.3438001573085785, 1.448923110961914, -0.03305811807513237, 0.8903459906578064] [0.1841219663619995, -0.026119962334632874, 0.191708043217659, 0.9419180154800415, 1.175002098083496, 0.07760000228881836, -1.2194880247116089, -1.1888920068740845]
[0.031264323741197586, -0.021278435364365578, 0.34411048889160156, 1.4410083293914795, -0.03270185366272926, 0.8867929577827454] [0.1963939666748047, -0.04759596288204193, 0.18710604310035706, 0.9618600010871887, 1.175002098083496, 0.07760000228881836, -1.2072160243988037, -1.1766200065612793]
[0.027242641896009445, -0.02354198694229126, 0.34463420510292053, 1.434073567390442, -0.0360725075006485, 0.8946115374565125] [0.20713196694850922, -0.07060596346855164, 0.18403804302215576, 1.001744031906128, 1.175002098083496, 0.07800000160932541, -1.2026140689849854, -1.172018051147461]
[0.02367730624973774, -0.02581096440553665, 0.34510359168052673, 1.4220335483551025, -0.0375458262860775, 0.9065006375312805] [0.21173396706581116, -0.10128595679998398, 0.17790204286575317, 1.0385600328445435, 1.175002098083496, 0.07760000228881836, -1.1995460987091064, -1.170483946800232]
[0.021392475813627243, -0.02779793180525303, 0.34525495767593384, 1.4169104099273682, -0.039189413189888, 0.9158992171287537] [0.21786996722221375, -0.12582996487617493, 0.17636804282665253, 1.0769100189208984, 1.175002098083496, 0.07760000228881836, -1.1964781284332275, -1.167415976524353]
[0.018408503383398056, -0.030323045328259468, 0.34528449177742004, 1.4137362241744995, -0.04162261635065079, 0.9293754696846008] [0.22400596737861633, -0.15344196557998657, 0.17483404278755188, 1.113726019859314, 1.175002098083496, 0.07760000228881836, -1.1949440240859985, -1.1643480062484741]
[0.01524997316300869, -0.03176695853471756, 0.34511658549308777, 1.4124723672866821, -0.04355229064822197, 0.9473716616630554] [0.23320996761322021, -0.17951996624469757, 0.17176604270935059, 1.1566779613494873, 1.175002098083496, 0.07760000228881836, -1.1918760538101196, -1.1612800359725952]
[0.01229111384600401, -0.03369715064764023, 0.3447378873825073, 1.4104058742523193, -0.04355696961283684, 0.9612724781036377] [0.24087996780872345, -0.20866596698760986, 0.17023204267024994, 1.1980960369110107, 1.1796040534973145, 0.07760000228881836, -1.1857401132583618, -1.1551439762115479]
[0.010134470649063587, -0.03565366193652153, 0.3444679081439972, 1.4188839197158813, -0.04069790244102478, 0.9666706323623657] [0.24701596796512604, -0.22860796749591827, 0.1625620424747467, 1.2241740226745605, 1.198012113571167, 0.07760000228881836, -1.178070068359375, -1.1459399461746216]
[0.007582437247037888, -0.03762666508555412, 0.3441096544265747, 1.4222813844680786, -0.03339068219065666, 0.972358763217926] [0.24854996800422668, -0.25315195322036743, 0.14875604212284088, 1.244115948677063, 1.2102841138839722, 0.07760000228881836, -1.1673320531845093, -1.1367360353469849]
[0.005617201793938875, -0.03956159949302673, 0.3437626361846924, 1.4239948987960815, -0.02303246781229973, 0.969632089138031] [0.251617968082428, -0.27002596855163574, 0.13188204169273376, 1.2655919790267944, 1.2271580696105957, 0.07760000228881836, -1.1504580974578857, -1.1198619604110718]
[0.00029041137895546854, -0.043118756264448166, 0.34358417987823486, 1.4263725280761719, -0.012719362042844296, 0.9765712022781372] [0.25775396823883057, -0.31297796964645386, 0.11194004118442535, 1.2978060245513916, 1.2501680850982666, 0.07760000228881836, -1.13972008228302, -1.1106579303741455]
[-0.00235255085863173, -0.04511721804738045, 0.34330180287361145, 1.4302674531936646, -0.002598047023639083, 0.9747896790504456] [0.25928795337677, -0.32985198497772217, 0.09813404083251953, 1.3208160400390625, 1.2639740705490112, 0.07760000228881836, -1.1289820671081543, -1.0968519449234009]
[-0.0053910850547254086, -0.04756437987089157, 0.3430880308151245, 1.4325828552246094, 0.0068258196115493774, 0.9757817983627319] [0.26082196831703186, -0.35899797081947327, 0.08432804048061371, 1.3361560106277466, 1.2777800559997559, 0.07760000228881836, -1.1136420965194702, -1.0815119743347168]
[-0.008117224089801311, -0.05090134218335152, 0.3425225019454956, 1.4373255968093872, 0.016488226130604744, 0.960956871509552] [0.27002596855163574, -0.37740597128868103, 0.07205604016780853, 1.3453600406646729, 1.2885180711746216, 0.07760000228881836, -1.0937000513076782, -1.0646380186080933]
[-0.011840922757983208, -0.053019002079963684, 0.3423957824707031, 1.4332329034805298, 0.022861260920763016, 0.9595357775688171] [0.2776959538459778, -0.40041595697402954, 0.05671603977680206, 1.3745059967041016, 1.29312002658844, 0.07760000228881836, -1.0783600807189941, -1.0492980480194092]
[-0.017162127420306206, -0.0542135126888752, 0.3420636057853699, 1.42019784450531, 0.031211860477924347, 0.9736840724945068] [0.28076398372650146, -0.42035797238349915, 0.04291003942489624, 1.4036519527435303, 1.2977221012115479, 0.07760000228881836, -1.06302011013031, -1.032423973083496]
[-0.02145325019955635, -0.05627240240573883, 0.3422712981700897, 1.4178167581558228, 0.03822591155767441, 0.9766252636909485] [0.2822979688644409, -0.4479699730873108, 0.026036038994789124, 1.4266619682312012, 1.3115280866622925, 0.07760000228881836, -1.0446120500564575, -1.017084002494812]
[-0.024920599535107613, -0.05733286589384079, 0.34230419993400574, 1.4150187969207764, 0.04353724420070648, 0.9775130748748779] [0.2853659689426422, -0.4571739733219147, 0.010696038603782654, 1.434332013130188, 1.3268680572509766, 0.07760000228881836, -1.024670124053955, -1.0048120021820068]
[-0.028094369918107986, -0.05762544274330139, 0.3420948386192322, 1.4199742078781128, 0.052612822502851486, 0.9800623059272766] [0.2853659689426422, -0.4648439884185791, -0.009245961904525757, 1.4404679536819458, 1.348344087600708, 0.07760000228881836, -1.0031940937042236, -0.989471971988678]
[-0.03227962926030159, -0.05946483090519905, 0.3419986069202423, 1.4239840507507324, 0.06395556032657623, 0.9746917486190796] [0.28689998388290405, -0.4847859740257263, -0.029187962412834167, 1.4604099988937378, 1.366752028465271, 0.07760000228881836, -0.9832520484924316, -0.9710639715194702]
[-0.03795409947633743, -0.06124945729970932, 0.34177279472351074, 1.4231922626495361, 0.07695983350276947, 0.9748426079750061] [0.28689998388290405, -0.4970579743385315, -0.04912996292114258, 1.4680800437927246, 1.3790240287780762, 0.07760000228881836, -0.9648440480232239, -0.951121985912323]
[-0.041379161179065704, -0.062155742198228836, 0.34202492237091064, 1.4164284467697144, 0.08240991085767746, 0.9685153365135193] [0.28689998388290405, -0.5001260042190552, -0.06446996331214905, 1.4680800437927246, 1.3928301334381104, 0.07760000228881836, -0.9449020624160767, -0.9342479705810547]
[-0.04363908991217613, -0.062040429562330246, 0.34227320551872253, 1.412909984588623, 0.08412830531597137, 0.9692671298980713] [0.28689998388290405, -0.5001260042190552, -0.07520796358585358, 1.4680800437927246, 1.3989660739898682, 0.07760000228881836, -0.9356980323791504, -0.9250440001487732]
[-0.04565015062689781, -0.0620218850672245, 0.3429608941078186, 1.402843713760376, 0.08009769767522812, 0.9690689444541931] [0.28689998388290405, -0.5001260042190552, -0.07827596366405487, 1.4680800437927246, 1.3989660739898682, 0.07760000228881836, -0.9326300621032715, -0.9219759702682495]
[-0.04646528512239456, -0.06216469407081604, 0.343431293964386, 1.3977326154708862, 0.07643858343362808, 0.9658597111701965] [0.2884339690208435, -0.5001260042190552, -0.07674196362495422, 1.4573420286178589, 1.3974320888519287, 0.07760000228881836, -0.9356980323791504, -0.9219759702682495]
[-0.046617165207862854, -0.06324819475412369, 0.34352144598960876, 1.3942641019821167, 0.0811513364315033, 0.9488163590431213] [0.2884339690208435, -0.5016599893569946, -0.07674196362495422, 1.434332013130188, 1.3974320888519287, 0.07760000228881836, -0.9372320771217346, -0.9250440001487732]
[-0.0450669564306736, -0.06442656368017197, 0.3435128629207611, 1.391440510749817, 0.08318101614713669, 0.9257009625434875] [0.2884339690208435, -0.5016599893569946, -0.07520796358585358, 1.4266619682312012, 1.3882280588150024, 0.07760000228881836, -0.9464360475540161, -0.9342479705810547]
[-0.042904406785964966, -0.06533385813236237, 0.3430723249912262, 1.3774324655532837, 0.08545533567667007, 0.911106526851654] [0.2884339690208435, -0.5016599893569946, -0.07367396354675293, 1.4097880125045776, 1.3744220733642578, 0.07760000228881836, -0.9556400775909424, -0.9419180154800415]
[-0.04024522379040718, -0.06627746671438217, 0.3428425192832947, 1.3749680519104004, 0.08599480986595154, 0.8960615992546082] [0.2853659689426422, -0.5016599893569946, -0.07060596346855164, 1.392914056777954, 1.371354103088379, 0.07760000228881836, -0.9709800481796265, -0.9572579860687256]
[-0.036867834627628326, -0.06750659644603729, 0.3427353501319885, 1.3703244924545288, 0.08591899275779724, 0.8777164816856384] [0.27616196870803833, -0.5016599893569946, -0.0660039633512497, 1.3699040412902832, 1.3560140132904053, 0.07760000228881836, -0.9878540635108948, -0.9802680015563965]
[-0.03128272294998169, -0.06944096833467484, 0.34262678027153015, 1.3662055730819702, 0.0855221152305603, 0.8520899415016174] [0.2715599536895752, -0.5031939744949341, -0.05679996311664581, 1.3514959812164307, 1.3529460430145264, 0.07760000228881836, -1.0139321088790894, -1.0032780170440674]
[-0.025014514103531837, -0.07037268579006195, 0.3424074053764343, 1.3802145719528198, 0.0841391459107399, 0.8341548442840576] [0.2654239535331726, -0.5031939744949341, -0.039925962686538696, 1.3315539360046387, 1.351412057876587, 0.07760000228881836, -1.0384761095046997, -1.0278220176696777]
[-0.02019861526787281, -0.07156313955783844, 0.34229767322540283, 1.3943122625350952, 0.08013129979372025, 0.8174440264701843] [0.26082196831703186, -0.5031939744949341, -0.019983962178230286, 1.3131459951400757, 1.3498780727386475, 0.07760000228881836, -1.06302011013031, -1.0508320331573486]
[-0.014063565991818905, -0.07267206907272339, 0.3429512083530426, 1.396333932876587, 0.07210343331098557, 0.8005582094192505] [0.24701596796512604, -0.5031939744949341, -0.00771196186542511, 1.3039419651031494, 1.3360720872879028, 0.07760000228881836, -1.0875641107559204, -1.0799779891967773]
[-0.009316784329712391, -0.07290816307067871, 0.34347978234291077, 1.3924834728240967, 0.06950783729553223, 0.7945202589035034] [0.23167596757411957, -0.5031939744949341, -4.1961669921875e-05, 1.2978060245513916, 1.3268680572509766, 0.07760000228881836, -1.1136420965194702, -1.1045219898223877]
[-0.004102760460227728, -0.07352624088525772, 0.3433963358402252, 1.3917415142059326, 0.06931869685649872, 0.7869870662689209] [0.21480196714401245, -0.5047279596328735, 0.003026038408279419, 1.2870680093765259, 1.3176640272140503, 0.07760000228881836, -1.1366521120071411, -1.1305999755859375]
[0.0019967604894191027, -0.07504206895828247, 0.3433281183242798, 1.379560947418213, 0.07157938182353973, 0.7687579989433289] [0.1902579665184021, -0.5031939744949341, 0.004560038447380066, 1.2686599493026733, 1.3069260120391846, 0.07760000228881836, -1.1611961126327515, -1.1536099910736084]
[0.007258271332830191, -0.07589957118034363, 0.3432687222957611, 1.3734514713287354, 0.0728117898106575, 0.7566041350364685] [0.16571396589279175, -0.5047279596328735, 0.003026038408279419, 1.2579219341278076, 1.2977221012115479, 0.07760000228881836, -1.1888080835342407, -1.182755947113037]
[0.0127943130210042, -0.07643160969018936, 0.34315818548202515, 1.360034704208374, 0.07383869588375092, 0.7505823373794556] [0.13656796514987946, -0.5047279596328735, 0.003026038408279419, 1.2548539638519287, 1.2655080556869507, 0.07560000568628311, -1.21642005443573, -1.208833932876587]
[0.018274012953042984, -0.07722264528274536, 0.3431469798088074, 1.3292204141616821, 0.07106736302375793, 0.7459373474121094] [0.11202395707368851, -0.5031939744949341, 0.003026038408279419, 1.2502520084381104, 1.254770040512085, 0.07560000568628311, -1.2378960847854614, -1.2333779335021973]
[0.022962680086493492, -0.07780970633029938, 0.3427872955799103, 1.3190683126449585, 0.07339797914028168, 0.7384527921676636] [0.0890139639377594, -0.5047279596328735, 0.004560038447380066, 1.2349120378494263, 1.2471001148223877, 0.07560000568628311, -1.2593721151351929, -1.2548539638519287]
[0.028668846935033798, -0.07958560436964035, 0.34260237216949463, 1.3090535402297974, 0.0731271356344223, 0.7169619798660278] [0.0660039633512497, -0.5047279596328735, 0.003026038408279419, 1.2134360074996948, 1.2409640550613403, 0.07560000568628311, -1.2808480262756348, -1.2732620239257812]
[0.03458021208643913, -0.08121953159570694, 0.34265920519828796, 1.3016998767852783, 0.07254594564437866, 0.6970030069351196] [0.04145996272563934, -0.5047279596328735, 0.003026038408279419, 1.1996300220489502, 1.2348281145095825, 0.07560000568628311, -1.3007900714874268, -1.2947380542755127]
[0.039577316492795944, -0.0818505808711052, 0.3426743447780609, 1.287016749382019, 0.07103388011455536, 0.6877809762954712] [0.019983962178230286, -0.5031939744949341, 0.003026038408279419, 1.182755947113037, 1.2179540395736694, 0.07560000568628311, -1.3268680572509766, -1.319282054901123]
[0.04506908729672432, -0.08339979499578476, 0.34237051010131836, 1.2723360061645508, 0.07083973288536072, 0.6694695353507996] [-0.004560038447380066, -0.5031939744949341, 0.003026038408279419, 1.1566779613494873, 1.2118180990219116, 0.07560000568628311, -1.333004117012024, -1.3269519805908203]
[0.04946763068437576, -0.0854988768696785, 0.34049803018569946, 1.2741193771362305, 0.07868660986423492, 0.6454092860221863] [-0.006094038486480713, -0.5031939744949341, 0.003026038408279419, 1.1398040056228638, 1.2118180990219116, 0.07560000568628311, -1.333004117012024, -1.3269519805908203]
[0.05211076885461807, -0.08718360215425491, 0.33933109045028687, 1.2724257707595825, 0.08404785394668579, 0.6257307529449463] [-0.00762803852558136, -0.5031939744949341, 0.003026038408279419, 1.1121920347213745, 1.193410038948059, 0.07479999959468842, -1.3345381021499634, -1.3269519805908203]
[0.054587122052907944, -0.08935941755771637, 0.3383007347583771, 1.2555395364761353, 0.08857476711273193, 0.6013426780700684] [-0.00762803852558136, -0.5031939744949341, 0.003026038408279419, 1.0968519449234009, 1.1857401132583618, 0.07479999959468842, -1.3345381021499634, -1.3269519805908203]
[0.05653703212738037, -0.09137167036533356, 0.3379056751728058, 1.23859441280365, 0.08999871462583542, 0.5798600912094116] [-0.00762803852558136, -0.5016599893569946, 0.003026038408279419, 1.0692399740219116, 1.175002098083496, 0.07479999959468842, -1.3345381021499634, -1.3269519805908203]
[0.05827082321047783, -0.0927848145365715, 0.33747100830078125, 1.2355633974075317, 0.0914430171251297, 0.5598672032356262] [-0.009162038564682007, -0.49859195947647095, 0.003026038408279419, 1.0569679737091064, 1.175002098083496, 0.07479999959468842, -1.3345381021499634, -1.3269519805908203]
[0.05895664915442467, -0.09337566047906876, 0.33717992901802063, 1.2343573570251465, 0.09356483817100525, 0.5522974729537964] [-0.00762803852558136, -0.4970579743385315, 0.004560038447380066, 1.0462299585342407, 1.175002098083496, 0.07479999959468842, -1.3345381021499634, -1.3269519805908203]
[0.05983448773622513, -0.09434335678815842, 0.3376968502998352, 1.2365802526474, 0.08913292735815048, 0.5412330627441406] [-0.00762803852558136, -0.4970579743385315, 0.013764038681983948, 1.0308899879455566, 1.175002098083496, 0.07479999959468842, -1.3345381021499634, -1.3269519805908203]
[0.06107976287603378, -0.09545832127332687, 0.338530570268631, 1.2426466941833496, 0.08113448321819305, 0.5268082618713379] [-0.006094038486480713, -0.4970579743385315, 0.029104039072990417, 1.017084002494812, 1.175002098083496, 0.07479999959468842, -1.3345381021499634, -1.3269519805908203]
[0.0625164732336998, -0.09726930409669876, 0.34209582209587097, 1.2583982944488525, 0.05263235419988632, 0.5077357888221741] [-0.00762803852558136, -0.49859195947647095, 0.07052204012870789, 1.0048120021820068, 1.1765360832214355, 0.07479999959468842, -1.3345381021499634, -1.3269519805908203]
[0.064159095287323, -0.09999874979257584, 0.3467465937137604, 1.2799408435821533, 0.015920458361506462, 0.4797246754169464] [-0.009162038564682007, -0.5047279596328735, 0.12728004157543182, 0.9603259563446045, 1.1765360832214355, 0.07479999959468842, -1.3345381021499634, -1.3269519805908203]
[0.07194777578115463, -0.11423444747924805, 0.3603190779685974, 1.3982436656951904, -0.09766247868537903, 0.3340691030025482] [-0.001492038369178772, -0.5001260042190552, 0.4064680337905884, 0.7394299507141113, 1.1765360832214355, 0.07479999959468842, -1.3345381021499634, -1.3269519805908203]
[0.07958537340164185, -0.15175198018550873, 0.3782065808773041, 1.7387957572937012, -0.22320517897605896, -0.011182726360857487] [0.006177961826324463, -0.49859195947647095, 0.8313860893249512, 0.4126879572868347, 1.1765360832214355, 0.07479999959468842, -1.3345381021499634, -1.3269519805908203]
[0.07687706500291824, -0.19525164365768433, 0.36939486861228943, 2.2114858627319336, -0.102841816842556, -0.37961310148239136] [0.009245961904525757, -0.5001260042190552, 1.1826720237731934, 0.16878196597099304, 1.178070068359375, 0.07479999959468842, -1.3345381021499634, -1.3269519805908203]
[0.07228880375623703, -0.21122513711452484, 0.354170560836792, 2.5329277515411377, 0.054843973368406296, -0.4969841539859772] [0.010779961943626404, -0.5016599893569946, 1.5124820470809937, 0.03378996253013611, 1.1796040534973145, 0.07479999959468842, -1.3345381021499634, -1.3269519805908203]
[0.06998403370380402, -0.21520645916461945, 0.34654945135116577, 2.7502622604370117, 0.10772653669118881, -0.5132865309715271] [0.050663962960243225, -0.5031939744949341, 1.7149701118469238, 0.029187962412834167, 1.1796040534973145, 0.07479999959468842, -1.3345381021499634, -1.3269519805908203]
[0.06846573203802109, -0.21733947098255157, 0.34248727560043335, 2.8882198333740234, 0.12945498526096344, -0.5198413133621216] [0.07980996370315552, -0.5031939744949341, 1.8898460865020752, 0.024585962295532227, 1.181138038635254, 0.07479999959468842, -1.3345381021499634, -1.3269519805908203]
[0.0657651424407959, -0.21998310089111328, 0.33256661891937256, 3.0459775924682617, 0.17922040820121765, -0.530916690826416] [0.13196596503257751, -0.5016599893569946, 2.0279061794281006, 0.021517962217330933, 1.181138038635254, 0.07479999959468842, -1.3345381021499634, -1.3269519805908203]
[0.06097112223505974, -0.22034120559692383, 0.31110838055610657, 3.069406032562256, 0.28287598490715027, -0.5431163311004639] [0.2500839829444885, -0.4970579743385315, 2.0677900314331055, 0.03378996253013611, 1.231760025024414, 0.06080000475049019, -1.3345381021499634, -1.3254179954528809]
[0.05997344106435776, -0.2209019660949707, 0.30895060300827026, 3.11043643951416, 0.29341980814933777, -0.5453665256500244] [0.251617968082428, -0.49859195947647095, 2.069324016571045, 0.030721962451934814, 1.231760025024414, 0.07680000364780426, -1.3345381021499634, -1.3254179954528809]
[0.06009361147880554, -0.2207554429769516, 0.3089969754219055, 3.1046016216278076, 0.2931573688983917, -0.5447063446044922] [0.25315195322036743, -0.4970579743385315, 2.060120105743408, 0.030721962451934814, 1.2302260398864746, 0.07680000364780426, -1.3345381021499634, -1.3254179954528809]
[0.0602298229932785, -0.2204175591468811, 0.3089800477027893, 3.103546142578125, 0.29320240020751953, -0.5431132316589355] [0.25315195322036743, -0.4970579743385315, 2.060120105743408, 0.030721962451934814, 1.231760025024414, 0.07680000364780426, -1.3345381021499634, -1.3254179954528809]
[0.060068823397159576, -0.2205713987350464, 0.30852699279785156, 3.1033334732055664, 0.2948250472545624, -0.5434570908546448] [0.2546859681606293, -0.4970579743385315, 2.0585861206054688, 0.030721962451934814, 1.231760025024414, 0.07640000432729721, -1.3345381021499634, -1.3254179954528809]
[0.060051169246435165, -0.22069621086120605, 0.30831676721572876, 3.1021101474761963, 0.29543283581733704, -0.543656051158905] [0.2546859681606293, -0.4970579743385315, 2.060120105743408, 0.03225596249103546, 1.231760025024414, 0.07680000364780426, -1.3345381021499634, -1.3254179954528809]
[0.06000684201717377, -0.2208080291748047, 0.30819612741470337, 3.1036834716796875, 0.29584044218063354, -0.5439762473106384] [0.2546859681606293, -0.4970579743385315, 2.060120105743408, 0.030721962451934814, 1.231760025024414, 0.07680000364780426, -1.3345381021499634, -1.3254179954528809]
[0.059964098036289215, -0.2208324819803238, 0.30818507075309753, 3.1037981510162354, 0.2957783341407776, -0.5440241098403931] [0.2546859681606293, -0.4970579743385315, 2.060120105743408, 0.030721962451934814, 1.231760025024414, 0.07680000364780426, -1.3345381021499634, -1.3254179954528809]
[0.06009442359209061, -0.22135695815086365, 0.30699610710144043, 3.1055538654327393, 0.2991342842578888, -0.5440678596496582] [0.2546859681606293, -0.4970579743385315, 2.060120105743408, 0.030721962451934814, 1.231760025024414, 0.9975999593734741, -1.3360720872879028, -1.3254179954528809]
