[0.18473877012729645, -0.20789802074432373, 0.06773869693279266, 2.9234135150909424, 0.13322241604328156, -0.4536733329296112] [0.34519195556640625, -0.48325198888778687, 1.4189081192016602, 0.17951996624469757, 1.6597460508346558, 0.9971999526023865, -1.3007900714874268, -1.2978060245513916]
[0.18473117053508759, -0.20791484415531158, 0.0677427351474762, 2.924947500228882, 0.13322241604328156, -0.4536733329296112] [0.34519195556640625, -0.4847859740257263, 1.4173741340637207, 0.17951996624469757, 1.6597460508346558, 0.9971999526023865, -1.3007900714874268, -1.2978060245513916]
[0.18473117053508759, -0.20791484415531158, 0.0677427351474762, 2.924947500228882, 0.13322241604328156, -0.4536733329296112] [0.34519195556640625, -0.4847859740257263, 1.4189081192016602, 0.17951996624469757, 1.6612800359725952, 0.9971999526023865, -1.2992560863494873, -1.2978060245513916]
[0.18473877012729645, -0.20789802074432373, 0.06773869693279266, 2.9234135150909424, 0.13322241604328156, -0.4536733329296112] [0.34519195556640625, -0.48325198888778687, 1.4173741340637207, 0.17951996624469757, 1.6597460508346558, 0.9971999526023865, -1.3007900714874268, -1.299340009689331]
[0.18473877012729645, -0.20789802074432373, 0.06773869693279266, 2.9234135150909424, 0.13322241604328156, -0.4536733329296112] [0.34519195556640625, -0.4847859740257263, 1.4173741340637207, 0.18105396628379822, 1.6597460508346558, 0.9971999526023865, -1.3007900714874268, -1.2978060245513916]
[0.18473877012729645, -0.20789802074432373, 0.06773869693279266, 2.9234135150909424, 0.13322241604328156, -0.4536733329296112] [0.34519195556640625, -0.4847859740257263, 1.4173741340637207, 0.17951996624469757, 1.6597460508346558, 0.9971999526023865, -1.3007900714874268, -1.2978060245513916]
[0.18476484715938568, -0.2078520804643631, 0.0679059848189354, 2.9234752655029297, 0.13176019489765167, -0.45320552587509155] [0.34519195556640625, -0.48325198888778687, 1.4173741340637207, 0.17951996624469757, 1.6597460508346558, 0.9971999526023865, -1.3007900714874268, -1.2978060245513916]
[0.18487763404846191, -0.20765815675258636, 0.06769503653049469, 2.925358772277832, 0.13336706161499023, -0.452430784702301] [0.34519195556640625, -0.4847859740257263, 1.4173741340637207, 0.17951996624469757, 1.6597460508346558, 0.9971999526023865, -1.3007900714874268, -1.2978060245513916]
[0.18473877012729645, -0.20789802074432373, 0.06773869693279266, 2.9234135150909424, 0.13322241604328156, -0.4536733329296112] [0.34519195556640625, -0.4847859740257263, 1.4173741340637207, 0.17951996624469757, 1.6597460508346558, 0.9971999526023865, -1.3007900714874268, -1.2978060245513916]
[0.18676675856113434, -0.2040058821439743, 0.06739240139722824, 2.8973350524902344, 0.13281936943531036, -0.43183907866477966] [0.3436579704284668, -0.467911958694458, 1.3759560585021973, 0.19792796671390533, 1.6566780805587769, 0.07760000228881836, -1.3007900714874268, -1.3008739948272705]
[0.18871520459651947, -0.20060622692108154, 0.07205095887184143, 2.8523614406585693, 0.09989691525697708, -0.40795961022377014] [0.32985198497772217, -0.46330997347831726, 1.3222661018371582, 0.21786996722221375, 1.6551440954208374, 0.07760000228881836, -1.2992560863494873, -1.299340009689331]
[0.18959897756576538, -0.19858048856258392, 0.07353414595127106, 2.8294496536254883, 0.08677453547716141, -0.3938828706741333] [0.3283179700374603, -0.4571739733219147, 1.2885180711746216, 0.251617968082428, 1.6551440954208374, 0.07760000228881836, -1.2992560863494873, -1.3008739948272705]
[0.19764339923858643, -0.17785295844078064, 0.08303634822368622, 2.767688035964966, 0.00306855421513319, -0.2669830322265625] [0.30684196949005127, -0.3835419714450836, 1.201080083847046, 0.32985198497772217, 1.6551440954208374, 0.07760000228881836, -1.2992560863494873, -1.299340009689331]
[0.20069937407970428, -0.16368073225021362, 0.09273435920476913, 2.6852669715881348, -0.07098402827978134, -0.17291198670864105] [0.28689998388290405, -0.3666679859161377, 1.023136019706726, 0.6780699491500854, 1.653610110282898, 0.07760000228881836, -1.2992560863494873, -1.2978060245513916]
[0.19699272513389587, -0.10569805651903152, 0.10506591945886612, 2.278792142868042, -0.18373367190361023, 0.26316872239112854] [0.23781196773052216, -0.28076398372650146, 0.6825880408287048, 0.7118179798126221, 1.653610110282898, 0.07760000228881836, -1.2992560863494873, -1.2978060245513916]
[0.19626234471797943, -0.0942971259355545, 0.11063552647829056, 2.2774345874786377, -0.21705037355422974, 0.3264424502849579] [0.21173396706581116, -0.20099596679210663, 0.6534420251846313, 0.7440319657325745, 1.6520761251449585, 0.07760000228881836, -1.2992560863494873, -1.2978060245513916]
[0.1915730983018875, -0.07135144621133804, 0.12132760137319565, 2.2175278663635254, -0.271200954914093, 0.47055336833000183] [0.15650996565818787, -0.1381019651889801, 0.6166260242462158, 0.7593719959259033, 1.6505420207977295, 0.07760000228881836, -1.2992560863494873, -1.2962720394134521]
[0.1854138821363449, -0.05395224690437317, 0.12895004451274872, 2.1422033309936523, -0.30210936069488525, 0.5913339257240295] [0.09514996409416199, -0.07367396354675293, 0.5460620522499084, 0.7946540117263794, 1.64900803565979, 0.07760000228881836, -1.2992560863494873, -1.2962720394134521]
[0.18173666298389435, -0.04542052373290062, 0.13232207298278809, 2.0820460319519043, -0.30733513832092285, 0.6541830897331238] [0.0629359632730484, -0.04145996272563934, 0.4923720359802246, 0.8038579821586609, 1.6444060802459717, 0.07760000228881836, -1.2977221012115479, -1.2962720394134521]
[0.16529397666454315, -0.021231340244412422, 0.1240801215171814, 1.8070929050445557, -0.19671005010604858, 0.889322817325592] [0.00771196186542511, -0.00771196186542511, 0.2530680298805237, 0.9296460151672363, 1.6444060802459717, 0.07760000228881836, -1.294654130935669, -1.2962720394134521]
[0.15423187613487244, -0.00642396928742528, 0.12446728348731995, 1.767529845237732, -0.18988484144210815, 1.0135194063186646] [-0.006094038486480713, 0.06285203993320465, 0.2147180438041687, 0.9879379868507385, 1.6428720951080322, 0.07760000228881836, -1.294654130935669, -1.2962720394134521]
[0.14693626761436462, 0.0008844766998663545, 0.12165938317775726, 1.7420358657836914, -0.16740912199020386, 1.0890763998031616] [-0.006094038486480713, 0.0904640406370163, 0.1855720430612564, 1.0216859579086304, 1.633668065071106, 0.07760000228881836, -1.294654130935669, -1.2978060245513916]
[0.1337205469608307, 0.012262530624866486, 0.1162983775138855, 1.694777011871338, -0.1246989369392395, 1.2161352634429932] [-0.004560038447380066, 0.15796004235744476, 0.12881404161453247, 1.0922499895095825, 1.633668065071106, 0.07760000228881836, -1.294654130935669, -1.2962720394134521]
[0.11862391978502274, 0.021064845845103264, 0.10820665210485458, 1.6721103191375732, -0.06849047541618347, 1.3513808250427246] [0.00771196186542511, 0.19937804341316223, 0.06592004001140594, 1.170483946800232, 1.633668065071106, 0.07760000228881836, -1.2961881160736084, -1.299340009689331]
[0.11381006985902786, 0.02233356237411499, 0.10546555370092392, 1.6599879264831543, -0.045632995665073395, 1.3936142921447754] [0.00771196186542511, 0.20244604349136353, 0.04444403946399689, 1.241047978401184, 1.633668065071106, 0.07760000228881836, -1.2977221012115479, -1.3008739948272705]
[0.10680252313613892, 0.023404285311698914, 0.09591275453567505, 1.697527289390564, -0.006059491075575352, 1.453635334968567] [0.06446996331214905, 0.21011604368686676, 0.009162038564682007, 1.2471840381622314, 1.633668065071106, 0.07760000228881836, -1.2992560863494873, -1.30240797996521]
[0.10570433735847473, 0.023918071761727333, 0.08884918689727783, 1.7369333505630493, 0.01763135939836502, 1.460065245628357] [0.10588795691728592, 0.21318404376506805, -0.00771196186542511, 1.244115948677063, 1.633668065071106, 0.07760000228881836, -1.3023240566253662, -1.3039419651031494]
[0.10976401716470718, 0.02334257774055004, 0.08857402205467224, 1.7332254648208618, 0.02104366011917591, 1.4249322414398193] [0.10435395687818527, 0.20704804360866547, -0.004643961787223816, 1.208833932876587, 1.6321340799331665, 0.07760000228881836, -1.3038580417633057, -1.3054759502410889]
[0.11565855890512466, 0.021666394546628, 0.08865070343017578, 1.7323594093322754, 0.021625647321343422, 1.3740942478179932] [0.10128595679998398, 0.1947760432958603, -4.1961669921875e-05, 1.1612800359725952, 1.6321340799331665, 0.07760000228881836, -1.3053920269012451, -1.3054759502410889]
[0.11853020638227463, 0.021215736865997314, 0.08925772458314896, 1.7264339923858643, 0.021333256736397743, 1.349394679069519] [0.09514996409416199, 0.1947760432958603, 0.001492038369178772, 1.0999200344085693, 1.6321340799331665, 0.07760000228881836, -1.3069260120391846, -1.3054759502410889]
[0.1263885498046875, 0.019874900579452515, 0.0893782302737236, 1.7239395380020142, 0.02284461073577404, 1.280195713043213] [0.09514996409416199, 0.19324204325675964, 0.009162038564682007, 1.0661720037460327, 1.6321340799331665, 0.07760000228881836, -1.3069260120391846, -1.3100780248641968]
[0.1339995265007019, 0.017222803086042404, 0.09104949980974197, 1.7340282201766968, 0.009188481606543064, 1.2125927209854126] [0.09361596405506134, 0.18403804302215576, 0.03217203915119171, 1.014016032218933, 1.6321340799331665, 0.07760000228881836, -1.3069260120391846, -1.3100780248641968]
[0.13691306114196777, 0.01642506942152977, 0.0911601334810257, 1.7384707927703857, 0.0072667961940169334, 1.1861248016357422] [0.09514996409416199, 0.18250404298305511, 0.04751203954219818, 0.9526559710502625, 1.6321340799331665, 0.07760000228881836, -1.3069260120391846, -1.3100780248641968]
[0.14543132483959198, 0.013292884454131126, 0.09240557253360748, 1.7480660676956177, -0.0012507399078458548, 1.1080703735351562] [0.09514996409416199, 0.18097004294395447, 0.05825003981590271, 0.9158399701118469, 1.6321340799331665, 0.07760000228881836, -1.3069260120391846, -1.3100780248641968]
[0.15323343873023987, 0.010020309127867222, 0.09360082447528839, 1.762916088104248, -0.010183840058743954, 1.034316062927246] [0.09514996409416199, 0.18097004294395447, 0.08126004040241241, 0.8406739830970764, 1.6321340799331665, 0.07760000228881836, -1.3069260120391846, -1.3100780248641968]
[0.15804557502269745, 0.007651577237993479, 0.09378384053707123, 1.7729823589324951, -0.012148894369602203, 0.9874717593193054] [0.09514996409416199, 0.18250404298305511, 0.11961004137992859, 0.6596620082855225, 1.6321340799331665, 0.07760000228881836, -1.3053920269012451, -1.3085440397262573]
[0.17762398719787598, -0.005223522428423166, 0.09504580497741699, 1.818010687828064, -0.017075128853321075, 0.7832235097885132] [0.09361596405506134, 0.17790204286575317, 0.15029004216194153, 0.6090399622917175, 1.6321340799331665, 0.07760000228881836, -1.3053920269012451, -1.3085440397262573]
[0.18059635162353516, -0.008021603338420391, 0.09468912333250046, 1.8205519914627075, -0.01367965154349804, 0.7495466470718384] [0.09361596405506134, 0.17790204286575317, 0.15029004216194153, 0.561486005783081, 1.630600094795227, 0.07760000228881836, -1.3053920269012451, -1.3070099353790283]
[0.18694497644901276, -0.013913257047533989, 0.09352973848581314, 1.8227665424346924, -0.0018236618489027023, 0.6739479899406433] [0.0920819640159607, 0.17943604290485382, 0.15489204227924347, 0.4878539741039276, 1.630600094795227, 0.07760000228881836, -1.3038580417633057, -1.3054759502410889]
[0.18925561010837555, -0.016311949118971825, 0.09317964315414429, 1.8268325328826904, 0.0016815151320770383, 0.6449331045150757] [0.0920819640159607, 0.17790204286575317, 0.1594940423965454, 0.47251397371292114, 1.630600094795227, 0.07760000228881836, -1.3007900714874268, -1.299340009689331]
[0.18803323805332184, -0.01483831088989973, 0.09368883073329926, 1.8196461200714111, -0.000697062409017235, 0.6605539917945862] [0.08747996389865875, 0.17943604290485382, 0.14722204208374023, 0.5016599893569946, 1.630600094795227, 0.07760000228881836, -1.2961881160736084, -1.2947380542755127]
[0.18648146092891693, -0.013199101202189922, 0.09384827315807343, 1.8019505739212036, 0.0003136337618343532, 0.680105984210968] [0.08441196382045746, 0.17943604290485382, 0.1334160417318344, 0.5093299746513367, 1.630600094795227, 0.07760000228881836, -1.2961881160736084, -1.2932039499282837]
[0.18609024584293365, -0.01280580461025238, 0.09373730421066284, 1.79927396774292, 0.001007347833365202, 0.6848943829536438] [0.08287796378135681, 0.17943604290485382, 0.12881404161453247, 0.5123980045318604, 1.630600094795227, 0.07760000228881836, -1.29312002658844, -1.2932039499282837]
[0.18569160997867584, -0.0125505942851305, 0.09372414648532867, 1.7928675413131714, 0.0018676338950172067, 0.6899132132530212] [0.08287796378135681, 0.17790204286575317, 0.12421204149723053, 0.5231359601020813, 1.630600094795227, 0.07760000228881836, -1.29312002658844, -1.2932039499282837]
[0.1841515302658081, -0.011223617009818554, 0.09366383403539658, 1.7875038385391235, 0.0018271412700414658, 0.7085633277893066] [0.08287796378135681, 0.17483404278755188, 0.11807604134082794, 0.5430779457092285, 1.6321340799331665, 0.07760000228881836, -1.2915860414505005, -1.2916699647903442]
[0.18282407522201538, -0.010914524085819721, 0.09336487203836441, 1.7757660150527954, 0.004618154373019934, 0.7247312068939209] [0.08134396374225616, 0.1625620424747467, 0.09966804087162018, 0.5768259763717651, 1.6321340799331665, 0.07760000228881836, -1.290052056312561, -1.2916699647903442]
[0.1812022477388382, -0.010866823606193066, 0.09311488270759583, 1.7589609622955322, 0.00786563940346241, 0.7441128492355347] [0.07827596366405487, 0.14415404200553894, 0.08126004040241241, 0.6274479627609253, 1.6321340799331665, 0.07760000228881836, -1.290052056312561, -1.2916699647903442]
[0.17805752158164978, -0.009320042096078396, 0.0927954688668251, 1.745214819908142, 0.010632569901645184, 0.7801435589790344] [0.07674196362495422, 0.1426200419664383, 0.06745404005050659, 0.6581279635429382, 1.6321340799331665, 0.07760000228881836, -1.290052056312561, -1.2916699647903442]
[0.17537394165992737, -0.007517744321376085, 0.09221144765615463, 1.7357395887374878, 0.01475764624774456, 0.809918999671936] [0.07367396354675293, 0.12881404161453247, 0.045978039503097534, 0.7271579504013062, 1.633668065071106, 0.07760000228881836, -1.290052056312561, -1.2932039499282837]
[0.17061255872249603, -0.005503517109900713, 0.09210219234228134, 1.7186728715896606, 0.018182862550020218, 0.8613587021827698] [0.07367396354675293, 0.12114404141902924, 0.039842039346694946, 0.7517019510269165, 1.6321340799331665, 0.07760000228881836, -1.290052056312561, -1.2932039499282837]
[0.16966065764427185, -0.00668380269780755, 0.09159090369939804, 1.7161904573440552, 0.02101503685116768, 0.8707920908927917] [0.07367396354675293, 0.09966804087162018, 0.0383080393075943, 0.78084796667099, 1.6321340799331665, 0.07760000228881836, -1.290052056312561, -1.2932039499282837]
[0.16837474703788757, -0.00866689719259739, 0.09191254526376724, 1.713480830192566, 0.019403209909796715, 0.8830509781837463] [0.07367396354675293, 0.07665804028511047, 0.035240039229393005, 0.8130619525909424, 1.6321340799331665, 0.07760000228881836, -1.290052056312561, -1.2932039499282837]
[0.1666811853647232, -0.010130023583769798, 0.09130474925041199, 1.7102528810501099, 0.023089241236448288, 0.8986991047859192] [0.07213996350765228, 0.055182039737701416, 0.029104039072990417, 0.8529459834098816, 1.6321340799331665, 0.07760000228881836, -1.290052056312561, -1.2932039499282837]
[0.16520975530147552, -0.010743599385023117, 0.09143245220184326, 1.7070468664169312, 0.023127298802137375, 0.9126028418540955] [0.07213996350765228, 0.0383080393075943, 0.026036038994789124, 0.885159969329834, 1.6321340799331665, 0.07760000228881836, -1.290052056312561, -1.2947380542755127]
[0.16334569454193115, -0.011514311656355858, 0.09117948263883591, 1.7042104005813599, 0.025166058912873268, 0.9296829700469971] [0.07213996350765228, 0.024502038955688477, 0.019900038838386536, 0.9158399701118469, 1.633668065071106, 0.07760000228881836, -1.290052056312561, -1.2947380542755127]
[0.16008996963500977, -0.011201274581253529, 0.09099271148443222, 1.6937471628189087, 0.03004470281302929, 0.9608486294746399] [0.06753796339035034, 0.013764038681983948, 0.009162038564682007, 0.9557240009307861, 1.6321340799331665, 0.07760000228881836, -1.290052056312561, -1.2947380542755127]
[0.15757906436920166, -0.011241357773542404, 0.0908220186829567, 1.6911611557006836, 0.03278472647070885, 0.9840863347053528] [0.0660039633512497, -4.1961669921875e-05, 0.001492038369178772, 0.9940739870071411, 1.633668065071106, 0.07760000228881836, -1.290052056312561, -1.2947380542755127]
[0.1551789492368698, -0.011413278058171272, 0.0905940979719162, 1.6872745752334595, 0.03589300811290741, 1.0057833194732666] [0.06446996331214905, -0.01231396198272705, -0.003109961748123169, 1.0308899879455566, 1.633668065071106, 0.07760000228881836, -1.290052056312561, -1.2947380542755127]
[0.1527852714061737, -0.011473629623651505, 0.09064837545156479, 1.6802761554718018, 0.0389932356774807, 1.027431845664978] [0.05986796319484711, -0.021517962217330933, -0.01231396198272705, 1.058501958847046, 1.633668065071106, 0.07760000228881836, -1.290052056312561, -1.2947380542755127]
[0.15122342109680176, -0.011621089652180672, 0.09078274667263031, 1.673947811126709, 0.041426703333854675, 1.0413116216659546] [0.05373196303844452, -0.0368579626083374, -0.019983962178230286, 1.090716004371643, 1.633668065071106, 0.07760000228881836, -1.2915860414505005, -1.2947380542755127]
[0.14874324202537537, -0.012796665541827679, 0.09052862972021103, 1.6689424514770508, 0.04611550644040108, 1.0614087581634521] [0.05219796299934387, -0.05679996311664581, -0.024585962295532227, 1.1305999755859375, 1.633668065071106, 0.07760000228881836, -1.2915860414505005, -1.2962720394134521]
[0.14620724320411682, -0.014005572535097599, 0.09035060554742813, 1.6670337915420532, 0.049067866057157516, 1.0814540386199951] [0.050663962960243225, -0.07674196362495422, -0.029187962412834167, 1.172018051147461, 1.633668065071106, 0.07760000228881836, -1.2915860414505005, -1.2962720394134521]
[0.1415538638830185, -0.015534368343651295, 0.08984766900539398, 1.667433261871338, 0.05384388566017151, 1.118513584136963] [0.04912996292114258, -0.10435395687818527, -0.03378996253013611, 1.2318439483642578, 1.633668065071106, 0.07760000228881836, -1.29312002658844, -1.2962720394134521]
[0.13980083167552948, -0.01749321259558201, 0.08996901661157608, 1.6684049367904663, 0.05453134700655937, 1.1292575597763062] [0.04912996292114258, -0.12276195734739304, -0.035323962569236755, 1.264057993888855, 1.6352020502090454, 0.07760000228881836, -1.29312002658844, -1.2962720394134521]
[0.1367434710264206, -0.018018506467342377, 0.08991621434688568, 1.6697725057601929, 0.055311404168605804, 1.1538881063461304] [0.04912996292114258, -0.13656796514987946, -0.0368579626083374, 1.2978060245513916, 1.6352020502090454, 0.07760000228881836, -1.29312002658844, -1.2978060245513916]
[0.134140282869339, -0.018759481608867645, 0.08967392891645432, 1.6706039905548096, 0.05771033838391304, 1.1739685535430908] [0.04912996292114258, -0.15344196557998657, -0.04145996272563934, 1.340757966041565, 1.6352020502090454, 0.07760000228881836, -1.294654130935669, -1.2978060245513916]
[0.13202960789203644, -0.019669553264975548, 0.08976052701473236, 1.672023057937622, 0.0572853721678257, 1.1893396377563477] [0.04912996292114258, -0.16571396589279175, -0.04299396276473999, 1.3745059967041016, 1.6367360353469849, 0.07720000296831131, -1.294654130935669, -1.299340009689331]
[0.12759804725646973, -0.020213106647133827, 0.08927593380212784, 1.675124168395996, 0.06210103631019592, 1.224905014038086] [0.04912996292114258, -0.18105396628379822, -0.04759596288204193, 1.4159239530563354, 1.6398041248321533, 0.07760000228881836, -1.2961881160736084, -1.299340009689331]
[0.12488628923892975, -0.021099617704749107, 0.08891230821609497, 1.6794323921203613, 0.06596914678812027, 1.2450705766677856] [0.04912996292114258, -0.1963939666748047, -0.05373196303844452, 1.452739953994751, 1.6398041248321533, 0.07760000228881836, -1.2961881160736084, -1.299340009689331]
[0.12092865258455276, -0.022295348346233368, 0.0882844552397728, 1.6861997842788696, 0.07251013070344925, 1.2746050357818604] [0.04912996292114258, -0.21173396706581116, -0.05986796319484711, 1.4910900592803955, 1.6444060802459717, 0.07720000296831131, -1.2961881160736084, -1.299340009689331]
[0.11680786311626434, -0.02242366597056389, 0.0877971351146698, 1.6887916326522827, 0.07720465213060379, 1.3086963891983032] [0.04912996292114258, -0.2163359671831131, -0.06753796339035034, 1.5386439561843872, 1.6444060802459717, 0.07760000228881836, -1.2977221012115479, -1.3008739948272705]
[0.11430244892835617, -0.022257929667830467, 0.08725189417600632, 1.6919232606887817, 0.08237144351005554, 1.3303364515304565] [0.04912996292114258, -0.21786996722221375, -0.07674196362495422, 1.58159601688385, 1.6474740505218506, 0.07760000228881836, -1.2977221012115479, -1.3008739948272705]
[0.11421991884708405, -0.02232438325881958, 0.08606924116611481, 1.6962834596633911, 0.09192720055580139, 1.3308970928192139] [0.04912996292114258, -0.21786996722221375, -0.07980996370315552, 1.6076740026474, 1.64900803565979, 0.07760000228881836, -1.2977221012115479, -1.3008739948272705]
[0.11424115300178528, -0.02232438325881958, 0.08624447137117386, 1.6947871446609497, 0.09156261384487152, 1.3307600021362305] [0.050663962960243225, -0.21786996722221375, -0.07980996370315552, 1.6076740026474, 1.64900803565979, 0.07760000228881836, -1.2977221012115479, -1.3008739948272705]
[0.11424115300178528, -0.02232438325881958, 0.08624447137117386, 1.6947871446609497, 0.09156261384487152, 1.3307600021362305] [0.04912996292114258, -0.2194039672613144, -0.07980996370315552, 1.6061400175094604, 1.6474740505218506, 0.07760000228881836, -1.2992560863494873, -1.30240797996521]
[0.11560068279504776, -0.024438973516225815, 0.08615507185459137, 1.6945521831512451, 0.09129885584115982, 1.312419056892395] [0.04912996292114258, -0.2562199831008911, -0.07674196362495422, 1.6015379428863525, 1.64900803565979, 0.07760000228881836, -1.3023240566253662, -1.3039419651031494]
[0.11973194032907486, -0.03130713477730751, 0.0864984393119812, 1.693848967552185, 0.09058764576911926, 1.253848671913147] [0.04912996292114258, -0.31297796964645386, -0.07367396354675293, 1.5954020023345947, 1.6474740505218506, 0.07760000228881836, -1.3023240566253662, -1.3039419651031494]
[0.12338840961456299, -0.03817546367645264, 0.08734820783138275, 1.6915725469589233, 0.08401818573474884, 1.1966660022735596] [0.04759596288204193, -0.36206597089767456, -0.06446996331214905, 1.5785280466079712, 1.6459400653839111, 0.07760000228881836, -1.3038580417633057, -1.3054759502410889]
[0.12656308710575104, -0.04506860300898552, 0.08806754648685455, 1.6877137422561646, 0.07974672317504883, 1.1410408020019531] [0.04759596288204193, -0.41115397214889526, -0.05833396315574646, 1.5754599571228027, 1.6459400653839111, 0.07720000296831131, -1.3053920269012451, -1.3054759502410889]
[0.12832264602184296, -0.04937545582652092, 0.08855390548706055, 1.6843005418777466, 0.07829045504331589, 1.1069947481155396] [0.04452796280384064, -0.44336795806884766, -0.05679996311664581, 1.566256046295166, 1.6459400653839111, 0.07760000228881836, -1.3069260120391846, -1.3054759502410889]
[0.1293114423751831, -0.051943834871053696, 0.08908285200595856, 1.6812059879302979, 0.07612058520317078, 1.0867730379104614] [0.04145996272563934, -0.4648439884185791, -0.05679996311664581, 1.5555180311203003, 1.6459400653839111, 0.07760000228881836, -1.3069260120391846, -1.3070099353790283]
[0.1300131380558014, -0.053930606693029404, 0.0892285406589508, 1.680941104888916, 0.07514853030443192, 1.0713695287704468] [0.04145996272563934, -0.481717973947525, -0.055265963077545166, 1.5401780605316162, 1.6459400653839111, 0.07760000228881836, -1.3069260120391846, -1.3070099353790283]
[0.13235948979854584, -0.05682796612381935, 0.08967787027359009, 1.6782381534576416, 0.07243544608354568, 1.0390732288360596] [0.039925962686538696, -0.5031939744949341, -0.04452796280384064, 1.4987599849700928, 1.6459400653839111, 0.07760000228881836, -1.3084601163864136, -1.3070099353790283]
[0.13787679374217987, -0.06071848422288895, 0.09049773961305618, 1.675215244293213, 0.06512711942195892, 0.9788640737533569] [0.039925962686538696, -0.5031939744949341, -0.04145996272563934, 1.4680800437927246, 1.6459400653839111, 0.07760000228881836, -1.3084601163864136, -1.3054759502410889]
[0.1412750482559204, -0.06256849318742752, 0.09071286022663116, 1.6733734607696533, 0.06303442269563675, 0.9449735879898071] [0.039925962686538696, -0.5031939744949341, -0.0368579626083374, 1.434332013130188, 1.6459400653839111, 0.07760000228881836, -1.3084601163864136, -1.3070099353790283]
[0.14507369697093964, -0.06480176001787186, 0.09126833081245422, 1.6719175577163696, 0.05798656865954399, 0.9064046144485474] [0.039925962686538696, -0.5031939744949341, -0.03225596249103546, 1.3883119821548462, 1.6459400653839111, 0.07760000228881836, -1.3084601163864136, -1.3070099353790283]
[0.14834743738174438, -0.06688947230577469, 0.09188064932823181, 1.6681252717971802, 0.053331416100263596, 0.8724357485771179] [0.039925962686538696, -0.5031939744949341, -0.026119962334632874, 1.3530299663543701, 1.6459400653839111, 0.07760000228881836, -1.3084601163864136, -1.3070099353790283]
[0.1518082469701767, -0.06929363310337067, 0.0920499712228775, 1.6683417558670044, 0.05072081834077835, 0.8355332612991333] [0.039925962686538696, -0.5031939744949341, -0.02305196225643158, 1.3208160400390625, 1.6444060802459717, 0.07760000228881836, -1.3084601163864136, -1.3070099353790283]
[0.1549168974161148, -0.07161101698875427, 0.09252402931451797, 1.6663179397583008, 0.04747391119599342, 0.8016301989555359] [0.03839196264743805, -0.5031939744949341, -0.01844996213912964, 1.2901359796524048, 1.6444060802459717, 0.07760000228881836, -1.3084601163864136, -1.3070099353790283]
[0.15780571103096008, -0.07391819357872009, 0.0929439440369606, 1.6661282777786255, 0.04375820606946945, 0.7692939639091492] [0.03839196264743805, -0.5031939744949341, -0.01691596210002899, 1.2471840381622314, 1.6444060802459717, 0.07760000228881836, -1.3084601163864136, -1.3070099353790283]
[0.1610025018453598, -0.0766701027750969, 0.09317801147699356, 1.665510892868042, 0.041632089763879776, 0.7323904037475586] [0.03839196264743805, -0.5031939744949341, -0.01231396198272705, 1.205765962600708, 1.6444060802459717, 0.07760000228881836, -1.3084601163864136, -1.3070099353790283]
[0.16657356917858124, -0.08175905793905258, 0.09383141994476318, 1.6657054424285889, 0.03587120771408081, 0.6662420630455017] [0.03839196264743805, -0.5016599893569946, -0.004643961787223816, 1.14900803565979, 1.6444060802459717, 0.07760000228881836, -1.3084601163864136, -1.3070099353790283]
[0.17077399790287018, -0.08652880787849426, 0.0941581055521965, 1.6641950607299805, 0.03286750614643097, 0.6109090447425842] [0.0368579626083374, -0.5031939744949341, 0.003026038408279419, 1.0569679737091064, 1.6428720951080322, 0.07760000228881836, -1.3069260120391846, -1.3039419651031494]
[0.1822352111339569, -0.10208207368850708, 0.09555424749851227, 1.668227195739746, 0.02216435596346855, 0.44183382391929626] [0.0368579626083374, -0.5016599893569946, 0.02296803891658783, 0.8805580139160156, 1.6428720951080322, 0.07760000228881836, -1.3069260120391846, -1.3054759502410889]
[0.1866537630558014, -0.10966139286756516, 0.0970718115568161, 1.6809165477752686, 0.009008481167256832, 0.364663302898407] [0.03839196264743805, -0.5016599893569946, 0.035240039229393005, 0.8667519688606262, 1.6444060802459717, 0.07720000296831131, -1.3069260120391846, -1.3039419651031494]
[0.18668392300605774, -0.10908876359462738, 0.0967840924859047, 1.6815780401229858, 0.010397758334875107, 0.3677353858947754] [0.03839196264743805, -0.4970579743385315, 0.03677403926849365, 0.8667519688606262, 1.6444060802459717, 0.07720000296831131, -1.3053920269012451, -1.3039419651031494]
[0.18669958412647247, -0.10911975055932999, 0.09779543429613113, 1.6859899759292603, 0.0031244808342307806, 0.36750152707099915] [0.035323962569236755, -0.49859195947647095, 0.05364803969860077, 0.8667519688606262, 1.6444060802459717, 0.07760000228881836, -1.3038580417633057, -1.3008739948272705]
[0.18663370609283447, -0.10939843952655792, 0.10573655366897583, 1.7092111110687256, -0.04935285821557045, 0.36588943004608154] [0.003109961748123169, -0.5001260042190552, 0.17023204267024994, 0.8652179837226868, 1.6474740505218506, 0.07760000228881836, -1.3023240566253662, -1.299340009689331]
[0.18475015461444855, -0.11725939065217972, 0.13280551135540009, 1.9016616344451904, -0.26455357670783997, 0.31138214468955994] [0.010779961943626404, -0.5016599893569946, 0.45095404982566833, 0.8069260120391846, 1.64900803565979, 0.07720000296831131, -1.3038580417633057, -1.3039419651031494]
[0.18664665520191193, -0.1429188996553421, 0.1474314033985138, 2.1813151836395264, -0.38136816024780273, 0.08312240242958069] [0.019983962178230286, -0.5001260042190552, 0.7378120422363281, 0.5952339768409729, 1.6520761251449585, 0.07720000296831131, -1.3038580417633057, -1.3039419651031494]
[0.18807365000247955, -0.1709166318178177, 0.14584067463874817, 2.4739532470703125, -0.35369163751602173, -0.1645250767469406] [0.035323962569236755, -0.5001260042190552, 1.0507481098175049, 0.3958139717578888, 1.6628141403198242, 0.07720000296831131, -1.3038580417633057, -1.3054759502410889]
[0.18671482801437378, -0.1944791078567505, 0.13671833276748657, 2.786876916885376, -0.2611462473869324, -0.35588309168815613] [0.04759596288204193, -0.4970579743385315, 1.2885180711746216, 0.23014196753501892, 1.6628141403198242, 0.07760000228881836, -1.3038580417633057, -1.3054759502410889]
[0.1849672496318817, -0.21305064857006073, 0.11575320363044739, 3.1026525497436523, -0.0697542354464531, -0.48241791129112244] [0.05219796299934387, -0.4970579743385315, 1.514016032218933, 0.05679996311664581, 1.6643481254577637, 0.07760000228881836, -1.3038580417633057, -1.3054759502410889]
[0.18438687920570374, -0.2168968766927719, 0.1037462130188942, -3.054309844970703, 0.024399446323513985, -0.49933192133903503] [0.07213996350765228, -0.49859195947647095, 1.5999200344085693, 0.03378996253013611, 1.672018051147461, 0.07760000228881836, -1.3038580417633057, -1.3054759502410889]
[0.18446281552314758, -0.21686643362045288, 0.09861685335636139, -3.0475006103515625, 0.048701751977205276, -0.49865713715553284] [0.10435395687818527, -0.4970579743385315, 1.6075900793075562, 0.03225596249103546, 1.672018051147461, 0.07760000228881836, -1.3038580417633057, -1.3054759502410889]
[0.18399104475975037, -0.21686643362045288, 0.08674336969852448, -3.078468084335327, 0.10525184869766235, -0.5010397434234619] [0.1672479659318924, -0.49859195947647095, 1.6075900793075562, 0.03225596249103546, 1.672018051147461, 0.07760000228881836, -1.3038580417633057, -1.3039419651031494]
[0.1833876371383667, -0.21684995293617249, 0.07998089492321014, -3.0978517532348633, 0.1375242918729782, -0.503201425075531] [0.20406396687030792, -0.4970579743385315, 1.6075900793075562, 0.03225596249103546, 1.6735520362854004, 0.07760000228881836, -1.3023240566253662, -1.3039419651031494]
[0.18181103467941284, -0.2168089598417282, 0.06871604919433594, -3.1317713260650635, 0.19060564041137695, -0.5081024765968323] [0.2623559832572937, -0.4970579743385315, 1.6060560941696167, 0.0368579626083374, 1.668950080871582, 0.07760000228881836, -1.3007900714874268, -1.299340009689331]
[0.1819879412651062, -0.21620599925518036, 0.06750528514385223, -3.137153387069702, 0.19636164605617523, -0.5055292844772339] [0.26695796847343445, -0.4909219741821289, 1.6060560941696167, 0.0368579626083374, 1.668950080871582, 0.07720000296831131, -1.3007900714874268, -1.299340009689331]
[0.1822560876607895, -0.21566347777843475, 0.06695664674043655, -3.1356828212738037, 0.19962215423583984, -0.502720296382904] [0.26695796847343445, -0.4909219741821289, 1.6060560941696167, 0.035323962569236755, 1.668950080871582, 0.07760000228881836, -1.3007900714874268, -1.299340009689331]
[0.18227773904800415, -0.2156570553779602, 0.06713061779737473, -3.1356542110443115, 0.1980946809053421, -0.5025761723518372] [0.2654239535331726, -0.48938798904418945, 1.6060560941696167, 0.0368579626083374, 1.668950080871582, 0.07720000296831131, -1.3007900714874268, -1.299340009689331]
[0.18232794106006622, -0.2156570553779602, 0.06741026788949966, -3.1349008083343506, 0.19675031304359436, -0.502428412437439] [0.26695796847343445, -0.4909219741821289, 1.6060560941696167, 0.0368579626083374, 1.668950080871582, 0.07720000296831131, -1.3007900714874268, -1.299340009689331]
[0.18245160579681396, -0.2153739035129547, 0.06708306819200516, -3.1352922916412354, 0.19828930497169495, -0.5010253190994263] [0.26695796847343445, -0.4909219741821289, 1.6060560941696167, 0.0368579626083374, 1.668950080871582, 0.07720000296831131, -1.3007900714874268, -1.299340009689331]
[0.18232794106006622, -0.2156570553779602, 0.06741026788949966, -3.1349008083343506, 0.19675031304359436, -0.502428412437439] [0.26695796847343445, -0.4909219741821289, 1.6045221090316772, 0.0368579626083374, 1.668950080871582, 0.07760000228881836, -1.3007900714874268, -1.299340009689331]
