[0.18219175934791565, -0.21281547844409943, 0.058325111865997314, 3.1293327808380127, 0.23535647988319397, -0.49152374267578125] [0.31911396980285645, -0.47558197379112244, 1.6091240644454956, 0.04759596288204193, 1.668950080871582, 0.5839999914169312, -1.3007900714874268, -1.299340009689331]
[0.182200625538826, -0.2127988040447235, 0.05832487344741821, 3.1277987957000732, 0.23535647988319397, -0.49152374267578125] [0.31911396980285645, -0.47558197379112244, 1.6091240644454956, 0.04759596288204193, 1.668950080871582, 0.5839999914169312, -1.3007900714874268, -1.299340009689331]
[0.1822202503681183, -0.21280893683433533, 0.058498088270425797, 3.129373073577881, 0.23383182287216187, -0.4913500249385834] [0.31911396980285645, -0.47558197379112244, 1.6091240644454956, 0.04759596288204193, 1.668950080871582, 0.5839999914169312, -1.3007900714874268, -1.299340009689331]
[0.182200625538826, -0.2127988040447235, 0.05832487344741821, 3.1277987957000732, 0.23535647988319397, -0.49152374267578125] [0.31911396980285645, -0.47558197379112244, 1.6091240644454956, 0.04759596288204193, 1.6674160957336426, 0.5839999914169312, -1.3007900714874268, -1.299340009689331]
[0.18219175934791565, -0.21281547844409943, 0.058325111865997314, 3.1293327808380127, 0.23535647988319397, -0.49152374267578125] [0.31911396980285645, -0.47558197379112244, 1.6091240644454956, 0.04759596288204193, 1.668950080871582, 0.5839999914169312, -1.3007900714874268, -1.299340009689331]
[0.18219175934791565, -0.21281547844409943, 0.058325111865997314, 3.1293327808380127, 0.23535647988319397, -0.49152374267578125] [0.31911396980285645, -0.47558197379112244, 1.6091240644454956, 0.04759596288204193, 1.668950080871582, 0.5839999914169312, -1.3007900714874268, -1.2978060245513916]
[0.18219175934791565, -0.21281547844409943, 0.058325111865997314, 3.1293327808380127, 0.23535647988319397, -0.49152374267578125] [0.31911396980285645, -0.47558197379112244, 1.6091240644454956, 0.04759596288204193, 1.668950080871582, 0.5839999914169312, -1.3007900714874268, -1.299340009689331]
[0.18219175934791565, -0.21281547844409943, 0.058325111865997314, 3.1293327808380127, 0.23535647988319397, -0.49152374267578125] [0.31911396980285645, -0.47558197379112244, 1.6091240644454956, 0.04759596288204193, 1.6674160957336426, 0.5839999914169312, -1.3007900714874268, -1.299340009689331]
[0.182200625538826, -0.2127988040447235, 0.05832487344741821, 3.1277987957000732, 0.23535647988319397, -0.49152374267578125] [0.31911396980285645, -0.47558197379112244, 1.6091240644454956, 0.04759596288204193, 1.668950080871582, 0.5839999914169312, -1.3007900714874268, -1.299340009689331]
[0.18219175934791565, -0.21281547844409943, 0.058325111865997314, 3.1293327808380127, 0.23535647988319397, -0.49152374267578125] [0.31911396980285645, -0.47558197379112244, 1.6091240644454956, 0.04759596288204193, 1.668950080871582, 0.5839999914169312, -1.3007900714874268, -1.2978060245513916]
[0.18219175934791565, -0.21281547844409943, 0.058325111865997314, 3.1293327808380127, 0.23535647988319397, -0.49152374267578125] [0.31911396980285645, -0.47558197379112244, 1.6091240644454956, 0.04759596288204193, 1.6674160957336426, 0.5839999914169312, -1.3007900714874268, -1.299340009689331]
[0.18219175934791565, -0.21281547844409943, 0.058325111865997314, 3.1293327808380127, 0.23535647988319397, -0.49152374267578125] [0.31911396980285645, -0.47558197379112244, 1.6091240644454956, 0.04759596288204193, 1.668950080871582, 0.5839999914169312, -1.3007900714874268, -1.299340009689331]
[0.18219175934791565, -0.21281547844409943, 0.058325111865997314, 3.1293327808380127, 0.23535647988319397, -0.49152374267578125] [0.31911396980285645, -0.47558197379112244, 1.6091240644454956, 0.04759596288204193, 1.668950080871582, 0.5839999914169312, -1.3007900714874268, -1.299340009689331]
[0.18226434290409088, -0.2127988040447235, 0.05860442295670509, 3.128542900085449, 0.23400400578975677, -0.4913506805896759] [0.31911396980285645, -0.47558197379112244, 1.6091240644454956, 0.04759596288204193, 1.6674160957336426, 0.5839999914169312, -1.3007900714874268, -1.299340009689331]
[0.18219175934791565, -0.21281547844409943, 0.058325111865997314, 3.1293327808380127, 0.23535647988319397, -0.49152374267578125] [0.31911396980285645, -0.47558197379112244, 1.6091240644454956, 0.04759596288204193, 1.668950080871582, 0.5839999914169312, -1.3007900714874268, -1.299340009689331]
[0.18219175934791565, -0.21281547844409943, 0.058325111865997314, 3.1293327808380127, 0.23535647988319397, -0.49152374267578125] [0.31911396980285645, -0.47558197379112244, 1.6091240644454956, 0.04912996292114258, 1.668950080871582, 0.5839999914169312, -1.3007900714874268, -1.299340009689331]
[0.18219175934791565, -0.21281547844409943, 0.058325111865997314, 3.1293327808380127, 0.23535647988319397, -0.49152374267578125] [0.31911396980285645, -0.47558197379112244, 1.6091240644454956, 0.04759596288204193, 1.6674160957336426, 0.5839999914169312, -1.3007900714874268, -1.299340009689331]
[0.18219175934791565, -0.21281547844409943, 0.058325111865997314, 3.1293327808380127, 0.23535647988319397, -0.49152374267578125] [0.31911396980285645, -0.47558197379112244, 1.6091240644454956, 0.04759596288204193, 1.668950080871582, 0.5839999914169312, -1.3007900714874268, -1.299340009689331]
[0.182200625538826, -0.2127988040447235, 0.05832487344741821, 3.1277987957000732, 0.23535647988319397, -0.49152374267578125] [0.31911396980285645, -0.47558197379112244, 1.6091240644454956, 0.04759596288204193, 1.668950080871582, 0.5839999914169312, -1.3007900714874268, -1.2978060245513916]
[0.18219175934791565, -0.21281547844409943, 0.058325111865997314, 3.1293327808380127, 0.23535647988319397, -0.49152374267578125] [0.31911396980285645, -0.47558197379112244, 1.6091240644454956, 0.04759596288204193, 1.668950080871582, 0.5839999914169312, -1.3007900714874268, -1.299340009689331]
[0.18226434290409088, -0.2127988040447235, 0.05860442295670509, 3.128542900085449, 0.23400400578975677, -0.4913506805896759] [0.31911396980285645, -0.47558197379112244, 1.6091240644454956, 0.04759596288204193, 1.668950080871582, 0.5839999914169312, -1.3007900714874268, -1.299340009689331]
[0.18219175934791565, -0.21281547844409943, 0.058325111865997314, 3.1293327808380127, 0.23535647988319397, -0.49152374267578125] [0.31911396980285645, -0.47558197379112244, 1.6091240644454956, 0.04759596288204193, 1.6674160957336426, 0.5839999914169312, -1.3007900714874268, -1.299340009689331]
[0.18225547671318054, -0.21281547844409943, 0.0586046501994133, 3.1300768852233887, 0.23400400578975677, -0.4913506805896759] [0.31911396980285645, -0.47558197379112244, 1.6091240644454956, 0.04759596288204193, 1.668950080871582, 0.5839999914169312, -1.3007900714874268, -1.299340009689331]
[0.18219175934791565, -0.21281547844409943, 0.058325111865997314, 3.1293327808380127, 0.23535647988319397, -0.49152374267578125] [0.31911396980285645, -0.47558197379112244, 1.6091240644454956, 0.04759596288204193, 1.6674160957336426, 0.5839999914169312, -1.3007900714874268, -1.299340009689331]
[0.182200625538826, -0.2127988040447235, 0.05832487344741821, 3.1277987957000732, 0.23535647988319397, -0.49152374267578125] [0.31911396980285645, -0.47558197379112244, 1.6091240644454956, 0.04759596288204193, 1.668950080871582, 0.5839999914169312, -1.3007900714874268, -1.299340009689331]
[0.182200625538826, -0.2127988040447235, 0.05832487344741821, 3.1277987957000732, 0.23535647988319397, -0.49152374267578125] [0.31911396980285645, -0.47558197379112244, 1.6091240644454956, 0.04759596288204193, 1.6674160957336426, 0.5839999914169312, -1.3007900714874268, -1.299340009689331]
[0.18219175934791565, -0.21281547844409943, 0.058325111865997314, 3.1293327808380127, 0.23535647988319397, -0.49152374267578125] [0.31911396980285645, -0.47558197379112244, 1.6091240644454956, 0.04759596288204193, 1.6674160957336426, 0.5839999914169312, -1.3007900714874268, -1.299340009689331]
[0.18219175934791565, -0.21281547844409943, 0.058325111865997314, 3.1293327808380127, 0.23535647988319397, -0.49152374267578125] [0.31911396980285645, -0.47558197379112244, 1.6091240644454956, 0.04759596288204193, 1.668950080871582, 0.5839999914169312, -1.3007900714874268, -1.299340009689331]
[0.18219175934791565, -0.21281547844409943, 0.058325111865997314, 3.1293327808380127, 0.23535647988319397, -0.49152374267578125] [0.31911396980285645, -0.47558197379112244, 1.6091240644454956, 0.04759596288204193, 1.668950080871582, 0.5839999914169312, -1.3007900714874268, -1.299340009689331]
[0.18225547671318054, -0.21281547844409943, 0.0586046501994133, 3.1300768852233887, 0.23400400578975677, -0.4913506805896759] [0.31911396980285645, -0.47558197379112244, 1.6091240644454956, 0.04759596288204193, 1.6674160957336426, 0.5839999914169312, -1.3007900714874268, -1.299340009689331]
[0.182200625538826, -0.2127988040447235, 0.05832487344741821, 3.1277987957000732, 0.23535647988319397, -0.49152374267578125] [0.31911396980285645, -0.47558197379112244, 1.6091240644454956, 0.04759596288204193, 1.668950080871582, 0.5839999914169312, -1.3007900714874268, -1.299340009689331]
[0.18226434290409088, -0.2127988040447235, 0.05860442295670509, 3.128542900085449, 0.23400400578975677, -0.4913506805896759] [0.31911396980285645, -0.47558197379112244, 1.6091240644454956, 0.04759596288204193, 1.6674160957336426, 0.5839999914169312, -1.3007900714874268, -1.299340009689331]
[0.18225547671318054, -0.21281547844409943, 0.0586046501994133, 3.1300768852233887, 0.23400400578975677, -0.4913506805896759] [0.317579984664917, -0.47558197379112244, 1.6091240644454956, 0.04759596288204193, 1.668950080871582, 0.5839999914169312, -1.3007900714874268, -1.299340009689331]
[0.182200625538826, -0.2127988040447235, 0.05832487344741821, 3.1277987957000732, 0.23535647988319397, -0.49152374267578125] [0.31911396980285645, -0.47558197379112244, 1.6091240644454956, 0.04759596288204193, 1.668950080871582, 0.5839999914169312, -1.3007900714874268, -1.2978060245513916]
[0.18219175934791565, -0.21281547844409943, 0.058325111865997314, 3.1293327808380127, 0.23535647988319397, -0.49152374267578125] [0.31911396980285645, -0.47558197379112244, 1.6091240644454956, 0.04759596288204193, 1.6674160957336426, 0.5839999914169312, -1.3007900714874268, -1.299340009689331]
[0.182200625538826, -0.2127988040447235, 0.05832487344741821, 3.1277987957000732, 0.23535647988319397, -0.49152374267578125] [0.31911396980285645, -0.47558197379112244, 1.6091240644454956, 0.04759596288204193, 1.6674160957336426, 0.5839999914169312, -1.3007900714874268, -1.299340009689331]
[0.18226434290409088, -0.2127988040447235, 0.05860442295670509, 3.128542900085449, 0.23400400578975677, -0.4913506805896759] [0.31911396980285645, -0.47558197379112244, 1.6091240644454956, 0.04759596288204193, 1.668950080871582, 0.5839999914169312, -1.3007900714874268, -1.299340009689331]
[0.18225547671318054, -0.21281547844409943, 0.0586046501994133, 3.1300768852233887, 0.23400400578975677, -0.4913506805896759] [0.31911396980285645, -0.47558197379112244, 1.6091240644454956, 0.04759596288204193, 1.668950080871582, 0.5839999914169312, -1.2992560863494873, -1.299340009689331]
[0.18219175934791565, -0.21281547844409943, 0.058325111865997314, 3.1293327808380127, 0.23535647988319397, -0.49152374267578125] [0.31911396980285645, -0.47558197379112244, 1.6091240644454956, 0.04759596288204193, 1.668950080871582, 0.5839999914169312, -1.3007900714874268, -1.299340009689331]
[0.18219175934791565, -0.21281547844409943, 0.058325111865997314, 3.1293327808380127, 0.23535647988319397, -0.49152374267578125] [0.317579984664917, -0.47558197379112244, 1.6091240644454956, 0.04759596288204193, 1.668950080871582, 0.5839999914169312, -1.3007900714874268, -1.299340009689331]
[0.18225547671318054, -0.21281547844409943, 0.0586046501994133, 3.1300768852233887, 0.23400400578975677, -0.4913506805896759] [0.31911396980285645, -0.47558197379112244, 1.6091240644454956, 0.04759596288204193, 1.668950080871582, 0.5839999914169312, -1.3007900714874268, -1.299340009689331]
[0.18219175934791565, -0.21281547844409943, 0.058325111865997314, 3.1293327808380127, 0.23535647988319397, -0.49152374267578125] [0.31911396980285645, -0.47558197379112244, 1.6091240644454956, 0.04759596288204193, 1.6674160957336426, 0.5839999914169312, -1.3007900714874268, -1.299340009689331]
[0.1822836995124817, -0.21280893683433533, 0.058777667582035065, 3.1301169395446777, 0.23247922956943512, -0.49117815494537354] [0.31911396980285645, -0.47558197379112244, 1.6091240644454956, 0.04759596288204193, 1.668950080871582, 0.5839999914169312, -1.3007900714874268, -1.299340009689331]
[0.18219175934791565, -0.21281547844409943, 0.058325111865997314, 3.1293327808380127, 0.23535647988319397, -0.49152374267578125] [0.31911396980285645, -0.47558197379112244, 1.6091240644454956, 0.04759596288204193, 1.668950080871582, 0.5839999914169312, -1.3007900714874268, -1.299340009689331]
[0.18225547671318054, -0.21281547844409943, 0.0586046501994133, 3.1300768852233887, 0.23400400578975677, -0.4913506805896759] [0.31911396980285645, -0.47558197379112244, 1.6091240644454956, 0.04912996292114258, 1.668950080871582, 0.5839999914169312, -1.2992560863494873, -1.299340009689331]
[0.1821880042552948, -0.2128228098154068, 0.05832601711153984, 3.1293134689331055, 0.23534849286079407, -0.49159836769104004] [0.317579984664917, -0.47558197379112244, 1.6091240644454956, 0.04912996292114258, 1.668950080871582, 0.5839999914169312, -1.2992560863494873, -1.299340009689331]
[0.18232764303684235, -0.2127988040447235, 0.05888407304883003, 3.129286766052246, 0.23265139758586884, -0.4911786615848541] [0.3114439845085144, -0.4740479588508606, 1.6091240644454956, 0.04759596288204193, 1.668950080871582, 0.5839999914169312, -1.3007900714874268, -1.3008739948272705]
[0.18284673988819122, -0.212433859705925, 0.0602262057363987, 3.128892183303833, 0.2261369675397873, -0.4884811341762543] [0.3083759546279907, -0.4740479588508606, 1.6029881238937378, 0.04759596288204193, 1.6643481254577637, 0.5839999914169312, -1.3007900714874268, -1.3008739948272705]
[0.1844490021467209, -0.21147669851779938, 0.06531693041324615, 3.1356468200683594, 0.20080888271331787, -0.480792760848999] [0.2684919834136963, -0.46944597363471985, 1.5983860492706299, 0.04912996292114258, 1.6612800359725952, 0.5839999914169312, -1.3007900714874268, -1.3008739948272705]
[0.18616287410259247, -0.2113371640443802, 0.07572448998689651, -3.1308441162109375, 0.1502785086631775, -0.47583627700805664] [0.20559796690940857, -0.46944597363471985, 1.595318078994751, 0.050663962960243225, 1.6505420207977295, 0.5839999914169312, -1.3007900714874268, -1.30240797996521]
[0.1875879317522049, -0.21048876643180847, 0.08454321324825287, -3.1298766136169434, 0.10824473202228546, -0.4695528745651245] [0.16571396589279175, -0.4648439884185791, 1.57230806350708, 0.050663962960243225, 1.6413381099700928, 0.5839999914169312, -1.3007900714874268, -1.30240797996521]
[0.1894763708114624, -0.20782387256622314, 0.09011819958686829, 3.1274311542510986, 0.0817030742764473, -0.45563483238220215] [0.13349996507167816, -0.4479699730873108, 1.5324240922927856, 0.050663962960243225, 1.6413381099700928, 0.5839999914169312, -1.3007900714874268, -1.30240797996521]
[0.1931108832359314, -0.20165115594863892, 0.097915418446064, 3.1108736991882324, 0.044565051794052124, -0.42348718643188477] [0.0920819640159607, -0.41115397214889526, 1.498676061630249, 0.050663962960243225, 1.6367360353469849, 0.5839999914169312, -1.3007900714874268, -1.30240797996521]
[0.19773438572883606, -0.1923113912343979, 0.1054217666387558, 3.0860435962677, 0.009608608670532703, -0.3768819570541382] [0.05373196303844452, -0.3666679859161377, 1.460326075553894, 0.050663962960243225, 1.6290661096572876, 0.5839999914169312, -1.3007900714874268, -1.30240797996521]
[0.20122304558753967, -0.18385376036167145, 0.1116054579615593, 3.046858072280884, -0.01965375803411007, -0.33646875619888306] [0.021517962217330933, -0.3283179700374603, 1.4112380743026733, 0.050663962960243225, 1.6244640350341797, 0.5839999914169312, -1.3007900714874268, -1.3008739948272705]
[0.2040594220161438, -0.1751878708600998, 0.11907958984375, 3.0065646171569824, -0.05559312552213669, -0.2958899736404419] [-0.010696038603782654, -0.2945699691772461, 1.3682861328125, 0.050663962960243225, 1.6213960647583008, 0.5839999914169312, -1.3007900714874268, -1.30240797996521]
[0.20624050498008728, -0.16689433157444, 0.12576091289520264, 2.968902587890625, -0.0863448828458786, -0.2578854560852051] [-0.04444403946399689, -0.25928795337677, 1.331470012664795, 0.050663962960243225, 1.6183280944824219, 0.5839999914169312, -1.3007900714874268, -1.30240797996521]
[0.20736868679523468, -0.16093461215496063, 0.13099205493927002, 2.9442617893218994, -0.11166085302829742, -0.23059655725955963] [-0.07052204012870789, -0.22860796749591827, 1.2915860414505005, 0.050663962960243225, 1.6167941093444824, 0.5839999914169312, -1.3007900714874268, -1.30240797996521]
[0.20893536508083344, -0.15065160393714905, 0.13831987977027893, 2.8925013542175293, -0.14622648060321808, -0.1841648817062378] [-0.10273604094982147, -0.18872396647930145, 1.2409640550613403, 0.04912996292114258, 1.6137261390686035, 0.5839999914169312, -1.3007900714874268, -1.30240797996521]
[0.21018172800540924, -0.14048729836940765, 0.14349596202373505, 2.849844217300415, -0.1706196516752243, -0.13785336911678314] [-0.13034804165363312, -0.1350339651107788, 1.2041480541229248, 0.050663962960243225, 1.6137261390686035, 0.5839999914169312, -1.3007900714874268, -1.30240797996521]
[0.211014524102211, -0.12993362545967102, 0.14802521467208862, 2.8059005737304688, -0.19197754561901093, -0.08971751481294632] [-0.15029004216194153, -0.09054796397686005, 1.1611961126327515, 0.04912996292114258, 1.6121920347213745, 0.5839999914169312, -1.3007900714874268, -1.3008739948272705]
[0.21152159571647644, -0.1186649426817894, 0.1516844779253006, 2.756215810775757, -0.20857805013656616, -0.038520704954862595] [-0.1686980426311493, -0.039925962686538696, 1.124380111694336, 0.050663962960243225, 1.6121920347213745, 0.5839999914169312, -1.3007900714874268, -1.3008739948272705]
[0.21119709312915802, -0.105085089802742, 0.15614841878414154, 2.6947858333587646, -0.2304147630929947, 0.024057967588305473] [-0.18710604310035706, 0.004560038447380066, 1.0798940658569336, 0.050663962960243225, 1.6121920347213745, 0.5839999914169312, -1.3007900714874268, -1.3008739948272705]
[0.21099552512168884, -0.09610116481781006, 0.157145693898201, 2.648404359817505, -0.2352352738380432, 0.06530740112066269] [-0.191708043217659, 0.04444403946399689, 1.0446120500564575, 0.050663962960243225, 1.6121920347213745, 0.5839999914169312, -1.2992560863494873, -1.3008739948272705]
[0.2108815312385559, -0.08962409198284149, 0.15686294436454773, 2.6136035919189453, -0.23404017090797424, 0.09495934098958969] [-0.191708043217659, 0.07512404024600983, 1.007796049118042, 0.050663962960243225, 1.610658049583435, 0.5839999914169312, -1.2992560863494873, -1.3008739948272705]
[0.21044224500656128, -0.08102118968963623, 0.15641416609287262, 2.567758321762085, -0.2321532964706421, 0.13441139459609985] [-0.191708043217659, 0.10733804106712341, 0.9725140333175659, 0.050663962960243225, 1.610658049583435, 0.5839999914169312, -1.2992560863494873, -1.3008739948272705]
[0.20979633927345276, -0.07415314018726349, 0.15613584220409393, 2.5309886932373047, -0.23172001540660858, 0.16642819344997406] [-0.191708043217659, 0.1426200419664383, 0.9433680772781372, 0.05219796299934387, 1.6091240644454956, 0.5839999914169312, -1.2977221012115479, -1.299340009689331]
[0.20851965248584747, -0.06600631773471832, 0.15633611381053925, 2.4986040592193604, -0.23571264743804932, 0.2070395052433014] [-0.191708043217659, 0.17330004274845123, 0.9188240766525269, 0.07060596346855164, 1.6091240644454956, 0.5839999914169312, -1.2961881160736084, -1.2978060245513916]
[0.20574872195720673, -0.05651536211371422, 0.15831196308135986, 2.4546122550964355, -0.25726819038391113, 0.26356881856918335] [-0.191708043217659, 0.20398004353046417, 0.8881440758705139, 0.10895595699548721, 1.6091240644454956, 0.5839999914169312, -1.29312002658844, -1.2962720394134521]
[0.20307789742946625, -0.04993848875164986, 0.1603468954563141, 2.416808843612671, -0.27920204401016235, 0.30841565132141113] [-0.191708043217659, 0.22238804399967194, 0.8559300899505615, 0.15497596561908722, 1.6075900793075562, 0.5839999914169312, -1.2915860414505005, -1.2962720394134521]
[0.19942519068717957, -0.04293612390756607, 0.16303220391273499, 2.369296073913574, -0.3083093464374542, 0.3631482720375061] [-0.191708043217659, 0.23619404435157776, 0.8206480741500854, 0.20866596698760986, 1.6075900793075562, 0.5839999914169312, -1.2915860414505005, -1.30240797996521]
[0.09245876967906952, 0.019295604899525642, 0.10582886636257172, 1.6603972911834717, -0.07602789252996445, 1.5813392400741577] [0.0368579626083374, 0.18097004294395447, 0.07512404024600983, 1.4067200422286987, 1.610658049583435, 0.5839999914169312, -1.294654130935669, -1.30240797996521]
[0.09174756705760956, 0.019398272037506104, 0.1053674966096878, 1.6610759496688843, -0.07331425696611404, 1.587518572807312] [0.03839196264743805, 0.18097004294395447, 0.07205604016780853, 1.4082540273666382, 1.610658049583435, 0.5839999914169312, -1.2977221012115479, -1.30240797996521]
[0.09210696816444397, 0.019304776564240456, 0.10459926724433899, 1.666824221611023, -0.0702177956700325, 1.5842784643173218] [0.04299396276473999, 0.18097004294395447, 0.07052204012870789, 1.4051859378814697, 1.6121920347213745, 0.5839999914169312, -1.2992560863494873, -1.30240797996521]
[0.0928163155913353, 0.019389988854527473, 0.10428165644407272, 1.6703294515609741, -0.06990359723567963, 1.577921748161316] [0.046061962842941284, 0.18097004294395447, 0.07052204012870789, 1.37910795211792, 1.6137261390686035, 0.5839999914169312, -1.3007900714874268, -1.3039419651031494]
[0.09666861593723297, 0.019605236127972603, 0.10427685081958771, 1.674397349357605, -0.06942526996135712, 1.5440644025802612] [0.046061962842941284, 0.17943604290485382, 0.07205604016780853, 1.3530299663543701, 1.615260124206543, 0.5839999914169312, -1.3038580417633057, -1.3054759502410889]
[0.1022811308503151, 0.019767342135310173, 0.10416396707296371, 1.6795423030853271, -0.06787748634815216, 1.4948654174804688] [0.046061962842941284, 0.17790204286575317, 0.07359004020690918, 1.2870680093765259, 1.615260124206543, 0.5839999914169312, -1.3053920269012451, -1.3070099353790283]
[0.12010680884122849, 0.019016990438103676, 0.10305458307266235, 1.6893244981765747, -0.05704056844115257, 1.338466763496399] [0.046061962842941284, 0.17790204286575317, 0.07665804028511047, 1.0661720037460327, 1.615260124206543, 0.5839999914169312, -1.3053920269012451, -1.3054759502410889]
[0.14514198899269104, 0.012986786663532257, 0.1027999073266983, 1.7047126293182373, -0.05027833580970764, 1.1126829385757446] [0.04299396276473999, 0.17943604290485382, 0.08586204051971436, 0.8621499538421631, 1.615260124206543, 0.5839999914169312, -1.3053920269012451, -1.3070099353790283]
[0.15905945003032684, 0.006870381999760866, 0.10296784341335297, 1.7063473463058472, -0.044424571096897125, 0.97972172498703] [0.035323962569236755, 0.17790204286575317, 0.09199804067611694, 0.7992559671401978, 1.615260124206543, 0.5839999914169312, -1.3053920269012451, -1.3070099353790283]
[0.16015657782554626, 0.006274540908634663, 0.10313615947961807, 1.7089757919311523, -0.04562532156705856, 0.9688154458999634] [0.035323962569236755, 0.17790204286575317, 0.09199804067611694, 0.7854499816894531, 1.615260124206543, 0.5839999914169312, -1.3053920269012451, -1.3054759502410889]
[0.1629185974597931, 0.004743934143334627, 0.1029895767569542, 1.711303949356079, -0.04408426210284233, 0.9411975741386414] [0.035323962569236755, 0.17790204286575317, 0.09506604075431824, 0.7486339807510376, 1.615260124206543, 0.5839999914169312, -1.3053920269012451, -1.3054759502410889]
[0.166680246591568, 0.002335622673854232, 0.102984219789505, 1.7127631902694702, -0.04245072230696678, 0.9029397368431091] [0.03378996253013611, 0.17330004274845123, 0.09660004079341888, 0.6995459794998169, 1.615260124206543, 0.5839999914169312, -1.3038580417633057, -1.3039419651031494]
[0.17269577085971832, -0.003289307001978159, 0.10267449915409088, 1.716707706451416, -0.039312735199928284, 0.8400657176971436] [0.03225596249103546, 0.14875604212284088, 0.09966804087162018, 0.6734679937362671, 1.615260124206543, 0.5839999914169312, -1.3007900714874268, -1.3008739948272705]
[0.17621095478534698, -0.008998455479741096, 0.10281967371702194, 1.7118862867355347, -0.03968019410967827, 0.8017445802688599] [0.030721962451934814, 0.13034804165363312, 0.09813404083251953, 0.6796039938926697, 1.610658049583435, 0.5839999914169312, -1.2977221012115479, -1.299340009689331]
[0.17364901304244995, -0.007376407738775015, 0.10331174731254578, 1.701297402381897, -0.040852952748537064, 0.8298465013504028] [0.026119962334632874, 0.13034804165363312, 0.08893004059791565, 0.7072159647941589, 1.610658049583435, 0.5839999914169312, -1.294654130935669, -1.2978060245513916]
[0.17306949198246002, -0.006779036018997431, 0.10337171703577042, 1.6976619958877563, -0.04033982753753662, 0.8361893892288208] [0.026119962334632874, 0.12881404161453247, 0.08893004059791565, 0.7133519649505615, 1.610658049583435, 0.5839999914169312, -1.29312002658844, -1.2978060245513916]
[0.17178300023078918, -0.006032910197973251, 0.10351117700338364, 1.6970086097717285, -0.04163789376616478, 0.8499521613121033] [0.026119962334632874, 0.12881404161453247, 0.08893004059791565, 0.7470999956130981, 1.610658049583435, 0.5839999914169312, -1.29312002658844, -1.2978060245513916]
[0.1680033653974533, -0.0035064220428466797, 0.10387680679559708, 1.6952849626541138, -0.04504382237792015, 0.8897278308868408] [0.026119962334632874, 0.12881404161453247, 0.08893004059791565, 0.7915859818458557, 1.610658049583435, 0.5839999914169312, -1.29312002658844, -1.2978060245513916]
[0.16396485269069672, -0.0012074910337105393, 0.10450725257396698, 1.6920223236083984, -0.04951559379696846, 0.9311048984527588] [0.02305196225643158, 0.12574604153633118, 0.087396040558815, 0.8237999677658081, 1.6121920347213745, 0.5839999914169312, -1.29312002658844, -1.2962720394134521]
[0.16087470948696136, -0.00030802638502791524, 0.10555476695299149, 1.6861811876296997, -0.05507292598485947, 0.9619219899177551] [0.019983962178230286, 0.10887204110622406, 0.087396040558815, 0.8682860136032104, 1.610658049583435, 0.5839999914169312, -1.29312002658844, -1.2978060245513916]
[0.15977206826210022, -0.003696815576404333, 0.10554485768079758, 1.681229829788208, -0.05549067258834839, 0.9712751507759094] [0.019983962178230286, 0.07052204012870789, 0.08586204051971436, 0.9066359996795654, 1.610658049583435, 0.5839999914169312, -1.29312002658844, -1.2978060245513916]
[0.15947778522968292, -0.008978745900094509, 0.10579373687505722, 1.6779803037643433, -0.05795782059431076, 0.9697457551956177] [0.019983962178230286, 0.02296803891658783, 0.08586204051971436, 0.9649279713630676, 1.610658049583435, 0.5839999914169312, -1.2915860414505005, -1.2978060245513916]
[0.15395121276378632, -0.010291808284819126, 0.10566099733114243, 1.669183611869812, -0.057648930698633194, 1.0191590785980225] [0.019983962178230286, -0.01691596210002899, 0.07972604036331177, 1.0492980480194092, 1.610658049583435, 0.5839999914169312, -1.2915860414505005, -1.2962720394134521]
[0.1523791402578354, -0.013531912118196487, 0.1056947186589241, 1.6654675006866455, -0.05824009329080582, 1.0284699201583862] [0.019983962178230286, -0.04759596288204193, 0.07665804028511047, 1.090716004371643, 1.610658049583435, 0.5839999914169312, -1.2915860414505005, -1.2962720394134521]
[0.14895181357860565, -0.014942827634513378, 0.10560555756092072, 1.6606760025024414, -0.05787741392850876, 1.056262493133545] [0.019983962178230286, -0.0859459638595581, 0.05364803969860077, 1.2272419929504395, 1.610658049583435, 0.5839999914169312, -1.29312002658844, -1.2978060245513916]
[0.1294606477022171, -0.014661481603980064, 0.10016389191150665, 1.6338733434677124, -0.01260960940271616, 1.2237883806228638] [0.019983962178230286, -0.1381019651889801, -0.001575961709022522, 1.418992042541504, 1.610658049583435, 0.5839999914169312, -1.294654130935669, -1.2978060245513916]
[0.12110669910907745, -0.019654078409075737, 0.09700407087802887, 1.6256844997406006, 0.015993740409612656, 1.2811203002929688] [0.01844996213912964, -0.1933259665966034, -0.010779961943626404, 1.4680800437927246, 1.610658049583435, 0.5839999914169312, -1.2915860414505005, -1.2978060245513916]
[0.1249065175652504, -0.0281988438218832, 0.09696926176548004, 1.6254490613937378, 0.018033752217888832, 1.222832202911377] [0.01691596210002899, -0.27002596855163574, -0.01231396198272705, 1.4834200143814087, 1.610658049583435, 0.5839999914169312, -1.2915860414505005, -1.2962720394134521]
[0.16830018162727356, -0.07666368782520294, 0.10654404014348984, 1.6447455883026123, -0.05673757940530777, 0.6797919869422913] [0.009245961904525757, -0.4541059732437134, 0.09353204071521759, 1.052366018295288, 1.6091240644454956, 0.5839999914169312, -1.3069260120391846, -1.3054759502410889]
[0.17943903803825378, -0.09036190807819366, 0.11185681074857712, 1.6864124536514282, -0.10034529864788055, 0.5246302485466003] [0.010779961943626404, -0.4541059732437134, 0.14108604192733765, 0.9833359718322754, 1.6075900793075562, 0.5839999914169312, -1.3053920269012451, -1.3054759502410889]
[0.1795983761548996, -0.0908646360039711, 0.11297467350959778, 1.6977767944335938, -0.11140821129083633, 0.5202025771141052] [0.015381962060928345, -0.4541059732437134, 0.15796004235744476, 0.9725979566574097, 1.6075900793075562, 0.5839999914169312, -1.3069260120391846, -1.3100780248641968]
[0.18109704554080963, -0.09389834105968475, 0.11537565290927887, 1.7208443880081177, -0.1326214224100113, 0.49117717146873474] [0.01691596210002899, -0.45563995838165283, 0.19631004333496094, 0.9373160004615784, 1.6075900793075562, 0.5839999914169312, -1.3084601163864136, -1.3116120100021362]
[0.1837262213230133, -0.0994144007563591, 0.11980081349611282, 1.7625415325164795, -0.16883936524391174, 0.43742692470550537] [0.019983962178230286, -0.4571739733219147, 0.24846604466438293, 0.8805580139160156, 1.6075900793075562, 0.5839999914169312, -1.3069260120391846, -1.3100780248641968]
[0.18620972335338593, -0.10757272690534592, 0.12545982003211975, 1.8223782777786255, -0.21336404979228973, 0.36568206548690796] [0.019983962178230286, -0.46330997347831726, 0.3711860477924347, 0.7777799963951111, 1.6091240644454956, 0.5839999914169312, -1.3069260120391846, -1.3085440397262573]
[0.19149091839790344, -0.12951748073101044, 0.13589386641979218, 2.0154426097869873, -0.2917500436306, 0.1646232157945633] [0.01844996213912964, -0.46024197340011597, 0.6641800403594971, 0.526203989982605, 1.6091240644454956, 0.5839999914169312, -1.3069260120391846, -1.3070099353790283]
[0.19209015369415283, -0.17399701476097107, 0.14143365621566772, 2.5136568546295166, -0.3005950450897217, -0.21925130486488342] [0.019983962178230286, -0.46024197340011597, 1.1489241123199463, 0.31604596972465515, 1.6075900793075562, 0.5839999914169312, -1.3038580417633057, -1.3054759502410889]
[0.1884954869747162, -0.19501566886901855, 0.13655543327331543, 2.849975347518921, -0.2383047342300415, -0.37876421213150024] [0.019983962178230286, -0.467911958694458, 1.351412057876587, 0.20713196694850922, 1.6075900793075562, 0.5839999914169312, -1.3023240566253662, -1.3039419651031494]
[0.18690922856330872, -0.20746643841266632, 0.12429483234882355, 3.0704140663146973, -0.12440673261880875, -0.45696449279785156] [0.024585962295532227, -0.4740479588508606, 1.5385600328445435, 0.10281995683908463, 1.6075900793075562, 0.5839999914169312, -1.3023240566253662, -1.3039419651031494]
[0.1857532411813736, -0.21387726068496704, 0.11257127672433853, -3.06009578704834, -0.024768561124801636, -0.48569121956825256] [0.030721962451934814, -0.4847859740257263, 1.6566780805587769, 0.035323962569236755, 1.6091240644454956, 0.5839999914169312, -1.3023240566253662, -1.3054759502410889]
[0.18502037227153778, -0.2157694399356842, 0.10741028934717178, -3.038358211517334, 0.006725314073264599, -0.4937400221824646] [0.055265963077545166, -0.49245595932006836, 1.6597460508346558, 0.035323962569236755, 1.6075900793075562, 0.5839999914169312, -1.3023240566253662, -1.3054759502410889]
[0.18493130803108215, -0.21607361733913422, 0.09573730826377869, -3.0668256282806396, 0.06243513152003288, -0.4963396489620209] [0.1181599572300911, -0.49245595932006836, 1.6628141403198242, 0.03378996253013611, 1.6075900793075562, 0.5839999914169312, -1.3023240566253662, -1.3039419651031494]
[0.183680921792984, -0.21594367921352386, 0.07730774581432343, -3.103827953338623, 0.1501610279083252, -0.5002668499946594] [0.2500839829444885, -0.49245595932006836, 1.6796880960464478, 0.039925962686538696, 1.6075900793075562, 0.5839999914169312, -1.3023240566253662, -1.30240797996521]
[0.18172284960746765, -0.2166881561279297, 0.0675363764166832, -3.1015141010284424, 0.1946726143360138, -0.5077642202377319] [0.26695796847343445, -0.4909219741821289, 1.7088340520858765, 0.039925962686538696, 1.6060560941696167, 0.5839999914169312, -1.2992560863494873, -1.30240797996521]
[0.18180671334266663, -0.21647948026657104, 0.06720693409442902, -3.0973634719848633, 0.19621211290359497, -0.5066118240356445] [0.27002596855163574, -0.4909219741821289, 1.707300066947937, 0.04145996272563934, 1.6060560941696167, 0.5839999914169312, -1.2992560863494873, -1.3008739948272705]
[0.18174409866333008, -0.21644288301467896, 0.06682562083005905, -3.101924180984497, 0.19735980033874512, -0.506791889667511] [0.27309396862983704, -0.48938798904418945, 1.7057660818099976, 0.04145996272563934, 1.6060560941696167, 0.5839999914169312, -1.2992560863494873, -1.299340009689331]
[0.18221597373485565, -0.21559496223926544, 0.06640037894248962, -3.1015753746032715, 0.19930104911327362, -0.5022907257080078] [0.2746279835700989, -0.48631995916366577, 1.7057660818099976, 0.04145996272563934, 1.6075900793075562, 0.5839999914169312, -1.2992560863494873, -1.2978060245513916]
[0.18221597373485565, -0.21559496223926544, 0.06640037894248962, -3.1015753746032715, 0.19930104911327362, -0.5022907257080078] [0.2746279835700989, -0.48631995916366577, 1.7057660818099976, 0.04145996272563934, 1.6060560941696167, 0.5839999914169312, -1.2992560863494873, -1.299340009689331]
[0.18220676481723785, -0.21561141312122345, 0.06639961898326874, -3.100041389465332, 0.19930104911327362, -0.5022907257080078] [0.27309396862983704, -0.48631995916366577, 1.7057660818099976, 0.04145996272563934, 1.6060560941696167, 0.5839999914169312, -1.2992560863494873, -1.299340009689331]
[0.18216420710086823, -0.21559496223926544, 0.06612090021371841, -3.1023290157318115, 0.2006455361843109, -0.5024404525756836] [0.27309396862983704, -0.48631995916366577, 1.7057660818099976, 0.04145996272563934, 1.6060560941696167, 0.5839999914169312, -1.2992560863494873, -1.299340009689331]
[0.18221597373485565, -0.21559496223926544, 0.06640037894248962, -3.1015753746032715, 0.19930104911327362, -0.5022907257080078] [0.2746279835700989, -0.48631995916366577, 1.7057660818099976, 0.04145996272563934, 1.6075900793075562, 0.5839999914169312, -1.2992560863494873, -1.299340009689331]
[0.18221597373485565, -0.21559496223926544, 0.06640037894248962, -3.1015753746032715, 0.19930104911327362, -0.5022907257080078] [0.2746279835700989, -0.48631995916366577, 1.7057660818099976, 0.04145996272563934, 1.6060560941696167, 0.5839999914169312, -1.2992560863494873, -1.299340009689331]
[0.18215018510818481, -0.21558645367622375, 0.06594622880220413, -3.102327823638916, 0.20217952132225037, -0.5024341940879822] [0.2746279835700989, -0.48631995916366577, 1.7057660818099976, 0.04145996272563934, 1.6060560941696167, 0.5839999914169312, -1.2992560863494873, -1.2978060245513916]
[0.18220676481723785, -0.21561141312122345, 0.06639961898326874, -3.100041389465332, 0.19930104911327362, -0.5022907257080078] [0.27309396862983704, -0.48631995916366577, 1.7057660818099976, 0.04145996272563934, 1.6060560941696167, 0.5839999914169312, -1.2992560863494873, -1.299340009689331]
