0.72940578	-0.312457901	1.77765633	1.111862186	1.589051378	0.518152678
0.726721038	-0.31496174	1.777601039	1.119022202	1.577347869	0.505765465
0.724019786	-0.31745917	1.777487609	1.126208276	1.565641863	0.493370605
0.721296789	-0.31994748	1.777296457	1.13342787	1.553932924	0.48096663
0.718545042	-0.322422816	1.777000995	1.140690712	1.542220583	0.468551882
0.715755134	-0.324879699	1.776565006	1.148009502	1.530504367	0.45612457
0.712914394	-0.327310329	1.775939006	1.155400847	1.518783859	0.443682868
0.710005714	-0.329703589	1.775055194	1.162886485	1.507058798	0.431225129
0.707005939	-0.332043632	1.773820466	1.170494878	1.495329246	0.418750256
0.7038837	-0.334307854	1.772106772	1.178263254	1.483595871	0.40625834
0.700596473	-0.336464033	1.769737879	1.186240209	1.471860391	0.393751722
0.697086681	-0.338466311	1.766471417	1.194488897	1.460126282	0.381236693
0.693276599	-0.340249618	1.761974889	1.203090822	1.448399862	0.368726172
0.68906192	-0.34172211	1.755794513	1.212149995	1.436691922	0.356243815
0.684304053	-0.342755248	1.747316444	1.221796881	1.425020134	0.343830145
0.678821744	-0.343171477	1.735722062	1.232190848	1.413412428	0.331551366
0.67238371	-0.34273033	1.719943545	1.243518671	1.401911531	0.319511356
0.664705837	-0.341115638	1.69863446	1.25598495	1.390580484	0.307866722
0.655459387	-0.337929772	1.670183857	1.26978832	1.379508361	0.296843024
0.644299914	-0.332705559	1.632819598	1.285076216	1.368814076	0.28674708
0.630928016	-0.324951008	1.584858315	1.301873435	1.358644397	0.27796533
0.615187674	-0.314241388	1.525142884	1.31999002	1.349160751	0.270933751
0.597189516	-0.300359011	1.453631442	1.338934898	1.34051032	0.26606616
0.577414905	-0.283447585	1.371955506	1.357886274	1.332783189	0.26364301
0.556730874	-0.264107636	1.283622555	1.375774682	1.325968988	0.263693232
0.536261882	-0.24335117	1.193570638	1.391491916	1.319936151	0.265929257
0.517139268	-0.222393854	1.107098897	1.404157037	1.314451931	0.269786386
0.500235925	-0.202365442	1.028618944	1.413315004	1.30923893	0.274561465
0.486009491	-0.184074689	0.960810192	1.41897742	1.304041035	0.279584132
0.474502807	-0.167919679	0.904471635	1.421513838	1.298669267	0.28434257
0.46545784	-0.153937789	0.858934138	1.421476629	1.293015533	0.288528027
0.458462221	-0.141927106	0.822686202	1.419443968	1.28704134	0.292012407
0.45306893	-0.131570997	0.793927565	1.415921487	1.280755879	0.294794729
0.448868638	-0.12252986	0.77093158	1.411301617	1.274194824	0.296946238
0.445520728	-0.114494084	0.752223609	1.405861108	1.267404997	0.298568555
0.442757758	-0.107207095	0.736632893	1.399776903	1.260435549	0.299767381
0.44037667	-0.100470251	0.72327577	1.393147153	1.253334344	0.300638704
0.438225368	-0.094138947	0.711510711	1.3860108	1.246147892	0.301263253
0.43618927	-0.088115841	0.700888043	1.378363534	1.238923594	0.301705661
0.434179744	-0.082344363	0.691104949	1.370170296	1.231713484	0.302015943
0.432124983	-0.076803951	0.681969287	1.361375571	1.224579057	0.302231842
0.429963294	-0.071507392	0.673372263	1.351913126	1.217596875	0.302381307
0.427638644	-0.066500055	0.665268436	1.34171699	1.210864614	0.302484729
0.425098402	-0.06186025	0.657660929	1.33073539	1.204506858	0.302556808
0.422293386	-0.057699424	0.650589542	1.318948954	1.198679402	0.302608033
0.419180399	-0.054160277	0.644119397	1.306393461	1.193570004	0.302645817
0.415727352	-0.051410306	0.63832793	1.293185431	1.189392848	0.302675328
0.41192056	-0.049628261	0.63328875	1.279545757	1.186373784	0.302700093
0.407772933	-0.048982085	0.629052336	1.265813162	1.18472469	0.302722413
0.403330618	-0.049599661	0.625625924	1.252437171	1.184608578	0.302743652
0.398674905	-0.051537888	0.622957476	1.239942468	1.18610214	0.302764463
0.393916699	-0.054759321	0.620929893	1.228864746	1.189167011	0.302784967
0.389183084	-0.059126102	0.619369878	1.21967065	1.193641745	0.302804941
0.384598823	-0.06441615	0.618070957	1.212684608	1.199260808	0.302823988
0.380268137	-0.070358077	0.616824336	1.208045738	1.205696593	0.302841696
0.376262147	-0.076673857	0.615448095	1.205706612	1.212611263	0.302857748
0.372614773	-0.08311635	0.61380671	1.205469085	1.219702746	0.302871975
0.369326457	-0.0894929	0.611817718	1.207040348	1.22673402	0.302884362
0.366372711	-0.095673025	0.609447353	1.210090203	1.233543096	0.302895018
0.363714013	-0.101583603	0.606699659	1.214296378	1.240037685	0.302904132
0.361304531	-0.107197121	0.603603718	1.219372918	1.246181256	0.302911931
0.359098478	-0.112517993	0.600202164	1.225083041	1.251976564	0.302918647
0.357053999	-0.11757015	0.596542436	1.231240783	1.257450616	0.302924494
0.355135042	-0.122387356	0.592670994	1.237706121	1.262642857	0.302929661
0.353311847	-0.127006461	0.58863001	1.244377234	1.267596897	0.302934305
0.351560617	-0.13146318	0.584455864	1.251182272	1.272355297	0.302938552
0.349862782	-0.135789773	0.580178816	1.258071896	1.276956677	0.302942503
0.348204124	-0.140014038	0.575823348	1.265013097	1.281434417	0.302946236
0.346573932	-0.144159116	0.57140884	1.271984368	1.28581637	0.302949808
0.344964237	-0.148243766	0.566950362	1.278972096	1.290125166	0.302953264
0.34336917	-0.152282868	0.562459452	1.285967951	1.294378796	0.302956637
0.341784446	-0.15628801	0.557944821	1.292967048	1.298591317	0.30295995
0.340206933	-0.16026805	0.553412945	1.299966685	1.302773568	0.302963221
0.33863431	-0.164229612	0.548868538	1.306965487	1.306933837	0.302966461
0.337064755	-0.168177453	0.544314904	1.313962839	1.311078506	0.30296968
0.33549663	-0.172114673	0.539754162	1.320958472	1.315212691	0.302972883
0.333928089	-0.176042652	0.535187345	1.327952107	1.319341001	0.302976072
0.332356515	-0.179960584	0.530614412	1.33494301	1.323468636	0.302979246
0.330777674	-0.183864317	0.526034262	1.341929201	1.327603209	0.302982398
0.329184428	-0.187744049	0.521445052	1.348905919	1.331758009	0.302985517
0.32756492	-0.191580159	0.516845521	1.355862541	1.335957923	0.302988575
0.325900303	-0.195336132	0.512238839	1.362776638	1.34024997	0.30299153
0.324162564	-0.198947313	0.507641961	1.369602961	1.344721382	0.302994307
0.32231407	-0.202304375	0.503105695	1.376254191	1.349528918	0.302996797
0.320312384	-0.205231931	0.498753392	1.382569843	1.354942496	0.302998842
0.318126851	-0.207467374	0.494847119	1.388271899	1.361400961	0.303000251
0.315776061	-0.208655515	0.491883028	1.392915265	1.369561759	0.303000836
0.313392461	-0.208391349	0.490689603	1.395864378	1.380293255	0.303000522
0.311301094	-0.206354143	0.492443035	1.396362462	1.394518236	0.30299952
0.310056409	-0.202542687	0.498454807	1.393769714	1.412831115	0.302998518
0.310345991	-0.197504385	0.509652673	1.387947373	1.434984032	0.302998689
0.312731875	-0.192326951	0.525980097	1.37954563	1.459625479	0.303001372
0.317377636	-0.188266106	0.546225352	1.369873803	1.484676899	0.303007512
0.323989084	-0.186239107	0.568525999	1.360364564	1.508178161	0.303017287
0.332004615	-0.186569051	0.591144041	1.352049834	1.528949689	0.303030194
0.34084876	-0.189082615	0.612940525	1.345385435	1.54668788	0.303045418
0.350082105	-0.193363009	0.633407798	1.340380174	1.561671324	0.303062168
0.359429046	-0.198957834	0.652470527	1.336811798	1.574417456	0.303079835
0.36874263	-0.205482412	0.670271127	1.334390703	1.5854596	0.303098012
0.377957793	-0.212646347	0.687025475	1.332845458	1.595249353	0.303116444
0.38705474	-0.220244009	0.702948522	1.331953603	1.604134561	0.303134987
0.39603571	-0.228134677	0.718224656	1.331544728	1.612370128	0.303153559
0.404911916	-0.236223623	0.73300093	1.331492947	1.620138009	0.303172119
0.41369684	-0.244447424	0.747389916	1.331707095	1.627566413	0.303190646
0.422403082	-0.252763533	0.761475533	1.332121922	1.634745143	0.30320913
0.431041051	-0.261143201	0.775318961	1.332691156	1.641736903	0.303227567
0.439618516	-0.269566766	0.788963579	1.333382402	1.648585273	0.303245955
0.448140508	-0.278020534	0.802438701	1.334173537	1.655320199	0.303264293
0.456609299	-0.286494718	0.815762151	1.335050272	1.66196167	0.303282576
0.465024301	-0.294982037	0.828941809	1.336004599	1.668522123	0.303300801
0.473381792	-0.303476744	0.841976195	1.337033949	1.675007897	0.303318959
0.481674376	-0.311973897	0.854854123	1.338140945	1.681419957	0.303337038
0.489890074	-0.320468765	0.867553314	1.339333735	1.687753999	0.303355021
