0.6581279635429382 -0.2915019690990448 1.859166145324707 1.0186179876327515 1.4097040891647339 0.9907999634742737 -0.10273604094982147	0.16811196506023407 -0.18300163745880127 0.09577023237943649 3.041616439819336 -0.3908947706222534 -0.42671096324920654	0.5866242051124573 -0.21378441154956818 0.03838478773832321
0.6581279635429382 -0.2915019690990448 1.859166145324707 1.0186179876327515 1.4097040891647339 0.8240000009536743 -0.10273604094982147	0.16817235946655273 -0.18285544216632843 0.09577662497758865 3.0402743816375732 -0.39097365736961365 -0.42530083656311035	0.5866242051124573 -0.21378441154956818 0.03838478773832321
0.6581279635429382 -0.2915019690990448 1.859166145324707 1.0186179876327515 1.4097040891647339 0.6484000086784363 -0.10273604094982147	0.16811196506023407 -0.18300163745880127 0.09577023237943649 3.041616439819336 -0.3908947706222534 -0.42671096324920654	0.5866242051124573 -0.21378441154956818 0.03838478773832321
0.6581279635429382 -0.2915019690990448 1.859166145324707 1.0186179876327515 1.4097040891647339 0.45879998803138733 -0.10273604094982147	0.16811196506023407 -0.18300163745880127 0.09577023237943649 3.041616439819336 -0.3908947706222534 -0.42671096324920654	0.5866242051124573 -0.21378441154956818 0.03838478773832321
0.6581279635429382 -0.2915019690990448 1.859166145324707 1.0186179876327515 1.4097040891647339 0.37439998984336853 -0.10273604094982147	0.16811196506023407 -0.18300163745880127 0.09577023237943649 3.041616439819336 -0.3908947706222534 -0.42671096324920654	0.5866242051124573 -0.21378441154956818 0.03838478773832321
0.6581279635429382 -0.2915019690990448 1.859166145324707 1.0186179876327515 1.4097040891647339 0.31279999017715454 -0.10273604094982147	0.16811196506023407 -0.18300163745880127 0.09577023237943649 3.041616439819336 -0.3908947706222534 -0.42671096324920654	0.5866242051124573 -0.21378441154956818 0.03838478773832321
0.6581279635429382 -0.2915019690990448 1.859166145324707 1.0186179876327515 1.4097040891647339 0.3027999997138977 -0.10273604094982147	0.16811196506023407 -0.18300163745880127 0.09577023237943649 3.041616439819336 -0.3908947706222534 -0.42671096324920654	0.5866242051124573 -0.21378441154956818 0.03838478773832321
0.6581279635429382 -0.2915019690990448 1.859166145324707 1.0186179876327515 1.4097040891647339 0.3027999997138977 -0.10273604094982147	0.16821499168872833 -0.1827935427427292 0.09569057077169418 3.0425403118133545 -0.390506774187088 -0.42584919929504395	0.5866242051124573 -0.21378441154956818 0.03838478773832321
0.6581279635429382 -0.2915019690990448 1.857632040977478 1.0186179876327515 1.4097040891647339 0.3027999997138977 -0.10273604094982147	0.16811196506023407 -0.18300163745880127 0.09577023237943649 3.041616439819336 -0.3908947706222534 -0.42671096324920654	0.5866242051124573 -0.21378441154956818 0.03838478773832321
0.6596620082855225 -0.2915019690990448 1.859166145324707 1.0186179876327515 1.4097040891647339 0.3027999997138977 -0.10273604094982147	0.16810527443885803 -0.18300163745880127 0.09551233798265457 3.0409300327301025 -0.38949814438819885 -0.42644989490509033	0.5866242051124573 -0.21378441154956818 0.03838478773832321
0.6581279635429382 -0.2915019690990448 1.859166145324707 1.0186179876327515 1.4097040891647339 0.3027999997138977 -0.10273604094982147	0.16810527443885803 -0.18300163745880127 0.09551233798265457 3.0409300327301025 -0.38949814438819885 -0.42644989490509033	0.5866242051124573 -0.21378441154956818 0.03838478773832321
0.6581279635429382 -0.2915019690990448 1.859166145324707 1.0186179876327515 1.4097040891647339 0.3027999997138977 -0.10273604094982147	0.16811196506023407 -0.18300163745880127 0.09577023237943649 3.041616439819336 -0.3908947706222534 -0.42671096324920654	0.5866242051124573 -0.21378441154956818 0.03838478773832321
0.6596620082855225 -0.2915019690990448 1.859166145324707 1.0186179876327515 1.4081701040267944 0.3027999997138977 -0.10273604094982147	0.1681203991174698 -0.1829848289489746 0.09576847404241562 3.0400824546813965 -0.3908947706222534 -0.42671096324920654	0.5866242051124573 -0.21378441154956818 0.03838478773832321
0.6581279635429382 -0.2915019690990448 1.859166145324707 1.0186179876327515 1.4097040891647339 0.3027999997138977 -0.10273604094982147	0.16810527443885803 -0.18300163745880127 0.09551233798265457 3.0409300327301025 -0.38949814438819885 -0.42644989490509033	0.5866242051124573 -0.21378441154956818 0.03838478773832321
0.6596620082855225 -0.2915019690990448 1.857632040977478 1.0186179876327515 1.4097040891647339 0.3027999997138977 -0.10273604094982147	0.16810527443885803 -0.18300163745880127 0.09551233798265457 3.0409300327301025 -0.38949814438819885 -0.42644989490509033	0.5866242051124573 -0.21378441154956818 0.03838478773832321
0.6596620082855225 -0.2915019690990448 1.857632040977478 1.0186179876327515 1.4081701040267944 0.3027999997138977 -0.10273604094982147	0.16811196506023407 -0.18300163745880127 0.09577023237943649 3.041616439819336 -0.3908947706222534 -0.42671096324920654	0.5866242051124573 -0.21378441154956818 0.03838478773832321
0.6596620082855225 -0.2915019690990448 1.859166145324707 1.0186179876327515 1.4097040891647339 0.3027999997138977 -0.10273604094982147	0.16811196506023407 -0.18300163745880127 0.09577023237943649 3.041616439819336 -0.3908947706222534 -0.42671096324920654	0.5866242051124573 -0.21378441154956818 0.03838478773832321
0.6581279635429382 -0.2915019690990448 1.857632040977478 1.0186179876327515 1.3958981037139893 0.3027999997138977 -0.10273604094982147	0.168256938457489 -0.1826876848936081 0.0957576334476471 3.0249345302581787 -0.39097365736961365 -0.42530083656311035	0.5866242051124573 -0.21378441154956818 0.03838478773832321
0.6581279635429382 -0.2915019690990448 1.8530300855636597 1.0431619882583618 1.3698201179504395 0.3027999997138977 -0.10273604094982147	0.1673499047756195 -0.1813833862543106 0.0997244268655777 2.9966542720794678 -0.4241756200790405 -0.42280134558677673	0.5866242051124573 -0.21378441154956818 0.03838478773832321
0.6427879929542542 -0.2915019690990448 1.8514961004257202 1.0539000034332275 1.3575481176376343 0.3027999997138977 -0.10273604094982147	0.1666785031557083 -0.18056197464466095 0.10404138267040253 2.991379499435425 -0.45511943101882935 -0.42268672585487366	0.5866242051124573 -0.21378441154956818 0.03838478773832321
0.6197779774665833 -0.2915019690990448 1.8346221446990967 1.0815119743347168 1.3560140132904053 0.3027999997138977 -0.10273604094982147	0.1650756299495697 -0.17780588567256927 0.11236658692359924 2.983259439468384 -0.5185538530349731 -0.409218430519104	0.5866242051124573 -0.21378441154956818 0.03838478773832321
0.5829619765281677 -0.2915019690990448 1.80087411403656 1.1167939901351929 1.3575481176376343 0.3027999997138977 -0.10273604094982147	0.16349920630455017 -0.17174004018306732 0.12290690839290619 2.9545581340789795 -0.5997384786605835 -0.3682836592197418	0.5866242051124573 -0.21378441154956818 0.03838478773832321
0.5446119904518127 -0.2915019690990448 1.7011641263961792 1.1858240365982056 1.3575481176376343 0.3027999997138977 -0.10273604094982147	0.16111181676387787 -0.1599264144897461 0.13239125907421112 2.8587520122528076 -0.690137505531311 -0.2612372040748596	0.5866242051124573 -0.21378441154956818 0.03838478773832321
0.5292719602584839 -0.2915019690990448 1.498676061630249 1.3453600406646729 1.3590821027755737 0.3027999997138977 -0.10273604094982147	0.1527634710073471 -0.13157714903354645 0.14179262518882751 2.5768115520477295 -0.8187742233276367 0.06269244104623795	0.5866242051124573 -0.21378441154956818 0.03838478773832321
0.5185339450836182 -0.2915019690990448 1.21642005443573 1.4864879846572876 1.3544800281524658 0.3027999997138977 -0.10273604094982147	0.14392982423305511 -0.09824376553297043 0.1391257494688034 2.211312770843506 -0.7984755039215088 0.5021013021469116	0.5866242051124573 -0.21378441154956818 0.03838478773832321
0.5123980045318604 -0.2915019690990448 1.0584180355072021 1.5171680450439453 1.3544800281524658 0.3027999997138977 -0.10273604094982147	0.1413656622171402 -0.08211744576692581 0.13125309348106384 2.076359748840332 -0.7061536312103271 0.6815131306648254	0.5866242051124573 -0.21378441154956818 0.03838478773832321
0.506261944770813 -0.28383195400238037 0.9832520484924316 1.5217700004577637 1.3652180433273315 0.3027999997138977 -0.10273604094982147	0.14013823866844177 -0.07581111788749695 0.12950648367404938 2.060842275619507 -0.6837092638015747 0.7393696904182434	0.5866242051124573 -0.21378441154956818 0.03838478773832321
0.4970579743385315 -0.25315195322036743 0.9663780927658081 1.5202360153198242 1.3728880882263184 0.3027999997138977 -0.10273604094982147	0.13935498893260956 -0.07172761112451553 0.12966299057006836 2.06260347366333 -0.6833927035331726 0.7705703973770142	0.5866242051124573 -0.21378441154956818 0.03838478773832321
0.49245595932006836 -0.21786996722221375 0.9264940619468689 1.5202360153198242 1.3744220733642578 0.3027999997138977 -0.10273604094982147	0.13747936487197876 -0.0632854625582695 0.12769150733947754 2.0555362701416016 -0.6669533848762512 0.8336035013198853	0.5866242051124573 -0.21378441154956818 0.03838478773832321
0.4878539741039276 -0.18105396628379822 0.8513280749320984 1.5202360153198242 1.3744220733642578 0.3027999997138977 -0.10273604094982147	0.13457052409648895 -0.053190480917692184 0.12308943271636963 2.0128684043884277 -0.6144283413887024 0.9216837286949158	0.5866242051124573 -0.21378441154956818 0.03838478773832321
0.4771159887313843 -0.17184996604919434 0.7470160722732544 1.5202360153198242 1.3698201179504395 0.3027999997138977 -0.10273604094982147	0.13171954452991486 -0.04445931687951088 0.11710619926452637 1.9680529832839966 -0.5491775870323181 0.996462881565094	0.5866242051124573 -0.21378441154956818 0.03838478773832321
0.46944597363471985 -0.14883996546268463 0.7393460273742676 1.4972259998321533 1.3621500730514526 0.3027999997138977 -0.10273604094982147	0.13262687623500824 -0.042542826384305954 0.11756358295679092 1.960265874862671 -0.5453724265098572 0.9988738298416138	0.5866242051124573 -0.21378441154956818 0.03838478773832321
0.4571739733219147 -0.14883996546268463 0.7178700566291809 1.4956920146942139 1.348344087600708 0.3027999997138977 -0.10273604094982147	0.13198985159397125 -0.040521759539842606 0.11649764329195023 1.9293924570083618 -0.5288069844245911 1.0175403356552124	0.5866242051124573 -0.21378441154956818 0.03838478773832321
0.4541059732437134 -0.13656796514987946 0.6933260560035706 1.488021969795227 1.333004117012024 0.3027999997138977 -0.10273604094982147	0.1313474476337433 -0.03708892688155174 0.11442612111568451 1.9112935066223145 -0.5098418593406677 1.0366594791412354	0.5866242051124573 -0.21378441154956818 0.03838478773832321
0.4525719881057739 -0.12276195734739304 0.6687820553779602 1.4711480140686035 1.3145960569381714 0.3027999997138977 -0.10273604094982147	0.13150063157081604 -0.03393978253006935 0.1116708368062973 1.8929169178009033 -0.4853677451610565 1.0465664863586426	0.5866242051124573 -0.21378441154956818 0.03838478773832321
0.4525719881057739 -0.10128595679998398 0.6442380547523499 1.449671983718872 1.294654130935669 0.3027999997138977 -0.10273604094982147	0.13146716356277466 -0.029842570424079895 0.10892360657453537 1.8781092166900635 -0.46193230152130127 1.0596282482147217	0.5866242051124573 -0.21378441154956818 0.03838478773832321
0.4525719881057739 -0.07827596366405487 0.6319660544395447 1.431264042854309 1.271644115447998 0.3027999997138977 -0.10273604094982147	0.1313990354537964 -0.026426605880260468 0.10784658044576645 1.8641819953918457 -0.4553394019603729 1.068010687828064	0.5866242051124573 -0.21378441154956818 0.03838478773832321
0.4525719881057739 -0.05373196303844452 0.6319660544395447 1.4220600128173828 1.236362099647522 0.3027999997138977 -0.10273604094982147	0.13028718531131744 -0.023311173543334007 0.10801755636930466 1.8405122756958008 -0.4619086682796478 1.0831395387649536	0.5866242051124573 -0.21378441154956818 0.03838478773832321
0.4510379731655121 -0.03378996253013611 0.6319660544395447 1.4174580574035645 1.2225561141967773 0.3027999997138977 -0.10273604094982147	0.13012395799160004 -0.022221112623810768 0.10793057829141617 1.8306922912597656 -0.4628453850746155 1.0862538814544678	0.5866242051124573 -0.21378441154956818 0.03838478773832321
0.4525719881057739 -0.03378996253013611 0.6319660544395447 1.4174580574035645 1.221022129058838 0.3027999997138977 -0.10273604094982147	0.1300625056028366 -0.022104181349277496 0.10776591300964355 1.8269585371017456 -0.46160098910331726 1.0872211456298828	0.5866242051124573 -0.21378441154956818 0.03838478773832321
0.4525719881057739 -0.035323962569236755 0.628898024559021 1.4174580574035645 1.2194880247116089 0.3027999997138977 -0.10273604094982147	0.13058874011039734 -0.022699637338519096 0.10643287748098373 1.8283690214157104 -0.4518609642982483 1.0805994272232056	0.5866242051124573 -0.21378441154956818 0.03838478773832321
0.4617759585380554 -0.04452796280384064 0.6196940541267395 1.4159239530563354 1.2194880247116089 0.3027999997138977 -0.10427004098892212	0.13025468587875366 -0.022360630333423615 0.10448242723941803 1.8300118446350098 -0.43923288583755493 1.0830512046813965	0.5866242051124573 -0.21378441154956818 0.03838478773832321
0.4648439884185791 -0.04299396276473999 0.6058880686759949 1.4159239530563354 1.2194880247116089 0.3027999997138977 -0.10427004098892212	0.12971429526805878 -0.02152131497859955 0.10360033065080643 1.8259042501449585 -0.4311342239379883 1.0909631252288818	0.5866242051124573 -0.21378441154956818 0.03838478773832321
0.4648439884185791 -0.04452796280384064 0.5966840386390686 1.4159239530563354 1.2118180990219116 0.3027999997138977 -0.10427004098892212	0.1294664591550827 -0.02091473899781704 0.10228893905878067 1.8119213581085205 -0.4196712374687195 1.0959101915359497	0.5866242051124573 -0.21378441154956818 0.03838478773832321
0.46330997347831726 -0.04299396276473999 0.5859460830688477 1.4128559827804565 1.2072160243988037 0.3027999997138977 -0.10273604094982147	0.1298207938671112 -0.02058696746826172 0.10176318883895874 1.804097294807434 -0.4126089811325073 1.095320224761963	0.5866242051124573 -0.21378441154956818 0.03838478773832321
0.46024197340011597 -0.050663962960243225 0.5859460830688477 1.3975160121917725 1.198012113571167 0.3027999997138977 -0.10427004098892212	0.13217216730117798 -0.021906590089201927 0.10105054080486298 1.7919528484344482 -0.4005333185195923 1.074715256690979	0.5866242051124573 -0.21378441154956818 0.03838478773832321
0.4541059732437134 -0.05833396315574646 0.5859460830688477 1.3837100267410278 1.1903420686721802 0.3027999997138977 -0.10427004098892212	0.13335663080215454 -0.022460253909230232 0.10051518678665161 1.7889472246170044 -0.39542287588119507 1.063056230545044	0.5866242051124573 -0.21378441154956818 0.03838478773832321
0.4525719881057739 -0.05833396315574646 0.5874800682067871 1.3668359518051147 1.1765360832214355 0.3027999997138977 -0.10273604094982147	0.13529686629772186 -0.02285071089863777 0.10043119639158249 1.7754313945770264 -0.39054685831069946 1.0469790697097778	0.5866242051124573 -0.21378441154956818 0.03838478773832321
0.44950395822525024 -0.05833396315574646 0.5951500535011292 1.3468940258026123 1.1673320531845093 0.3027999997138977 -0.10273604094982147	0.13770674169063568 -0.02362890914082527 0.10021890699863434 1.7724586725234985 -0.38607341051101685 1.024365782737732	0.5866242051124573 -0.21378441154956818 0.03838478773832321
0.4449019730091095 -0.05986796319484711 0.6012860536575317 1.3284859657287598 1.1565940380096436 0.3027999997138977 -0.10427004098892212	0.1393812745809555 -0.024168692529201508 0.10012029111385345 1.7706996202468872 -0.38256266713142395 1.009094476699829	0.5866242051124573 -0.21378441154956818 0.03838478773832321
0.43723195791244507 -0.05986796319484711 0.6120240688323975 1.3008739948272705 1.1489241123199463 0.3027999997138977 -0.10273604094982147	0.1435682326555252 -0.025930006057024002 0.10068439692258835 1.7718313932418823 -0.37955546379089355 0.9696789979934692	0.5866242051124573 -0.21378441154956818 0.03838478773832321
0.4310959577560425 -0.05833396315574646 0.6319660544395447 1.2763299942016602 1.135118007659912 0.3027999997138977 -0.10273604094982147	0.14593815803527832 -0.02734770067036152 0.10138651728630066 1.7714475393295288 -0.38354068994522095 0.9443885684013367	0.5866242051124573 -0.21378441154956818 0.03838478773832321
0.429561972618103 -0.05833396315574646 0.656510055065155 1.244115948677063 1.119778037071228 0.3027999997138977 -0.10273604094982147	0.15056991577148438 -0.030372483655810356 0.10203015059232712 1.780072808265686 -0.38587531447410583 0.8934809565544128	0.5866242051124573 -0.21378441154956818 0.03838478773832321
0.42649397253990173 -0.05833396315574646 0.6841220855712891 1.2134360074996948 1.1075060367584229 0.3027999997138977 -0.10273604094982147	0.15397997200489044 -0.03252995014190674 0.10288958996534348 1.7879904508590698 -0.38922250270843506 0.856008768081665	0.5866242051124573 -0.21378441154956818 0.03838478773832321
0.4188239574432373 -0.05986796319484711 0.7071320414543152 1.1858240365982056 1.0921660661697388 0.3027999997138977 -0.10273604094982147	0.1573919802904129 -0.03496655076742172 0.10406267642974854 1.7892793416976929 -0.3933599293231964 0.8183372020721436	0.5866242051124573 -0.21378441154956818 0.03838478773832321
0.4126879572868347 -0.05833396315574646 0.7332100868225098 1.152076005935669 1.0783600807189941 0.3027999997138977 -0.10273604094982147	0.16070619225502014 -0.037527356296777725 0.10470288246870041 1.7947911024093628 -0.3931853175163269 0.7810854911804199	0.5866242051124573 -0.21378441154956818 0.03838478773832321
0.40655195713043213 -0.05833396315574646 0.7500840425491333 1.1336679458618164 1.0691560506820679 0.3027999997138977 -0.10273604094982147	0.16257517039775848 -0.038994401693344116 0.10561210662126541 1.8006718158721924 -0.3972081243991852 0.7589440941810608	0.5866242051124573 -0.21378441154956818 0.03838478773832321
0.4050179719924927 -0.05833396315574646 0.7562200427055359 1.1244640350341797 1.0691560506820679 0.3027999997138977 -0.10273604094982147	0.1633182018995285 -0.039471644908189774 0.10559254884719849 1.8040064573287964 -0.3952522575855255 0.751194953918457	0.5866242051124573 -0.21378441154956818 0.03838478773832321
0.4034839868545532 -0.05833396315574646 0.7562200427055359 1.1259980201721191 1.0691560506820679 0.3027999997138977 -0.10273604094982147	0.1631857305765152 -0.03941832110285759 0.10569403320550919 1.8035308122634888 -0.3962804675102234 0.7524286508560181	0.5866242051124573 -0.21378441154956818 0.03838478773832321
0.4019499719142914 -0.05833396315574646 0.7546860575675964 1.1244640350341797 1.0691560506820679 0.3027999997138977 -0.10273604094982147	0.16326585412025452 -0.03936566784977913 0.10572473704814911 1.801822304725647 -0.39534512162208557 0.752636194229126	0.5866242051124573 -0.21378441154956818 0.03838478773832321
0.3988819718360901 -0.05833396315574646 0.7516180276870728 1.1259980201721191 1.0722240209579468 0.3027999997138977 -0.10273604094982147	0.16310645639896393 -0.03934359550476074 0.1060878336429596 1.7995704412460327 -0.3961319625377655 0.7555227875709534	0.5866242051124573 -0.21378441154956818 0.03838478773832321
0.3988819718360901 -0.05986796319484711 0.7500840425491333 1.1275320053100586 1.0768260955810547 0.3027999997138977 -0.10273604094982147	0.16309624910354614 -0.03938368335366249 0.10586562752723694 1.8016164302825928 -0.3936523497104645 0.7562819719314575	0.5866242051124573 -0.21378441154956818 0.03838478773832321
0.3988819718360901 -0.06446996331214905 0.7485500574111938 1.1336679458618164 1.0829620361328125 0.3027999997138977 -0.10273604094982147	0.16256216168403625 -0.0399007648229599 0.10654079169034958 1.8023455142974854 -0.39816614985466003 0.7602729201316833	0.5866242051124573 -0.21378441154956818 0.03838478773832321
0.39734798669815063 -0.07213996350765228 0.7439480423927307 1.1413379907608032 1.0937000513076782 0.3027999997138977 -0.10427004098892212	0.16228796541690826 -0.04056956619024277 0.10655566304922104 1.80879545211792 -0.3969806730747223 0.7621000409126282	0.5866242051124573 -0.21378441154956818 0.03838478773832321
0.3988819718360901 -0.08134396374225616 0.7347440719604492 1.1444059610366821 1.1259140968322754 0.30320000648498535 -0.10273604094982147	0.16212613880634308 -0.04142129421234131 0.10586737096309662 1.830374836921692 -0.38853564858436584 0.7636591792106628	0.5866242051124573 -0.21378441154956818 0.03838478773832321
0.39734798669815063 -0.0920819640159607 0.7194040417671204 1.152076005935669 1.1611961126327515 0.30320000648498535 -0.10273604094982147	0.16124114394187927 -0.0416526272892952 0.1055871918797493 1.8470704555511475 -0.3817010223865509 0.7749300003051758	0.5866242051124573 -0.21378441154956818 0.03838478773832321
0.39734798669815063 -0.10588795691728592 0.7040640711784363 1.1689499616622925 1.1918760538101196 0.30320000648498535 -0.10273604094982147	0.16000235080718994 -0.04179356247186661 0.10537958145141602 1.860223412513733 -0.37730681896209717 0.7885738611221313	0.5866242051124573 -0.21378441154956818 0.03838478773832321
0.39734798669815063 -0.11969395726919174 0.6887240409851074 1.1858240365982056 1.2225561141967773 0.30320000648498535 -0.10273604094982147	0.1586928367614746 -0.04279734566807747 0.10483462363481522 1.8684793710708618 -0.36922237277030945 0.8013500571250916	0.5866242051124573 -0.21378441154956818 0.03838478773832321
0.39734798669815063 -0.1411699652671814 0.6641800403594971 1.2149699926376343 1.2624400854110718 0.3035999834537506 -0.10120204091072083	0.15658536553382874 -0.04330553859472275 0.10441397875547409 1.874928593635559 -0.3623851537704468 0.8224433064460754	0.5866242051124573 -0.21378441154956818 0.03838478773832321
0.39734798669815063 -0.1672479659318924 0.6335000395774841 1.2502520084381104 1.2977221012115479 0.30320000648498535 -0.10273604094982147	0.15388642251491547 -0.043977584689855576 0.10395547747612 1.8787330389022827 -0.35478344559669495 0.8481541275978088	0.5866242051124573 -0.21378441154956818 0.03838478773832321
0.3988819718360901 -0.1902579665184021 0.6074220538139343 1.2870680093765259 1.3176640272140503 0.3035999834537506 -0.10120204091072083	0.15084221959114075 -0.04444146901369095 0.10334180295467377 1.8677163124084473 -0.3470614552497864 0.8764963150024414	0.5866242051124573 -0.21378441154956818 0.03838478773832321
0.39734798669815063 -0.2101999670267105 0.5859460830688477 1.322350025177002 1.3360720872879028 0.30320000648498535 -0.10273604094982147	0.14851036667823792 -0.044848084449768066 0.10291217267513275 1.861251711845398 -0.34124818444252014 0.8973994851112366	0.5866242051124573 -0.21378441154956818 0.03838478773832321
0.3988819718360901 -0.2362779676914215 0.5660040378570557 1.3591660261154175 1.3560140132904053 0.30320000648498535 -0.10273604094982147	0.14558859169483185 -0.045572854578495026 0.1020718514919281 1.8590431213378906 -0.3314540982246399 0.9220278263092041	0.5866242051124573 -0.21378441154956818 0.03838478773832321
0.39734798669815063 -0.26082196831703186 0.5399260520935059 1.399049997329712 1.3790240287780762 0.3027999997138977 -0.10120204091072083	0.14196160435676575 -0.046343330293893814 0.10148473083972931 1.8535630702972412 -0.32241198420524597 0.9521629214286804	0.5866242051124573 -0.21378441154956818 0.03838478773832321
0.3988819718360901 -0.28996795415878296 0.5092460513114929 1.4542739391326904 1.3989660739898682 0.30320000648498535 -0.10273604094982147	0.13730661571025848 -0.046120014041662216 0.1002894788980484 1.843878149986267 -0.30840277671813965 0.9939002990722656	0.5866242051124573 -0.21378441154956818 0.03838478773832321
0.3988819718360901 -0.3053079843521118 0.49083805084228516 1.4818860292434692 1.4081701040267944 0.30320000648498535 -0.10273604094982147	0.13451796770095825 -0.04654594883322716 0.0997035875916481 1.8359624147415161 -0.3007640540599823 1.0161845684051514	0.5866242051124573 -0.21378441154956818 0.03838478773832321
0.3988819718360901 -0.31911396980285645 0.47856605052948 1.5064300298690796 1.4158400297164917 0.30320000648498535 -0.10273604094982147	0.1323869526386261 -0.04657119885087013 0.09930559247732162 1.834018349647522 -0.2954627275466919 1.034159541130066	0.5866242051124573 -0.21378441154956818 0.03838478773832321
0.3988819718360901 -0.3267839550971985 0.47089606523513794 1.5248379707336426 1.4235100746154785 0.3027999997138977 -0.10120204091072083	0.13091649115085602 -0.04674580693244934 0.0997757613658905 1.8338916301727295 -0.29878532886505127 1.0456782579421997	0.5866242051124573 -0.21378441154956818 0.03838478773832321
0.3958139717578888 -0.3267839550971985 0.5123140811920166 1.5279059410095215 1.425044059753418 0.3027999997138977 -0.10120204091072083	0.131774440407753 -0.048935193568468094 0.1053035631775856 1.8358408212661743 -0.3440430760383606 1.0306644439697266	0.5866242051124573 -0.21378441154956818 0.03838478773832321
0.3758719563484192 -0.32218196988105774 0.5690720677375793 1.5202360153198242 1.425044059753418 0.3027999997138977 -0.10120204091072083	0.13325496017932892 -0.05124460533261299 0.11300774663686752 1.8333930969238281 -0.4024267792701721 1.0118614435195923	0.5866242051124573 -0.21378441154956818 0.03838478773832321
0.3605319857597351 -0.30223995447158813 0.5951500535011292 1.5002939701080322 1.4235100746154785 0.3027999997138977 -0.10120204091072083	0.13460773229599 -0.0507158525288105 0.11651909351348877 1.8363962173461914 -0.427496075630188 1.0046401023864746	0.5866242051124573 -0.21378441154956818 0.03838478773832321
0.35899797081947327 -0.2884339690208435 0.5890140533447266 1.4849539995193481 1.4235100746154785 0.3027999997138977 -0.10273604094982147	0.13542307913303375 -0.04896631836891174 0.11529994010925293 1.8431396484375 -0.41697952151298523 1.0050959587097168	0.5866242051124573 -0.21378441154956818 0.03838478773832321
0.3574639558792114 -0.27002596855163574 0.582878053188324 1.4680800437927246 1.421976089477539 0.3027999997138977 -0.10273604094982147	0.13627538084983826 -0.04637840762734413 0.11466175317764282 1.8537768125534058 -0.41321861743927 1.0075942277908325	0.5866242051124573 -0.21378441154956818 0.03838478773832321
0.35899797081947327 -0.23167596757411957 0.5798100233078003 1.437399983406067 1.4097040891647339 0.3027999997138977 -0.10273604094982147	0.13734255731105804 -0.04131722077727318 0.1132626011967659 1.8583052158355713 -0.4051051437854767 1.0159817934036255	0.5866242051124573 -0.21378441154956818 0.03838478773832321
0.3574639558792114 -0.19179196655750275 0.5629360675811768 1.4128559827804565 1.3805580139160156 0.3027999997138977 -0.10273604094982147	0.1376413106918335 -0.03731774166226387 0.11115685850381851 1.8429248332977295 -0.391292929649353 1.026107668876648	0.5866242051124573 -0.21378441154956818 0.03838478773832321
0.35899797081947327 -0.17491796612739563 0.5537320375442505 1.3837100267410278 1.371354103088379 0.3027999997138977 -0.10273604094982147	0.13913075625896454 -0.03540411591529846 0.10978227853775024 1.8423537015914917 -0.37866395711898804 1.0197303295135498	0.5866242051124573 -0.21378441154956818 0.03838478773832321
0.35899797081947327 -0.15957796573638916 0.552198052406311 1.3668359518051147 1.363684058189392 0.3027999997138977 -0.10273604094982147	0.13991108536720276 -0.03377996012568474 0.10893574357032776 1.8444713354110718 -0.3733696937561035 1.0170819759368896	0.5866242051124573 -0.21378441154956818 0.03838478773832321
0.35899797081947327 -0.14270396530628204 0.544528067111969 1.3499619960784912 1.3560140132904053 0.3027999997138977 -0.10273604094982147	0.14043688774108887 -0.03170916810631752 0.10756860673427582 1.8420259952545166 -0.36214950680732727 1.0188227891921997	0.5866242051124573 -0.21378441154956818 0.03838478773832321
0.35899797081947327 -0.13043196499347687 0.5276540517807007 1.3438260555267334 1.3560140132904053 0.3027999997138977 -0.10273604094982147	0.1395258903503418 -0.029066283255815506 0.10558470338582993 1.8359935283660889 -0.3451653718948364 1.0355267524719238	0.5866242051124573 -0.21378441154956818 0.03838478773832321
0.3605319857597351 -0.12736396491527557 0.5077120661735535 1.3438260555267334 1.3529460430145264 0.3027999997138977 -0.10273604094982147	0.1390945166349411 -0.028244948014616966 0.1036660224199295 1.831385850906372 -0.3303511440753937 1.0419131517410278	0.5866242051124573 -0.21378441154956818 0.03838478773832321
0.36206597089767456 -0.12889796495437622 0.5061780214309692 1.3422919511795044 1.3529460430145264 0.3027999997138977 -0.10273604094982147	0.1392940878868103 -0.028640354052186012 0.10359042882919312 1.8308048248291016 -0.32941362261772156 1.0392322540283203	0.5866242051124573 -0.21378441154956818 0.03838478773832321
0.363599956035614 -0.1381019651889801 0.5061780214309692 1.3438260555267334 1.3529460430145264 0.3027999997138977 -0.10273604094982147	0.14028407633304596 -0.030627159401774406 0.10278856754302979 1.8306301832199097 -0.3231568932533264 1.0249511003494263	0.5866242051124573 -0.21378441154956818 0.03838478773832321
0.36513397097587585 -0.15650996565818787 0.5061780214309692 1.3438260555267334 1.3529460430145264 0.3027999997138977 -0.10273604094982147	0.14123761653900146 -0.03262244537472725 0.1021910235285759 1.8274357318878174 -0.31768032908439636 1.011149525642395	0.5866242051124573 -0.21378441154956818 0.03838478773832321
0.3666679859161377 -0.16878196597099304 0.5077120661735535 1.3438260555267334 1.3529460430145264 0.3027999997138977 -0.10273604094982147	0.1419282704591751 -0.034113287925720215 0.10209094732999802 1.825837254524231 -0.3157573938369751 1.0010807514190674	0.5866242051124573 -0.21378441154956818 0.03838478773832321
0.36820197105407715 -0.18105396628379822 0.5077120661735535 1.3468940258026123 1.3529460430145264 0.3027999997138977 -0.10273604094982147	0.14252379536628723 -0.036048050969839096 0.10190186649560928 1.8233389854431152 -0.31253817677497864 0.9906046390533447	0.5866242051124573 -0.21378441154956818 0.03838478773832321
0.3666679859161377 -0.20099596679210663 0.5092460513114929 1.3514959812164307 1.3544800281524658 0.3027999997138977 -0.10273604094982147	0.1431257277727127 -0.03864674270153046 0.10182466357946396 1.81985604763031 -0.31116607785224915 0.9771919250488281	0.5866242051124573 -0.21378441154956818 0.03838478773832321
0.36820197105407715 -0.22247196733951569 0.5092460513114929 1.3637679815292358 1.3560140132904053 0.3027999997138977 -0.10273604094982147	0.14330673217773438 -0.041344091296195984 0.101858951151371 1.8149445056915283 -0.30911901593208313 0.9673088788986206	0.5866242051124573 -0.21378441154956818 0.03838478773832321
0.3697359561920166 -0.2454819679260254 0.5107800364494324 1.3653019666671753 1.3621500730514526 0.3027999997138977 -0.10120204091072083	0.14426645636558533 -0.04418393597006798 0.10134827345609665 1.8172942399978638 -0.30257612466812134 0.9497308731079102	0.5866242051124573 -0.21378441154956818 0.03838478773832321
0.3697359561920166 -0.25928795337677 0.5123140811920166 1.3653019666671753 1.3621500730514526 0.3027999997138977 -0.10273604094982147	0.14468617737293243 -0.04529990255832672 0.1011473536491394 1.8189480304718018 -0.3007752299308777 0.9420083165168762	0.5866242051124573 -0.21378441154956818 0.03838478773832321
0.37126997113227844 -0.25928795337677 0.513848066329956 1.3668359518051147 1.366752028465271 0.3027999997138977 -0.10273604094982147	0.14460910856723785 -0.045414213091135025 0.10155217349529266 1.822622299194336 -0.3041476607322693 0.9420668482780457	0.5866242051124573 -0.21378441154956818 0.03838478773832321
0.3728039860725403 -0.25928795337677 0.5184500217437744 1.3714380264282227 1.3805580139160156 0.3027999997138977 -0.10273604094982147	0.144122913479805 -0.04548616334795952 0.10221041738986969 1.8375333547592163 -0.3099997639656067 0.9453661441802979	0.5866242051124573 -0.21378441154956818 0.03838478773832321
0.37433797121047974 -0.25928795337677 0.5261200666427612 1.3837100267410278 1.4158400297164917 0.3027999997138977 -0.10120204091072083	0.14323416352272034 -0.04558650404214859 0.1034599170088768 1.873029351234436 -0.3192495107650757 0.9522982239723206	0.5866242051124573 -0.21378441154956818 0.03838478773832321
0.3728039860725403 -0.25928795337677 0.5506640672683716 1.3852440118789673 1.4925401210784912 0.3035999834537506 -0.10273604094982147	0.14380383491516113 -0.04754551127552986 0.10773876309394836 1.9591515064239502 -0.34962353110313416 0.9405641555786133	0.5866242051124573 -0.21378441154956818 0.03838478773832321
0.36820197105407715 -0.25928795337677 0.6365680694580078 1.3852440118789673 1.6244640350341797 0.30399999022483826 -0.10273604094982147	0.14596036076545715 -0.05521121993660927 0.1194293275475502 2.125986337661743 -0.44275227189064026 0.8891017436981201	0.5866242051124573 -0.21378441154956818 0.03838478773832321
0.3697359561920166 -0.25928795337677 0.865134060382843 1.3806419372558594 1.768660068511963 0.30399999022483826 -0.10120204091072083	0.14932015538215637 -0.07523687183856964 0.1393057405948639 2.40268874168396 -0.6329264044761658 0.7378309369087219	0.5866242051124573 -0.21378441154956818 0.03838478773832321
0.37126997113227844 -0.25928795337677 1.081428050994873 1.360700011253357 1.7978060245513916 0.30239999294281006 -0.10273604094982147	0.15079648792743683 -0.09855642169713974 0.1523716151714325 2.622783660888672 -0.7908724546432495 0.513552725315094	0.2691115736961365 -0.08333619683980942 0.10912396013736725
0.38814395666122437 -0.25928795337677 1.251702070236206 1.3499619960784912 1.7993401288986206 0.30239999294281006 -0.10273604094982147	0.15210607647895813 -0.11653786152601242 0.15461963415145874 2.8273427486419678 -0.8492124676704407 0.29435721039772034	0.2691115736961365 -0.08333619683980942 0.10912396013736725
0.4326299726963043 -0.25928795337677 1.345276117324829 1.3254179954528809 1.8100781440734863 0.30239999294281006 -0.10273604094982147	0.15541918575763702 -0.12202326208353043 0.14825670421123505 2.9162437915802 -0.8108667135238647 0.2128431648015976	0.2691115736961365 -0.08333619683980942 0.10912396013736725
0.4909219741821289 -0.25928795337677 1.3529460430145264 1.319282054901123 1.8116121292114258 0.3027999997138977 -0.10273604094982147	0.15891222655773163 -0.12271645665168762 0.1369495987892151 2.9478132724761963 -0.7389116883277893 0.18850229680538177	0.2691115736961365 -0.08333619683980942 0.10912396013736725
0.5538159608840942 -0.25775396823883057 1.3529460430145264 1.3131459951400757 1.8146800994873047 0.30239999294281006 -0.10273604094982147	0.16102172434329987 -0.12311725318431854 0.1287185698747635 2.9663736820220947 -0.6856626868247986 0.17568209767341614	0.2691115736961365 -0.08333619683980942 0.10912396013736725
0.6151759624481201 -0.25928795337677 1.3606160879135132 1.3070099353790283 1.8162140846252441 0.30239999294281006 -0.10273604094982147	0.16330184042453766 -0.12449339032173157 0.11723324656486511 2.99106764793396 -0.6120036244392395 0.15281632542610168	0.2691115736961365 -0.08333619683980942 0.10912396013736725
0.6458559632301331 -0.25928795337677 1.3621500730514526 1.2870680093765259 1.8131461143493652 0.30239999294281006 -0.10273604094982147	0.16475936770439148 -0.1251983642578125 0.11338403075933456 2.9940171241760254 -0.5811070203781128 0.14286404848098755	0.2691115736961365 -0.08333619683980942 0.10912396013736725
0.6581279635429382 -0.2623559832572937 1.3621500730514526 1.260990023612976 1.7379801273345947 0.3035999834537506 -0.10273604094982147	0.16686120629310608 -0.12547707557678223 0.10907136648893356 2.9114866256713867 -0.5432197451591492 0.12770192325115204	0.2691115736961365 -0.08333619683980942 0.10912396013736725
