0.8161299824714661 -0.44643598794937134 2.1444900035858154 1.2947380542755127 1.478734016418457 0.9515999555587769 -0.10273604094982147	0.1280764639377594 -0.2143227458000183 0.10785769671201706 3.123814105987549 -0.5746897459030151 -0.7067087292671204	1.0956228971481323 -0.9349663853645325 -0.7723425626754761
0.8161299824714661 -0.44643598794937134 2.1444900035858154 1.2947380542755127 1.478734016418457 0.7483999729156494 -0.10273604094982147	0.1280764639377594 -0.2143227458000183 0.10785769671201706 3.123814105987549 -0.5746897459030151 -0.7067087292671204	1.0956228971481323 -0.9349663853645325 -0.7723425626754761
0.8161299824714661 -0.44643598794937134 2.1444900035858154 1.2947380542755127 1.4772000312805176 0.5659999847412109 -0.10273604094982147	0.12806406617164612 -0.21433699131011963 0.10785797238349915 3.1253480911254883 -0.5746897459030151 -0.7067087292671204	1.0956228971481323 -0.9349663853645325 -0.7723425626754761
0.8161299824714661 -0.44643598794937134 2.1444900035858154 1.2947380542755127 1.4772000312805176 0.4424000084400177 -0.10120204091072083	0.12807597219944 -0.21433699131011963 0.10766150802373886 3.124162197113037 -0.5735227465629578 -0.706064760684967	1.0956228971481323 -0.9349663853645325 -0.7723425626754761
0.8161299824714661 -0.44643598794937134 2.1444900035858154 1.2947380542755127 1.478734016418457 0.36079999804496765 -0.10120204091072083	0.12806406617164612 -0.21433699131011963 0.10785797238349915 3.1253480911254883 -0.5746897459030151 -0.7067087292671204	1.0956228971481323 -0.9349663853645325 -0.7723425626754761
0.8161299824714661 -0.44643598794937134 2.1444900035858154 1.2947380542755127 1.4772000312805176 0.31200000643730164 -0.10273604094982147	0.1280764639377594 -0.2143227458000183 0.10785769671201706 3.123814105987549 -0.5746897459030151 -0.7067087292671204	1.0956228971481323 -0.9349663853645325 -0.7723425626754761
0.8161299824714661 -0.44643598794937134 2.1444900035858154 1.2947380542755127 1.4772000312805176 0.3027999997138977 -0.10120204091072083	0.1280764639377594 -0.2143227458000183 0.10785769671201706 3.123814105987549 -0.5746897459030151 -0.7067087292671204	1.0956228971481323 -0.9349663853645325 -0.7723425626754761
0.8161299824714661 -0.44643598794937134 2.1444900035858154 1.2947380542755127 1.4772000312805176 0.3027999997138977 -0.10273604094982147	0.1280764639377594 -0.2143227458000183 0.10785769671201706 3.123814105987549 -0.5746897459030151 -0.7067087292671204	1.0956228971481323 -0.9349663853645325 -0.7723425626754761
0.8161299824714661 -0.44643598794937134 2.1444900035858154 1.2947380542755127 1.4772000312805176 0.3027999997138977 -0.10273604094982147	0.1280764639377594 -0.2143227458000183 0.10785769671201706 3.123814105987549 -0.5746897459030151 -0.7067087292671204	1.0956228971481323 -0.9349663853645325 -0.7723425626754761
0.8161299824714661 -0.44643598794937134 2.1444900035858154 1.2947380542755127 1.4772000312805176 0.3027999997138977 -0.10120204091072083	0.12808836996555328 -0.2143227458000183 0.10766121745109558 3.1226282119750977 -0.5735227465629578 -0.706064760684967	1.0956228971481323 -0.9349663853645325 -0.7723425626754761
0.8161299824714661 -0.44643598794937134 2.1444900035858154 1.2947380542755127 1.4772000312805176 0.3027999997138977 -0.10120204091072083	0.1280764639377594 -0.2143227458000183 0.10785769671201706 3.123814105987549 -0.5746897459030151 -0.7067087292671204	1.0956228971481323 -0.9349663853645325 -0.7723425626754761
0.8161299824714661 -0.44643598794937134 2.1444900035858154 1.2947380542755127 1.4772000312805176 0.3027999997138977 -0.10120204091072083	0.12808836996555328 -0.2143227458000183 0.10766121745109558 3.1226282119750977 -0.5735227465629578 -0.706064760684967	1.0956228971481323 -0.9349663853645325 -0.7723425626754761
0.8161299824714661 -0.44643598794937134 2.1444900035858154 1.2947380542755127 1.4772000312805176 0.3027999997138977 -0.10120204091072083	0.12808836996555328 -0.2143227458000183 0.10766121745109558 3.1226282119750977 -0.5735227465629578 -0.706064760684967	1.0956228971481323 -0.9349663853645325 -0.7723425626754761
0.8161299824714661 -0.44643598794937134 2.1444900035858154 1.2962720394134521 1.4772000312805176 0.3027999997138977 -0.10120204091072083	0.12806406617164612 -0.21433699131011963 0.10785797238349915 3.1253480911254883 -0.5746897459030151 -0.7067087292671204	1.0956228971481323 -0.9349663853645325 -0.7723425626754761
0.8176639676094055 -0.44643598794937134 2.1444900035858154 1.2947380542755127 1.4772000312805176 0.3027999997138977 -0.10273604094982147	0.12808836996555328 -0.2143227458000183 0.10766121745109558 3.1226282119750977 -0.5735227465629578 -0.706064760684967	1.0956228971481323 -0.9349663853645325 -0.7723425626754761
0.8207319974899292 -0.4449019730091095 2.1383540630340576 1.2947380542755127 1.4772000312805176 0.3027999997138977 -0.10273604094982147	0.12823283672332764 -0.2141968011856079 0.10713770985603333 3.1212782859802246 -0.5704600214958191 -0.7042864561080933	1.0956228971481323 -0.9349663853645325 -0.7723425626754761
0.8207319974899292 -0.4449019730091095 2.129150152206421 1.2947380542755127 1.4756660461425781 0.3027999997138977 -0.10120204091072083	0.1282576322555542 -0.21416831016540527 0.10713701695203781 3.1182103157043457 -0.5704600214958191 -0.7042864561080933	1.0956228971481323 -0.9349663853645325 -0.7723425626754761
0.8191980123519897 -0.4449019730091095 2.1138100624084473 1.2947380542755127 1.421976089477539 0.3043999969959259 -0.10120204091072083	0.1286044865846634 -0.21345758438110352 0.10737226903438568 3.053926944732666 -0.5735197067260742 -0.7045538425445557	1.0956228971481323 -0.9349663853645325 -0.7723425626754761
0.8176639676094055 -0.44643598794937134 2.096935987472534 1.3146799802780151 1.363684058189392 0.3043999969959259 -0.10120204091072083	0.12802563607692719 -0.21218113601207733 0.11054342240095139 2.9981093406677246 -0.6008260250091553 -0.7121360898017883	1.0956228971481323 -0.9349663853645325 -0.7723425626754761
0.8038579821586609 -0.4449019730091095 2.0800621509552 1.3162139654159546 1.328402042388916 0.3027999997138977 -0.10120204091072083	0.12867780029773712 -0.21084782481193542 0.1117682233452797 2.9745516777038574 -0.6103091239929199 -0.7001008987426758	1.0956228971481323 -0.9349663853645325 -0.7723425626754761
0.8007899522781372 -0.44643598794937134 2.0570521354675293 1.317747950553894 1.3023240566253662 0.30239999294281006 -0.10120204091072083	0.13009195029735565 -0.20893476903438568 0.11238720268011093 2.933415651321411 -0.6151065826416016 -0.680429995059967	1.0956228971481323 -0.9349663853645325 -0.7723425626754761
0.788517951965332 -0.44643598794937134 2.040178060531616 1.317747950553894 1.2762460708618164 0.3027999997138977 -0.10120204091072083	0.13137687742710114 -0.2070070058107376 0.11398135870695114 2.8978753089904785 -0.6257669925689697 -0.6640249490737915	1.0956228971481323 -0.9349663853645325 -0.7723425626754761
0.7747119665145874 -0.44643598794937134 2.0141000747680664 1.317747950553894 1.2501680850982666 0.30239999294281006 -0.10120204091072083	0.13295511901378632 -0.20454208552837372 0.11558519303798676 2.862128496170044 -0.636669397354126 -0.6400683522224426	1.0956228971481323 -0.9349663853645325 -0.7723425626754761
0.7593719959259033 -0.44643598794937134 1.9803520441055298 1.322350025177002 1.236362099647522 0.30239999294281006 -0.10120204091072083	0.13477835059165955 -0.20075343549251556 0.11817365884780884 2.8246991634368896 -0.6560371518135071 -0.6029921770095825	1.0956228971481323 -0.9349663853645325 -0.7723425626754761
0.7363619804382324 -0.4449019730091095 1.935866117477417 1.3361560106277466 1.2240900993347168 0.30239999294281006 -0.10273604094982147	0.13607893884181976 -0.1958160400390625 0.12258236110210419 2.7914340496063232 -0.6912949681282043 -0.5607250928878784	1.0956228971481323 -0.9349663853645325 -0.7723425626754761
0.7133519649505615 -0.4449019730091095 1.8867781162261963 1.3453600406646729 1.213352084159851 0.3027999997138977 -0.10273604094982147	0.13854922354221344 -0.187987819314003 0.12723685801029205 2.7168822288513184 -0.7282686829566956 -0.47838014364242554	1.0956228971481323 -0.9349663853645325 -0.7723425626754761
0.6842060089111328 -0.4449019730091095 1.8254181146621704 1.3530299663543701 1.2102841138839722 0.30239999294281006 -0.10273604094982147	0.14017373323440552 -0.1825554519891739 0.131008580327034 2.6757779121398926 -0.754421591758728 -0.42231109738349915	1.0956228971481323 -0.9349663853645325 -0.7723425626754761
0.6519919633865356 -0.44643598794937134 1.742582082748413 1.357632040977478 1.2087500095367432 0.30239999294281006 -0.10273604094982147	0.14393891394138336 -0.17001858353614807 0.13459895551204681 2.5494794845581055 -0.7776885032653809 -0.271072655916214	1.0956228971481323 -0.9349663853645325 -0.7723425626754761
0.6259139776229858 -0.44643598794937134 1.5845800638198853 1.4051859378814697 1.1918760538101196 0.30239999294281006 -0.10273604094982147	0.1458473950624466 -0.14962805807590485 0.13617610931396484 2.332592248916626 -0.7954237461090088 -0.02454369328916073	1.0956228971481323 -0.9349663853645325 -0.7723425626754761
0.5952339768409729 -0.4449019730091095 1.386694073677063 1.4450700283050537 1.1842060089111328 0.30239999294281006 -0.10427004098892212	0.1473361700773239 -0.13146722316741943 0.13518750667572021 2.143324613571167 -0.7683243155479431 0.19725918769836426	1.0956228971481323 -0.9349663853645325 -0.7723425626754761
0.5676219463348389 -0.4356979727745056 1.2670420408248901 1.4450700283050537 1.1842060089111328 0.3027999997138977 -0.10427004098892212	0.14887061715126038 -0.11957439035177231 0.13379766047000885 2.07513427734375 -0.7432581782341003 0.3116549253463745	1.0956228971481323 -0.9349663853645325 -0.7723425626754761
0.5461459755897522 -0.39121198654174805 1.2378960847854614 1.4420020580291748 1.1842060089111328 0.3027999997138977 -0.10580404102802277	0.14954480528831482 -0.11238723993301392 0.13404935598373413 2.064335584640503 -0.7421784996986389 0.3656071722507477	1.0956228971481323 -0.9349663853645325 -0.7723425626754761
0.5323399901390076 -0.34825998544692993 1.1857401132583618 1.4420020580291748 1.1842060089111328 0.3027999997138977 -0.10580404102802277	0.150068998336792 -0.10182332247495651 0.13189822435379028 2.0399796962738037 -0.723151445388794 0.4461962878704071	1.0956228971481323 -0.9349663853645325 -0.7723425626754761
0.5246700048446655 -0.29917198419570923 1.1228461265563965 1.4420020580291748 1.1857401132583618 0.30239999294281006 -0.10733804106712341	0.1496967226266861 -0.0878649428486824 0.12904272973537445 2.0273549556732178 -0.702427089214325 0.5446876883506775	1.0956228971481323 -0.9349663853645325 -0.7723425626754761
0.5216019749641418 -0.24394796788692474 1.06302011013031 1.4404679536819458 1.1857401132583618 0.30239999294281006 -0.10733804106712341	0.14882929623126984 -0.0788578912615776 0.1268618106842041 2.0045387744903564 -0.6811302900314331 0.6141582131385803	1.0956228971481323 -0.9349663853645325 -0.7723425626754761
0.5108639597892761 -0.20559796690940857 0.9985920786857605 1.4358659982681274 1.1857401132583618 0.30239999294281006 -0.10733804106712341	0.14722667634487152 -0.06755884736776352 0.12396608293056488 1.9671167135238647 -0.647523820400238 0.7038303017616272	1.0956228971481323 -0.9349663853645325 -0.7723425626754761
0.5001260042190552 -0.1902579665184021 0.9464360475540161 1.4281959533691406 1.1842060089111328 0.30239999294281006 -0.10733804106712341	0.14669905602931976 -0.06190768629312515 0.12102528661489487 1.922786831855774 -0.6062273979187012 0.7557069659233093	1.0956228971481323 -0.9349663853645325 -0.7723425626754761
0.47864997386932373 -0.19179196655750275 0.8283180594444275 1.4251279830932617 1.1842060089111328 0.30239999294281006 -0.10733804106712341	0.14300879836082458 -0.05092565715312958 0.11509618908166885 1.8204675912857056 -0.5248810052871704 0.8715397715568542	1.0956228971481323 -0.9349663853645325 -0.7723425626754761
0.4525719881057739 -0.18258796632289886 0.7577540874481201 1.4235939979553223 1.1842060089111328 0.30239999294281006 -0.10733804106712341	0.1419214904308319 -0.04801332205533981 0.11536263674497604 1.7986798286437988 -0.5171181559562683 0.9001291990280151	1.0956228971481323 -0.9349663853645325 -0.7723425626754761
0.43416398763656616 -0.18258796632289886 0.753152072429657 1.4251279830932617 1.1826720237731934 0.30239999294281006 -0.10733804106712341	0.14136555790901184 -0.04744154214859009 0.11702611297369003 1.7822047472000122 -0.5232824087142944 0.9119580984115601	1.4304665327072144 -0.9003002643585205 -0.19666609168052673
0.421891987323761 -0.15957796573638916 0.7454820871353149 1.4251279830932617 1.1842060089111328 0.30239999294281006 -0.10733804106712341	0.13884854316711426 -0.04190796613693237 0.11966747790575027 1.776092290878296 -0.5406900644302368 0.9567175507545471	1.4304665327072144 -0.9003002643585205 -0.19666609168052673
0.4096199870109558 -0.09821796417236328 0.7362780570983887 1.4251279830932617 1.1842060089111328 0.30239999294281006 -0.10733804106712341	0.13436266779899597 -0.03261677175760269 0.12152812629938126 1.7845426797866821 -0.5611180663108826 1.0234516859054565	1.4304665327072144 -0.9003002643585205 -0.19666609168052673
0.40655195713043213 -0.019983962178230286 0.7270740270614624 1.4159239530563354 1.1842060089111328 0.30239999294281006 -0.10733804106712341	0.13159248232841492 -0.025292932987213135 0.12108738720417023 1.7926311492919922 -0.5583387017250061 1.0671837329864502	0.621004045009613 -0.38465216755867004 -0.0027872631326317787
0.40655195713043213 -0.00771196186542511 0.6963940858840942 1.4021179676055908 1.1826720237731934 0.3027999997138977 -0.10733804106712341	0.13147757947444916 -0.023041659966111183 0.1188151016831398 1.7862143516540527 -0.5356923937797546 1.0769199132919312	0.621004045009613 -0.38465216755867004 -0.0027872631326317787
0.40655195713043213 -0.003109961748123169 0.6810540556907654 1.4005839824676514 1.1826720237731934 0.3027999997138977 -0.10733804106712341	0.13076172769069672 -0.02145460434257984 0.11730112135410309 1.7800639867782593 -0.5209201574325562 1.0897971391677856	0.621004045009613 -0.38465216755867004 -0.0027872631326317787
0.40808597207069397 -0.003109961748123169 0.6626460552215576 1.3975160121917725 1.1826720237731934 0.3027999997138977 -0.10733804106712341	0.13054393231868744 -0.020439719781279564 0.11562900245189667 1.774138331413269 -0.5059700608253479 1.0958161354064941	0.6627535820007324 -0.3974284529685974 -0.01425121445208788
0.4096199870109558 -0.003109961748123169 0.6427040696144104 1.3883119821548462 1.181138038635254 0.3027999997138977 -0.10733804106712341	0.13080760836601257 -0.01929735206067562 0.11356999725103378 1.7680401802062988 -0.48579272627830505 1.0985625982284546	0.6627535820007324 -0.3974284529685974 -0.01425121445208788
0.4096199870109558 -0.003109961748123169 0.6242960691452026 1.3806419372558594 1.181138038635254 0.3027999997138977 -0.10733804106712341	0.13109447062015533 -0.018206216394901276 0.11110247671604156 1.766487717628479 -0.4642399847507477 1.0997848510742188	0.6627535820007324 -0.3974284529685974 -0.01425121445208788
0.4126879572868347 -0.003109961748123169 0.6058880686759949 1.3668359518051147 1.181138038635254 0.30239999294281006 -0.10733804106712341	0.1316455453634262 -0.016925066709518433 0.1079670786857605 1.764534831047058 -0.4364165961742401 1.0994963645935059	0.6627535820007324 -0.3974284529685974 -0.01425121445208788
0.41422197222709656 -0.003109961748123169 0.5874800682067871 1.3514959812164307 1.181138038635254 0.30239999294281006 -0.10733804106712341	0.13253994286060333 -0.016092659905552864 0.10566770285367966 1.7626582384109497 -0.41420572996139526 1.0953925848007202	0.6627535820007324 -0.3974284529685974 -0.01425121445208788
0.41422197222709656 -0.003109961748123169 0.5752080678939819 1.337689995765686 1.181138038635254 0.30239999294281006 -0.10887204110622406	0.13372179865837097 -0.015752386301755905 0.10403399169445038 1.7639646530151367 -0.39828312397003174 1.0868104696273804	0.6627535820007324 -0.3974284529685974 -0.01425121445208788
0.41422197222709656 -0.003109961748123169 0.5721400380134583 1.3284859657287598 1.181138038635254 0.30239999294281006 -0.10733804106712341	0.13458243012428284 -0.015791745856404305 0.10340453684329987 1.766458511352539 -0.3919648826122284 1.0793813467025757	0.6627535820007324 -0.3974284529685974 -0.01425121445208788
0.4096199870109558 -0.003109961748123169 0.5721400380134583 1.3116120100021362 1.181138038635254 0.30239999294281006 -0.10733804106712341	0.13639618456363678 -0.016070807352662086 0.10324469208717346 1.7669124603271484 -0.3847256600856781 1.06501042842865	0.6627535820007324 -0.3974284529685974 -0.01425121445208788
0.4050179719924927 -0.004643961787223816 0.5752080678939819 1.2870680093765259 1.181138038635254 0.30239999294281006 -0.10887204110622406	0.13900282979011536 -0.01702812872827053 0.10301674157381058 1.7696765661239624 -0.3764193058013916 1.042169451713562	0.6627535820007324 -0.3974284529685974 -0.01425121445208788
0.39427995681762695 -0.006177961826324463 0.5752080678939819 1.2579219341278076 1.181138038635254 0.30239999294281006 -0.10733804106712341	0.14189302921295166 -0.01769491657614708 0.1030675619840622 1.7700142860412598 -0.36697614192962646 1.0188699960708618	0.6627535820007324 -0.3974284529685974 -0.01425121445208788
0.3804739713668823 -0.006177961826324463 0.5798100233078003 1.2241740226745605 1.178070068359375 0.30239999294281006 -0.10733804106712341	0.14614874124526978 -0.019098632037639618 0.10352910310029984 1.765348196029663 -0.35620173811912537 0.98353511095047	0.6627535820007324 -0.3974284529685974 -0.01425121445208788
0.363599956035614 -0.009245961904525757 0.582878053188324 1.182755947113037 1.1765360832214355 0.30239999294281006 -0.10733804106712341	0.14965304732322693 -0.020343510434031487 0.10393975675106049 1.763155221939087 -0.34605586528778076 0.954736590385437	0.6627535820007324 -0.3974284529685974 -0.01425121445208788
0.3467259705066681 -0.009245961904525757 0.582878053188324 1.1444059610366821 1.175002098083496 0.3027999997138977 -0.10733804106712341	0.15327593684196472 -0.021583903580904007 0.10472294688224792 1.7580980062484741 -0.3369121253490448 0.9252606630325317	0.6627535820007324 -0.3974284529685974 -0.01425121445208788
0.3283179700374603 -0.009245961904525757 0.5890140533447266 1.1106579303741455 1.175002098083496 0.30239999294281006 -0.10887204110622406	0.15651053190231323 -0.022968754172325134 0.10563042759895325 1.7578290700912476 -0.33119672536849976 0.8972278237342834	0.6627535820007324 -0.3974284529685974 -0.01425121445208788
0.31604596972465515 -0.009245961904525757 0.5982180833816528 1.0799779891967773 1.1734681129455566 0.30239999294281006 -0.10733804106712341	0.1603470742702484 -0.0251117255538702 0.10730045288801193 1.7592159509658813 -0.33094269037246704 0.8607588410377502	0.6627535820007324 -0.3974284529685974 -0.01425121445208788
0.30684196949005127 -0.009245961904525757 0.6089560389518738 1.052366018295288 1.1673320531845093 0.30239999294281006 -0.10733804106712341	0.162063866853714 -0.026169434189796448 0.10768953710794449 1.7607921361923218 -0.3301088809967041 0.8431973457336426	0.6627535820007324 -0.3974284529685974 -0.01425121445208788
0.3007059693336487 -0.009245961904525757 0.6181600689888 1.0370259284973145 1.1657980680465698 0.30239999294281006 -0.10733804106712341	0.16376656293869019 -0.02727017179131508 0.10787113010883331 1.7682933807373047 -0.32813116908073425 0.8252992630004883	0.6627535820007324 -0.3974284529685974 -0.01425121445208788
0.29917198419570923 -0.009245961904525757 0.6181600689888 1.0339579582214355 1.1657980680465698 0.3027999997138977 -0.10733804106712341	0.16375431418418884 -0.02727017179131508 0.1081223413348198 1.7671022415161133 -0.3291715085506439 0.8256837129592896	0.6627535820007324 -0.3974284529685974 -0.01425121445208788
0.29917198419570923 -0.009245961904525757 0.6181600689888 1.035491943359375 1.1657980680465698 0.30239999294281006 -0.10887204110622406	0.16361576318740845 -0.027208270505070686 0.10821004211902618 1.766669511795044 -0.33003902435302734 0.8270207643508911	0.6627535820007324 -0.3974284529685974 -0.01425121445208788
0.29917198419570923 -0.009245961904525757 0.6196940541267395 1.035491943359375 1.1657980680465698 0.3027999997138977 -0.10733804106712341	0.16347704827785492 -0.027146564796566963 0.10829766094684601 1.7662353515625 -0.3309060037136078 0.8283587098121643	0.6627535820007324 -0.3974284529685974 -0.01425121445208788
0.3007059693336487 -0.009245961904525757 0.6181600689888 1.0385600328445435 1.1673320531845093 0.3027999997138977 -0.10733804106712341	0.16333547234535217 -0.02709892764687538 0.10842019319534302 1.76886785030365 -0.3317725360393524 0.8296974897384644	0.6627535820007324 -0.3974284529685974 -0.01425121445208788
0.3007059693336487 -0.01231396198272705 0.6181600689888 1.0508320331573486 1.1734681129455566 0.30239999294281006 -0.10733804106712341	0.16232360899448395 -0.0271032452583313 0.10865168273448944 1.7676944732666016 -0.3353023827075958 0.8388859629631042	0.6627535820007324 -0.3974284529685974 -0.01425121445208788
0.3007059693336487 -0.015381962060928345 0.6120240688323975 1.0539000034332275 1.1857401132583618 0.30239999294281006 -0.10733804106712341	0.16215988993644714 -0.02708115428686142 0.10847455263137817 1.7776861190795898 -0.3325026333332062 0.8412362337112427	0.6627535820007324 -0.3974284529685974 -0.01425121445208788
0.3007059693336487 -0.015381962060928345 0.6089560389518738 1.0539000034332275 1.201080083847046 0.30239999294281006 -0.10733804106712341	0.16212722659111023 -0.02731865644454956 0.10843665897846222 1.791940689086914 -0.3319947123527527 0.8408294916152954	0.6627535820007324 -0.3974284529685974 -0.01425121445208788
0.30223995447158813 -0.024585962295532227 0.6012860536575317 1.058501958847046 1.2271580696105957 0.3027999997138977 -0.10580404102802277	0.16228310763835907 -0.02835502102971077 0.10776790231466293 1.8078606128692627 -0.3235180675983429 0.8394643068313599	0.6627535820007324 -0.3974284529685974 -0.01425121445208788
0.30223995447158813 -0.030721962451934814 0.5890140533447266 1.0631040334701538 1.2578380107879639 0.3035999834537506 -0.10580404102802277	0.16174058616161346 -0.028103714808821678 0.10750260949134827 1.8274890184402466 -0.31737396121025085 0.8473232984542847	0.6627535820007324 -0.3974284529685974 -0.01425121445208788
0.3007059693336487 -0.03225596249103546 0.5798100233078003 1.0738420486450195 1.2685760259628296 0.3035999834537506 -0.10580404102802277	0.16086721420288086 -0.02799820713698864 0.10744795203208923 1.8294347524642944 -0.31642282009124756 0.8565546274185181	0.6627535820007324 -0.3974284529685974 -0.01425121445208788
0.3007059693336487 -0.04912996292114258 0.5644700527191162 1.1014540195465088 1.2854501008987427 0.3035999834537506 -0.10580404102802277	0.15896658599376678 -0.028509128838777542 0.10713142156600952 1.823909878730774 -0.31313931941986084 0.8752091526985168	0.6627535820007324 -0.3974284529685974 -0.01425121445208788
0.3007059693336487 -0.07060596346855164 0.544528067111969 1.1305999755859375 1.3053920269012451 0.3035999834537506 -0.10580404102802277	0.15718649327754974 -0.029636001214385033 0.10670919716358185 1.817689299583435 -0.3085844814777374 0.891189455986023	0.6627535820007324 -0.3974284529685974 -0.01425121445208788
0.3007059693336487 -0.0859459638595581 0.5307220220565796 1.1597459316253662 1.3191981315612793 0.3035999834537506 -0.10580404102802277	0.1550012230873108 -0.029914982616901398 0.10642851144075394 1.8111205101013184 -0.30567631125450134 0.9119920134544373	0.6627535820007324 -0.3974284529685974 -0.01425121445208788
0.3007059693336487 -0.10281995683908463 0.5077120661735535 1.1858240365982056 1.3345381021499634 0.3035999834537506 -0.10580404102802277	0.15286952257156372 -0.030432427302002907 0.10562045127153397 1.806893229484558 -0.29734551906585693 0.9321035146713257	0.6627535820007324 -0.3974284529685974 -0.01425121445208788
0.3007059693336487 -0.12582996487617493 0.4893040657043457 1.2211060523986816 1.3498780727386475 0.3035999834537506 -0.10580404102802277	0.149599090218544 -0.03184862062335014 0.10498128086328506 1.7951524257659912 -0.29034072160720825 0.9595913887023926	0.6627535820007324 -0.3974284529685974 -0.01425121445208788
0.30223995447158813 -0.15650996565818787 0.46476006507873535 1.2686599493026733 1.3621500730514526 0.3035999834537506 -0.10427004098892212	0.14676262438297272 -0.03355122357606888 0.10398972034454346 1.7827870845794678 -0.28128015995025635 0.9810066223144531	0.6627535820007324 -0.3974284529685974 -0.01425121445208788
0.30223995447158813 -0.1871899664402008 0.4463520646095276 1.3131459951400757 1.3805580139160156 0.3035999834537506 -0.10427004098892212	0.14298777282238007 -0.03484994173049927 0.10315626859664917 1.7737226486206055 -0.2717241942882538 1.0111864805221558	0.6627535820007324 -0.3974284529685974 -0.01425121445208788
0.30223995447158813 -0.2163359671831131 0.4202740490436554 1.3545639514923096 1.3958981037139893 0.3035999834537506 -0.10273604094982147	0.14034593105316162 -0.03651220723986626 0.10201048105955124 1.7663103342056274 -0.25907182693481445 1.02955162525177	0.6627535820007324 -0.3974284529685974 -0.01425121445208788
0.30223995447158813 -0.24394796788692474 0.4003320336341858 1.392914056777954 1.4081701040267944 0.3035999834537506 -0.10273604094982147	0.13836239278316498 -0.0379306860268116 0.10117209702730179 1.7621054649353027 -0.24938680231571198 1.042165994644165	0.6627535820007324 -0.3974284529685974 -0.01425121445208788
0.30223995447158813 -0.27002596855163574 0.38652604818344116 1.4266619682312012 1.4204421043395996 0.3035999834537506 -0.10273604094982147	0.13586167991161346 -0.03919767215847969 0.10048364847898483 1.7607874870300293 -0.24064548313617706 1.059073805809021	0.6627535820007324 -0.3974284529685974 -0.01425121445208788
0.30223995447158813 -0.28996795415878296 0.36965203285217285 1.4573420286178589 1.4342480897903442 0.3035999834537506 -0.10273604094982147	0.13370996713638306 -0.04042692109942436 0.0996229276061058 1.7617011070251465 -0.23017096519470215 1.0727519989013672	0.6627535820007324 -0.3974284529685974 -0.01425121445208788
0.30377396941185 -0.3007059693336487 0.36658406257629395 1.4788179397583008 1.4357820749282837 0.3027999997138977 -0.10273604094982147	0.13148869574069977 -0.040627479553222656 0.10127928853034973 1.759947419166565 -0.24741604924201965 1.089278221130371	0.6627535820007324 -0.3974284529685974 -0.01425121445208788
0.3007059693336487 -0.29917198419570923 0.40186604857444763 1.4895559549331665 1.4342480897903442 0.3027999997138977 -0.10273604094982147	0.13180352747440338 -0.041960977017879486 0.10647907108068466 1.7537246942520142 -0.28674405813217163 1.0833656787872314	0.6627535820007324 -0.3974284529685974 -0.01425121445208788
0.2853659689426422 -0.2976379692554474 0.4524880647659302 1.4864879846572876 1.4342480897903442 0.30320000648498535 -0.10427004098892212	0.13236916065216064 -0.043189600110054016 0.11247576028108597 1.7480627298355103 -0.3304893672466278 1.07634699344635	0.6627535820007324 -0.3974284529685974 -0.01425121445208788
0.2623559832572937 -0.2746279835700989 0.49390605092048645 1.4619439840316772 1.4342480897903442 0.3027999997138977 -0.10427004098892212	0.13384361565113068 -0.042336057871580124 0.12021630257368088 1.7531715631484985 -0.3879093825817108 1.0696005821228027	0.6627535820007324 -0.3974284529685974 -0.01425121445208788
0.25928795337677 -0.25315195322036743 0.5046440362930298 1.4542739391326904 1.4327141046524048 0.3027999997138977 -0.10427004098892212	0.13371668756008148 -0.041028667241334915 0.12021107971668243 1.7584099769592285 -0.389923095703125 1.075058937072754	0.6627535820007324 -0.3974284529685974 -0.01425121445208788
0.25775396823883057 -0.22707396745681763 0.5077120661735535 1.4281959533691406 1.425044059753418 0.3027999997138977 -0.10427004098892212	0.13484320044517517 -0.03819732367992401 0.12016862630844116 1.765189528465271 -0.3901801109313965 1.0751311779022217	0.6627535820007324 -0.3974284529685974 -0.01425121445208788
0.25775396823883057 -0.18258796632289886 0.5061780214309692 1.3837100267410278 1.3958981037139893 0.3027999997138977 -0.10580404102802277	0.13671940565109253 -0.03152577206492424 0.11901812255382538 1.752593994140625 -0.3858080208301544 1.0783838033676147	0.5125694870948792 -0.12281574308872223 0.08308198302984238
0.25775396823883057 -0.12122795730829239 0.5077120661735535 1.3346220254898071 1.3606160879135132 0.3027999997138977 -0.10580404102802277	0.1380149871110916 -0.026848891749978065 0.11834371089935303 1.752447485923767 -0.38252755999565125 1.0786333084106445	0.5125694870948792 -0.12281574308872223 0.08308198302984238
0.25928795337677 -0.06907196342945099 0.5061780214309692 1.2855340242385864 1.3406740427017212 0.30320000648498535 -0.10580404102802277	0.13967709243297577 -0.021526049822568893 0.11682820320129395 1.7530639171600342 -0.37237489223480225 1.075175404548645	0.5866242051124573 -0.21378441154956818 0.03838478773832321
0.26082196831703186 -0.039925962686538696 0.5061780214309692 1.2563879489898682 1.3222661018371582 0.3027999997138977 -0.10580404102802277	0.14067667722702026 -0.018297981470823288 0.11564668267965317 1.7500618696212769 -0.36437904834747314 1.0720547437667847	0.5866242051124573 -0.21378441154956818 0.03838478773832321
0.26082196831703186 -0.029187962412834167 0.5046440362930298 1.245650053024292 1.3207321166992188 0.3027999997138977 -0.10580404102802277	0.14123262465000153 -0.017467070370912552 0.11455996334552765 1.756837010383606 -0.35810184478759766 1.067800521850586	0.5866242051124573 -0.21378441154956818 0.03838478773832321
0.27002596855163574 -0.029187962412834167 0.4923720359802246 1.244115948677063 1.3222661018371582 0.3027999997138977 -0.10580404102802277	0.1410474330186844 -0.016931526362895966 0.11267787963151932 1.7590773105621338 -0.3459342420101166 1.0704045295715332	0.5866242051124573 -0.21378441154956818 0.03838478773832321
0.27616196870803833 -0.02765396237373352 0.49083805084228516 1.244115948677063 1.3207321166992188 0.3027999997138977 -0.10580404102802277	0.14107714593410492 -0.016771357506513596 0.11106639355421066 1.7646868228912354 -0.3388836085796356 1.0688421726226807	0.5866242051124573 -0.21378441154956818 0.03838478773832321
0.29303598403930664 -0.029187962412834167 0.48010003566741943 1.244115948677063 1.309994101524353 0.3027999997138977 -0.10580404102802277	0.14099405705928802 -0.016269436106085777 0.1074608564376831 1.766746997833252 -0.32216596603393555 1.0673191547393799	0.5866242051124573 -0.21378441154956818 0.03838478773832321
0.29917198419570923 -0.0368579626083374 0.47856605052948 1.244115948677063 1.3084601163864136 0.30320000648498535 -0.10580404102802277	0.14215514063835144 -0.01823071576654911 0.10649414360523224 1.764989972114563 -0.3153986632823944 1.0531914234161377	0.5866242051124573 -0.21378441154956818 0.03838478773832321
0.3053079843521118 -0.050663962960243225 0.47856605052948 1.244115948677063 1.3084601163864136 0.30320000648498535 -0.10580404102802277	0.14275416731834412 -0.01925913244485855 0.10587523877620697 1.766584873199463 -0.3118809163570404 1.0453805923461914	0.5866242051124573 -0.21378441154956818 0.03838478773832321
0.3083759546279907 -0.05373196303844452 0.47856605052948 1.244115948677063 1.309994101524353 0.30320000648498535 -0.10580404102802277	0.1430014669895172 -0.019678553566336632 0.10538175702095032 1.770413875579834 -0.30953648686408997 1.0417542457580566	0.5866242051124573 -0.21378441154956818 0.03838478773832321
0.30684196949005127 -0.055265963077545166 0.47856605052948 1.244115948677063 1.3084601163864136 0.30320000648498535 -0.10580404102802277	0.1434566229581833 -0.020499337464571 0.10521900653839111 1.7678886651992798 -0.3079313337802887 1.0362088680267334	0.5866242051124573 -0.21378441154956818 0.03838478773832321
0.3083759546279907 -0.06753796339035034 0.47856605052948 1.245650053024292 1.309994101524353 0.30320000648498535 -0.10580404102802277	0.1445053517818451 -0.022446276620030403 0.10504660755395889 1.7663204669952393 -0.3056425452232361 1.023063063621521	0.5866242051124573 -0.21378441154956818 0.03838478773832321
0.3083759546279907 -0.08441196382045746 0.4816340506076813 1.2517859935760498 1.309994101524353 0.3027999997138977 -0.10580404102802277	0.1449306458234787 -0.02451564557850361 0.10502105951309204 1.7628700733184814 -0.3046542704105377 1.0150527954101562	0.5866242051124573 -0.21378441154956818 0.03838478773832321
0.3083759546279907 -0.09821796417236328 0.48010003566741943 1.2579219341278076 1.309994101524353 0.3027999997138977 -0.10580404102802277	0.14516353607177734 -0.025996685028076172 0.10501833260059357 1.7590664625167847 -0.3041696846485138 1.0097683668136597	0.5866242051124573 -0.21378441154956818 0.03838478773832321
0.3083759546279907 -0.11048995703458786 0.4816340506076813 1.260990023612976 1.3115280866622925 0.30320000648498535 -0.10580404102802277	0.14543065428733826 -0.027316341176629066 0.10498549044132233 1.7559409141540527 -0.3034062087535858 1.0044307708740234	0.5866242051124573 -0.21378441154956818 0.03838478773832321
0.3083759546279907 -0.12429595738649368 0.4816340506076813 1.2655919790267944 1.309994101524353 0.30320000648498535 -0.10580404102802277	0.14618642628192902 -0.029395364224910736 0.10471931844949722 1.7544399499893188 -0.30129316449165344 0.9924449324607849	0.5866242051124573 -0.21378441154956818 0.03838478773832321
0.3083759546279907 -0.13963596522808075 0.4816340506076813 1.2671259641647339 1.3161300420761108 0.30320000648498535 -0.10580404102802277	0.14721329510211945 -0.03191954642534256 0.10449592024087906 1.75843346118927 -0.297272652387619 0.9773222804069519	0.5866242051124573 -0.21378441154956818 0.03838478773832321
0.30990996956825256 -0.15037396550178528 0.4816340506076813 1.2701940536499023 1.3191981315612793 0.30320000648498535 -0.10580404102802277	0.14738702774047852 -0.03287934511899948 0.10449148714542389 1.7577458620071411 -0.296642005443573 0.9733225703239441	0.5866242051124573 -0.21378441154956818 0.03838478773832321
0.30990996956825256 -0.15957796573638916 0.4816340506076813 1.2732620239257812 1.3207321166992188 0.30320000648498535 -0.10580404102802277	0.1475895494222641 -0.03391343727707863 0.1046396866440773 1.7576907873153687 -0.2973393499851227 0.9686781167984009	0.5866242051124573 -0.21378441154956818 0.03838478773832321
0.30990996956825256 -0.16571396589279175 0.4816340506076813 1.2778639793395996 1.3222661018371582 0.30320000648498535 -0.10580404102802277	0.14750461280345917 -0.034601058810949326 0.10473320633172989 1.7568359375 -0.29774025082588196 0.9675232768058777	0.5866242051124573 -0.21378441154956818 0.03838478773832321
0.3114439845085144 -0.16878196597099304 0.49697405099868774 1.282465934753418 1.3406740427017212 0.3027999997138977 -0.10580404102802277	0.14714156091213226 -0.03527870774269104 0.10658100992441177 1.7918819189071655 -0.31389880180358887 0.9668107032775879	0.5866242051124573 -0.21378441154956818 0.03838478773832321
0.3145119547843933 -0.16878196597099304 0.5261200666427612 1.2901359796524048 1.4373160600662231 0.30320000648498535 -0.10427004098892212	0.147292360663414 -0.0368628092110157 0.11017245799303055 1.8781193494796753 -0.33847013115882874 0.9597705602645874	0.5866242051124573 -0.21378441154956818 0.03838478773832321
0.31604596972465515 -0.16878196597099304 0.5690720677375793 1.2901359796524048 1.5646381378173828 0.3035999834537506 -0.10427004098892212	0.14856570959091187 -0.04049960523843765 0.11561337858438492 2.0416791439056396 -0.3779609501361847 0.935820460319519	0.5866242051124573 -0.21378441154956818 0.03838478773832321