[0.05669475346803665, -0.049951013177633286, 0.2957051992416382, 1.5907255411148071, -0.016501696780323982, 0.492014080286026] [0.6105740070343018, -0.001575961709022522, 0.8850760459899902, 0.8406739830970764, 0.5230520367622375, 0.9979999661445618, -1.3007900714874268, -1.299340009689331]
[0.05694732069969177, -0.05020611360669136, 0.2955673933029175, 1.5923298597335815, -0.015437720343470573, 0.4902643859386444] [0.6105740070343018, -0.001575961709022522, 0.8866100311279297, 0.8406739830970764, 0.5230520367622375, 0.9979999661445618, -1.3007900714874268, -1.282465934753418]
[0.05658295378088951, -0.05002462863922119, 0.2961910665035248, 1.5884674787521362, -0.016916733235120773, 0.4887785017490387] [0.6105740070343018, -0.004643961787223816, 0.8850760459899902, 0.8376059532165527, 0.5215180516242981, 0.9979999661445618, -1.2977221012115479, -1.2717280387878418]
[0.05530843883752823, -0.049213048070669174, 0.2965955436229706, 1.5784106254577637, -0.014565588906407356, 0.4912295639514923] [0.6121079921722412, -0.003109961748123169, 0.8758720755577087, 0.8360719680786133, 0.5230520367622375, 0.9979999661445618, -1.29312002658844, -1.2671259641647339]
[0.054373849183321, -0.04878556728363037, 0.2973431348800659, 1.5732449293136597, -0.016767574474215508, 0.4931497573852539] [0.6136419773101807, -0.003109961748123169, 0.8758720755577087, 0.8360719680786133, 0.5230520367622375, 0.9979999661445618, -1.29312002658844, -1.2671259641647339]
[0.05409442260861397, -0.04876625910401344, 0.29784050583839417, 1.5720571279525757, -0.01894432306289673, 0.4930945038795471] [0.6136419773101807, -0.003109961748123169, 0.8758720755577087, 0.8360719680786133, 0.5230520367622375, 0.9979999661445618, -1.29312002658844, -1.2671259641647339]
[0.05394890159368515, -0.04867566376924515, 0.29804185032844543, 1.5712428092956543, -0.019655730575323105, 0.49309366941452026] [0.6136419773101807, -0.004643961787223816, 0.8758720755577087, 0.8360719680786133, 0.5230520367622375, 0.9979999661445618, -1.29312002658844, -1.2671259641647339]
[0.05403824523091316, -0.04861412197351456, 0.2985270917415619, 1.5704749822616577, -0.022392870858311653, 0.49386900663375854] [0.6136419773101807, -0.004643961787223816, 0.8758720755577087, 0.8360719680786133, 0.5230520367622375, 0.9979999661445618, -1.29312002658844, -1.2671259641647339]
[0.053928207606077194, -0.04900011420249939, 0.29810649156570435, 1.570155382156372, -0.019876128062605858, 0.4919266998767853] [0.6136419773101807, -0.004643961787223816, 0.8758720755577087, 0.8376059532165527, 0.5215180516242981, 0.9979999661445618, -1.29312002658844, -1.2671259641647339]
[0.05385285243391991, -0.04888720437884331, 0.2982805669307709, 1.569958209991455, -0.02118319645524025, 0.4926949143409729] [0.6136419773101807, -0.010779961943626404, 0.8758720755577087, 0.8360719680786133, 0.5230520367622375, 0.9979999661445618, -1.29312002658844, -1.2671259641647339]
[0.05457528308033943, -0.05250733345746994, 0.297685831785202, 1.5593286752700806, -0.014992482960224152, 0.4756445586681366] [0.6136419773101807, -0.029187962412834167, 0.8804740905761719, 0.8360719680786133, 0.5230520367622375, 0.9983999729156494, -1.29312002658844, -1.2671259641647339]
[0.05605672672390938, -0.05424259230494499, 0.296847403049469, 1.5639983415603638, -0.01238758023828268, 0.46921074390411377] [0.6090399622917175, -0.029187962412834167, 0.8820080757141113, 0.8360719680786133, 0.5261200666427612, 0.9979999661445618, -1.29312002658844, -1.2671259641647339]
[0.05663862079381943, -0.05450316146016121, 0.29651954770088196, 1.569480061531067, -0.01227227970957756, 0.4704482853412628] [0.6075059771537781, -0.029187962412834167, 0.8820080757141113, 0.8376059532165527, 0.5261200666427612, 0.9979999661445618, -1.290052056312561, -1.2655919790267944]
[0.05697916820645332, -0.05455157533288002, 0.29819709062576294, 1.56484055519104, -0.022456003352999687, 0.4720894992351532] [0.6013699769973755, -0.029187962412834167, 0.8820080757141113, 0.8406739830970764, 0.5261200666427612, 0.9979999661445618, -1.2839161157608032, -1.2579219341278076]
[0.05620559677481651, -0.05405525118112564, 0.29925739765167236, 1.56171715259552, -0.027036109939217567, 0.47425520420074463] [0.599835991859436, -0.02765396237373352, 0.8804740905761719, 0.8422079682350159, 0.5245860815048218, 0.9979999661445618, -1.2793140411376953, -1.2517859935760498]
[0.054749514907598495, -0.0532335489988327, 0.30187615752220154, 1.5530530214309692, -0.03903304412961006, 0.47665345668792725] [0.599835991859436, -0.02765396237373352, 0.8789400458335876, 0.846809983253479, 0.5245860815048218, 0.9979999661445618, -1.2777800559997559, -1.2517859935760498]
[0.05394953861832619, -0.05252501368522644, 0.3047070801258087, 1.5471487045288086, -0.055540431290864944, 0.48153987526893616] [0.5921659469604492, -0.02765396237373352, 0.8789400458335876, 0.8606159687042236, 0.5245860815048218, 0.9979999661445618, -1.2777800559997559, -1.2517859935760498]
[0.05363372713327408, -0.05153759941458702, 0.3089144229888916, 1.538732647895813, -0.08286726474761963, 0.49262866377830505] [0.5814279913902283, -0.02765396237373352, 0.8774060606956482, 0.8805580139160156, 0.5230520367622375, 0.9979999661445618, -1.2777800559997559, -1.2517859935760498]
[0.05339668318629265, -0.05062808841466904, 0.3133069574832916, 1.528927206993103, -0.11144760251045227, 0.5031388401985168] [0.56455397605896, -0.02765396237373352, 0.8774060606956482, 0.9035679697990417, 0.5230520367622375, 0.9983999729156494, -1.2762460708618164, -1.2502520084381104]
[0.05259232595562935, -0.0492449626326561, 0.31950855255126953, 1.5159575939178467, -0.1527291089296341, 0.5213268995285034] [0.5492140054702759, -0.02765396237373352, 0.8758720755577087, 0.9357819557189941, 0.5230520367622375, 0.9979999661445618, -1.2762460708618164, -1.2517859935760498]
[0.05173540115356445, -0.04802579805254936, 0.32502323389053345, 1.5035512447357178, -0.1901450753211975, 0.5392948389053345] [0.526203989982605, -0.02765396237373352, 0.8743380308151245, 0.9618600010871887, 0.5230520367622375, 0.9983999729156494, -1.2762460708618164, -1.2517859935760498]
[0.05071183666586876, -0.04646599665284157, 0.3340568542480469, 1.4814890623092651, -0.2479514628648758, 0.5643866062164307] [0.49859195947647095, -0.02765396237373352, 0.8743380308151245, 0.99714195728302, 0.5230520367622375, 0.9979999661445618, -1.2762460708618164, -1.2517859935760498]
[0.0495007298886776, -0.04516584053635597, 0.3430510461330414, 1.4559422731399536, -0.3035790026187897, 0.5894951224327087] [0.46330997347831726, -0.02765396237373352, 0.8743380308151245, 1.0232199430465698, 0.5230520367622375, 0.9979999661445618, -1.2762460708618164, -1.2517859935760498]
[0.048707250505685806, -0.04442569985985756, 0.34856975078582764, 1.4386638402938843, -0.3369159996509552, 0.6054692268371582] [0.429561972618103, -0.029187962412834167, 0.8743380308151245, 1.0431619882583618, 0.5230520367622375, 0.9979999661445618, -1.2762460708618164, -1.2502520084381104]
[0.048154134303331375, -0.04411189258098602, 0.35942062735557556, 1.4002107381820679, -0.39361482858657837, 0.626803457736969] [0.38814395666122437, -0.02765396237373352, 0.8743380308151245, 1.052366018295288, 0.5230520367622375, 0.9979999661445618, -1.274712085723877, -1.2502520084381104]
[0.047180112451314926, -0.04357035458087921, 0.3655170798301697, 1.3812413215637207, -0.4268617033958435, 0.6421321630477905] [0.3543959856033325, -0.02765396237373352, 0.8758720755577087, 1.0646380186080933, 0.5245860815048218, 0.9979999661445618, -1.274712085723877, -1.2502520084381104]
[0.04629649221897125, -0.043504029512405396, 0.3702073097229004, 1.3606107234954834, -0.4522603750228882, 0.6543670296669006] [0.3237159848213196, -0.02765396237373352, 0.8758720755577087, 1.075376033782959, 0.5230520367622375, 0.9979999661445618, -1.2731781005859375, -1.245650053024292]
[0.044429682195186615, -0.04289993643760681, 0.37696126103401184, 1.3333114385604858, -0.488659530878067, 0.6756132245063782] [0.30223995447158813, -0.029187962412834167, 0.8743380308151245, 1.0845799446105957, 0.5230520367622375, 0.9979999661445618, -1.2685760259628296, -1.2395139932632446]
[0.04311945661902428, -0.04267455264925957, 0.3810044825077057, 1.3159449100494385, -0.5092578530311584, 0.6876738667488098] [0.2776959538459778, -0.02765396237373352, 0.8743380308151245, 1.090716004371643, 0.5230520367622375, 0.9983999729156494, -1.2609061002731323, -1.2318439483642578]
[0.04027637466788292, -0.04215550795197487, 0.3868379592895508, 1.2871088981628418, -0.5400899648666382, 0.7101607918739319] [0.25928795337677, -0.02765396237373352, 0.8758720755577087, 1.1121920347213745, 0.5230520367622375, 0.9983999729156494, -1.254770040512085, -1.2257080078125]
[0.03615918755531311, -0.0412423275411129, 0.3916444182395935, 1.2599611282348633, -0.5732699036598206, 0.7426023483276367] [0.24394796788692474, -0.029187962412834167, 0.8758720755577087, 1.1459399461746216, 0.5230520367622375, 0.9979999661445618, -1.2501680850982666, -1.2211060523986816]
[0.03123314119875431, -0.040551502257585526, 0.39781099557876587, 1.2215147018432617, -0.613178551197052, 0.7827404737472534] [0.22553996741771698, -0.029187962412834167, 0.8743380308151245, 1.1735520362854004, 0.5230520367622375, 0.9979999661445618, -1.2455661296844482, -1.2180379629135132]
[0.027738435193896294, -0.03997553139925003, 0.4019821584224701, 1.1944029331207275, -0.6408258080482483, 0.8127052783966064] [0.20866596698760986, -0.029187962412834167, 0.8758720755577087, 1.1934939622879028, 0.5245860815048218, 0.9979999661445618, -1.2394300699234009, -1.2134360074996948]
[0.02454274706542492, -0.03964942693710327, 0.40615737438201904, 1.1658881902694702, -0.6642528772354126, 0.8386971354484558] [0.18872396647930145, -0.029187962412834167, 0.8758720755577087, 1.2119020223617554, 0.5230520367622375, 0.9979999661445618, -1.231760025024414, -1.205765962600708]
[0.019466403871774673, -0.03921235725283623, 0.41203850507736206, 1.120821237564087, -0.6979878544807434, 0.8806226849555969] [0.16571396589279175, -0.029187962412834167, 0.8743380308151245, 1.2318439483642578, 0.5230520367622375, 0.9983999729156494, -1.2194880247116089, -1.1934939622879028]
[0.013981644064188004, -0.03879871964454651, 0.417866051197052, 1.0711077451705933, -0.7284530401229858, 0.9250600934028625] [0.14577196538448334, -0.029187962412834167, 0.8758720755577087, 1.2395139932632446, 0.5230520367622375, 0.9979999661445618, -1.2041480541229248, -1.1750860214233398]
[0.0101018650457263, -0.038898102939128876, 0.42177632451057434, 1.0426710844039917, -0.7463610768318176, 0.9458997249603271] [0.12889796495437622, -0.029187962412834167, 0.8758720755577087, 1.2425819635391235, 0.5230520367622375, 0.9979999661445618, -1.1826720237731934, -1.1582119464874268]
[0.0049815308302640915, -0.03918442875146866, 0.4262065887451172, 1.0078898668289185, -0.7657115459442139, 0.9706853628158569] [0.1181599572300911, -0.029187962412834167, 0.8758720755577087, 1.2425819635391235, 0.5230520367622375, 0.9979999661445618, -1.158128023147583, -1.132133960723877]
[-0.0009780703112483025, -0.03938467428088188, 0.43026795983314514, 0.9741703271865845, -0.7827338576316833, 0.9942276477813721] [0.11202395707368851, -0.029187962412834167, 0.8758720755577087, 1.244115948677063, 0.5230520367622375, 0.9983999729156494, -1.1335840225219727, -1.109123945236206]
[-0.00823464710265398, -0.03927001729607582, 0.43450692296028137, 0.9297852516174316, -0.8011085987091064, 1.0297857522964478] [0.10435395687818527, -0.02765396237373352, 0.8758720755577087, 1.2548539638519287, 0.5230520367622375, 0.9979999661445618, -1.1136420965194702, -1.090716004371643]
[-0.014613991603255272, -0.0389273501932621, 0.4377022087574005, 0.8876937031745911, -0.8176271915435791, 1.0700370073318481] [0.09821796417236328, -0.029187962412834167, 0.8758720755577087, 1.282465934753418, 0.5230520367622375, 0.9979999661445618, -1.0967680215835571, -1.0723079442977905]
[-0.024111520498991013, -0.03864501416683197, 0.4419083893299103, 0.8200934529304504, -0.8421685695648193, 1.1385000944137573] [0.0920819640159607, -0.029187962412834167, 0.8758720755577087, 1.3039419651031494, 0.5230520367622375, 0.9979999661445618, -1.0829620361328125, -1.0631040334701538]
[-0.03112177923321724, -0.03812553361058235, 0.44476935267448425, 0.7623701095581055, -0.857105016708374, 1.198411226272583] [0.08287796378135681, -0.029187962412834167, 0.8758720755577087, 1.337689995765686, 0.5230520367622375, 0.9979999661445618, -1.0722240209579468, -1.0539000034332275]
[-0.03891449794173241, -0.03746552765369415, 0.4473913609981537, 0.6980940103530884, -0.8696613311767578, 1.2657712697982788] [0.07980996370315552, -0.02765396237373352, 0.8758720755577087, 1.3637679815292358, 0.5230520367622375, 0.9979999661445618, -1.0584180355072021, -1.0370259284973145]
[-0.046973805874586105, -0.03683840110898018, 0.4490441083908081, 0.6334065794944763, -0.8783720135688782, 1.3377805948257446] [0.07980996370315552, -0.02765396237373352, 0.8758720755577087, 1.391379952430725, 0.5230520367622375, 0.9979999661445618, -1.0446120500564575, -1.0247540473937988]
[-0.052893269807100296, -0.036481525748968124, 0.4500747323036194, 0.5875720381736755, -0.8829508423805237, 1.3892498016357422] [0.07980996370315552, -0.02765396237373352, 0.8758720755577087, 1.4251279830932617, 0.5230520367622375, 0.9979999661445618, -1.030806064605713, -1.014016032218933]
[-0.059767045080661774, -0.0362669937312603, 0.4511718451976776, 0.5318997502326965, -0.8858309984207153, 1.448229432106018] [0.07980996370315552, -0.029187962412834167, 0.8758720755577087, 1.4389339685440063, 0.5230520367622375, 0.9983999729156494, -1.0200680494308472, -1.001744031906128]
[-0.06397955119609833, -0.036166708916425705, 0.4518985152244568, 0.5017837882041931, -0.8868764042854309, 1.4783393144607544] [0.07980996370315552, -0.029187962412834167, 0.8758720755577087, 1.4573420286178589, 0.5230520367622375, 0.9983999729156494, -1.004728078842163, -0.9879379868507385]
[-0.07172896713018417, -0.03597424179315567, 0.45288991928100586, 0.44000646471977234, -0.8865388035774231, 1.5436452627182007] [0.07980996370315552, -0.029187962412834167, 0.8758720755577087, 1.4742159843444824, 0.5230520367622375, 0.9979999661445618, -0.9832520484924316, -0.9679960012435913]
[-0.07724276930093765, -0.035584405064582825, 0.4539753496646881, 0.4062046408653259, -0.8854077458381653, 1.5741370916366577] [0.07827596366405487, -0.029187962412834167, 0.8758720755577087, 1.4803520441055298, 0.5230520367622375, 0.9979999661445618, -0.9663780927658081, -0.9495880007743835]
[-0.08323277533054352, -0.03575768694281578, 0.45489025115966797, 0.36716246604919434, -0.8842310905456543, 1.6075795888900757] [0.07827596366405487, -0.029187962412834167, 0.8758720755577087, 1.4910900592803955, 0.5230520367622375, 0.9979999661445618, -0.9541060924530029, -0.9357819557189941]
[-0.08811377733945847, -0.035501036792993546, 0.4553860127925873, 0.3322390019893646, -0.8819789886474609, 1.6448858976364136] [0.07827596366405487, -0.029187962412834167, 0.8774060606956482, 1.511031985282898, 0.5230520367622375, 0.9979999661445618, -0.9464360475540161, -0.9296460151672363]
[-0.09368524700403214, -0.035507090389728546, 0.4554852843284607, 0.28874465823173523, -0.8762956261634827, 1.6901850700378418] [0.07827596366405487, -0.029187962412834167, 0.8774060606956482, 1.5233039855957031, 0.5230520367622375, 0.9979999661445618, -0.9403000473976135, -0.923509955406189]
[-0.09610195457935333, -0.03542928770184517, 0.4556872546672821, 0.2728258967399597, -0.8741263747215271, 1.705239176750183] [0.07827596366405487, -0.029187962412834167, 0.8789400458335876, 1.53097403049469, 0.5230520367622375, 0.9979999661445618, -0.9341640472412109, -0.9189079999923706]
[-0.09953445941209793, -0.0355178527534008, 0.4557710289955139, 0.24723775684833527, -0.8713062405586243, 1.7327419519424438] [0.07827596366405487, -0.029187962412834167, 0.8789400458335876, 1.546314001083374, 0.5230520367622375, 0.9979999661445618, -0.9295620918273926, -0.9143059849739075]
[-0.10167288035154343, -0.03554346412420273, 0.45590338110923767, 0.2311403900384903, -0.8696613907814026, 1.749998927116394] [0.07827596366405487, -0.029187962412834167, 0.8804740905761719, 1.561653971672058, 0.5230520367622375, 0.9979999661445618, -0.9234260320663452, -0.905102014541626]
[-0.10375092178583145, -0.03574769198894501, 0.45623549818992615, 0.2191242128610611, -0.8698766827583313, 1.7580006122589111] [0.07827596366405487, -0.030721962451934814, 0.8820080757141113, 1.566256046295166, 0.5230520367622375, 0.9983999729156494, -0.9142220616340637, -0.8974319696426392]
[-0.10543180257081985, -0.03569846972823143, 0.45641177892684937, 0.21011897921562195, -0.868561863899231, 1.7648228406906128] [0.07827596366405487, -0.030721962451934814, 0.8820080757141113, 1.5739259719848633, 0.5230520367622375, 0.9979999661445618, -0.9065520763397217, -0.8897619843482971]
[-0.10809963941574097, -0.035752903670072556, 0.4567989110946655, 0.19540399312973022, -0.8678826093673706, 1.7763111591339111] [0.07827596366405487, -0.030721962451934814, 0.8835420608520508, 1.58159601688385, 0.5230520367622375, 0.9979999661445618, -0.8973480463027954, -0.8805580139160156]
[-0.10983846336603165, -0.03576231002807617, 0.45702308416366577, 0.18586358428001404, -0.8665560483932495, 1.783553957939148] [0.07827596366405487, -0.03378996253013611, 0.8850760459899902, 1.5831300020217896, 0.5230520367622375, 0.9979999661445618, -0.892746090888977, -0.8774899840354919]
[-0.11157804727554321, -0.036564648151397705, 0.4575261175632477, 0.17340081930160522, -0.8691017627716064, 1.7878137826919556] [0.07827596366405487, -0.0368579626083374, 0.8866100311279297, 1.58159601688385, 0.5230520367622375, 0.9983999729156494, -0.8912120461463928, -0.8790239691734314]
[-0.11250122636556625, -0.03674371540546417, 0.45770302414894104, 0.16800715029239655, -0.8699689507484436, 1.7922965288162231] [0.07827596366405487, -0.03839196264743805, 0.8881440758705139, 1.5800620317459106, 0.5230520367622375, 0.9979999661445618, -0.8912120461463928, -0.8790239691734314]
[-0.1127622202038765, -0.03712260723114014, 0.4579971730709076, 0.1651638299226761, -0.8729048371315002, 1.793732762336731] [0.07827596366405487, -0.039925962686538696, 0.8942800760269165, 1.569324016571045, 0.5230520367622375, 0.9979999661445618, -0.892746090888977, -0.8790239691734314]
[-0.11192090809345245, -0.038466211408376694, 0.4591878354549408, 0.16442076861858368, -0.8848686218261719, 1.7901893854141235] [0.07827596366405487, -0.05219796299934387, 0.9142220616340637, 1.5555180311203003, 0.5230520367622375, 0.9979999661445618, -0.8942800760269165, -0.8790239691734314]
[-0.11113067716360092, -0.04066981002688408, 0.46099087595939636, 0.1595454066991806, -0.903853714466095, 1.7864744663238525] [0.07827596366405487, -0.0660039633512497, 0.9433680772781372, 1.5478479862213135, 0.5230520367622375, 0.9983999729156494, -0.9004160761833191, -0.8836259841918945]
[-0.1090523824095726, -0.045128826051950455, 0.4634368419647217, 0.15582987666130066, -0.9369215369224548, 1.7734551429748535] [0.07827596366405487, -0.0920819640159607, 0.9740480780601501, 1.5371099710464478, 0.5230520367622375, 0.9979999661445618, -0.91115403175354, -0.8912959694862366]
[-0.10447605699300766, -0.051560178399086, 0.4665183126926422, 0.17392204701900482, -0.9831741452217102, 1.7228947877883911] [0.08134396374225616, -0.12889796495437622, 1.004728078842163, 1.5125659704208374, 0.5230520367622375, 0.9979999661445618, -0.9203580617904663, -0.9004999995231628]
[-0.09733784943819046, -0.05978263169527054, 0.46987611055374146, 0.22984598577022552, -1.040218710899353, 1.62763249874115] [0.08441196382045746, -0.16878196597099304, 1.043078064918518, 1.4711480140686035, 0.5230520367622375, 0.9979999661445618, -0.9264940619468689, -0.9081699848175049]
[-0.09118378907442093, -0.06713173538446426, 0.47151392698287964, 0.29326102137565613, -1.0782134532928467, 1.524186134338379] [0.0890139639377594, -0.2163359671831131, 1.0691560506820679, 1.4358659982681274, 0.5215180516242981, 0.9979999661445618, -0.9387660622596741, -0.9189079999923706]
[-0.08324228972196579, -0.07875772565603256, 0.4737626612186432, 0.393968790769577, -1.1263844966888428, 1.3586440086364746] [0.08747996389865875, -0.28076398372650146, 1.0967680215835571, 1.3975160121917725, 0.5230520367622375, 0.9979999661445618, -0.9479700326919556, -0.9296460151672363]
[-0.07593996077775955, -0.09021098911762238, 0.4754282236099243, 0.5251005291938782, -1.1679069995880127, 1.1754984855651855] [0.0890139639377594, -0.3267839550971985, 1.1259140968322754, 1.3545639514923096, 0.5230520367622375, 0.9979999661445618, -0.9587080478668213, -0.9403839707374573]
[-0.06927179545164108, -0.1009695902466774, 0.4761175215244293, 0.672573983669281, -1.1904733180999756, 0.9769782423973083] [0.0890139639377594, -0.3804739713668823, 1.1443220376968384, 1.3162139654159546, 0.5215180516242981, 0.9979999661445618, -0.9663780927658081, -0.9449859857559204]
[-0.06352740526199341, -0.11301480978727341, 0.4763849079608917, 0.8419432640075684, -1.2014389038085938, 0.7481415867805481] [0.0890139639377594, -0.4249599575996399, 1.1642640829086304, 1.2655919790267944, 0.5230520367622375, 0.9979999661445618, -0.9725140333175659, -0.9557240009307861]
[-0.055826615542173386, -0.12475817650556564, 0.47536781430244446, 1.0562458038330078, -1.1798744201660156, 0.48160287737846375] [0.08747996389865875, -0.467911958694458, 1.1765360832214355, 1.1612800359725952, 0.5184500217437744, 0.9979999661445618, -0.9755820631980896, -0.9603259563446045]
[-0.042716190218925476, -0.1403932422399521, 0.47248807549476624, 1.3761106729507446, -1.0987542867660522, 0.12048952281475067] [0.08747996389865875, -0.4939899742603302, 1.2271580696105957, 0.9603259563446045, 0.5184500217437744, 0.9979999661445618, -0.9740480780601501, -0.9603259563446045]
[-0.03268710896372795, -0.15933533012866974, 0.4674738049507141, 1.6621677875518799, -0.9885743856430054, -0.17884904146194458] [0.08747996389865875, -0.5139319896697998, 1.2961881160736084, 0.8606159687042236, 0.5199840664863586, 0.9979999661445618, -0.9832520484924316, -0.9695299863815308]
[-0.03202340751886368, -0.16824132204055786, 0.46552926301956177, 1.7256807088851929, -0.9595348834991455, -0.26686403155326843] [0.09054796397686005, -0.5492140054702759, 1.2992560863494873, 0.8498779535293579, 0.5184500217437744, 0.9979999661445618, -0.9985920786857605, -0.9879379868507385]
[-0.030300242826342583, -0.17629851400852203, 0.46274301409721375, 1.7405002117156982, -0.9285151362419128, -0.3248997926712036] [0.0920819640159607, -0.5829619765281677, 1.2977221012115479, 0.8253339529037476, 0.516916036605835, 0.9979999661445618, -1.0185340642929077, -1.0048120021820068]
[-0.02519361861050129, -0.18297255039215088, 0.45824530720710754, 1.750118613243103, -0.8789934515953064, -0.3665703237056732] [0.09361596405506134, -0.6075059771537781, 1.3007900714874268, 0.788517951965332, 0.516916036605835, 0.9979999661445618, -1.0369420051574707, -1.0216859579086304]
[-0.02022191882133484, -0.18595199286937714, 0.4546663761138916, 1.755946397781372, -0.8405368328094482, -0.3824494779109955] [0.09361596405506134, -0.6182439923286438, 1.3007900714874268, 0.7593719959259033, 0.516916036605835, 0.9979999661445618, -1.0568840503692627, -1.0446959733963013]
[-0.014293460175395012, -0.19309736788272858, 0.4488130807876587, 1.7635347843170166, -0.779021680355072, -0.42340996861457825] [0.09514996409416199, -0.6473900079727173, 1.3023240566253662, 0.7194879651069641, 0.516916036605835, 0.9979999661445618, -1.0768260955810547, -1.0661720037460327]
[-0.010144769214093685, -0.1993311494588852, 0.4435482919216156, 1.7650352716445923, -0.7274400591850281, -0.4571825861930847] [0.10281995683908463, -0.6780699491500854, 1.3007900714874268, 0.6673319935798645, 0.516916036605835, 0.9979999661445618, -1.0967680215835571, -1.0876480340957642]
[-0.001979039516299963, -0.2094443291425705, 0.4315071403980255, 1.7608084678649902, -0.6205131411552429, -0.5049048066139221] [0.1181599572300911, -0.696478009223938, 1.3023240566253662, 0.5983020067214966, 0.516916036605835, 0.9979999661445618, -1.1167100667953491, -1.109123945236206]
[0.006796019617468119, -0.21601417660713196, 0.41797104477882385, 1.7601268291473389, -0.5013298988342285, -0.5332214832305908] [0.12889796495437622, -0.6980119943618774, 1.3023240566253662, 0.4387659728527069, 0.516916036605835, 0.9979999661445618, -1.1320500373840332, -1.1198619604110718]
[0.013977433554828167, -0.22725561261177063, 0.39651623368263245, 1.7813712358474731, -0.2993624806404114, -0.5986177325248718] [0.12889796495437622, -0.6980119943618774, 1.3023240566253662, 0.14730596542358398, 0.516916036605835, 0.9979999661445618, -1.13972008228302, -1.132133960723877]
[0.01656000129878521, -0.23879551887512207, 0.3646409213542938, 1.7850914001464844, -0.020907551050186157, -0.6819707155227661] [0.13043196499347687, -0.6980119943618774, 1.3007900714874268, 0.039925962686538696, 0.516916036605835, 0.9979999661445618, -1.13972008228302, -1.1352019309997559]
[0.017329977825284004, -0.23932449519634247, 0.3611390292644501, 1.7780622243881226, 0.002757688984274864, -0.6865673065185547] [0.1350339651107788, -0.6980119943618774, 1.3007900714874268, 0.039925962686538696, 0.516916036605835, 0.9979999661445618, -1.142788052558899, -1.1336679458618164]
[0.017829198390245438, -0.23945766687393188, 0.35785147547721863, 1.7655678987503052, 0.019252577796578407, -0.6877458095550537] [0.15190796554088593, -0.6980119943618774, 1.3007900714874268, 0.0368579626083374, 0.516916036605835, 0.9979999661445618, -1.1489241123199463, -1.1398040056228638]
[0.01849675551056862, -0.2395411729812622, 0.3500693440437317, 1.7357488870620728, 0.055845245718955994, -0.6891008615493774] [0.19485996663570404, -0.6980119943618774, 1.3007900714874268, 0.0368579626083374, 0.516916036605835, 0.9979999661445618, -1.1596620082855225, -1.1566779613494873]
[0.01949445717036724, -0.23955251276493073, 0.34320592880249023, 1.7093015909194946, 0.08831024169921875, -0.690687358379364] [0.23167596757411957, -0.6980119943618774, 1.3007900714874268, 0.0368579626083374, 0.516916036605835, 0.9979999661445618, -1.1704000234603882, -1.1689499616622925]
[0.020394250750541687, -0.23964746296405792, 0.3362008333206177, 1.6823755502700806, 0.12124968320131302, -0.6936527490615845] [0.26082196831703186, -0.6980119943618774, 1.3007900714874268, 0.0368579626083374, 0.516916036605835, 0.9979999661445618, -1.1842060089111328, -1.1796879768371582]
[0.0209592767059803, -0.239714577794075, 0.3297012448310852, 1.6584094762802124, 0.15208853781223297, -0.6971322298049927] [0.30377396941185, -0.6980119943618774, 1.2992560863494873, 0.0368579626083374, 0.516916036605835, 0.9979999661445618, -1.1949440240859985, -1.1965620517730713]
[0.021181680262088776, -0.23992298543453217, 0.32053959369659424, 1.6211893558502197, 0.1951061487197876, -0.703497588634491] [0.3405899703502655, -0.6980119943618774, 1.3007900714874268, 0.0368579626083374, 0.5184500217437744, 0.9979999661445618, -1.2041480541229248, -1.1996300220489502]
[0.02087981253862381, -0.2399209588766098, 0.31273242831230164, 1.587449312210083, 0.23229260742664337, -0.7102757692337036] [0.3804739713668823, -0.696478009223938, 1.2992560863494873, 0.0368579626083374, 0.516916036605835, 0.9979999661445618, -1.2041480541229248, -1.1996300220489502]
[0.019974587485194206, -0.23998185992240906, 0.30734825134277344, 1.5662950277328491, 0.25811049342155457, -0.7158490419387817] [0.40808597207069397, -0.696478009223938, 1.3007900714874268, 0.0368579626083374, 0.516916036605835, 0.9983999729156494, -1.2041480541229248, -1.1996300220489502]
[0.018192065879702568, -0.23972731828689575, 0.3012261986732483, 1.5387252569198608, 0.2875484824180603, -0.7216207981109619] [0.43723195791244507, -0.6980119943618774, 1.3007900714874268, 0.0368579626083374, 0.516916036605835, 0.9979999661445618, -1.2041480541229248, -1.1980960369110107]
[0.017763232812285423, -0.23974786698818207, 0.29979515075683594, 1.5325535535812378, 0.29362866282463074, -0.7225969433784485] [0.44336795806884766, -0.696478009223938, 1.2992560863494873, 0.03839196264743805, 0.516916036605835, 0.9979999661445618, -1.2041480541229248, -1.1980960369110107]
[0.017971770837903023, -0.2395867258310318, 0.2993060052394867, 1.5334762334823608, 0.29589805006980896, -0.721301794052124] [0.4449019730091095, -0.6949439644813538, 1.2977221012115479, 0.03839196264743805, 0.516916036605835, 0.9979999661445618, -1.2041480541229248, -1.1965620517730713]
[0.018802952021360397, -0.2386394888162613, 0.29873716831207275, 1.5312408208847046, 0.29806214570999146, -0.714804470539093] [0.4449019730091095, -0.6888079643249512, 1.2961881160736084, 0.03839196264743805, 0.5184500217437744, 0.9983999729156494, -1.2072160243988037, -1.1965620517730713]
[0.0189821720123291, -0.23868758976459503, 0.298494815826416, 1.5320138931274414, 0.2991802990436554, -0.7150266766548157] [0.4449019730091095, -0.6888079643249512, 1.2961881160736084, 0.039925962686538696, 0.516916036605835, 0.9979999661445618, -1.2072160243988037, -1.1965620517730713]
[0.019080109894275665, -0.23871248960494995, 0.2983011305332184, 1.5295089483261108, 0.30014538764953613, -0.7154768705368042] [0.4449019730091095, -0.6888079643249512, 1.2961881160736084, 0.03839196264743805, 0.5184500217437744, 0.9979999661445618, -1.2072160243988037, -1.1965620517730713]
[0.01920090802013874, -0.23867052793502808, 0.29825064539909363, 1.529212236404419, 0.3004918694496155, -0.7154099345207214] [0.44336795806884766, -0.6888079643249512, 1.2977221012115479, 0.03839196264743805, 0.516916036605835, 0.9979999661445618, -1.2072160243988037, -1.1965620517730713]
[0.019311605021357536, -0.23862633109092712, 0.29853662848472595, 1.5316503047943115, 0.2992297112941742, -0.7151357531547546] [0.4449019730091095, -0.6888079643249512, 1.2961881160736084, 0.03839196264743805, 0.5184500217437744, 0.9979999661445618, -1.2072160243988037, -1.1965620517730713]
[0.019214753061532974, -0.2386884093284607, 0.2982121407985687, 1.5308164358139038, 0.3005717992782593, -0.7153515815734863] [0.4449019730091095, -0.6888079643249512, 1.2961881160736084, 0.03839196264743805, 0.516916036605835, 0.9983999729156494, -1.2056820392608643, -1.1965620517730713]
[0.01917736791074276, -0.23869208991527557, 0.29833853244781494, 1.5311388969421387, 0.3001181185245514, -0.7152370810508728] [0.4449019730091095, -0.6888079643249512, 1.2977221012115479, 0.03839196264743805, 0.516916036605835, 0.9983999729156494, -1.2072160243988037, -1.1965620517730713]
[0.019151851534843445, -0.2387428879737854, 0.2982156276702881, 1.5295199155807495, 0.30051323771476746, -0.7154297232627869] [0.4449019730091095, -0.6888079643249512, 1.2961881160736084, 0.03839196264743805, 0.516916036605835, 0.9983999729156494, -1.2072160243988037, -1.1965620517730713]
[0.019290238618850708, -0.2387702316045761, 0.29824426770210266, 1.529170274734497, 0.2999819219112396, -0.7151578664779663] [0.4449019730091095, -0.6888079643249512, 1.2961881160736084, 0.03839196264743805, 0.516916036605835, 0.9979999661445618, -1.2056820392608643, -1.1965620517730713]
[0.01924067921936512, -0.23871293663978577, 0.2982303500175476, 1.5291353464126587, 0.3007601201534271, -0.7155790328979492] [0.4449019730091095, -0.6888079643249512, 1.2961881160736084, 0.03839196264743805, 0.516916036605835, 0.9979999661445618, -1.2072160243988037, -1.1980960369110107]
[0.019259920343756676, -0.23877857625484467, 0.29816144704818726, 1.5290031433105469, 0.3011331558227539, -0.7158039212226868] [0.4449019730091095, -0.6888079643249512, 1.2961881160736084, 0.03839196264743805, 0.516916036605835, 0.9979999661445618, -1.2072160243988037, -1.1965620517730713]
[0.019166532903909683, -0.2387014776468277, 0.2982821464538574, 1.5306469202041626, 0.30052873492240906, -0.715732991695404] [0.4449019730091095, -0.6888079643249512, 1.2961881160736084, 0.03839196264743805, 0.516916036605835, 0.9983999729156494, -1.2072160243988037, -1.1965620517730713]
