[0.07333926856517792, -0.1099167987704277, 0.2914602756500244, 1.4409329891204834, 0.3566747009754181, 0.1915365308523178] [0.21173396706581116, -0.2792299687862396, -0.1411699652671814, 0.46330997347831726, 1.5094140768051147, 0.9979999661445618, -1.2992560863494873, -1.2978060245513916]
[0.07354357838630676, -0.10957417637109756, 0.2918497323989868, 1.442441463470459, 0.3546285331249237, 0.19309774041175842] [0.21173396706581116, -0.28076398372650146, -0.14270396530628204, 0.46330997347831726, 1.5094140768051147, 0.9979999661445618, -1.2977221012115479, -1.2932039499282837]
[0.07333496958017349, -0.10988961160182953, 0.2920263707637787, 1.4402101039886475, 0.35414522886276245, 0.1913040727376938] [0.2132679671049118, -0.28076398372650146, -0.14270396530628204, 0.46330997347831726, 1.5094140768051147, 0.9979999661445618, -1.2961881160736084, -1.2916699647903442]
[0.07322176545858383, -0.1098821684718132, 0.29228290915489197, 1.4414993524551392, 0.3531254827976227, 0.19122524559497833] [0.2132679671049118, -0.2792299687862396, -0.14270396530628204, 0.46330997347831726, 1.5094140768051147, 0.9979999661445618, -1.2961881160736084, -1.2901359796524048]
[0.07299743592739105, -0.10988131165504456, 0.2921489179134369, 1.4416310787200928, 0.353800892829895, 0.19127777218818665] [0.2132679671049118, -0.28076398372650146, -0.14270396530628204, 0.46330997347831726, 1.5094140768051147, 0.9979999661445618, -1.2961881160736084, -1.2901359796524048]
[0.07296273857355118, -0.10988669842481613, 0.29219746589660645, 1.440051794052124, 0.3535153269767761, 0.1912609189748764] [0.2132679671049118, -0.28076398372650146, -0.14270396530628204, 0.46330997347831726, 1.5109480619430542, 0.9983999729156494, -1.2977221012115479, -1.2916699647903442]
[0.07293932884931564, -0.10954722762107849, 0.2923162281513214, 1.4433422088623047, 0.3524542450904846, 0.19290904700756073] [0.2132679671049118, -0.2792299687862396, -0.1411699652671814, 0.46330997347831726, 1.5109480619430542, 0.9979999661445618, -1.2961881160736084, -1.2901359796524048]
[0.07293478399515152, -0.10954444110393524, 0.2922396659851074, 1.441851258277893, 0.3532662093639374, 0.19283951818943024] [0.2132679671049118, -0.2792299687862396, -0.14270396530628204, 0.4648439884185791, 1.5109480619430542, 0.9979999661445618, -1.2961881160736084, -1.2901359796524048]
[0.07289236783981323, -0.10985341668128967, 0.2922351062297821, 1.4397575855255127, 0.35329657793045044, 0.19118724763393402] [0.2132679671049118, -0.2792299687862396, -0.14270396530628204, 0.46330997347831726, 1.5094140768051147, 0.9979999661445618, -1.2961881160736084, -1.2901359796524048]
[0.0729389488697052, -0.10985393822193146, 0.2922292649745941, 1.439794898033142, 0.35347461700439453, 0.19120073318481445] [0.2132679671049118, -0.28076398372650146, -0.1411699652671814, 0.46330997347831726, 1.5109480619430542, 0.9983999729156494, -1.2961881160736084, -1.2901359796524048]
[0.07280488312244415, -0.10940535366535187, 0.2919321656227112, 1.436636209487915, 0.3556494414806366, 0.19430184364318848] [0.2132679671049118, -0.28076398372650146, -0.15190796554088593, 0.4648439884185791, 1.5094140768051147, 0.9979999661445618, -1.2961881160736084, -1.2901359796524048]
[0.07189417630434036, -0.1076672375202179, 0.29164472222328186, 1.4374151229858398, 0.3591760993003845, 0.21193347871303558] [0.2132679671049118, -0.2792299687862396, -0.15650996565818787, 0.48631995916366577, 1.5109480619430542, 0.9979999661445618, -1.290052056312561, -1.2809319496154785]
[0.0710749477148056, -0.10670260339975357, 0.29180899262428284, 1.435313105583191, 0.3598195016384125, 0.21971122920513153] [0.21480196714401245, -0.2776959538459778, -0.16264596581459045, 0.48938798904418945, 1.5109480619430542, 0.9979999661445618, -1.2823820114135742, -1.2717280387878418]
[0.06991725414991379, -0.1060871109366417, 0.29276254773139954, 1.4288232326507568, 0.3567768633365631, 0.22540993988513947] [0.21480196714401245, -0.2776959538459778, -0.16878196597099304, 0.49552398920059204, 1.5109480619430542, 0.9979999661445618, -1.2762460708618164, -1.2655919790267944]
[0.06894176453351974, -0.10547959059476852, 0.2939344346523285, 1.4260934591293335, 0.3524397909641266, 0.2295139878988266] [0.21480196714401245, -0.27616196870803833, -0.17184996604919434, 0.5016599893569946, 1.5094140768051147, 0.9979999661445618, -1.2731781005859375, -1.260990023612976]
[0.06787418574094772, -0.10420704632997513, 0.29496997594833374, 1.4246655702590942, 0.3486383855342865, 0.24183769524097443] [0.2132679671049118, -0.27616196870803833, -0.17338396608829498, 0.526203989982605, 1.5094140768051147, 0.9979999661445618, -1.2685760259628296, -1.2548539638519287]
[0.06539647281169891, -0.09988885372877121, 0.2962711751461029, 1.4330238103866577, 0.34543880820274353, 0.28466829657554626] [0.20866596698760986, -0.27616196870803833, -0.17951996624469757, 0.5691559910774231, 1.5094140768051147, 0.9979999661445618, -1.2624400854110718, -1.2502520084381104]
[0.06342768669128418, -0.09610310941934586, 0.2980431616306305, 1.4400821924209595, 0.3395426273345947, 0.32236358523368835] [0.20252996683120728, -0.27616196870803833, -0.1841219663619995, 0.6105740070343018, 1.5094140768051147, 0.9979999661445618, -1.254770040512085, -1.241047978401184]
[0.060030072927474976, -0.09161150455474854, 0.29943135380744934, 1.449123501777649, 0.3366408348083496, 0.36973321437835693] [0.20252996683120728, -0.27616196870803833, -0.18565596640110016, 0.6473900079727173, 1.5094140768051147, 0.9979999661445618, -1.2440320253372192, -1.2303099632263184]
[0.05775625631213188, -0.08866420388221741, 0.3007793724536896, 1.4555448293685913, 0.33168840408325195, 0.3979426920413971] [0.20252996683120728, -0.2776959538459778, -0.18565596640110016, 0.6796039938926697, 1.5094140768051147, 0.9979999661445618, -1.231760025024414, -1.2180379629135132]
[0.0540931262075901, -0.08493008464574814, 0.3029622435569763, 1.462319016456604, 0.32297128438949585, 0.43686643242836] [0.20252996683120728, -0.27616196870803833, -0.18565596640110016, 0.714885950088501, 1.5094140768051147, 0.9983999729156494, -1.21642005443573, -1.202697992324829]
[0.048731569200754166, -0.07995723187923431, 0.3055906891822815, 1.4735774993896484, 0.31320685148239136, 0.49113836884498596] [0.20252996683120728, -0.2776959538459778, -0.18872396647930145, 0.7747119665145874, 1.5094140768051147, 0.9979999661445618, -1.1995460987091064, -1.1858240365982056]
[0.04498481750488281, -0.07663016766309738, 0.30787593126296997, 1.4776407480239868, 0.3036031723022461, 0.5245577096939087] [0.20252996683120728, -0.2776959538459778, -0.18872396647930145, 0.8038579821586609, 1.5078800916671753, 0.9979999661445618, -1.181138038635254, -1.1643480062484741]
[0.04016467556357384, -0.07387024164199829, 0.3111652731895447, 1.4764313697814941, 0.28977063298225403, 0.555230975151062] [0.20252996683120728, -0.2776959538459778, -0.18872396647930145, 0.8376059532165527, 1.5078800916671753, 0.9979999661445618, -1.1657980680465698, -1.152076005935669]
[0.03441935032606125, -0.06992663443088531, 0.31445199251174927, 1.4786750078201294, 0.2756669223308563, 0.5985537767410278] [0.20252996683120728, -0.2776959538459778, -0.18872396647930145, 0.8912959694862366, 1.5094140768051147, 0.9979999661445618, -1.1473901271820068, -1.1305999755859375]
[0.029451115056872368, -0.06680291891098022, 0.3168938159942627, 1.4793117046356201, 0.2652711272239685, 0.6360330581665039] [0.20252996683120728, -0.2792299687862396, -0.18872396647930145, 0.9204419851303101, 1.5002100467681885, 0.9979999661445618, -1.1289820671081543, -1.113726019859314]
[0.0230243019759655, -0.06359677016735077, 0.3202384114265442, 1.4587386846542358, 0.2497013360261917, 0.6769157648086548] [0.20099596679210663, -0.2822979688644409, -0.18872396647930145, 0.9664620161056519, 1.4772000312805176, 0.9979999661445618, -1.1090400218963623, -1.0922499895095825]
[0.01573878340423107, -0.059786874800920486, 0.3231784403324127, 1.436118483543396, 0.23598217964172363, 0.725696861743927] [0.20099596679210663, -0.2853659689426422, -0.18872396647930145, 1.0216859579086304, 1.4679961204528809, 0.9983999729156494, -1.0875641107559204, -1.0738420486450195]
[0.008443365804851055, -0.056411512196063995, 0.32619038224220276, 1.4340238571166992, 0.2233562022447586, 0.7729136943817139] [0.20099596679210663, -0.28689998388290405, -0.18872396647930145, 1.075376033782959, 1.4679961204528809, 0.9979999661445618, -1.0691560506820679, -1.055433988571167]
[0.0004829234385397285, -0.053038012236356735, 0.3289974331855774, 1.430997371673584, 0.21124237775802612, 0.8230880498886108] [0.19946196675300598, -0.29917198419570923, -0.18872396647930145, 1.1566779613494873, 1.4679961204528809, 0.9983999729156494, -1.0492141246795654, -1.0339579582214355]
[-0.015012160874903202, -0.04627525433897972, 0.3322485685348511, 1.4392064809799194, 0.20153245329856873, 0.9506396651268005] [0.1933259665966034, -0.30377396941185, -0.1902579665184021, 1.317747950553894, 1.4679961204528809, 0.9979999661445618, -1.0323400497436523, -1.017084002494812]
[-0.02486361376941204, -0.04271189868450165, 0.33446070551872253, 1.4376713037490845, 0.1935243457555771, 1.0194480419158936] [0.1902579665184021, -0.30223995447158813, -0.1902579665184021, 1.3254179954528809, 1.4679961204528809, 0.9979999661445618, -1.0154660940170288, -1.001744031906128]
[-0.02742134779691696, -0.04266070947051048, 0.33702635765075684, 1.4188640117645264, 0.18254169821739197, 1.0158734321594238] [0.18872396647930145, -0.30223995447158813, -0.18872396647930145, 1.3238840103149414, 1.4679961204528809, 0.9979999661445618, -0.9970580339431763, -0.9818019866943359]
[-0.02972896210849285, -0.0424368679523468, 0.3394228219985962, 1.4074699878692627, 0.16876456141471863, 1.0154283046722412] [0.18105396628379822, -0.30223995447158813, -0.17951996624469757, 1.3269519805908203, 1.4679961204528809, 0.9979999661445618, -0.9755820631980896, -0.9603259563446045]
[-0.0337783545255661, -0.04224056378006935, 0.3461754024028778, 1.3672754764556885, 0.1371854841709137, 1.0110054016113281] [0.15957796573638916, -0.30377396941185, -0.17645196616649628, 1.3269519805908203, 1.4679961204528809, 0.9979999661445618, -0.9525720477104187, -0.9403839707374573]
[-0.0371287502348423, -0.04217362403869629, 0.3503192365169525, 1.3378349542617798, 0.1192387267947197, 1.0071738958358765] [0.14730596542358398, -0.30223995447158813, -0.17798596620559692, 1.3269519805908203, 1.4679961204528809, 0.9979999661445618, -0.9372320771217346, -0.9250440001487732]
[-0.040501367300748825, -0.041765935719013214, 0.3547244966030121, 1.307346224784851, 0.1008281335234642, 1.008324146270752] [0.12889796495437622, -0.30223995447158813, -0.17798596620559692, 1.3300199508666992, 1.4679961204528809, 0.9979999661445618, -0.931096076965332, -0.9189079999923706]
[-0.04223863035440445, -0.041723527014255524, 0.3586801290512085, 1.282792329788208, 0.08372483402490616, 1.0062752962112427] [0.09821796417236328, -0.30223995447158813, -0.17645196616649628, 1.3315539360046387, 1.4679961204528809, 0.9979999661445618, -0.9295620918273926, -0.9143059849739075]
[-0.04397163167595863, -0.041654910892248154, 0.36393603682518005, 1.250076413154602, 0.06324819475412369, 1.006872296333313] [0.06753796339035034, -0.30223995447158813, -0.17645196616649628, 1.3361560106277466, 1.4679961204528809, 0.9979999661445618, -0.9295620918273926, -0.912771999835968]
[-0.045474693179130554, -0.04160775616765022, 0.3681456446647644, 1.223602533340454, 0.04720687121152878, 1.0083906650543213] [0.03839196264743805, -0.30223995447158813, -0.17491796612739563, 1.3438260555267334, 1.4679961204528809, 0.9979999661445618, -0.931096076965332, -0.9112379550933838]
[-0.04774469509720802, -0.04076867550611496, 0.37269049882888794, 1.1951454877853394, 0.03119541145861149, 1.0209954977035522] [0.004643961787223816, -0.30223995447158813, -0.17338396608829498, 1.3622339963912964, 1.4679961204528809, 0.9979999661445618, -0.931096076965332, -0.9097039699554443]
[-0.050678618252277374, -0.03995548188686371, 0.3775537312030792, 1.1690505743026733, 0.012047233060002327, 1.0402194261550903] [-0.024502038955688477, -0.30377396941185, -0.16264596581459045, 1.372972011566162, 1.4679961204528809, 0.9983999729156494, -0.9295620918273926, -0.9097039699554443]
[-0.05255197733640671, -0.03957347571849823, 0.38293901085853577, 1.1417195796966553, -0.01206535380333662, 1.0473721027374268] [-0.050580039620399475, -0.30223995447158813, -0.15497596561908722, 1.3745059967041016, 1.4679961204528809, 0.9979999661445618, -0.9295620918273926, -0.9097039699554443]
[-0.05386918783187866, -0.03930705785751343, 0.3878156244754791, 1.1157368421554565, -0.033080995082855225, 1.0515085458755493] [-0.08432804048061371, -0.30377396941185, -0.15190796554088593, 1.3745059967041016, 1.4679961204528809, 0.9979999661445618, -0.9280280470848083, -0.9081699848175049]
[-0.05519231781363487, -0.039467472583055496, 0.39199206233024597, 1.090252161026001, -0.04950585588812828, 1.0531665086746216] [-0.11194004118442535, -0.30223995447158813, -0.15190796554088593, 1.3745059967041016, 1.4679961204528809, 0.9979999661445618, -0.9249600768089294, -0.905102014541626]
[-0.05677766725420952, -0.03927377611398697, 0.3956071734428406, 1.065433144569397, -0.06297452747821808, 1.0559792518615723] [-0.1364840418100357, -0.30377396941185, -0.15037396550178528, 1.3745059967041016, 1.4679961204528809, 0.9979999661445618, -0.9218920469284058, -0.9004999995231628]
[-0.05841698497533798, -0.03921587020158768, 0.39865362644195557, 1.0442016124725342, -0.0743023008108139, 1.0588372945785522] [-0.15796004235744476, -0.30377396941185, -0.15037396550178528, 1.3806419372558594, 1.4679961204528809, 0.9983999729156494, -0.9172900915145874, -0.8958979845046997]
[-0.060186661779880524, -0.03907908499240875, 0.4004667401313782, 1.029133915901184, -0.08079550415277481, 1.0641692876815796] [-0.17330004274845123, -0.30377396941185, -0.15037396550178528, 1.3852440118789673, 1.4679961204528809, 0.9979999661445618, -0.91115403175354, -0.8897619843482971]
[-0.06405229866504669, -0.03876078128814697, 0.40411439538002014, 0.9979207515716553, -0.0932406559586525, 1.0751267671585083] [-0.19784404337406158, -0.30377396941185, -0.15037396550178528, 1.3944480419158936, 1.4679961204528809, 0.9979999661445618, -0.903484046459198, -0.8805580139160156]
[-0.0670759379863739, -0.03812449052929878, 0.40585482120513916, 0.9784960150718689, -0.09729080647230148, 1.087786078453064] [-0.21778604388237, -0.30377396941185, -0.15037396550178528, 1.414389967918396, 1.4679961204528809, 0.9979999661445618, -0.8988820314407349, -0.8759559988975525]
[-0.07115191221237183, -0.0376477874815464, 0.4084288477897644, 0.9518617987632751, -0.10435043275356293, 1.1046024560928345] [-0.23619404435157776, -0.30377396941185, -0.14883996546268463, 1.4235939979553223, 1.4679961204528809, 0.9979999661445618, -0.895814061164856, -0.8744219541549683]
[-0.07419431209564209, -0.03724747151136398, 0.41071435809135437, 0.9308704137802124, -0.11242475360631943, 1.1163402795791626] [-0.25153404474258423, -0.30377396941185, -0.14577196538448334, 1.4327980279922485, 1.4679961204528809, 0.9979999661445618, -0.892746090888977, -0.8713539838790894]
[-0.0759861171245575, -0.03685232996940613, 0.4119601845741272, 0.9183156490325928, -0.11630769819021225, 1.1237680912017822] [-0.26534003019332886, -0.30377396941185, -0.14270396530628204, 1.437399983406067, 1.4679961204528809, 0.9979999661445618, -0.8896780610084534, -0.8698199987411499]
[-0.07903525978326797, -0.036580536514520645, 0.41379353404045105, 0.8976149559020996, -0.12119890749454498, 1.1360950469970703] [-0.28221404552459717, -0.30377396941185, -0.14270396530628204, 1.452739953994751, 1.4679961204528809, 0.9979999661445618, -0.8866100311279297, -0.8636839985847473]
[-0.08150600641965866, -0.0359988771378994, 0.4146978259086609, 0.8820973634719849, -0.12090393900871277, 1.1481412649154663] [-0.29755404591560364, -0.30377396941185, -0.13963596522808075, 1.4619439840316772, 1.4679961204528809, 0.9983999729156494, -0.8789400458335876, -0.8560140132904053]
[-0.08487994223833084, -0.03597867861390114, 0.41746044158935547, 0.8596066236495972, -0.13428792357444763, 1.1570242643356323] [-0.3128940463066101, -0.30377396941185, -0.13349996507167816, 1.4619439840316772, 1.4679961204528809, 0.9983999729156494, -0.8712700605392456, -0.8483439683914185]
[-0.08833909779787064, -0.03574018552899361, 0.41991546750068665, 0.8411710262298584, -0.14828357100486755, 1.1674902439117432] [-0.3251660466194153, -0.30223995447158813, -0.12276195734739304, 1.4634779691696167, 1.4679961204528809, 0.9979999661445618, -0.8620660305023193, -0.839139997959137]
[-0.09209130704402924, -0.035657837986946106, 0.4226027727127075, 0.8196573853492737, -0.1634833663702011, 1.175392746925354] [-0.3389720320701599, -0.30377396941185, -0.1181599572300911, 1.4650119543075562, 1.4679961204528809, 0.9979999661445618, -0.8513280749320984, -0.8284019827842712]
[-0.09496332705020905, -0.03557130694389343, 0.42410674691200256, 0.8023317456245422, -0.1707116663455963, 1.1803957223892212] [-0.35431206226348877, -0.30377396941185, -0.1181599572300911, 1.4665460586547852, 1.4679961204528809, 0.9979999661445618, -0.8421240448951721, -0.8207319974899292]
[-0.09835018217563629, -0.03573622927069664, 0.4258330166339874, 0.7810015082359314, -0.17849022150039673, 1.1852766275405884] [-0.36658406257629395, -0.30377396941185, -0.11662595719099045, 1.472681999206543, 1.4679961204528809, 0.9979999661445618, -0.8359880447387695, -0.8145959973335266]
[-0.10236109793186188, -0.03524764999747276, 0.42727312445640564, 0.7607042789459229, -0.18472541868686676, 1.1997966766357422] [-0.3773220479488373, -0.30377396941185, -0.10895595699548721, 1.4788179397583008, 1.4679961204528809, 0.9979999661445618, -0.8344540596008301, -0.8115279674530029]
[-0.10529814660549164, -0.03480791300535202, 0.42819955945014954, 0.7464531064033508, -0.18790856003761292, 1.2132916450500488] [-0.3880600333213806, -0.30377396941185, -0.10128595679998398, 1.4987599849700928, 1.4679961204528809, 0.9979999661445618, -0.8329200744628906, -0.8099939823150635]
[-0.11106535792350769, -0.033598046749830246, 0.4283507466316223, 0.723118007183075, -0.18163630366325378, 1.251449704170227] [-0.4034000635147095, -0.30223995447158813, -0.0859459638595581, 1.5325080156326294, 1.4679961204528809, 0.9979999661445618, -0.8329200744628906, -0.8099939823150635]
[-0.11523322016000748, -0.03286893293261528, 0.4287603199481964, 0.7061485648155212, -0.1787075400352478, 1.2813786268234253] [-0.4172060489654541, -0.30223995447158813, -0.07213996350765228, 1.5570520162582397, 1.4679961204528809, 0.9983999729156494, -0.8329200744628906, -0.8099939823150635]
[-0.11771047860383987, -0.032746873795986176, 0.4311337471008301, 0.6876896619796753, -0.1913195252418518, 1.2921684980392456] [-0.43254604935646057, -0.30223995447158813, -0.0660039633512497, 1.5647220611572266, 1.4679961204528809, 0.9979999661445618, -0.8329200744628906, -0.8099939823150635]
[-0.1195557564496994, -0.03246451914310455, 0.43274760246276855, 0.6727029085159302, -0.19830173254013062, 1.3004010915756226] [-0.4463520646095276, -0.30223995447158813, -0.05679996311664581, 1.569324016571045, 1.4679961204528809, 0.9979999661445618, -0.8329200744628906, -0.8099939823150635]
[-0.12107729911804199, -0.03261928632855415, 0.4343528747558594, 0.6613143086433411, -0.2076943814754486, 1.3070951700210571] [-0.45402204990386963, -0.30377396941185, -0.050663962960243225, 1.5708580017089844, 1.4679961204528809, 0.9979999661445618, -0.8313860893249512, -0.808459997177124]
[-0.12238416820764542, -0.03258605673909187, 0.4356289803981781, 0.6513598561286926, -0.21432891488075256, 1.3135586977005005] [-0.4662940502166748, -0.30223995447158813, -0.04452796280384064, 1.5723919868469238, 1.4679961204528809, 0.9979999661445618, -0.8313860893249512, -0.8069260120391846]
[-0.12404675036668777, -0.03263061121106148, 0.4368610978126526, 0.6376741528511047, -0.2199583649635315, 1.3187159299850464] [-0.47856605052948, -0.30377396941185, -0.04299396276473999, 1.5723919868469238, 1.4679961204528809, 0.9979999661445618, -0.8313860893249512, -0.8069260120391846]
[-0.1258019655942917, -0.03251112997531891, 0.4385218322277069, 0.6228578686714172, -0.22729253768920898, 1.326472282409668] [-0.4893040657043457, -0.30223995447158813, -0.0368579626083374, 1.5723919868469238, 1.4679961204528809, 0.9983999729156494, -0.8313860893249512, -0.8069260120391846]
[-0.12658880650997162, -0.032517243176698685, 0.4391366243362427, 0.6173558235168457, -0.23059889674186707, 1.3299779891967773] [-0.4923720359802246, -0.30377396941185, -0.0368579626083374, 1.5723919868469238, 1.4679961204528809, 0.9979999661445618, -0.8298520445823669, -0.8069260120391846]
[-0.12701162695884705, -0.03235786780714989, 0.4391676187515259, 0.6147749423980713, -0.23005720973014832, 1.3315380811691284] [-0.4954400658607483, -0.30223995447158813, -0.0368579626083374, 1.5723919868469238, 1.4679961204528809, 0.9979999661445618, -0.8298520445823669, -0.8069260120391846]
[-0.12770657241344452, -0.032396163791418076, 0.43961915373802185, 0.6082798838615417, -0.23169109225273132, 1.33301842212677] [-0.4985080361366272, -0.30377396941185, -0.035323962569236755, 1.5723919868469238, 1.4679961204528809, 0.9979999661445618, -0.8298520445823669, -0.8069260120391846]
[-0.12758012115955353, -0.03260229155421257, 0.43959274888038635, 0.6084933280944824, -0.23195567727088928, 1.3308669328689575] [-0.5000420808792114, -0.30223995447158813, -0.035323962569236755, 1.5723919868469238, 1.4679961204528809, 0.9979999661445618, -0.8298520445823669, -0.8069260120391846]
[-0.12745769321918488, -0.03231669217348099, 0.4395619034767151, 0.6100450754165649, -0.23106281459331512, 1.332611083984375] [-0.4985080361366272, -0.30377396941185, -0.035323962569236755, 1.5723919868469238, 1.4679961204528809, 0.9979999661445618, -0.8329200744628906, -0.808459997177124]
[-0.12670442461967468, -0.032494354993104935, 0.4397442042827606, 0.61269611120224, -0.2316410392522812, 1.3310340642929077] [-0.49697405099868774, -0.30377396941185, -0.035323962569236755, 1.566256046295166, 1.4679961204528809, 0.9979999661445618, -0.8390560746192932, -0.8115279674530029]
[-0.12483620643615723, -0.032651759684085846, 0.43935853242874146, 0.622519850730896, -0.22946004569530487, 1.326689600944519] [-0.49390605092048645, -0.3083759546279907, -0.03839196264743805, 1.5677900314331055, 1.4679961204528809, 0.9979999661445618, -0.8528620600700378, -0.8191980123519897]
[-0.12064197659492493, -0.035486288368701935, 0.43981701135635376, 0.6391514539718628, -0.23933419585227966, 1.3014798164367676] [-0.4923720359802246, -0.3405899703502655, -0.04759596288204193, 1.566256046295166, 1.4679961204528809, 0.9979999661445618, -0.8728040456771851, -0.8376059532165527]
[-0.11836016178131104, -0.03959902003407478, 0.44032904505729675, 0.6748844385147095, -0.2532466948032379, 1.2591702938079834] [-0.48777005076408386, -0.37740597128868103, -0.05219796299934387, 1.566256046295166, 1.4679961204528809, 0.9983999729156494, -0.8973480463027954, -0.8560140132904053]
[-0.11477895826101303, -0.04234754294157028, 0.44097021222114563, 0.6978630423545837, -0.2630552053451538, 1.2326314449310303] [-0.48777005076408386, -0.41115397214889526, -0.05219796299934387, 1.566256046295166, 1.4679961204528809, 0.9979999661445618, -0.9126880764961243, -0.8744219541549683]
[-0.10952874273061752, -0.044695157557725906, 0.44124147295951843, 0.724181592464447, -0.2690139412879944, 1.2090221643447876] [-0.48777005076408386, -0.43416398763656616, -0.055265963077545166, 1.566256046295166, 1.4679961204528809, 0.9983999729156494, -0.9418340921401978, -0.9020339846611023]
[-0.10119198262691498, -0.04718855768442154, 0.44011732935905457, 0.7584678530693054, -0.2652694582939148, 1.1806586980819702] [-0.48777005076408386, -0.44950395822525024, -0.061401963233947754, 1.561653971672058, 1.4679961204528809, 0.9983999729156494, -0.969446063041687, -0.9296460151672363]
[-0.09429031610488892, -0.04872821271419525, 0.43888741731643677, 0.7856228351593018, -0.25899818539619446, 1.1626276969909668] [-0.4893040657043457, -0.46024197340011597, -0.07060596346855164, 1.5478479862213135, 1.4695301055908203, 0.9979999661445618, -0.9985920786857605, -0.958791971206665]
[-0.08602073788642883, -0.05142807587981224, 0.43697819113731384, 0.8163648843765259, -0.2510467767715454, 1.1335285902023315] [-0.4893040657043457, -0.47864997386932373, -0.08441196382045746, 1.546314001083374, 1.4695301055908203, 0.9979999661445618, -1.0292720794677734, -0.9848699569702148]
[-0.07646781206130981, -0.05514476075768471, 0.4339733421802521, 0.8541759848594666, -0.23859943449497223, 1.0936081409454346] [-0.4893040657043457, -0.506261944770813, -0.10281995683908463, 1.5447800159454346, 1.4695301055908203, 0.9979999661445618, -1.0568840503692627, -1.012481927871704]
[-0.06738218665122986, -0.05835578218102455, 0.43103641271591187, 0.8886102437973022, -0.22570054233074188, 1.0594282150268555] [-0.4893040657043457, -0.5323399901390076, -0.11662595719099045, 1.5432460308074951, 1.4695301055908203, 0.9979999661445618, -1.0829620361328125, -1.040094017982483]
[-0.05846543610095978, -0.06283988058567047, 0.42792969942092896, 0.9240111112594604, -0.21553845703601837, 1.0169107913970947] [-0.4893040657043457, -0.5584179759025574, -0.1381019651889801, 1.5386439561843872, 1.4710640907287598, 0.9979999661445618, -1.1090400218963623, -1.070773959159851]
[-0.049140699207782745, -0.06651633977890015, 0.4235513210296631, 0.9598973393440247, -0.19282186031341553, 0.9764723181724548] [-0.48777005076408386, -0.5737580060958862, -0.16878196597099304, 1.5325080156326294, 1.4710640907287598, 0.9979999661445618, -1.1366521120071411, -1.1014540195465088]
[-0.040194928646087646, -0.07019221782684326, 0.418223112821579, 0.9910590648651123, -0.16263185441493988, 0.9360969066619873] [-0.486236035823822, -0.5952339768409729, -0.19485996663570404, 1.526371955871582, 1.4710640907287598, 0.9979999661445618, -1.1657980680465698, -1.1275320053100586]
[-0.03129462152719498, -0.07336340099573135, 0.41332438588142395, 1.019946575164795, -0.13567067682743073, 0.8998953104019165] [-0.486236035823822, -0.6044379472732544, -0.21786996722221375, 1.5140999555587769, 1.4710640907287598, 0.9979999661445618, -1.1918760538101196, -1.1597459316253662]
[-0.022762708365917206, -0.07565626502037048, 0.4083775281906128, 1.045296311378479, -0.10726112127304077, 0.8712603449821472] [-0.48777005076408386, -0.6121079921722412, -0.24394796788692474, 1.5033619403839111, 1.4710640907287598, 0.9979999661445618, -1.2148860692977905, -1.1842899322509766]
[-0.014877392910420895, -0.07902415841817856, 0.4027894139289856, 1.0695921182632446, -0.07468291372060776, 0.8376435041427612] [-0.48777005076408386, -0.6335839629173279, -0.26695796847343445, 1.492624044418335, 1.4710640907287598, 0.9979999661445618, -1.236362099647522, -1.205765962600708]
[-0.00755939120426774, -0.08308260887861252, 0.39769086241722107, 1.0921552181243896, -0.0475822314620018, 0.7991558909416199] [-0.48777005076408386, -0.6458559632301331, -0.29303598403930664, 1.4788179397583008, 1.4710640907287598, 0.9979999661445618, -1.251702070236206, -1.2241740226745605]
[-0.00044493057066574693, -0.08663533627986908, 0.39250701665878296, 1.1076509952545166, -0.017183369025588036, 0.7613053917884827] [-0.48777005076408386, -0.6535259485244751, -0.32524996995925903, 1.4573420286178589, 1.4710640907287598, 0.9983999729156494, -1.2685760259628296, -1.244115948677063]
[0.00465281680226326, -0.0906209945678711, 0.3879204988479614, 1.1198099851608276, 0.009863643907010555, 0.7248868942260742] [-0.48777005076408386, -0.6780699491500854, -0.36206597089767456, 1.4358659982681274, 1.4710640907287598, 0.9979999661445618, -1.2854501008987427, -1.2625240087509155]
[0.011225243099033833, -0.09844861924648285, 0.3816838264465332, 1.1360267400741577, 0.04341009631752968, 0.6598621606826782] [-0.486236035823822, -0.70414799451828, -0.3927459716796875, 1.4067200422286987, 1.4710640907287598, 0.9979999661445618, -1.3007900714874268, -1.284000039100647]
[0.018039973452687263, -0.10753072798252106, 0.37545087933540344, 1.1473935842514038, 0.07746244966983795, 0.583601176738739] [-0.486236035823822, -0.7394299507141113, -0.43723195791244507, 1.37910795211792, 1.4710640907287598, 0.9979999661445618, -1.3145960569381714, -1.299340009689331]
[0.021763186901807785, -0.11482608318328857, 0.37090760469436646, 1.1559481620788574, 0.10087639093399048, 0.5278743505477905] [-0.486236035823822, -0.7762459516525269, -0.46637797355651855, 1.3530299663543701, 1.4710640907287598, 0.9979999661445618, -1.3268680572509766, -1.3146799802780151]
[0.025281978771090508, -0.12567497789859772, 0.36365264654159546, 1.1686763763427734, 0.13941358029842377, 0.4513227939605713] [-0.48470205068588257, -0.8253339529037476, -0.5123980045318604, 1.337689995765686, 1.4710640907287598, 0.9979999661445618, -1.3437421321868896, -1.3330880403518677]
[0.027300531044602394, -0.13891009986400604, 0.3537789583206177, 1.1748615503311157, 0.19864419102668762, 0.35834044218063354] [-0.4816340506076813, -0.8836259841918945, -0.5875639915466309, 1.3116120100021362, 1.4710640907287598, 0.9979999661445618, -1.3544800281524658, -1.3484280109405518]
[0.027260921895503998, -0.14869435131549835, 0.34533262252807617, 1.1772562265396118, 0.2520509362220764, 0.29305872321128845] [-0.4816340506076813, -0.9373160004615784, -0.6320499777793884, 1.3100780248641968, 1.4710640907287598, 0.9979999661445618, -1.363684058189392, -1.3591660261154175]
[0.02455596998333931, -0.16008345782756805, 0.33413591980934143, 1.1789839267730713, 0.3260999917984009, 0.21915020048618317] [-0.48010003566741943, -0.9864040017127991, -0.7164199948310852, 1.3100780248641968, 1.4710640907287598, 0.9979999661445618, -1.3744220733642578, -1.3683700561523438]
[0.016176287084817886, -0.17285706102848053, 0.31265994906425476, 1.1169805526733398, 0.5127065777778625, 0.12610895931720734] [-0.4831680655479431, -1.0232199430465698, -0.9327139854431152, 1.3116120100021362, 1.4710640907287598, 0.9979999661445618, -1.3790240287780762, -1.372972011566162]
[0.008895108476281166, -0.18143227696418762, 0.30180174112319946, 1.0742892026901245, 0.6129992604255676, 0.055946219712495804] [-0.48777005076408386, -1.0661720037460327, -0.99714195728302, 1.3116120100021362, 1.4710640907287598, 0.9983999729156494, -1.3774900436401367, -1.3714380264282227]
[0.005928773432970047, -0.18535514175891876, 0.29962363839149475, 1.0849136114120483, 0.6224436163902283, 0.02737518586218357] [-0.48777005076408386, -1.0861139297485352, -0.99714195728302, 1.3116120100021362, 1.4710640907287598, 0.9979999661445618, -1.3774900436401367, -1.3714380264282227]
[0.004317928105592728, -0.18755517899990082, 0.298705130815506, 1.0942764282226562, 0.6234776377677917, 0.01254318282008171] [-0.486236035823822, -1.1075899600982666, -0.99714195728302, 1.3116120100021362, 1.4695301055908203, 0.9979999661445618, -1.3790240287780762, -1.3714380264282227]
[0.0038509562145918608, -0.1881273239850998, 0.29818201065063477, 1.0951855182647705, 0.6254770159721375, 0.009493749588727951] [-0.48777005076408386, -1.1106579303741455, -0.9986760020256042, 1.3116120100021362, 1.4695301055908203, 0.9979999661445618, -1.3774900436401367, -1.3714380264282227]
[0.003984328359365463, -0.1880989521741867, 0.29813212156295776, 1.0948716402053833, 0.6263450384140015, 0.009353464469313622] [-0.486236035823822, -1.1106579303741455, -0.9986760020256042, 1.3146799802780151, 1.4695301055908203, 0.9979999661445618, -1.3774900436401367, -1.3714380264282227]
[0.0039175706915557384, -0.18777917325496674, 0.297941118478775, 1.0971168279647827, 0.6274484395980835, 0.0140982735902071] [-0.486236035823822, -1.1106579303741455, -0.9986760020256042, 1.3146799802780151, 1.4695301055908203, 0.9979999661445618, -1.3790240287780762, -1.3714380264282227]
[0.0038639444392174482, -0.18767885863780975, 0.2977985143661499, 1.0963764190673828, 0.6296038627624512, 0.01357889175415039] [-0.48470205068588257, -1.1075899600982666, -0.9986760020256042, 1.3162139654159546, 1.4695301055908203, 0.9979999661445618, -1.3790240287780762, -1.3714380264282227]
[0.004177452065050602, -0.18723857402801514, 0.29766806960105896, 1.0962156057357788, 0.6306787729263306, 0.018803272396326065] [-0.48470205068588257, -1.1045219898223877, -0.9986760020256042, 1.3146799802780151, 1.4695301055908203, 0.9979999661445618, -1.3805580139160156, -1.3714380264282227]
[0.004550518002361059, -0.18712355196475983, 0.2973683178424835, 1.094048023223877, 0.6333144903182983, 0.019102049991488457] [-0.4831680655479431, -1.1014540195465088, -0.9986760020256042, 1.3146799802780151, 1.4695301055908203, 0.9983999729156494, -1.3820921182632446, -1.372972011566162]
[0.004537473898380995, -0.18727269768714905, 0.2972111403942108, 1.094552755355835, 0.6343492269515991, 0.017797676846385002] [-0.48470205068588257, -1.1029880046844482, -0.9986760020256042, 1.3146799802780151, 1.4695301055908203, 0.9979999661445618, -1.3820921182632446, -1.3714380264282227]
[0.004711255431175232, -0.1871115267276764, 0.2972224950790405, 1.0936506986618042, 0.6348789930343628, 0.018690329045057297] [-0.4831680655479431, -1.1014540195465088, -0.9986760020256042, 1.3146799802780151, 1.4695301055908203, 0.9979999661445618, -1.3820921182632446, -1.3714380264282227]
[0.004660440608859062, -0.18725350499153137, 0.2971150875091553, 1.0945652723312378, 0.6351196765899658, 0.0178866945207119] [-0.4831680655479431, -1.1029880046844482, -0.9986760020256042, 1.3146799802780151, 1.4695301055908203, 0.9979999661445618, -1.3820921182632446, -1.3714380264282227]
[0.004826998803764582, -0.1871488243341446, 0.2974034547805786, 1.093850016593933, 0.6332574486732483, 0.018837837502360344] [-0.4831680655479431, -1.1014540195465088, -0.9986760020256042, 1.3146799802780151, 1.4695301055908203, 0.9979999661445618, -1.3820921182632446, -1.372972011566162]
[0.004839999135583639, -0.18709273636341095, 0.2972128987312317, 1.0935310125350952, 0.6355524063110352, 0.018625330179929733] [-0.4831680655479431, -1.1014540195465088, -0.9986760020256042, 1.3146799802780151, 1.4695301055908203, 0.9979999661445618, -1.3820921182632446, -1.3714380264282227]
[0.004750733729451895, -0.18724168837070465, 0.29701992869377136, 1.0945301055908203, 0.6353039145469666, 0.019066695123910904] [-0.4831680655479431, -1.1014540195465088, -0.9986760020256042, 1.3146799802780151, 1.4710640907287598, 0.9979999661445618, -1.3820921182632446, -1.3714380264282227]
[0.004824695643037558, -0.18720760941505432, 0.29703593254089355, 1.0941730737686157, 0.6356973648071289, 0.018931860104203224] [-0.4831680655479431, -1.1014540195465088, -0.9986760020256042, 1.3146799802780151, 1.4695301055908203, 0.9979999661445618, -1.3820921182632446, -1.3714380264282227]
