[0.07618370652198792, -0.056555770337581635, 0.3012126386165619, 1.5955727100372314, 0.3065798878669739, 0.4063182771205902] [0.15957796573638916, 0.03677403926849365, -0.23014196753501892, 0.35899797081947327, 1.711902141571045, 0.9979999661445618, -1.2992560863494873, -1.299340009689331]
[0.07625375688076019, -0.05657418072223663, 0.3012107312679291, 1.597261667251587, 0.30680641531944275, 0.4063330590724945] [0.15957796573638916, 0.03677403926849365, -0.23014196753501892, 0.35899797081947327, 1.710368037223816, 0.9979999661445618, -1.3222661018371582, -1.299340009689331]
[0.07894638180732727, -0.056546516716480255, 0.29782333970069885, 1.6062259674072266, 0.3210713863372803, 0.41111621260643005] [0.15957796573638916, 0.03677403926849365, -0.22860796749591827, 0.35899797081947327, 1.710368037223816, 0.9979999661445618, -1.325334072113037, -1.299340009689331]
[0.08027228713035583, -0.05653504654765129, 0.29582804441452026, 1.6095327138900757, 0.3294008672237396, 0.413444459438324] [0.15957796573638916, 0.0383080393075943, -0.22860796749591827, 0.35899797081947327, 1.710368037223816, 0.9979999661445618, -1.325334072113037, -1.299340009689331]
[0.08046102523803711, -0.05648881942033768, 0.29571014642715454, 1.6116037368774414, 0.32992467284202576, 0.4140681028366089] [0.15957796573638916, 0.03677403926849365, -0.23014196753501892, 0.35899797081947327, 1.710368037223816, 0.9979999661445618, -1.325334072113037, -1.299340009689331]
[0.08050305396318436, -0.05650978162884712, 0.29557090997695923, 1.6103601455688477, 0.33083653450012207, 0.41408026218414307] [0.15957796573638916, 0.03677403926849365, -0.23167596757411957, 0.35899797081947327, 1.707300066947937, 0.9979999661445618, -1.325334072113037, -1.299340009689331]
[0.07902644574642181, -0.05382620543241501, 0.2951357066631317, 1.6097626686096191, 0.334853857755661, 0.43994271755218506] [0.15957796573638916, 0.039842039346694946, -0.2362779676914215, 0.3804739713668823, 1.707300066947937, 0.9979999661445618, -1.3238000869750977, -1.2947380542755127]
[0.07534583657979965, -0.04838310182094574, 0.2963944971561432, 1.613399624824524, 0.33301717042922974, 0.49134767055511475] [0.15650996565818787, 0.045978039503097534, -0.2424139678478241, 0.4510379731655121, 1.6950280666351318, 0.9983999729156494, -1.3145960569381714, -1.2870680093765259]
[0.06290588527917862, -0.03744722157716751, 0.30009910464286804, 1.5017814636230469, 0.3197912275791168, 0.6095550656318665] [0.15497596561908722, 0.045978039503097534, -0.2424139678478241, 0.5660879611968994, 1.5707740783691406, 0.9983999729156494, -1.2977221012115479, -1.2671259641647339]
[0.0592583529651165, -0.034497082233428955, 0.3013129234313965, 1.5074955224990845, 0.3172272741794586, 0.6449555158615112] [0.15344196557998657, 0.045978039503097534, -0.24394796788692474, 0.6397199630737305, 1.5707740783691406, 0.9979999661445618, -1.290052056312561, -1.2594560384750366]
[0.052008554339408875, -0.02854575775563717, 0.30358389019966125, 1.5234556198120117, 0.31114134192466736, 0.721076250076294] [0.15037396550178528, 0.045978039503097534, -0.24394796788692474, 0.6734679937362671, 1.5707740783691406, 0.9979999661445618, -1.2885180711746216, -1.2548539638519287]
[0.04368552193045616, -0.02207454852759838, 0.3062153160572052, 1.541137456893921, 0.30389755964279175, 0.8124918341636658] [0.1411699652671814, 0.04444403946399689, -0.24394796788692474, 0.7639739513397217, 1.5707740783691406, 0.9979999661445618, -1.2808480262756348, -1.2471840381622314]
[0.04071543365716934, -0.020149586722254753, 0.3078174293041229, 1.5435843467712402, 0.2986719608306885, 0.8424297571182251] [0.1350339651107788, 0.04444403946399689, -0.24394796788692474, 0.8636839985847473, 1.5707740783691406, 0.9983999729156494, -1.2563040256500244, -1.2195719480514526]
[0.029299255460500717, -0.013727478682994843, 0.3155980110168457, 1.5353739261627197, 0.27268272638320923, 0.9371628165245056] [0.10895595699548721, 0.04291003942489624, -0.24394796788692474, 0.8958979845046997, 1.5677061080932617, 0.9979999661445618, -1.2471001148223877, -1.1980960369110107]
[0.0184337068349123, -0.011944812722504139, 0.3230416178703308, 1.4959207773208618, 0.25060349702835083, 1.0149554014205933] [0.07674196362495422, 0.010696038603782654, -0.24394796788692474, 1.052366018295288, 1.5324240922927856, 0.9979999661445618, -1.2240900993347168, -1.182755947113037]
[0.01149739045649767, -0.011122752912342548, 0.3262935280799866, 1.4726386070251465, 0.24266594648361206, 1.0619407892227173] [0.046061962842941284, 0.001492038369178772, -0.24394796788692474, 1.070773959159851, 1.5308901071548462, 0.9979999661445618, -1.1857401132583618, -1.1474740505218506]
[0.005152356810867786, -0.011988886632025242, 0.3365307152271271, 1.417588233947754, 0.20979119837284088, 1.0682384967803955] [0.026119962334632874, -0.01231396198272705, -0.2362779676914215, 1.0999200344085693, 1.5308901071548462, 0.9979999661445618, -1.1504580974578857, -1.109123945236206]
[-0.004970455076545477, -0.01623225398361683, 0.3504257798194885, 1.353450059890747, 0.16422100365161896, 1.081977367401123] [-0.026036038994789124, -0.07213996350765228, -0.23014196753501892, 1.1842899322509766, 1.5308901071548462, 0.9979999661445618, -1.1366521120071411, -1.0815119743347168]
[-0.011628914624452591, -0.02351571060717106, 0.36250343918800354, 1.319932222366333, 0.10728877037763596, 1.0740128755569458] [-0.0643860399723053, -0.14577196538448334, -0.18872396647930145, 1.248718023300171, 1.5308901071548462, 0.9979999661445618, -1.1075060367584229, -1.0692399740219116]
[-0.014690621756017208, -0.025393957272171974, 0.3663683533668518, 1.319035530090332, 0.08234312385320663, 1.077239751815796] [-0.06592004001140594, -0.2132679671049118, -0.14577196538448334, 1.337689995765686, 1.5324240922927856, 0.9979999661445618, -1.061486005783081, -1.0216859579086304]
[-0.02938460372388363, -0.031769104301929474, 0.37568941712379456, 1.302186369895935, 0.024024618789553642, 1.1029167175292969] [-0.06592004001140594, -0.24854996800422668, -0.09821796417236328, 1.4327980279922485, 1.5308901071548462, 0.9979999661445618, -1.030806064605713, -0.9848699569702148]
[-0.04213045537471771, -0.03752584755420685, 0.38569629192352295, 1.273331880569458, -0.04112551361322403, 1.128635287284851] [-0.08893004059791565, -0.317579984664917, -0.07213996350765228, 1.4588760137557983, 1.5308901071548462, 0.9979999661445618, -1.0170000791549683, -0.9541900157928467]
[-0.05617488920688629, -0.040572039783000946, 0.3994581401348114, 1.20786714553833, -0.12338768690824509, 1.1655830144882202] [-0.13188204169273376, -0.3605319857597351, -0.010779961943626404, 1.5140999555587769, 1.5308901071548462, 0.9983999729156494, -0.9893880486488342, -0.9357819557189941]
[-0.06179684028029442, -0.04147800803184509, 0.4037782549858093, 1.1845053434371948, -0.15218879282474518, 1.183582067489624] [-0.14415404200553894, -0.3866099715232849, 0.035240039229393005, 1.5585860013961792, 1.5308901071548462, 0.9979999661445618, -0.9679120779037476, -0.9112379550933838]
[-0.07243113219738007, -0.04429434612393379, 0.41404399275779724, 1.1280643939971924, -0.22010256350040436, 1.205428123474121] [-0.17483404278755188, -0.3988819718360901, 0.05978403985500336, 1.5754599571228027, 1.5308901071548462, 0.9979999661445618, -0.9571740627288818, -0.8943639993667603]
[-0.07723811268806458, -0.04521802440285683, 0.41874024271965027, 1.1053543090820312, -0.2544134259223938, 1.2155508995056152] [-0.18403804302215576, -0.40041595697402954, 0.08432804048061371, 1.5908000469207764, 1.5324240922927856, 0.9983999729156494, -0.9433680772781372, -0.8790239691734314]
[-0.0826021283864975, -0.04553430899977684, 0.4233499765396118, 1.0822675228118896, -0.28728994727134705, 1.2335692644119263] [-0.191708043217659, -0.40041595697402954, 0.11194004118442535, 1.5984699726104736, 1.5308901071548462, 0.9979999661445618, -0.9218920469284058, -0.8575479984283447]
[-0.0907079353928566, -0.04601462930440903, 0.42914876341819763, 1.0473477840423584, -0.3320006728172302, 1.261108160018921] [-0.19631004333496094, -0.40041595697402954, 0.15029004216194153, 1.6015379428863525, 1.5308901071548462, 0.9979999661445618, -0.9080860614776611, -0.8422079682350159]
[-0.09547672420740128, -0.04634006321430206, 0.4314463436603546, 1.0300370454788208, -0.35143664479255676, 1.2745578289031982] [-0.19631004333496094, -0.40041595697402954, 0.16102804243564606, 1.6030720472335815, 1.5308901071548462, 0.9979999661445618, -0.8896780610084534, -0.8237999677658081]
[-0.10033383220434189, -0.04648091271519661, 0.43303439021110535, 1.012603759765625, -0.36510494351387024, 1.2856621742248535] [-0.19631004333496094, -0.40041595697402954, 0.17330004274845123, 1.6015379428863525, 1.5308901071548462, 0.9979999661445618, -0.8820080757141113, -0.8176639676094055]
[-0.10319376736879349, -0.04654553905129433, 0.43402808904647827, 1.003118872642517, -0.37297675013542175, 1.2925430536270142] [-0.19631004333496094, -0.40041595697402954, 0.17483404278755188, 1.6015379428863525, 1.5324240922927856, 0.9979999661445618, -0.8789400458335876, -0.8161299824714661]
[-0.10508182644844055, -0.0466855987906456, 0.43427178263664246, 0.9955901503562927, -0.3753398358821869, 1.2952913045883179] [-0.19631004333496094, -0.40041595697402954, 0.17483404278755188, 1.6030720472335815, 1.5308901071548462, 0.9979999661445618, -0.8789400458335876, -0.8161299824714661]
[-0.10543432086706161, -0.04638371616601944, 0.4343331754207611, 0.9923840165138245, -0.37497884035110474, 1.295906662940979] [-0.19631004333496094, -0.40041595697402954, 0.17483404278755188, 1.6015379428863525, 1.5308901071548462, 0.9979999661445618, -0.8789400458335876, -0.8176639676094055]
[-0.10363584756851196, -0.04525316506624222, 0.43440794944763184, 0.9987476468086243, -0.37175238132476807, 1.2930412292480469] [-0.19631004333496094, -0.4019499719142914, 0.17636804282665253, 1.5785280466079712, 1.5324240922927856, 0.9979999661445618, -0.903484046459198, -0.8437420129776001]
[-0.1007896363735199, -0.04494716227054596, 0.43413686752319336, 1.0118999481201172, -0.36888277530670166, 1.2894461154937744] [-0.19631004333496094, -0.40041595697402954, 0.17636804282665253, 1.569324016571045, 1.5324240922927856, 0.9979999661445618, -0.9264940619468689, -0.8667519688606262]
[-0.10020090639591217, -0.044437579810619354, 0.4340190291404724, 1.015175461769104, -0.3720213770866394, 1.289306879043579] [-0.19631004333496094, -0.4019499719142914, 0.17790204286575317, 1.5539840459823608, 1.5324240922927856, 0.9979999661445618, -0.9525720477104187, -0.8928300142288208]
[-0.09575747698545456, -0.04440085217356682, 0.4335532784461975, 1.0325249433517456, -0.36785104870796204, 1.2786273956298828] [-0.19631004333496094, -0.4019499719142914, 0.17636804282665253, 1.5294400453567505, 1.5324240922927856, 0.9979999661445618, -0.9801840782165527, -0.9250440001487732]
[-0.08467403799295425, -0.045487355440855026, 0.43379586935043335, 1.0752838850021362, -0.3711899220943451, 1.2359715700149536] [-0.19784404337406158, -0.4019499719142914, 0.17636804282665253, 1.492624044418335, 1.5324240922927856, 0.9983999729156494, -1.0123980045318604, -0.9541900157928467]
[-0.07316296547651291, -0.047163527458906174, 0.43370574712753296, 1.1181445121765137, -0.37263500690460205, 1.1880109310150146] [-0.19784404337406158, -0.4050179719924927, 0.17483404278755188, 1.4542739391326904, 1.5324240922927856, 0.9979999661445618, -1.0446120500564575, -0.9879379868507385]
[-0.056892093271017075, -0.04970432072877884, 0.4323137104511261, 1.1804314851760864, -0.3701258599758148, 1.1236575841903687] [-0.19784404337406158, -0.40655195713043213, 0.17483404278755188, 1.414389967918396, 1.5324240922927856, 0.9979999661445618, -1.0768260955810547, -1.020151972770691]
[-0.04476870223879814, -0.0521981455385685, 0.43085819482803345, 1.2263469696044922, -0.3672933578491211, 1.07146155834198] [-0.19784404337406158, -0.4126879572868347, 0.17483404278755188, 1.3821760416030884, 1.5324240922927856, 0.9979999661445618, -1.1075060367584229, -1.0508320331573486]
[-0.036358900368213654, -0.054527413100004196, 0.4295351207256317, 1.2570332288742065, -0.3644370436668396, 1.033989667892456] [-0.19937804341316223, -0.42342597246170044, 0.17483404278755188, 1.3545639514923096, 1.5324240922927856, 0.9979999661445618, -1.1366521120071411, -1.0799779891967773]
[-0.023801812902092934, -0.0592292882502079, 0.4276997148990631, 1.2991340160369873, -0.3614254891872406, 0.9723345637321472] [-0.20704804360866547, -0.44029998779296875, 0.17483404278755188, 1.3315539360046387, 1.5324240922927856, 0.9979999661445618, -1.162730097770691, -1.1075899600982666]
[-0.016493966802954674, -0.06192175671458244, 0.4266022741794586, 1.3223519325256348, -0.3590071201324463, 0.9371362328529358] [-0.2147180438041687, -0.4510379731655121, 0.17483404278755188, 1.3085440397262573, 1.5324240922927856, 0.9979999661445618, -1.181138038635254, -1.1275320053100586]
[-0.00851728767156601, -0.06477469205856323, 0.42451992630958557, 1.3497484922409058, -0.35239213705062866, 0.9003913402557373] [-0.21625204384326935, -0.4617759585380554, 0.17636804282665253, 1.2901359796524048, 1.5324240922927856, 0.9979999661445618, -1.201080083847046, -1.1444059610366821]
[-0.0006767641170881689, -0.06928258389234543, 0.4225863218307495, 1.3797290325164795, -0.34860190749168396, 0.8500301241874695] [-0.21625204384326935, -0.48631995916366577, 0.17636804282665253, 1.260990023612976, 1.5324240922927856, 0.9979999661445618, -1.21642005443573, -1.1643480062484741]
[0.015251949429512024, -0.07718975096940994, 0.41538485884666443, 1.4353466033935547, -0.3212028741836548, 0.7752895951271057] [-0.21778604388237, -0.5093299746513367, 0.17636804282665253, 1.2272419929504395, 1.5324240922927856, 0.9979999661445618, -1.2332940101623535, -1.1812219619750977]
[0.02249435894191265, -0.08637531846761703, 0.414221853017807, 1.4662563800811768, -0.32144278287887573, 0.6876001358032227] [-0.21625204384326935, -0.5430779457092285, 0.17636804282665253, 1.182755947113037, 1.5324240922927856, 0.9979999661445618, -1.2501680850982666, -1.1996300220489502]
[0.029375124722719193, -0.09493472427129745, 0.41201138496398926, 1.495404601097107, -0.31484293937683105, 0.6104233264923096] [-0.2147180438041687, -0.5706899762153625, 0.17636804282665253, 1.1336679458618164, 1.5324240922927856, 0.9979999661445618, -1.2578380107879639, -1.205765962600708]
[0.03557345271110535, -0.1030791625380516, 0.4103109836578369, 1.5219284296035767, -0.30856558680534363, 0.5338943600654602] [-0.21318404376506805, -0.5906319618225098, 0.17636804282665253, 1.0830459594726562, 1.5324240922927856, 0.9979999661445618, -1.2593721151351929, -1.205765962600708]
[0.040188733488321304, -0.11103613674640656, 0.40915316343307495, 1.5450149774551392, -0.3034844994544983, 0.4602167308330536] [-0.2116500437259674, -0.6044379472732544, 0.17483404278755188, 1.0109479427337646, 1.5324240922927856, 0.9979999661445618, -1.2593721151351929, -1.205765962600708]
[0.0440419502556324, -0.11904981732368469, 0.4075808823108673, 1.5638980865478516, -0.2922068238258362, 0.38480085134506226] [-0.2085820436477661, -0.6213119626045227, 0.1686980426311493, 0.9802680015563965, 1.5324240922927856, 0.9979999661445618, -1.2593721151351929, -1.2072999477386475]
[0.045981016010046005, -0.12630914151668549, 0.4066909849643707, 1.577231526374817, -0.28643742203712463, 0.3255791962146759] [-0.20551404356956482, -0.638185977935791, 0.16716404259204865, 0.9388499855995178, 1.533958077430725, 0.9979999661445618, -1.2593721151351929, -1.205765962600708]
[0.04792085662484169, -0.13320359587669373, 0.4057336151599884, 1.594273567199707, -0.2802344262599945, 0.26601317524909973] [-0.20244604349136353, -0.6473900079727173, 0.16102804243564606, 0.8882279992103577, 1.5324240922927856, 0.9979999661445618, -1.2578380107879639, -1.205765962600708]
[0.049665141850709915, -0.13717074692249298, 0.40377378463745117, 1.598714828491211, -0.2655487060546875, 0.2279752492904663] [-0.19937804341316223, -0.6473900079727173, 0.139552041888237, 0.8406739830970764, 1.533958077430725, 0.9979999661445618, -1.2578380107879639, -1.2072999477386475]
[0.052656855434179306, -0.14317576587200165, 0.3997699022293091, 1.5912331342697144, -0.2331136167049408, 0.16917048394680023] [-0.1947760432958603, -0.6473900079727173, 0.11500804126262665, 0.8007899522781372, 1.5324240922927856, 0.9979999661445618, -1.2593721151351929, -1.2072999477386475]
[0.054610177874565125, -0.1474529504776001, 0.3962808847427368, 1.5863087177276611, -0.20759379863739014, 0.12893186509609222] [-0.1855720430612564, -0.6473900079727173, 0.0904640406370163, 0.7609059810638428, 1.533958077430725, 0.9979999661445618, -1.2593721151351929, -1.2072999477386475]
[0.05613786727190018, -0.15176178514957428, 0.3912072777748108, 1.5746126174926758, -0.17306937277317047, 0.092091403901577] [-0.17023204267024994, -0.6550599932670593, 0.0643860399723053, 0.734827995300293, 1.5324240922927856, 0.9983999729156494, -1.2593721151351929, -1.2072999477386475]
[0.0565357506275177, -0.15836364030838013, 0.38327640295028687, 1.557552695274353, -0.1226811334490776, 0.04613035172224045] [-0.12881404161453247, -0.6872739791870117, 0.01836603879928589, 0.6995459794998169, 1.5324240922927856, 0.9979999661445618, -1.2593721151351929, -1.2072999477386475]
[0.056302495300769806, -0.16672079265117645, 0.3729996681213379, 1.5376900434494019, -0.06073369085788727, -0.012132932431995869] [-0.09966804087162018, -0.7056819796562195, -0.009245961904525757, 0.6750019788742065, 1.5324240922927856, 0.9979999661445618, -1.2578380107879639, -1.2072999477386475]
[0.05520378425717354, -0.1727539747953415, 0.36569055914878845, 1.5190268754959106, -0.017130807042121887, -0.05304737761616707] [-0.07205604016780853, -0.7240899801254272, -0.024585962295532227, 0.6565939784049988, 1.533958077430725, 0.9979999661445618, -1.2578380107879639, -1.2072999477386475]
[0.053762830793857574, -0.1787593513727188, 0.3570050597190857, 1.5053675174713135, 0.03270140662789345, -0.0946013331413269] [-0.024502038955688477, -0.7394299507141113, -0.03839196264743805, 0.6366519927978516, 1.5324240922927856, 0.9983999729156494, -1.2609061002731323, -1.222640037536621]
[0.0530644990503788, -0.18192477524280548, 0.34846505522727966, 1.4900293350219727, 0.08099852502346039, -0.11798693239688873] [0.009245961904525757, -0.7470999956130981, -0.04759596288204193, 0.6213119626045227, 1.533958077430725, 0.9979999661445618, -1.2731781005859375, -1.2395139932632446]
[0.05198097229003906, -0.18682609498500824, 0.3405162990093231, 1.4780522584915161, 0.12483222037553787, -0.14893296360969543] [0.04299396276473999, -0.773177981376648, -0.04912996292114258, 0.6182439923286438, 1.533958077430725, 0.9979999661445618, -1.290052056312561, -1.260990023612976]
[0.05118459090590477, -0.1916004866361618, 0.3346225321292877, 1.469988465309143, 0.15725791454315186, -0.17672325670719147] [0.06446996331214905, -0.7946540117263794, -0.04912996292114258, 0.6182439923286438, 1.533958077430725, 0.9979999661445618, -1.3007900714874268, -1.2717280387878418]
[0.05040765553712845, -0.19437606632709503, 0.32973235845565796, 1.462955355644226, 0.18464817106723785, -0.19263513386249542] [0.0890139639377594, -0.8145959973335266, -0.04912996292114258, 0.6182439923286438, 1.5324240922927856, 0.9979999661445618, -1.3023240566253662, -1.2747960090637207]
[0.048076603561639786, -0.19677366316318512, 0.3168269991874695, 1.4452954530715942, 0.25814348459243774, -0.20947597920894623] [0.15650996565818787, -0.8222659826278687, -0.050663962960243225, 0.6182439923286438, 1.533958077430725, 0.9979999661445618, -1.3023240566253662, -1.2763299942016602]
[0.04651249945163727, -0.1967649757862091, 0.3106408417224884, 1.4378916025161743, 0.2941407561302185, -0.21128851175308228] [0.18872396647930145, -0.8222659826278687, -0.050663962960243225, 0.6182439923286438, 1.533958077430725, 0.9979999661445618, -1.3023240566253662, -1.2763299942016602]
[0.044719889760017395, -0.19676423072814941, 0.30432868003845215, 1.4291858673095703, 0.33167368173599243, -0.21409091353416443] [0.23014196753501892, -0.8222659826278687, -0.050663962960243225, 0.6182439923286438, 1.533958077430725, 0.9983999729156494, -1.3023240566253662, -1.2763299942016602]
[0.04282904788851738, -0.19681431353092194, 0.2992543578147888, 1.4213119745254517, 0.3610142171382904, -0.21596352756023407] [0.25775396823883057, -0.8207319974899292, -0.050663962960243225, 0.6213119626045227, 1.5324240922927856, 0.9979999661445618, -1.3023240566253662, -1.2763299942016602]
[0.04213538393378258, -0.19620898365974426, 0.29657915234565735, 1.4197367429733276, 0.37686651945114136, -0.21198175847530365] [0.26695796847343445, -0.8207319974899292, -0.05219796299934387, 0.6213119626045227, 1.5324240922927856, 0.9979999661445618, -1.3038580417633057, -1.2763299942016602]
[0.04186215624213219, -0.19631318747997284, 0.2960261404514313, 1.4208263158798218, 0.37982112169265747, -0.21235866844654083] [0.26695796847343445, -0.8207319974899292, -0.050663962960243225, 0.6213119626045227, 1.533958077430725, 0.9979999661445618, -1.3023240566253662, -1.2763299942016602]
[0.04215168580412865, -0.19583353400230408, 0.29593485593795776, 1.4223195314407349, 0.3797176778316498, -0.20875057578086853] [0.2684919834136963, -0.808459997177124, -0.050663962960243225, 0.6243799924850464, 1.533958077430725, 0.9983999729156494, -1.3038580417633057, -1.2747960090637207]
[0.043989889323711395, -0.1923249363899231, 0.2950957715511322, 1.4288911819458008, 0.38247084617614746, -0.1857466846704483] [0.2684919834136963, -0.8007899522781372, -0.050663962960243225, 0.6228460073471069, 1.533958077430725, 0.9979999661445618, -1.3038580417633057, -1.2747960090637207]
[0.0439915731549263, -0.19270914793014526, 0.29488182067871094, 1.4299179315567017, 0.3838312029838562, -0.18772117793560028] [0.26695796847343445, -0.7992559671401978, -0.05219796299934387, 0.6243799924850464, 1.5324240922927856, 0.9979999661445618, -1.3038580417633057, -1.2747960090637207]
[0.04404280334711075, -0.19242148101329803, 0.29485732316970825, 1.4287261962890625, 0.38369181752204895, -0.18621379137039185] [0.26695796847343445, -0.7992559671401978, -0.050663962960243225, 0.6243799924850464, 1.5324240922927856, 0.9979999661445618, -1.3038580417633057, -1.2747960090637207]
[0.0441494919359684, -0.19241823256015778, 0.29480472207069397, 1.4300554990768433, 0.38429734110832214, -0.186313658952713] [0.2684919834136963, -0.7992559671401978, -0.050663962960243225, 0.6243799924850464, 1.5324240922927856, 0.9979999661445618, -1.3038580417633057, -1.2747960090637207]
[0.044003166258335114, -0.19276320934295654, 0.29501092433929443, 1.4288731813430786, 0.38235247135162354, -0.18770579993724823] [0.2684919834136963, -0.7992559671401978, -0.05219796299934387, 0.6243799924850464, 1.5324240922927856, 0.9979999661445618, -1.3038580417633057, -1.2747960090637207]
[0.044242408126592636, -0.19247132539749146, 0.2949984073638916, 1.4291882514953613, 0.3827649652957916, -0.18613378703594208] [0.2684919834136963, -0.8007899522781372, -0.05219796299934387, 0.6243799924850464, 1.533958077430725, 0.9979999661445618, -1.3038580417633057, -1.2747960090637207]
