[0.08801594376564026, -0.07978668063879013, 0.3002461791038513, 1.7560880184173584, 0.23276297748088837, 0.17024953663349152] [0.2715599536895752, 0.0383080393075943, 0.7577540874481201, 0.17491796612739563, 0.9433680772781372, 0.9979999661445618, -1.2977221012115479, -1.299340009689331]
[0.08812390267848969, -0.07970622926950455, 0.30019521713256836, 1.7563371658325195, 0.2329239696264267, 0.1707983762025833] [0.2715599536895752, 0.0383080393075943, 0.7577540874481201, 0.17491796612739563, 0.9433680772781372, 0.9979999661445618, -1.3069260120391846, -1.2901359796524048]
[0.08877445757389069, -0.0796579048037529, 0.2993219196796417, 1.759602665901184, 0.23628054559230804, 0.17245963215827942] [0.2715599536895752, 0.0383080393075943, 0.7577540874481201, 0.17645196616649628, 0.9433680772781372, 0.9979999661445618, -1.3069260120391846, -1.2901359796524048]
[0.08924798667430878, -0.07959724962711334, 0.29881182312965393, 1.7590062618255615, 0.2385197877883911, 0.17341165244579315] [0.2715599536895752, 0.0383080393075943, 0.7577540874481201, 0.17491796612739563, 0.9433680772781372, 0.9979999661445618, -1.3069260120391846, -1.2901359796524048]
[0.08940861374139786, -0.07961511611938477, 0.29860711097717285, 1.7593387365341187, 0.23945842683315277, 0.17356067895889282] [0.2715599536895752, 0.039842039346694946, 0.7577540874481201, 0.17491796612739563, 0.9433680772781372, 0.9979999661445618, -1.3069260120391846, -1.2901359796524048]
[0.08950813114643097, -0.07929440587759018, 0.29859885573387146, 1.7618399858474731, 0.23949307203292847, 0.1755908727645874] [0.2715599536895752, 0.039842039346694946, 0.7577540874481201, 0.17645196616649628, 0.9433680772781372, 0.9983999729156494, -1.3069260120391846, -1.2886019945144653]
[0.08982846140861511, -0.07913126796483994, 0.299309104681015, 1.7600791454315186, 0.23605217039585114, 0.17671898007392883] [0.2684919834136963, 0.039842039346694946, 0.7562200427055359, 0.17645196616649628, 0.9433680772781372, 0.9979999661445618, -1.3053920269012451, -1.284000039100647]
[0.09021392464637756, -0.0790690928697586, 0.30108484625816345, 1.757031798362732, 0.227798193693161, 0.17666976153850555] [0.25928795337677, 0.039842039346694946, 0.7546860575675964, 0.17645196616649628, 0.9433680772781372, 0.9979999661445618, -1.3007900714874268, -1.2747960090637207]
[0.09025411307811737, -0.07902441173791885, 0.3021736741065979, 1.7562519311904907, 0.22289977967739105, 0.17683488130569458] [0.25775396823883057, 0.039842039346694946, 0.753152072429657, 0.17645196616649628, 0.9433680772781372, 0.9979999661445618, -1.29312002658844, -1.2655919790267944]
[0.08867713809013367, -0.07832690328359604, 0.3059048056602478, 1.7509310245513916, 0.20512764155864716, 0.17829546332359314] [0.24394796788692474, 0.039842039346694946, 0.7485500574111938, 0.1871899664402008, 0.9418340921401978, 0.9979999661445618, -1.2885180711746216, -1.260990023612976]
[0.08779175579547882, -0.07751418650150299, 0.314265638589859, 1.7355366945266724, 0.16408997774124146, 0.18072882294654846] [0.22553996741771698, 0.0383080393075943, 0.7439480423927307, 0.20099596679210663, 0.9387660622596741, 0.9983999729156494, -1.2869840860366821, -1.260990023612976]
[0.08782873302698135, -0.07567299157381058, 0.3213309943675995, 1.7201306819915771, 0.12500496208667755, 0.19524462521076202] [0.20406396687030792, 0.0383080393075943, 0.7332100868225098, 0.2194039672613144, 0.9372320771217346, 0.9979999661445618, -1.2885180711746216, -1.260990023612976]
[0.08788148313760757, -0.07407835870981216, 0.3258468508720398, 1.7060575485229492, 0.09890300035476685, 0.20847700536251068] [0.1902579665184021, 0.0383080393075943, 0.7209380865097046, 0.24087996780872345, 0.9372320771217346, 0.9979999661445618, -1.2869840860366821, -1.260990023612976]
[0.08741960674524307, -0.07156606018543243, 0.3306925892829895, 1.6910427808761597, 0.06781310588121414, 0.23045714199543] [0.17491796612739563, 0.0383080393075943, 0.7071320414543152, 0.26695796847343445, 0.9356980323791504, 0.9979999661445618, -1.2869840860366821, -1.260990023612976]
[0.08727853745222092, -0.0697232261300087, 0.33568301796913147, 1.6745408773422241, 0.03739568591117859, 0.24894140660762787] [0.1611119657754898, 0.03677403926849365, 0.6979280710220337, 0.2976379692554474, 0.9356980323791504, 0.9983999729156494, -1.2869840860366821, -1.2594560384750366]
[0.08650730550289154, -0.06684009730815887, 0.3415902853012085, 1.6630898714065552, -0.0001542908576084301, 0.2753978371620178] [0.14270396530628204, 0.0383080393075943, 0.6933260560035706, 0.3206479549407959, 0.9356980323791504, 0.9979999661445618, -1.2869840860366821, -1.2594560384750366]
[0.08588408678770065, -0.06526229530572891, 0.3456716239452362, 1.6596044301986694, -0.02676418423652649, 0.29228100180625916] [0.12889796495437622, 0.021434038877487183, 0.6933260560035706, 0.36513397097587585, 0.9356980323791504, 0.9983999729156494, -1.2869840860366821, -1.2594560384750366]
[0.08513347804546356, -0.06639622151851654, 0.3501734137535095, 1.652518630027771, -0.05847792699933052, 0.3009636700153351] [0.12429595738649368, 0.015298038721084595, 0.6933260560035706, 0.3896779716014862, 0.9356980323791504, 0.9979999661445618, -1.2869840860366821, -1.2594560384750366]
[0.08414077013731003, -0.06470434367656708, 0.3537237048149109, 1.6485460996627808, -0.08311239629983902, 0.3193204402923584] [0.11662595719099045, 0.015298038721084595, 0.6933260560035706, 0.41115397214889526, 0.9341640472412109, 0.9979999661445618, -1.2839161157608032, -1.2563879489898682]
[0.08264412730932236, -0.06252290308475494, 0.3582635223865509, 1.6393331289291382, -0.11245671659708023, 0.3411545753479004] [0.10588795691728592, 0.015298038721084595, 0.6917920708656311, 0.44029998779296875, 0.9356980323791504, 0.9979999661445618, -1.2793140411376953, -1.2502520084381104]
[0.08027095347642899, -0.06014880910515785, 0.36344602704048157, 1.6330292224884033, -0.14619815349578857, 0.3665194809436798] [0.09821796417236328, 0.015298038721084595, 0.6902580261230469, 0.46944597363471985, 0.9341640472412109, 0.9979999661445618, -1.2701101303100586, -1.241047978401184]
[0.0779949277639389, -0.05844146013259888, 0.36635395884513855, 1.6250466108322144, -0.1665438860654831, 0.38566604256629944] [0.09668396413326263, 0.015298038721084595, 0.6856560707092285, 0.5001260042190552, 0.9341640472412109, 0.9979999661445618, -1.2624400854110718, -1.2318439483642578]
[0.07468227297067642, -0.05584641918540001, 0.3701953887939453, 1.6063886880874634, -0.1920137256383896, 0.41391855478286743] [0.09361596405506134, 0.015298038721084595, 0.6718500852584839, 0.526203989982605, 0.9356980323791504, 0.9983999729156494, -1.254770040512085, -1.2257080078125]
[0.07017330825328827, -0.05186318978667259, 0.375105082988739, 1.575675368309021, -0.22609548270702362, 0.45945075154304504] [0.0859459638595581, 0.015298038721084595, 0.6534420251846313, 0.5752919912338257, 0.9356980323791504, 0.9979999661445618, -1.2486340999603271, -1.2195719480514526]
[0.06669457256793976, -0.04926200956106186, 0.3786890208721161, 1.5543137788772583, -0.2506234645843506, 0.49044477939605713] [0.08287796378135681, 0.015298038721084595, 0.6503740549087524, 0.6121079921722412, 0.9341640472412109, 0.9979999661445618, -1.2409640550613403, -1.2134360074996948]
[0.06245720759034157, -0.046808890998363495, 0.3830468952655792, 1.540828824043274, -0.28159061074256897, 0.522991418838501] [0.07827596366405487, 0.015298038721084595, 0.648840069770813, 0.6427879929542542, 0.9326300621032715, 0.9979999661445618, -1.2332940101623535, -1.205765962600708]
[0.05821160227060318, -0.04437042772769928, 0.3873652517795563, 1.5225228071212769, -0.31178373098373413, 0.5570846199989319] [0.07367396354675293, 0.015298038721084595, 0.648840069770813, 0.6780699491500854, 0.9326300621032715, 0.9979999661445618, -1.221022129058838, -1.1919599771499634]
[0.0513107031583786, -0.04120168089866638, 0.3945035934448242, 1.494425892829895, -0.3586958944797516, 0.6063649654388428] [0.06446996331214905, 0.015298038721084595, 0.648840069770813, 0.7256239652633667, 0.9326300621032715, 0.9979999661445618, -1.2102841138839722, -1.1812219619750977]
[0.04383184015750885, -0.03824989125132561, 0.40166106820106506, 1.4612940549850464, -0.4053587317466736, 0.6588096022605896] [0.05219796299934387, 0.015298038721084595, 0.6473060846328735, 0.7854499816894531, 0.931096076965332, 0.9979999661445618, -1.1995460987091064, -1.172018051147461]
[0.03621821105480194, -0.03508331999182701, 0.4070168733596802, 1.4159520864486694, -0.4437856078147888, 0.7232325673103333] [0.039925962686538696, 0.009162038564682007, 0.6350340843200684, 0.8575479984283447, 0.931096076965332, 0.9983999729156494, -1.193410038948059, -1.1643480062484741]
[0.030783195048570633, -0.03312782943248749, 0.41001445055007935, 1.3765040636062622, -0.4655526876449585, 0.7708381414413452] [0.035323962569236755, 0.004560038447380066, 0.628898024559021, 0.8897619843482971, 0.931096076965332, 0.9979999661445618, -1.1872740983963013, -1.1612800359725952]
[0.02699233591556549, -0.03207123279571533, 0.41224801540374756, 1.3587641716003418, -0.4813554883003235, 0.7971762418746948] [0.035323962569236755, -4.1961669921875e-05, 0.6304320693016052, 0.912771999835968, 0.931096076965332, 0.9979999661445618, -1.181138038635254, -1.1551439762115479]
[0.022892549633979797, -0.031813573092222214, 0.41449740529060364, 1.3369632959365845, -0.4991137385368347, 0.8254534006118774] [0.035323962569236755, -0.009245961904525757, 0.628898024559021, 0.9465199708938599, 0.9326300621032715, 0.9979999661445618, -1.1719341278076172, -1.1459399461746216]
[0.019735563546419144, -0.031330641359090805, 0.4163116216659546, 1.3207871913909912, -0.5115496516227722, 0.846295177936554] [0.03378996253013611, -0.010779961943626404, 0.6304320693016052, 0.9679960012435913, 0.9326300621032715, 0.9979999661445618, -1.1611961126327515, -1.132133960723877]
[0.01403404213488102, -0.030236126855015755, 0.41899746656417847, 1.294319748878479, -0.5307692289352417, 0.8839089274406433] [0.03378996253013611, -0.01231396198272705, 0.628898024559021, 0.9986760020256042, 0.9326300621032715, 0.9979999661445618, -1.1489241123199463, -1.1213959455490112]
[0.009229828603565693, -0.03031301312148571, 0.42169713973999023, 1.2725191116333008, -0.5482533574104309, 0.9083371758460999] [0.03378996253013611, -0.019983962178230286, 0.628898024559021, 1.0186179876327515, 0.9326300621032715, 0.9979999661445618, -1.1366521120071411, -1.1075899600982666]
[0.004503241740167141, -0.03157076984643936, 0.42384982109069824, 1.246063232421875, -0.5629647970199585, 0.9278826117515564] [0.03378996253013611, -0.0368579626083374, 0.6304320693016052, 1.0477639436721802, 0.931096076965332, 0.9983999729156494, -1.1182440519332886, -1.0922499895095825]
[-0.0005041224067099392, -0.03327207267284393, 0.42662012577056885, 1.217665672302246, -0.5806789994239807, 0.9441381692886353] [0.03378996253013611, -0.05219796299934387, 0.628898024559021, 1.070773959159851, 0.931096076965332, 0.9983999729156494, -1.101370096206665, -1.0769100189208984]
[-0.005545895081013441, -0.03376772627234459, 0.42870083451271057, 1.1885334253311157, -0.5941194295883179, 0.9703673124313354] [0.03378996253013611, -0.0660039633512497, 0.6304320693016052, 1.1014540195465088, 0.931096076965332, 0.9983999729156494, -1.0829620361328125, -1.055433988571167]
[-0.011774981394410133, -0.035822052508592606, 0.43166640400886536, 1.1541811227798462, -0.6136224269866943, 0.993974506855011] [0.03378996253013611, -0.09054796397686005, 0.6304320693016052, 1.1398040056228638, 0.931096076965332, 0.9979999661445618, -1.0645540952682495, -1.0370259284973145]
[-0.019983993843197823, -0.039667434990406036, 0.4358968436717987, 1.1085983514785767, -0.644723117351532, 1.0209829807281494] [0.03378996253013611, -0.11969395726919174, 0.6411700248718262, 1.1689499616622925, 0.931096076965332, 0.9979999661445618, -1.046146035194397, -1.020151972770691]
[-0.026409899815917015, -0.041765566915273666, 0.4386538565158844, 1.070927381515503, -0.6643773317337036, 1.0453604459762573] [0.03378996253013611, -0.1381019651889801, 0.6442380547523499, 1.1919599771499634, 0.9326300621032715, 0.9979999661445618, -1.0292720794677734, -1.0109479427337646]
[-0.030637921765446663, -0.04222492128610611, 0.4404381811618805, 1.0493290424346924, -0.675343930721283, 1.0626449584960938] [0.03378996253013611, -0.1442379653453827, 0.6549760699272156, 1.2042319774627686, 0.9326300621032715, 0.9983999729156494, -1.0139321088790894, -0.9956079721450806]
[-0.03760074824094772, -0.04293081536889076, 0.4437015950679779, 1.0202980041503906, -0.7018207311630249, 1.0971028804779053] [0.03378996253013611, -0.1442379653453827, 0.6672480702400208, 1.2303099632263184, 0.9326300621032715, 0.9979999661445618, -0.9847860336303711, -0.9695299863815308]
[-0.04606523737311363, -0.04263968765735626, 0.44678688049316406, 0.982204258441925, -0.7214348316192627, 1.1372190713882446] [0.03378996253013611, -0.1442379653453827, 0.6779860258102417, 1.2425819635391235, 0.9326300621032715, 0.9979999661445618, -0.9525720477104187, -0.9357819557189941]
[-0.061933428049087524, -0.04343023896217346, 0.45285898447036743, 0.9054038524627686, -0.7697941064834595, 1.2230311632156372] [0.03378996253013611, -0.1442379653453827, 0.7117340564727783, 1.2870680093765259, 0.9326300621032715, 0.9979999661445618, -0.9295620918273926, -0.9112379550933838]
[-0.0726429894566536, -0.04231106862425804, 0.4546085596084595, 0.8418450951576233, -0.7792651653289795, 1.2917728424072266] [0.03378996253013611, -0.1442379653453827, 0.7132680416107178, 1.3162139654159546, 0.931096076965332, 0.9983999729156494, -0.9142220616340637, -0.8943639993667603]
[-0.08116545528173447, -0.04148911312222481, 0.45521318912506104, 0.7871678471565247, -0.7816327810287476, 1.352286458015442] [0.03378996253013611, -0.1442379653453827, 0.7163360714912415, 1.340757966041565, 0.931096076965332, 0.9979999661445618, -0.9019500613212585, -0.8836259841918945]
[-0.0850304588675499, -0.041257310658693314, 0.45540544390678406, 0.7644504308700562, -0.7828583717346191, 1.3773229122161865] [0.03378996253013611, -0.1442379653453827, 0.7209380865097046, 1.3622339963912964, 0.931096076965332, 0.9979999661445618, -0.8942800760269165, -0.8759559988975525]
[-0.09176032990217209, -0.041213374584913254, 0.4562467932701111, 0.7205765843391418, -0.7900102138519287, 1.4351028203964233] [0.03378996253013611, -0.1442379653453827, 0.7316760420799255, 1.3883119821548462, 0.931096076965332, 0.9983999729156494, -0.8835420608520508, -0.8682860136032104]
[-0.09723108261823654, -0.04126990586519241, 0.4569284915924072, 0.683868408203125, -0.7941900491714478, 1.477085828781128] [0.035323962569236755, -0.1442379653453827, 0.7378120422363281, 1.4082540273666382, 0.9326300621032715, 0.9979999661445618, -0.8743380308151245, -0.8560140132904053]
[-0.10285195708274841, -0.041656672954559326, 0.4575078785419464, 0.6474354267120361, -0.8005516529083252, 1.5223225355148315] [0.035323962569236755, -0.1442379653453827, 0.753152072429657, 1.4281959533691406, 0.9326300621032715, 0.9979999661445618, -0.8666680455207825, -0.846809983253479]
[-0.10616479068994522, -0.04221785068511963, 0.4581766128540039, 0.6281824111938477, -0.8081941604614258, 1.5455143451690674] [0.0368579626083374, -0.1442379653453827, 0.7638900279998779, 1.434332013130188, 0.9326300621032715, 0.9979999661445618, -0.8589980602264404, -0.8406739830970764]
[-0.10874675214290619, -0.04271082207560539, 0.45890387892723083, 0.613497257232666, -0.8146029710769653, 1.5605305433273315] [0.0368579626083374, -0.1442379653453827, 0.7684920430183411, 1.4404679536819458, 0.9326300621032715, 0.9983999729156494, -0.8528620600700378, -0.8345379829406738]
[-0.11229333281517029, -0.04288729652762413, 0.45920807123184204, 0.5895913243293762, -0.8162344694137573, 1.5877869129180908] [0.0368579626083374, -0.1442379653453827, 0.7776960730552673, 1.4619439840316772, 0.9326300621032715, 0.9979999661445618, -0.8482600450515747, -0.8299359679222107]
[-0.11636777222156525, -0.04348750412464142, 0.45952969789505005, 0.5594803690910339, -0.8213196396827698, 1.6278904676437378] [0.04145996272563934, -0.1442379653453827, 0.7976380586624146, 1.4742159843444824, 0.9326300621032715, 0.9983999729156494, -0.8451920747756958, -0.8268679976463318]
[-0.11798025667667389, -0.044452965259552, 0.45998886227607727, 0.5531893968582153, -0.832521378993988, 1.6398459672927856] [0.046061962842941284, -0.1442379653453827, 0.8022400736808777, 1.4757499694824219, 0.9326300621032715, 0.9983999729156494, -0.8451920747756958, -0.8268679976463318]
[-0.11844135820865631, -0.04449065774679184, 0.45998144149780273, 0.5511989593505859, -0.8333084583282471, 1.6428335905075073] [0.046061962842941284, -0.1442379653453827, 0.8022400736808777, 1.4772839546203613, 0.9326300621032715, 0.9979999661445618, -0.8451920747756958, -0.8268679976463318]
[-0.11878588795661926, -0.044369541108608246, 0.45982852578163147, 0.5501940250396729, -0.8325278162956238, 1.6445285081863403] [0.04759596288204193, -0.14577196538448334, 0.8022400736808777, 1.4772839546203613, 0.9326300621032715, 0.9983999729156494, -0.8451920747756958, -0.8268679976463318]
[-0.11792117357254028, -0.04397975653409958, 0.4600631892681122, 0.5544832348823547, -0.8312065601348877, 1.640150785446167] [0.04759596288204193, -0.14577196538448334, 0.8037740588188171, 1.4757499694824219, 0.9326300621032715, 0.9979999661445618, -0.8451920747756958, -0.8268679976463318]
[-0.11625566333532333, -0.042802244424819946, 0.46054863929748535, 0.5666337013244629, -0.8282952904701233, 1.6266672611236572] [0.04759596288204193, -0.14577196538448334, 0.8053080439567566, 1.4650119543075562, 0.9341640472412109, 0.9979999661445618, -0.8467260599136353, -0.8268679976463318]
[-0.1145949736237526, -0.04320887476205826, 0.4612666368484497, 0.5822187066078186, -0.834557294845581, 1.6076916456222534] [0.04759596288204193, -0.14730596542358398, 0.8068420886993408, 1.4404679536819458, 0.9356980323791504, 0.9979999661445618, -0.8451920747756958, -0.8268679976463318]
[-0.1117936372756958, -0.043493617326021194, 0.4618464410305023, 0.6093944311141968, -0.8404768705368042, 1.5724503993988037] [0.04759596288204193, -0.16878196597099304, 0.8114440441131592, 1.4036519527435303, 0.9356980323791504, 0.9979999661445618, -0.857464075088501, -0.8376059532165527]
[-0.10142184048891068, -0.05014663562178612, 0.46520042419433594, 0.6913185715675354, -0.8803226947784424, 1.435189962387085] [0.04759596288204193, -0.19179196655750275, 0.826784074306488, 1.3514959812164307, 0.9356980323791504, 0.9979999661445618, -0.8728040456771851, -0.8498779535293579]
[-0.09309589117765427, -0.05603315681219101, 0.4678700566291809, 0.7750570178031921, -0.9146537780761719, 1.3224397897720337] [0.04759596288204193, -0.21786996722221375, 0.8451920747756958, 1.2855340242385864, 0.9356980323791504, 0.9983999729156494, -0.8850760459899902, -0.8621499538421631]
[-0.08453866839408875, -0.06138402968645096, 0.4694380462169647, 0.8609812259674072, -0.9352635145187378, 1.208583116531372] [0.04759596288204193, -0.23474396765232086, 0.8620660305023193, 1.222640037536621, 0.9356980323791504, 0.9979999661445618, -0.8988820314407349, -0.8759559988975525]
[-0.0743512436747551, -0.06867840141057968, 0.47086796164512634, 0.9785994291305542, -0.953944981098175, 1.0599867105484009] [0.04759596288204193, -0.25928795337677, 0.8804740905761719, 1.1735520362854004, 0.9356980323791504, 0.9979999661445618, -0.9142220616340637, -0.8958979845046997]
[-0.06366915255784988, -0.07814909517765045, 0.47182705998420715, 1.1109647750854492, -0.9678394198417664, 0.8941442966461182] [0.04759596288204193, -0.28996795415878296, 0.9050180912017822, 1.1152600049972534, 0.9356980323791504, 0.9979999661445618, -0.9341640472412109, -0.9143059849739075]
[-0.05077378824353218, -0.09022256731987, 0.471505731344223, 1.2736272811889648, -0.9668771028518677, 0.6936195492744446] [0.046061962842941284, -0.3145119547843933, 0.931096076965332, 1.052366018295288, 0.9341640472412109, 0.9983999729156494, -0.961776077747345, -0.9419180154800415]
[-0.04392097890377045, -0.09532325714826584, 0.47056010365486145, 1.3439592123031616, -0.9578288197517395, 0.6102771162986755] [0.046061962842941284, -0.33905595541000366, 0.9495040774345398, 1.014016032218933, 0.9341640472412109, 0.9979999661445618, -0.9847860336303711, -0.9633939862251282]
[-0.032663680613040924, -0.1079452708363533, 0.46855881810188293, 1.4763182401657104, -0.9406856894493103, 0.44238054752349854] [0.046061962842941284, -0.3820079565048218, 0.9786500930786133, 0.9771999716758728, 0.9341640472412109, 0.9979999661445618, -1.0093300342559814, -0.9879379868507385]
[-0.026396002620458603, -0.11797186732292175, 0.4668444097042084, 1.5587059259414673, -0.9253919124603271, 0.32706230878829956] [0.04759596288204193, -0.43723195791244507, 1.007796049118042, 0.9357819557189941, 0.9341640472412109, 0.9983999729156494, -1.0323400497436523, -1.012481927871704]
[-0.019373461604118347, -0.13432809710502625, 0.46407461166381836, 1.668015956878662, -0.8996706604957581, 0.16096462309360504] [0.04759596288204193, -0.5001260042190552, 1.0369420051574707, 0.8836259841918945, 0.9341640472412109, 0.9979999661445618, -1.0568840503692627, -1.0385600328445435]
[-0.012169263325631618, -0.15328676998615265, 0.4590951204299927, 1.779393196105957, -0.8477194905281067, -0.020576080307364464] [0.046061962842941284, -0.5630199909210205, 1.061486005783081, 0.8330039978027344, 0.9341640472412109, 0.9979999661445618, -1.0722240209579468, -1.055433988571167]
[-0.006514228414744139, -0.1665327399969101, 0.4535001516342163, 1.8357480764389038, -0.7865316271781921, -0.13453228771686554] [0.04759596288204193, -0.6059719920158386, 1.0645540952682495, 0.7271579504013062, 0.9341640472412109, 0.9979999661445618, -1.084496021270752, -1.0661720037460327]
[0.006881372071802616, -0.18927273154258728, 0.43593335151672363, 1.9473304748535156, -0.5812780261039734, -0.3324960172176361] [0.04759596288204193, -0.6243799924850464, 1.066088080406189, 0.49552398920059204, 0.9341640472412109, 0.9979999661445618, -1.0906320810317993, -1.0769100189208984]
[0.0134042389690876, -0.2008640468120575, 0.42258942127227783, 1.985992431640625, -0.4493063986301422, -0.41751301288604736] [0.05219796299934387, -0.630515992641449, 1.0645540952682495, 0.4280279874801636, 0.9341640472412109, 0.9979999661445618, -1.0952340364456177, -1.0799779891967773]
[0.013460587710142136, -0.20549681782722473, 0.41917216777801514, 1.9819809198379517, -0.42723143100738525, -0.4422748386859894] [0.061401963233947754, -0.6519919633865356, 1.06302011013031, 0.40808597207069397, 0.9341640472412109, 0.9979999661445618, -1.0998361110687256, -1.0845799446105957]
[0.014712400734424591, -0.2153148353099823, 0.4048713147640228, 1.965855360031128, -0.33042699098587036, -0.4956824779510498] [0.11969395726919174, -0.6918759942054749, 1.06302011013031, 0.34519195556640625, 0.9341640472412109, 0.9979999661445618, -1.1167100667953491, -1.1060559749603271]
[0.016185687854886055, -0.2223062366247177, 0.3909412920475006, 1.9406543970108032, -0.24186529219150543, -0.5330414772033691] [0.16878196597099304, -0.7056819796562195, 1.06302011013031, 0.3083759546279907, 0.9341640472412109, 0.9983999729156494, -1.1305160522460938, -1.1213959455490112]
[0.019700530916452408, -0.2260388880968094, 0.37501659989356995, 1.908558964729309, -0.14415116608142853, -0.5542702674865723] [0.22707396745681763, -0.7072159647941589, 1.06302011013031, 0.2654239535331726, 0.9341640472412109, 0.9979999661445618, -1.1443220376968384, -1.132133960723877]
[0.02181367389857769, -0.22949151694774628, 0.3545139729976654, 1.8607815504074097, -0.02425030991435051, -0.5793053507804871] [0.3053079843521118, -0.7072159647941589, 1.06302011013031, 0.20559796690940857, 0.9341640472412109, 0.9979999661445618, -1.1535260677337646, -1.1382700204849243]
[0.021236244589090347, -0.23156362771987915, 0.3428104817867279, 1.831271767616272, 0.04491710290312767, -0.5996444225311279] [0.3728039860725403, -0.7072159647941589, 1.06302011013031, 0.19179196655750275, 0.9341640472412109, 0.9979999661445618, -1.1519920825958252, -1.1352019309997559]
[0.01717374660074711, -0.2320912480354309, 0.3189909756183624, 1.7504574060440063, 0.16508738696575165, -0.6128036379814148] [0.5308059453964233, -0.7072159647941589, 1.0645540952682495, 0.19179196655750275, 0.9341640472412109, 0.9979999661445618, -1.1504580974578857, -1.1352019309997559]
[0.012854277156293392, -0.2324926257133484, 0.3043312430381775, 1.7009903192520142, 0.23881514370441437, -0.624029278755188] [0.5630199909210205, -0.7072159647941589, 1.066088080406189, 0.19179196655750275, 0.9341640472412109, 0.9979999661445618, -1.13972008228302, -1.1259980201721191]
[0.011930862441658974, -0.23255369067192078, 0.3040751516819, 1.69817054271698, 0.23996300995349884, -0.6235277056694031] [0.5691559910774231, -0.7056819796562195, 1.0599520206451416, 0.19179196655750275, 0.9341640472412109, 0.9983999729156494, -1.1381860971450806, -1.1244640350341797]
[0.010635088197886944, -0.23255255818367004, 0.3004824221134186, 1.6855288743972778, 0.25822320580482483, -0.6247954964637756] [0.5921659469604492, -0.7072159647941589, 1.061486005783081, 0.19179196655750275, 0.9341640472412109, 0.9983999729156494, -1.1381860971450806, -1.1259980201721191]
[0.010044013150036335, -0.23278185725212097, 0.2996974587440491, 1.6800354719161987, 0.2625044286251068, -0.6269664764404297] [0.5967679619789124, -0.7072159647941589, 1.0568840503692627, 0.19179196655750275, 0.9341640472412109, 0.9979999661445618, -1.142788052558899, -1.1259980201721191]
[0.010369595140218735, -0.23266366124153137, 0.29939067363739014, 1.674362301826477, 0.2647395730018616, -0.6266900300979614] [0.5967679619789124, -0.7072159647941589, 1.0538160800933838, 0.1933259665966034, 0.9341640472412109, 0.9979999661445618, -1.1443220376968384, -1.1259980201721191]
[0.010692986659705639, -0.23231235146522522, 0.29876771569252014, 1.6717336177825928, 0.26730573177337646, -0.6245949864387512] [0.5983020067214966, -0.7056819796562195, 1.0538160800933838, 0.1933259665966034, 0.9341640472412109, 0.9983999729156494, -1.142788052558899, -1.1259980201721191]
[0.010617769323289394, -0.23238641023635864, 0.29878947138786316, 1.6725537776947021, 0.26680096983909607, -0.6242502927780151] [0.5983020067214966, -0.7056819796562195, 1.0553500652313232, 0.1933259665966034, 0.9341640472412109, 0.9979999661445618, -1.13972008228302, -1.1244640350341797]
[0.01051886286586523, -0.2322545349597931, 0.2988775968551636, 1.6759612560272217, 0.2657731771469116, -0.6227406859397888] [0.5983020067214966, -0.70414799451828, 1.0553500652313232, 0.1933259665966034, 0.9341640472412109, 0.9979999661445618, -1.1412540674209595, -1.1244640350341797]
[0.01044885441660881, -0.23248893022537231, 0.2992393970489502, 1.6763107776641846, 0.2639472484588623, -0.623846173286438] [0.5983020067214966, -0.70414799451828, 1.0553500652313232, 0.1933259665966034, 0.9341640472412109, 0.9979999661445618, -1.1412540674209595, -1.1244640350341797]
[0.010650132782757282, -0.2321847826242447, 0.29915890097618103, 1.6767661571502686, 0.2643983066082001, -0.6223506927490234] [0.5967679619789124, -0.7056819796562195, 1.0553500652313232, 0.19485996663570404, 0.9341640472412109, 0.9983999729156494, -1.1412540674209595, -1.1244640350341797]
[0.01053409744054079, -0.2321486473083496, 0.29894906282424927, 1.675515055656433, 0.2656864523887634, -0.6228389143943787] [0.5967679619789124, -0.7056819796562195, 1.0553500652313232, 0.19485996663570404, 0.9341640472412109, 0.9983999729156494, -1.1412540674209595, -1.1244640350341797]
[0.010379014536738396, -0.23237484693527222, 0.29908159375190735, 1.6748617887496948, 0.26512983441352844, -0.6242213249206543] [0.5967679619789124, -0.7056819796562195, 1.0553500652313232, 0.19485996663570404, 0.9341640472412109, 0.9983999729156494, -1.1412540674209595, -1.1244640350341797]
[0.01072237640619278, -0.23205740749835968, 0.2992950975894928, 1.6767241954803467, 0.2634585201740265, -0.6214410662651062] [0.5967679619789124, -0.70414799451828, 1.0553500652313232, 0.19485996663570404, 0.9341640472412109, 0.9979999661445618, -1.1412540674209595, -1.1244640350341797]
[0.010356530547142029, -0.2324203997850418, 0.2990293502807617, 1.6748520135879517, 0.2653183341026306, -0.6243686079978943] [0.5983020067214966, -0.70414799451828, 1.0553500652313232, 0.1933259665966034, 0.9341640472412109, 0.9979999661445618, -1.1412540674209595, -1.1244640350341797]
[0.010350218042731285, -0.23238444328308105, 0.29906806349754333, 1.6746718883514404, 0.26526960730552673, -0.6244683265686035] [0.5967679619789124, -0.70414799451828, 1.0553500652313232, 0.1933259665966034, 0.9341640472412109, 0.9979999661445618, -1.1412540674209595, -1.1244640350341797]
