[0.051701080054044724, -0.05257020518183708, 0.2969200909137726, 1.709723949432373, -0.06847155094146729, 0.48081526160240173] [0.6872739791870117, -0.013847962021827698, 0.9571740627288818, 0.9526559710502625, 0.5675380229949951, 0.9979999661445618, -1.3023240566253662, -1.2978060245513916]
[0.05201823264360428, -0.05255899578332901, 0.2966037690639496, 1.7102725505828857, -0.06576575338840485, 0.48042091727256775] [0.6872739791870117, -0.013847962021827698, 0.9571740627288818, 0.9526559710502625, 0.5675380229949951, 0.9979999661445618, -1.313062071800232, -1.2886019945144653]
[0.05274852365255356, -0.05228903889656067, 0.296077162027359, 1.7120851278305054, -0.06294392049312592, 0.48192569613456726] [0.6872739791870117, -0.013847962021827698, 0.9571740627288818, 0.9541900157928467, 0.5675380229949951, 0.9979999661445618, -1.3176640272140503, -1.2886019945144653]
[0.05385304614901543, -0.0522601343691349, 0.2953851521015167, 1.7146527767181396, -0.05955133214592934, 0.4830460548400879] [0.6872739791870117, -0.013847962021827698, 0.9571740627288818, 0.9526559710502625, 0.5675380229949951, 0.9979999661445618, -1.3191981315612793, -1.2870680093765259]
[0.0544586144387722, -0.052540794014930725, 0.29438504576683044, 1.7166498899459839, -0.054115962237119675, 0.4822176396846771] [0.6872739791870117, -0.013847962021827698, 0.9571740627288818, 0.9541900157928467, 0.5675380229949951, 0.9979999661445618, -1.3191981315612793, -1.2886019945144653]
[0.05472363531589508, -0.052298471331596375, 0.2940778136253357, 1.7187690734863281, -0.05280720442533493, 0.483369916677475] [0.6872739791870117, -0.013847962021827698, 0.9571740627288818, 0.9541900157928467, 0.5675380229949951, 0.9979999661445618, -1.3207321166992188, -1.2886019945144653]
[0.05488931015133858, -0.05233331769704819, 0.29377520084381104, 1.7192270755767822, -0.05074377357959747, 0.4828933775424957] [0.6872739791870117, -0.015381962060928345, 0.9571740627288818, 0.9541900157928467, 0.5675380229949951, 0.9979999661445618, -1.3191981315612793, -1.2870680093765259]
[0.05485763028264046, -0.052313949912786484, 0.2938922941684723, 1.7193070650100708, -0.05190882459282875, 0.4833364486694336] [0.6872739791870117, -0.013847962021827698, 0.9571740627288818, 0.9541900157928467, 0.5675380229949951, 0.9979999661445618, -1.3191981315612793, -1.2886019945144653]
[0.054844651371240616, -0.0522843636572361, 0.2939452528953552, 1.7191928625106812, -0.0521627776324749, 0.4835151135921478] [0.6872739791870117, -0.013847962021827698, 0.9571740627288818, 0.9541900157928467, 0.5675380229949951, 0.9979999661445618, -1.3191981315612793, -1.2886019945144653]
[0.05509297549724579, -0.052328892052173615, 0.2936873733997345, 1.7197074890136719, -0.049965277314186096, 0.48297426104545593] [0.6872739791870117, -0.013847962021827698, 0.9571740627288818, 0.9541900157928467, 0.5675380229949951, 0.9979999661445618, -1.3191981315612793, -1.2886019945144653]
[0.055090125650167465, -0.05234384909272194, 0.293447881937027, 1.7205562591552734, -0.048343475908041, 0.4828760623931885] [0.6872739791870117, -0.013847962021827698, 0.9571740627288818, 0.9526559710502625, 0.5675380229949951, 0.9979999661445618, -1.3191981315612793, -1.2870680093765259]
[0.05517052859067917, -0.05239076912403107, 0.29372483491897583, 1.7199534177780151, -0.050037600100040436, 0.48297882080078125] [0.6872739791870117, -0.013847962021827698, 0.9571740627288818, 0.9526559710502625, 0.5675380229949951, 0.9979999661445618, -1.3191981315612793, -1.2870680093765259]
[0.05502256006002426, -0.05229354649782181, 0.293653279542923, 1.7204867601394653, -0.050049807876348495, 0.48361754417419434] [0.6872739791870117, -0.013847962021827698, 0.9571740627288818, 0.9541900157928467, 0.5675380229949951, 0.9983999729156494, -1.3191981315612793, -1.2855340242385864]
[0.05511610954999924, -0.05236554890871048, 0.29346349835395813, 1.7206138372421265, -0.04833385348320007, 0.48282989859580994] [0.6888079643249512, -0.013847962021827698, 0.9571740627288818, 0.9526559710502625, 0.5675380229949951, 0.9979999661445618, -1.3191981315612793, -1.284000039100647]
[0.05456932261586189, -0.05220842361450195, 0.29437538981437683, 1.718265175819397, -0.052223093807697296, 0.48133277893066406] [0.6888079643249512, -0.013847962021827698, 0.9587080478668213, 0.9526559710502625, 0.5675380229949951, 0.9979999661445618, -1.3176640272140503, -1.282465934753418]
[0.05313378944993019, -0.05176062509417534, 0.29615113139152527, 1.7115590572357178, -0.05983849987387657, 0.4802207052707672] [0.6888079643249512, -0.013847962021827698, 0.9587080478668213, 0.9526559710502625, 0.5675380229949951, 0.9979999661445618, -1.3176640272140503, -1.282465934753418]
[0.052296701818704605, -0.05139349028468132, 0.29695746302604675, 1.7070478200912476, -0.06312789767980576, 0.4809112548828125] [0.6888079643249512, -0.013847962021827698, 0.9587080478668213, 0.9526559710502625, 0.5675380229949951, 0.9983999729156494, -1.3176640272140503, -1.282465934753418]
[0.05208800360560417, -0.05135825276374817, 0.29713863134384155, 1.706275224685669, -0.06408338248729706, 0.4808073043823242] [0.6888079643249512, -0.013847962021827698, 0.9587080478668213, 0.9526559710502625, 0.5675380229949951, 0.9979999661445618, -1.3176640272140503, -1.282465934753418]
[0.051947999745607376, -0.05144204571843147, 0.297158420085907, 1.7073488235473633, -0.06407706439495087, 0.47955694794654846] [0.6918759942054749, -0.013847962021827698, 0.9587080478668213, 0.9526559710502625, 0.5675380229949951, 0.9979999661445618, -1.3145960569381714, -1.279397964477539]
[0.05162975564599037, -0.05141128972172737, 0.2972571849822998, 1.7070122957229614, -0.06433287262916565, 0.47954705357551575] [0.6934099793434143, -0.013847962021827698, 0.9587080478668213, 0.9526559710502625, 0.5675380229949951, 0.9983999729156494, -1.313062071800232, -1.2763299942016602]
[0.051169466227293015, -0.05138208717107773, 0.2970694303512573, 1.707452416419983, -0.0631786584854126, 0.4795069992542267] [0.6949439644813538, -0.013847962021827698, 0.9587080478668213, 0.9541900157928467, 0.5675380229949951, 0.9979999661445618, -1.309994101524353, -1.2732620239257812]
[0.05070946738123894, -0.05133882910013199, 0.29693329334259033, 1.7077317237854004, -0.06217414513230324, 0.4794921875] [0.6980119943618774, -0.013847962021827698, 0.9587080478668213, 0.9526559710502625, 0.5675380229949951, 0.9979999661445618, -1.3084601163864136, -1.2717280387878418]
[0.05038665235042572, -0.05151871591806412, 0.2971443831920624, 1.708644151687622, -0.06345722824335098, 0.4783397316932678] [0.6995459794998169, -0.013847962021827698, 0.9602420330047607, 0.9526559710502625, 0.5675380229949951, 0.9979999661445618, -1.3084601163864136, -1.2717280387878418]
[0.05018988996744156, -0.05145800858736038, 0.29740390181541443, 1.7077751159667969, -0.06465495377779007, 0.47838735580444336] [0.6980119943618774, -0.015381962060928345, 0.9602420330047607, 0.9526559710502625, 0.5675380229949951, 0.9979999661445618, -1.3084601163864136, -1.2717280387878418]
[0.05020320788025856, -0.051344383507966995, 0.29763489961624146, 1.7060214281082153, -0.06562473624944687, 0.4795764982700348] [0.6980119943618774, -0.013847962021827698, 0.9571740627288818, 0.9526559710502625, 0.5675380229949951, 0.9979999661445618, -1.3084601163864136, -1.2701940536499023]
[0.05022406950592995, -0.050743021070957184, 0.2981709837913513, 1.6973884105682373, -0.0667644813656807, 0.48591387271881104] [0.6888079643249512, -0.013847962021827698, 0.9510380625724792, 0.951121985912323, 0.5675380229949951, 0.9983999729156494, -1.3084601163864136, -1.2686599493026733]
[0.05127459391951561, -0.050856247544288635, 0.3015768527984619, 1.6892467737197876, -0.08460626751184464, 0.4854681193828583] [0.6734679937362671, -0.013847962021827698, 0.9495040774345398, 0.9526559710502625, 0.5675380229949951, 0.9979999661445618, -1.3084601163864136, -1.2671259641647339]
[0.05125484615564346, -0.0508057065308094, 0.3021302819252014, 1.6882058382034302, -0.08784861117601395, 0.48622438311576843] [0.6734679937362671, -0.013847962021827698, 0.9510380625724792, 0.9541900157928467, 0.5675380229949951, 0.9979999661445618, -1.2977221012115479, -1.2594560384750366]
[0.05080117657780647, -0.05067259818315506, 0.3046853542327881, 1.6807092428207397, -0.10102453827857971, 0.4886326789855957] [0.6611959934234619, -0.013847962021827698, 0.9495040774345398, 0.9541900157928467, 0.5675380229949951, 0.9979999661445618, -1.290052056312561, -1.2471840381622314]
[0.05047652870416641, -0.05058159679174423, 0.30871152877807617, 1.6702144145965576, -0.12164720892906189, 0.49046090245246887] [0.6489239931106567, -0.013847962021827698, 0.9495040774345398, 0.9557240009307861, 0.5675380229949951, 0.9979999661445618, -1.2793140411376953, -1.2349120378494263]
[0.0502728708088398, -0.05066361650824547, 0.3163747787475586, 1.6498051881790161, -0.15998490154743195, 0.4933079183101654] [0.6136419773101807, -0.013847962021827698, 0.9495040774345398, 0.9557240009307861, 0.5675380229949951, 0.9979999661445618, -1.2639740705490112, -1.2195719480514526]
[0.049725811928510666, -0.050728633999824524, 0.32278645038604736, 1.6327959299087524, -0.191665381193161, 0.4962422847747803] [0.5875639915466309, -0.013847962021827698, 0.9495040774345398, 0.9557240009307861, 0.5675380229949951, 0.9979999661445618, -1.2501680850982666, -1.2072999477386475]
[0.04892651364207268, -0.05076590180397034, 0.32985690236091614, 1.6136986017227173, -0.22648730874061584, 0.500151515007019] [0.5630199909210205, -0.015381962060928345, 0.9495040774345398, 0.9557240009307861, 0.5675380229949951, 0.9979999661445618, -1.2332940101623535, -1.187358021736145]
[0.04739615321159363, -0.050776157528162, 0.3363144099712372, 1.5960853099822998, -0.25769492983818054, 0.50432950258255] [0.5415439605712891, -0.013847962021827698, 0.9495040774345398, 0.9557240009307861, 0.5675380229949951, 0.9979999661445618, -1.2148860692977905, -1.167415976524353]
[0.04446110129356384, -0.05066767707467079, 0.3453698456287384, 1.569186806678772, -0.3012518882751465, 0.512475848197937] [0.5139319896697998, -0.013847962021827698, 0.9495040774345398, 0.9557240009307861, 0.5675380229949951, 0.9979999661445618, -1.1995460987091064, -1.152076005935669]
[0.042478736490011215, -0.050630200654268265, 0.35072728991508484, 1.5534703731536865, -0.327142596244812, 0.5173085927963257] [0.49552398920059204, -0.013847962021827698, 0.9479700326919556, 0.9557240009307861, 0.5675380229949951, 0.9983999729156494, -1.181138038635254, -1.132133960723877]
[0.039183519780635834, -0.05043499916791916, 0.35807427763938904, 1.5309096574783325, -0.3623017370700836, 0.5249077677726746] [0.47558197379112244, -0.013847962021827698, 0.9479700326919556, 0.9541900157928467, 0.5675380229949951, 0.9979999661445618, -1.162730097770691, -1.1167939901351929]
[0.03670741990208626, -0.05041196942329407, 0.3631770610809326, 1.515127420425415, -0.3871559798717499, 0.530674397945404] [0.4525719881057739, -0.013847962021827698, 0.9479700326919556, 0.9557240009307861, 0.5675380229949951, 0.9979999661445618, -1.1519920825958252, -1.1045219898223877]
[0.03367547690868378, -0.050296805799007416, 0.3714289963245392, 1.489364743232727, -0.42804813385009766, 0.5425600409507751] [0.4188239574432373, -0.013847962021827698, 0.9464360475540161, 0.9679960012435913, 0.5675380229949951, 0.9979999661445618, -1.13972008228302, -1.093783974647522]
[0.02867104858160019, -0.049368634819984436, 0.3817252516746521, 1.4521822929382324, -0.4869280159473419, 0.5722879767417908] [0.38814395666122437, -0.013847962021827698, 0.9464360475540161, 0.989471971988678, 0.5675380229949951, 0.9979999661445618, -1.1320500373840332, -1.0861139297485352]
[0.02490040846168995, -0.04873790219426155, 0.38906431198120117, 1.422257900238037, -0.5282915830612183, 0.595928430557251] [0.355929970741272, -0.013847962021827698, 0.9433680772781372, 1.0094139575958252, 0.5675380229949951, 0.9979999661445618, -1.1259140968322754, -1.0815119743347168]
[0.01991283893585205, -0.047758378088474274, 0.3981302082538605, 1.3793925046920776, -0.5804622769355774, 0.6324366927146912] [0.31911396980285645, -0.013847962021827698, 0.9403000473976135, 1.0385600328445435, 0.5675380229949951, 0.9983999729156494, -1.1213120222091675, -1.078444004058838]
[0.014448866248130798, -0.046727120876312256, 0.40746721625328064, 1.330380916595459, -0.6354096531867981, 0.6767674088478088] [0.2822979688644409, -0.013847962021827698, 0.9403000473976135, 1.058501958847046, 0.5675380229949951, 0.9979999661445618, -1.1213120222091675, -1.078444004058838]
[0.008342085406184196, -0.045863278210163116, 0.41832205653190613, 1.267884373664856, -0.6965655088424683, 0.7306923270225525] [0.23014196753501892, -0.013847962021827698, 0.9403000473976135, 1.0830459594726562, 0.5675380229949951, 0.9979999661445618, -1.1228461265563965, -1.0769100189208984]
[0.004432954825460911, -0.04501289501786232, 0.42518290877342224, 1.2179549932479858, -0.7306575775146484, 0.7711344957351685] [0.18565596640110016, -0.013847962021827698, 0.9264940619468689, 1.0876480340957642, 0.5675380229949951, 0.9979999661445618, -1.1213120222091675, -1.078444004058838]
[0.000989583320915699, -0.043255165219306946, 0.4299522042274475, 1.1576961278915405, -0.7469465136528015, 0.8177616596221924] [0.15037396550178528, -0.013847962021827698, 0.9065520763397217, 1.1152600049972534, 0.5675380229949951, 0.9983999729156494, -1.1213120222091675, -1.0799779891967773]
[-0.005259392317384481, -0.04022320732474327, 0.4340774416923523, 1.0735113620758057, -0.7678664922714233, 0.9012615084648132] [0.12736396491527557, -0.013847962021827698, 0.8789400458335876, 1.1551439762115479, 0.5675380229949951, 0.9979999661445618, -1.1228461265563965, -1.0799779891967773]
[-0.011318651959300041, -0.03691684454679489, 0.43649840354919434, 0.9883328080177307, -0.7759971618652344, 0.9875715970993042] [0.10435395687818527, -0.013847962021827698, 0.8528620600700378, 1.1934939622879028, 0.5675380229949951, 0.9979999661445618, -1.1228461265563965, -1.0799779891967773]
[-0.01725589670240879, -0.03438185527920723, 0.4394778609275818, 0.9061800837516785, -0.783811092376709, 1.0683391094207764] [0.07520796358585358, -0.013847962021827698, 0.8329200744628906, 1.228775978088379, 0.5675380229949951, 0.9983999729156494, -1.1213120222091675, -1.078444004058838]
[-0.024112213402986526, -0.03165430575609207, 0.4424925148487091, 0.8142291903495789, -0.788059651851654, 1.1594055891036987] [0.04912996292114258, -0.013847962021827698, 0.8114440441131592, 1.260990023612976, 0.5675380229949951, 0.9983999729156494, -1.1213120222091675, -1.078444004058838]
[-0.028465615585446358, -0.030353747308254242, 0.4446551501750946, 0.7549326419830322, -0.7913637757301331, 1.2165637016296387] [0.019983962178230286, -0.013847962021827698, 0.8007060289382935, 1.2932039499282837, 0.5675380229949951, 0.9979999661445618, -1.1213120222091675, -1.078444004058838]
[-0.033944930881261826, -0.02955298312008381, 0.4481987953186035, 0.6880329251289368, -0.8016140460968018, 1.2842919826507568] [-0.003026038408279419, -0.01231396198272705, 0.8007060289382935, 1.3146799802780151, 0.5675380229949951, 0.9979999661445618, -1.1228461265563965, -1.078444004058838]
[-0.038492269814014435, -0.028913287445902824, 0.4503181278705597, 0.6352154612541199, -0.8073543906211853, 1.3417112827301025] [-0.021434038877487183, -0.013847962021827698, 0.8007060289382935, 1.340757966041565, 0.5675380229949951, 0.9983999729156494, -1.1213120222091675, -1.078444004058838]
[-0.04173082113265991, -0.02873050421476364, 0.4515351355075836, 0.5961310267448425, -0.8106957077980042, 1.3821710348129272] [-0.029104039072990417, -0.013847962021827698, 0.8007060289382935, 1.3622339963912964, 0.5675380229949951, 0.9979999661445618, -1.1228461265563965, -1.0799779891967773]
[-0.04502924531698227, -0.02843620255589485, 0.45199090242385864, 0.5647193193435669, -0.8119032382965088, 1.422959327697754] [-0.035240039229393005, -0.013847962021827698, 0.8007060289382935, 1.3867779970169067, 0.5675380229949951, 0.9983999729156494, -1.1213120222091675, -1.0799779891967773]
[-0.0493527315557003, -0.02748488448560238, 0.45176568627357483, 0.5191675424575806, -0.8042595982551575, 1.4780874252319336] [-0.0383080393075943, -0.013847962021827698, 0.7884340286254883, 1.4220600128173828, 0.5660040378570557, 0.9979999661445618, -1.1213120222091675, -1.078444004058838]
[-0.051744189113378525, -0.026129530742764473, 0.45024019479751587, 0.49434834718704224, -0.7876037955284119, 1.5095841884613037] [-0.0383080393075943, -0.013847962021827698, 0.7715600728988647, 1.4358659982681274, 0.5675380229949951, 0.9979999661445618, -1.1182440519332886, -1.0769100189208984]
[-0.05280065909028053, -0.025427715852856636, 0.44942039251327515, 0.48464760184288025, -0.7780431509017944, 1.5204670429229736] [-0.039842039346694946, -0.013847962021827698, 0.7592880725860596, 1.4450700283050537, 0.5675380229949951, 0.9979999661445618, -1.1167100667953491, -1.0769100189208984]
[-0.055159106850624084, -0.02414899505674839, 0.44777604937553406, 0.46225619316101074, -0.7587170004844666, 1.546428918838501] [-0.0383080393075943, -0.013847962021827698, 0.7439480423927307, 1.4665460586547852, 0.5675380229949951, 0.9983999729156494, -1.1167100667953491, -1.0769100189208984]
[-0.05688157305121422, -0.022395126521587372, 0.44556134939193726, 0.44852060079574585, -0.7354320287704468, 1.5651566982269287] [-0.0383080393075943, -0.01231396198272705, 0.7270740270614624, 1.4742159843444824, 0.5675380229949951, 0.9983999729156494, -1.1151760816574097, -1.075376033782959]
[-0.058332424610853195, -0.022187741473317146, 0.4454621970653534, 0.43554097414016724, -0.7304332256317139, 1.5788172483444214] [-0.04137603938579559, -0.013847962021827698, 0.722472071647644, 1.4818860292434692, 0.5675380229949951, 0.9979999661445618, -1.1121081113815308, -1.0723079442977905]
[-0.05973675101995468, -0.022189782932400703, 0.44546663761138916, 0.42349958419799805, -0.72774738073349, 1.5918691158294678] [-0.04291003942489624, -0.013847962021827698, 0.722472071647644, 1.4987599849700928, 0.5675380229949951, 0.9979999661445618, -1.1075060367584229, -1.0692399740219116]
[-0.06249810755252838, -0.02221619337797165, 0.44551315903663635, 0.402967244386673, -0.7252854704856873, 1.6179908514022827] [-0.04444403946399689, -0.013847962021827698, 0.722472071647644, 1.5094980001449585, 0.5660040378570557, 0.9979999661445618, -1.104438066482544, -1.0661720037460327]
[-0.0637359693646431, -0.022267283871769905, 0.44567450881004333, 0.3951006531715393, -0.7245983481407166, 1.626620888710022] [-0.04444403946399689, -0.013847962021827698, 0.722472071647644, 1.511031985282898, 0.5675380229949951, 0.9979999661445618, -1.101370096206665, -1.0631040334701538]
[-0.06462263315916061, -0.022303631529211998, 0.44595056772232056, 0.38865962624549866, -0.7254608869552612, 1.6312439441680908] [-0.04444403946399689, -0.013847962021827698, 0.722472071647644, 1.5140999555587769, 0.5675380229949951, 0.9979999661445618, -1.0967680215835571, -1.0600359439849854]
[-0.06591322273015976, -0.022285155951976776, 0.4460720419883728, 0.3834230303764343, -0.7237240076065063, 1.6366238594055176] [-0.04444403946399689, -0.013847962021827698, 0.7240060567855835, 1.5140999555587769, 0.5660040378570557, 0.9979999661445618, -1.0906320810317993, -1.0539000034332275]
[-0.0670141950249672, -0.02231190912425518, 0.4463442862033844, 0.37794893980026245, -0.7235479354858398, 1.640256643295288] [-0.04444403946399689, -0.013847962021827698, 0.722472071647644, 1.5140999555587769, 0.5660040378570557, 0.9979999661445618, -1.0875641107559204, -1.0508320331573486]
[-0.06827479600906372, -0.022336328402161598, 0.4466625154018402, 0.3717139661312103, -0.7232633233070374, 1.6443768739700317] [-0.04444403946399689, -0.013847962021827698, 0.722472071647644, 1.5140999555587769, 0.5675380229949951, 0.9983999729156494, -1.0860300064086914, -1.0492980480194092]
[-0.06887030601501465, -0.022433625534176826, 0.446937620639801, 0.3671335279941559, -0.7246261835098267, 1.6466835737228394] [-0.04444403946399689, -0.013847962021827698, 0.7240060567855835, 1.5140999555587769, 0.5675380229949951, 0.9983999729156494, -1.0860300064086914, -1.0492980480194092]
[-0.06911397725343704, -0.02266000024974346, 0.4471268951892853, 0.36819201707839966, -0.7262375950813293, 1.6457656621932983] [-0.04291003942489624, -0.015381962060928345, 0.7301420569419861, 1.5140999555587769, 0.5675380229949951, 0.9979999661445618, -1.0860300064086914, -1.0492980480194092]
[-0.06908351927995682, -0.02356155589222908, 0.4480489492416382, 0.36595332622528076, -0.7358803749084473, 1.6437956094741821] [-0.04291003942489624, -0.02765396237373352, 0.7378120422363281, 1.5125659704208374, 0.5660040378570557, 0.9979999661445618, -1.0860300064086914, -1.0477639436721802]
[-0.06821808964014053, -0.025830145925283432, 0.44940000772476196, 0.36675718426704407, -0.7506434321403503, 1.6319211721420288] [-0.04291003942489624, -0.03225596249103546, 0.7546860575675964, 1.511031985282898, 0.5660040378570557, 0.9979999661445618, -1.0860300064086914, -1.0492980480194092]
[-0.0685296580195427, -0.028019612655043602, 0.4517241418361664, 0.36319443583488464, -0.7767143249511719, 1.636225938796997] [-0.04291003942489624, -0.035323962569236755, 0.7853660583496094, 1.511031985282898, 0.5660040378570557, 0.9979999661445618, -1.0860300064086914, -1.0492980480194092]
[-0.06849013268947601, -0.03128275275230408, 0.4549701511859894, 0.36118054389953613, -0.815563440322876, 1.6370539665222168] [-0.04137603938579559, -0.04145996272563934, 0.8206480741500854, 1.5048960447311401, 0.5660040378570557, 0.9979999661445618, -1.0860300064086914, -1.0508320331573486]
[-0.06802813708782196, -0.03513030707836151, 0.4579847753047943, 0.36127614974975586, -0.8539603352546692, 1.6326904296875] [-0.0383080393075943, -0.050663962960243225, 0.8666680455207825, 1.5033619403839111, 0.5660040378570557, 0.9979999661445618, -1.0860300064086914, -1.0539000034332275]
[-0.06730882078409195, -0.03885092958807945, 0.4607331156730652, 0.36489757895469666, -0.8919041156768799, 1.6270744800567627] [-0.03677403926849365, -0.06446996331214905, 0.9096200466156006, 1.5018279552459717, 0.5660040378570557, 0.9979999661445618, -1.0906320810317993, -1.058501958847046]
[-0.0642535537481308, -0.045307058840990067, 0.46393638849258423, 0.3726246953010559, -0.941607654094696, 1.6050363779067993] [-0.03217203915119171, -0.09514996409416199, 0.9525720477104187, 1.5018279552459717, 0.5675380229949951, 0.9983999729156494, -1.0983021259307861, -1.0677059888839722]
[-0.05897865816950798, -0.055083323270082474, 0.4677525460720062, 0.404428094625473, -1.0124070644378662, 1.547785997390747] [-0.029104039072990417, -0.12582996487617493, 1.0323400497436523, 1.4849539995193481, 0.5675380229949951, 0.9979999661445618, -1.104438066482544, -1.0769100189208984]
[-0.05560118705034256, -0.06813404709100723, 0.4730810225009918, 0.4254973828792572, -1.1087329387664795, 1.4991172552108765] [-0.02757003903388977, -0.16571396589279175, 1.1213120222091675, 1.4818860292434692, 0.5660040378570557, 0.9979999661445618, -1.1136420965194702, -1.0876480340957642]
[-0.05439738556742668, -0.08122806996107101, 0.47798702120780945, 0.44896200299263, -1.2195653915405273, 1.4719582796096802] [-0.019900038838386536, -0.1871899664402008, 1.2609061002731323, 1.4757499694824219, 0.5660040378570557, 0.9979999661445618, -1.124380111694336, -1.0983860492706299]
[-0.05089661106467247, -0.10021849721670151, 0.48209136724472046, 0.5937029719352722, -1.364066243171692, 1.3110346794128418] [-0.00762803852558136, -0.22093796730041504, 1.3882280588150024, 1.4235939979553223, 0.5660040378570557, 0.9979999661445618, -1.1320500373840332, -1.1075899600982666]
[-0.04058356210589409, -0.11561690270900726, 0.48003894090652466, 1.1912387609481812, -1.3942363262176514, 0.6656246781349182] [0.02305196225643158, -0.27002596855163574, 1.4189081192016602, 1.4021179676055908, 0.5660040378570557, 0.9983999729156494, -1.1381860971450806, -1.113726019859314]
[-0.03592275455594063, -0.1205129474401474, 0.47594159841537476, 1.3379621505737305, -1.3650901317596436, 0.48420557379722595] [0.05833396315574646, -0.30990996956825256, 1.4204421043395996, 1.3883119821548462, 0.5644700527191162, 0.9979999661445618, -1.1443220376968384, -1.1198619604110718]
[-0.029246874153614044, -0.12486982345581055, 0.4718111753463745, 1.4582509994506836, -1.318875789642334, 0.32730230689048767] [0.08287796378135681, -0.3375219702720642, 1.4204421043395996, 1.3637679815292358, 0.5460620522499084, 0.9983999729156494, -1.1489241123199463, -1.1213959455490112]
[-0.02149907313287258, -0.13055235147476196, 0.4665599465370178, 1.535568356513977, -1.2543144226074219, 0.1885850727558136] [0.1150919571518898, -0.37126997113227844, 1.4204421043395996, 1.3300199508666992, 0.516916036605835, 0.9979999661445618, -1.1504580974578857, -1.1244640350341797]
[-0.014880819246172905, -0.13682235777378082, 0.4603782296180725, 1.559880018234253, -1.1880261898040771, 0.09474998712539673] [0.15957796573638916, -0.41115397214889526, 1.421976089477539, 1.3008739948272705, 0.5046440362930298, 0.9979999661445618, -1.1504580974578857, -1.1259980201721191]
[-0.01042448915541172, -0.14130131900310516, 0.45528334379196167, 1.584972858428955, -1.1355371475219727, 0.038478802889585495] [0.18872396647930145, -0.4387659728527069, 1.4235100746154785, 1.2747960090637207, 0.5031100511550903, 0.9979999661445618, -1.1504580974578857, -1.1259980201721191]
[-0.005036817863583565, -0.14525146782398224, 0.44971224665641785, 1.6049760580062866, -1.0754462480545044, -0.006809729617089033] [0.22247196733951569, -0.4541059732437134, 1.421976089477539, 1.245650053024292, 0.5015760660171509, 0.9979999661445618, -1.1489241123199463, -1.1244640350341797]
[0.0016031092964112759, -0.14849543571472168, 0.44137832522392273, 1.6285488605499268, -0.9957851767539978, -0.04471767321228981] [0.27002596855163574, -0.46024197340011597, 1.421976089477539, 1.2011640071868896, 0.4985080361366272, 0.9979999661445618, -1.1489241123199463, -1.1259980201721191]
[0.007424891460686922, -0.15137174725532532, 0.43309277296066284, 1.6361849308013916, -0.9211578965187073, -0.07231368869543076] [0.3114439845085144, -0.47251397371292114, 1.4235100746154785, 1.1658819913864136, 0.4954400658607483, 0.9979999661445618, -1.1504580974578857, -1.129065990447998]
[0.011828731745481491, -0.15653903782367706, 0.4250090420246124, 1.641640543937683, -0.8486371636390686, -0.10879748314619064] [0.34825998544692993, -0.4939899742603302, 1.4235100746154785, 1.1352019309997559, 0.4954400658607483, 0.9979999661445618, -1.1519920825958252, -1.1305999755859375]
[0.01570158265531063, -0.15961897373199463, 0.41593992710113525, 1.63847815990448, -0.779072105884552, -0.1253095269203186] [0.42649397253990173, -0.5093299746513367, 1.425044059753418, 1.113726019859314, 0.4954400658607483, 0.9983999729156494, -1.1504580974578857, -1.1305999755859375]
[0.02000322937965393, -0.16488656401634216, 0.39601293206214905, 1.6200426816940308, -0.650252103805542, -0.14565083384513855] [0.5384759902954102, -0.5308059453964233, 1.4434521198272705, 1.1060559749603271, 0.4954400658607483, 0.9979999661445618, -1.1504580974578857, -1.1305999755859375]
[0.021855294704437256, -0.16754770278930664, 0.37925633788108826, 1.6230456829071045, -0.552247941493988, -0.16105549037456512] [0.6289819478988647, -0.5308059453964233, 1.463394045829773, 1.0983860492706299, 0.4954400658607483, 0.9979999661445618, -1.1504580974578857, -1.1305999755859375]
[0.02251414582133293, -0.16984781622886658, 0.37425005435943604, 1.6361976861953735, -0.5183236598968506, -0.1805105060338974] [0.6443219780921936, -0.5308059453964233, 1.478734016418457, 1.0815119743347168, 0.49390605092048645, 0.9983999729156494, -1.1504580974578857, -1.1305999755859375]
[0.0234878808259964, -0.17277637124061584, 0.37033331394195557, 1.6523271799087524, -0.4851960241794586, -0.20679107308387756] [0.6596620082855225, -0.5308059453964233, 1.4894720315933228, 1.0477639436721802, 0.49390605092048645, 0.9979999661445618, -1.1504580974578857, -1.132133960723877]
[0.02466139942407608, -0.17499332129955292, 0.36285072565078735, 1.656796932220459, -0.43064090609550476, -0.22284623980522156] [0.6888079643249512, -0.5308059453964233, 1.4956080913543701, 1.017084002494812, 0.4923720359802246, 0.9979999661445618, -1.1535260677337646, -1.1336679458618164]
[0.025534944608807564, -0.1767335683107376, 0.35691988468170166, 1.6578904390335083, -0.3877250850200653, -0.2352108657360077] [0.7164199948310852, -0.5308059453964233, 1.501744031906128, 0.9910060167312622, 0.4923720359802246, 0.9979999661445618, -1.155060052871704, -1.1352019309997559]
[0.025963297113776207, -0.17963793873786926, 0.34730613231658936, 1.663084626197815, -0.3221147656440735, -0.25604188442230225] [0.7486339807510376, -0.5308059453964233, 1.515550136566162, 0.9603259563446045, 0.4923720359802246, 0.9979999661445618, -1.155060052871704, -1.1352019309997559]
[0.025555942207574844, -0.18310022354125977, 0.338576078414917, 1.6734602451324463, -0.2626175582408905, -0.2826385200023651] [0.7823820114135742, -0.5308059453964233, 1.5308901071548462, 0.9219759702682495, 0.4923720359802246, 0.9979999661445618, -1.155060052871704, -1.1352019309997559]
[0.0251602903008461, -0.18588046729564667, 0.33047860860824585, 1.677147626876831, -0.20394228398799896, -0.30420583486557007] [0.8115279674530029, -0.5308059453964233, 1.5446960926055908, 0.8912959694862366, 0.4923720359802246, 0.9979999661445618, -1.155060052871704, -1.1352019309997559]
[0.024448048323392868, -0.18773937225341797, 0.3242596983909607, 1.6790170669555664, -0.16010728478431702, -0.3185422718524933] [0.8452759981155396, -0.5308059453964233, 1.5585020780563354, 0.8606159687042236, 0.4923720359802246, 0.9983999729156494, -1.1535260677337646, -1.1352019309997559]
[0.022442253306508064, -0.19017180800437927, 0.3152284324169159, 1.6764472723007202, -0.10116375237703323, -0.33729997277259827] [0.8790239691734314, -0.5308059453964233, 1.5661721229553223, 0.8330039978027344, 0.4923720359802246, 0.9979999661445618, -1.1535260677337646, -1.1352019309997559]
[0.02118416503071785, -0.19150127470493317, 0.30868086218833923, 1.673952579498291, -0.0563538633286953, -0.3488698899745941] [0.8958979845046997, -0.5308059453964233, 1.5707740783691406, 0.8176639676094055, 0.4923720359802246, 0.9979999661445618, -1.1535260677337646, -1.1352019309997559]
[0.01990382932126522, -0.19239692389965057, 0.3045552372932434, 1.6681004762649536, -0.028916267678141594, -0.3557739555835724] [0.9173740148544312, -0.5292719602584839, 1.5707740783691406, 0.8053919672966003, 0.49390605092048645, 0.9979999661445618, -1.155060052871704, -1.1352019309997559]
[0.018792973831295967, -0.19276899099349976, 0.2999698519706726, 1.662453293800354, 0.0004802848561666906, -0.35849833488464355] [0.9342479705810547, -0.5308059453964233, 1.5692400932312012, 0.7992559671401978, 0.4923720359802246, 0.9979999661445618, -1.1535260677337646, -1.1352019309997559]
[0.018395550549030304, -0.1929733157157898, 0.2999243140220642, 1.6612361669540405, 0.00048095485544763505, -0.3599041998386383] [0.9373160004615784, -0.5292719602584839, 1.5692400932312012, 0.7992559671401978, 0.49390605092048645, 0.9979999661445618, -1.155060052871704, -1.1352019309997559]
[0.01826324127614498, -0.19283998012542725, 0.2991050183773041, 1.6629045009613037, 0.00524081801995635, -0.3595314025878906] [0.9388499855995178, -0.5292719602584839, 1.5692400932312012, 0.7992559671401978, 0.4923720359802246, 0.9983999729156494, -1.155060052871704, -1.1352019309997559]
[0.018223021179437637, -0.19302065670490265, 0.2987925112247467, 1.6601574420928955, 0.00747381616383791, -0.3595123589038849] [0.9403839707374573, -0.5292719602584839, 1.5707740783691406, 0.7992559671401978, 0.4923720359802246, 0.9979999661445618, -1.1535260677337646, -1.1336679458618164]
[0.018206803128123283, -0.19278930127620697, 0.29875800013542175, 1.6600415706634521, 0.007067549973726273, -0.3585250973701477] [0.9403839707374573, -0.5292719602584839, 1.5692400932312012, 0.8007899522781372, 0.49390605092048645, 0.9979999661445618, -1.1535260677337646, -1.1336679458618164]
[0.01826815865933895, -0.1925409734249115, 0.29881882667541504, 1.6629999876022339, 0.005795598030090332, -0.35693785548210144] [0.9403839707374573, -0.5277379751205444, 1.5692400932312012, 0.8007899522781372, 0.49390605092048645, 0.9979999661445618, -1.1535260677337646, -1.1336679458618164]
[0.018345559015870094, -0.1922251135110855, 0.29877856373786926, 1.6623255014419556, 0.005974719766527414, -0.35595521330833435] [0.9403839707374573, -0.5246700048446655, 1.5677061080932617, 0.8007899522781372, 0.49390605092048645, 0.9979999661445618, -1.1535260677337646, -1.1336679458618164]
[0.018532495945692062, -0.1917952597141266, 0.29862430691719055, 1.6649683713912964, 0.005460679065436125, -0.35338813066482544] [0.9403839707374573, -0.5231359601020813, 1.5692400932312012, 0.8023239970207214, 0.4923720359802246, 0.9979999661445618, -1.1535260677337646, -1.1336679458618164]
[0.018711591139435768, -0.19131773710250854, 0.2984113395214081, 1.6671724319458008, 0.006250680889934301, -0.3514198660850525] [0.9403839707374573, -0.5200679898262024, 1.5677061080932617, 0.8007899522781372, 0.4923720359802246, 0.9979999661445618, -1.1535260677337646, -1.1336679458618164]
[0.018905052915215492, -0.1910179704427719, 0.2981887757778168, 1.667311429977417, 0.00742348562926054, -0.3494166135787964] [0.9403839707374573, -0.5185339450836182, 1.5677061080932617, 0.8023239970207214, 0.4923720359802246, 0.9979999661445618, -1.1535260677337646, -1.1336679458618164]
[0.018866082653403282, -0.19103237986564636, 0.2981785833835602, 1.6674182415008545, 0.007296692114323378, -0.34941577911376953] [0.9403839707374573, -0.5185339450836182, 1.5677061080932617, 0.8023239970207214, 0.4923720359802246, 0.9979999661445618, -1.1535260677337646, -1.1336679458618164]
[0.018919523805379868, -0.19104456901550293, 0.29816359281539917, 1.6673915386199951, 0.007510586176067591, -0.34941598773002625] [0.9403839707374573, -0.5185339450836182, 1.5677061080932617, 0.8023239970207214, 0.4923720359802246, 0.9979999661445618, -1.1535260677337646, -1.1336679458618164]
[0.018863841891288757, -0.19104629755020142, 0.2981661558151245, 1.6674734354019165, 0.0073057678528130054, -0.3494153618812561] [0.9403839707374573, -0.5185339450836182, 1.5677061080932617, 0.8023239970207214, 0.4923720359802246, 0.9979999661445618, -1.1535260677337646, -1.1336679458618164]
[0.018922563642263412, -0.19105014204978943, 0.29815828800201416, 1.6674083471298218, 0.0075288559310138226, -0.3494158387184143] [0.9403839707374573, -0.5185339450836182, 1.5677061080932617, 0.8023239970207214, 0.4923720359802246, 0.9979999661445618, -1.1535260677337646, -1.1336679458618164]
[0.01903020218014717, -0.19101586937904358, 0.2981822192668915, 1.66713547706604, 0.007881955243647099, -0.34941795468330383] [0.9403839707374573, -0.5185339450836182, 1.5677061080932617, 0.8023239970207214, 0.49390605092048645, 0.9979999661445618, -1.1535260677337646, -1.1336679458618164]
[0.019020898267626762, -0.19103923439979553, 0.29816126823425293, 1.6672348976135254, 0.007878969423472881, -0.34941715002059937] [0.9403839707374573, -0.5185339450836182, 1.5677061080932617, 0.8023239970207214, 0.49390605092048645, 0.9979999661445618, -1.1535260677337646, -1.1336679458618164]
[0.01904711127281189, -0.1909896433353424, 0.29822561144828796, 1.6685422658920288, 0.007908768020570278, -0.3494190275669098] [0.9403839707374573, -0.5185339450836182, 1.5677061080932617, 0.8023239970207214, 0.4923720359802246, 0.9979999661445618, -1.1535260677337646, -1.132133960723877]
[0.018899554386734962, -0.19102413952350616, 0.29827389121055603, 1.6689432859420776, 0.007176427636295557, -0.34941574931144714] [0.9403839707374573, -0.5185339450836182, 1.5677061080932617, 0.8023239970207214, 0.4923720359802246, 0.9979999661445618, -1.1535260677337646, -1.132133960723877]
[0.018855372443795204, -0.19103893637657166, 0.2982224225997925, 1.6690146923065186, 0.007168897427618504, -0.3494151830673218] [0.9403839707374573, -0.5185339450836182, 1.5677061080932617, 0.8023239970207214, 0.4923720359802246, 0.9983999729156494, -1.1535260677337646, -1.1336679458618164]
