[0.063249371945858, -0.0918969139456749, 0.2920854985713959, 1.4614393711090088, 0.03534047678112984, 0.3022388815879822] [0.6059719920158386, -0.22400596737861633, 0.9050180912017822, 0.8330039978027344, 0.5123140811920166, 0.9979999661445618, -1.3007900714874268, -1.299340009689331]
[0.0632082149386406, -0.09199132770299911, 0.29199719429016113, 1.461340308189392, 0.03600578382611275, 0.3014083206653595] [0.6059719920158386, -0.22400596737861633, 0.9050180912017822, 0.8330039978027344, 0.5123140811920166, 0.9979999661445618, -1.3023240566253662, -1.282465934753418]
[0.06323949247598648, -0.0920170247554779, 0.29136115312576294, 1.4632487297058105, 0.03988625481724739, 0.3004237413406372] [0.6121079921722412, -0.22400596737861633, 0.9080860614776611, 0.8299359679222107, 0.5123140811920166, 0.9979999661445618, -1.3023240566253662, -1.2717280387878418]
[0.06305893510580063, -0.09182391315698624, 0.29049116373062134, 1.4656745195388794, 0.044977281242609024, 0.30084773898124695] [0.6167099475860596, -0.22400596737861633, 0.9080860614776611, 0.8299359679222107, 0.5123140811920166, 0.9979999661445618, -1.3023240566253662, -1.2701940536499023]
[0.0618353895843029, -0.09123143553733826, 0.29200729727745056, 1.4602097272872925, 0.039574746042490005, 0.300672709941864] [0.6167099475860596, -0.22400596737861633, 0.9065520763397217, 0.8314700126647949, 0.5123140811920166, 0.9979999661445618, -1.3007900714874268, -1.2686599493026733]
[0.06118970364332199, -0.09094689786434174, 0.29317113757133484, 1.4572513103485107, 0.03511890023946762, 0.2998652160167694] [0.6167099475860596, -0.22400596737861633, 0.9065520763397217, 0.8299359679222107, 0.5123140811920166, 0.9979999661445618, -1.3007900714874268, -1.2686599493026733]
[0.060834988951683044, -0.09084618091583252, 0.29368847608566284, 1.4559907913208008, 0.032771386206150055, 0.2995223104953766] [0.6167099475860596, -0.22400596737861633, 0.9065520763397217, 0.8314700126647949, 0.5123140811920166, 0.9979999661445618, -1.3007900714874268, -1.2701940536499023]
[0.06067141145467758, -0.09071401506662369, 0.29352399706840515, 1.4535585641860962, 0.034761153161525726, 0.3003218173980713] [0.6167099475860596, -0.22400596737861633, 0.8942800760269165, 0.8314700126647949, 0.5123140811920166, 0.9979999661445618, -1.3007900714874268, -1.2686599493026733]
[0.060358546674251556, -0.08964112401008606, 0.2930567264556885, 1.447333574295044, 0.03826150298118591, 0.3088213801383972] [0.6167099475860596, -0.22093796730041504, 0.892746090888977, 0.8314700126647949, 0.5123140811920166, 0.9979999661445618, -1.3023240566253662, -1.2671259641647339]
[0.06051025167107582, -0.0896039754152298, 0.29411444067955017, 1.4454139471054077, 0.03274460881948471, 0.308728963136673] [0.6090399622917175, -0.22093796730041504, 0.892746090888977, 0.8330039978027344, 0.5123140811920166, 0.9979999661445618, -1.2961881160736084, -1.264057993888855]
[0.06079614534974098, -0.08912784606218338, 0.29649683833122253, 1.442881464958191, 0.01922265812754631, 0.3116872012615204] [0.6029039621353149, -0.22093796730041504, 0.892746090888977, 0.8345379829406738, 0.5123140811920166, 0.9979999661445618, -1.2885180711746216, -1.2517859935760498]
[0.060154177248477936, -0.08925259858369827, 0.29803159832954407, 1.4409903287887573, 0.011357864364981651, 0.3116202652454376] [0.6013699769973755, -0.22093796730041504, 0.892746090888977, 0.8345379829406738, 0.5123140811920166, 0.9979999661445618, -1.274712085723877, -1.2349120378494263]
[0.05855807662010193, -0.08911865949630737, 0.30065491795539856, 1.4361854791641235, -0.0016101872315630317, 0.3134213089942932] [0.6013699769973755, -0.22093796730041504, 0.8912120461463928, 0.8360719680786133, 0.5123140811920166, 0.9979999661445618, -1.2593721151351929, -1.2149699926376343]
[0.057044725865125656, -0.08887521177530289, 0.3039826452732086, 1.4318604469299316, -0.018224867060780525, 0.31469035148620605] [0.5952339768409729, -0.22093796730041504, 0.8912120461463928, 0.8360719680786133, 0.5123140811920166, 0.9979999661445618, -1.2486340999603271, -1.202697992324829]
[0.055597491562366486, -0.08918032795190811, 0.3077942132949829, 1.4248284101486206, -0.03720896691083908, 0.3136226236820221] [0.5906319618225098, -0.2194039672613144, 0.8912120461463928, 0.8360719680786133, 0.5123140811920166, 0.9979999661445618, -1.236362099647522, -1.1858240365982056]
[0.0541100911796093, -0.08911217004060745, 0.31210026144981384, 1.41815185546875, -0.05926511809229851, 0.31485649943351746] [0.5814279913902283, -0.2194039672613144, 0.8896780610084534, 0.8376059532165527, 0.5123140811920166, 0.9983999729156494, -1.2194880247116089, -1.167415976524353]
[0.05286022648215294, -0.08916543424129486, 0.3185056447982788, 1.4077398777008057, -0.09166819602251053, 0.31560206413269043] [0.5630199909210205, -0.2194039672613144, 0.8896780610084534, 0.8406739830970764, 0.5123140811920166, 0.9979999661445618, -1.2087500095367432, -1.1582119464874268]
[0.051752228289842606, -0.08876826614141464, 0.32293859124183655, 1.3993703126907349, -0.11536037921905518, 0.3200931251049042] [0.5507479906082153, -0.2194039672613144, 0.8896780610084534, 0.8422079682350159, 0.5123140811920166, 0.9979999661445618, -1.1995460987091064, -1.1444059610366821]
[0.0501352921128273, -0.08873008191585541, 0.3281269967556, 1.3903709650039673, -0.14167086780071259, 0.32121193408966064] [0.5384759902954102, -0.2194039672613144, 0.8896780610084534, 0.8437420129776001, 0.5123140811920166, 0.9979999661445618, -1.1857401132583618, -1.1336679458618164]
[0.04869070276618004, -0.08792386949062347, 0.33303970098495483, 1.3827792406082153, -0.16883179545402527, 0.3285694718360901] [0.5216019749641418, -0.2194039672613144, 0.8896780610084534, 0.8575479984283447, 0.5123140811920166, 0.9979999661445618, -1.175002098083496, -1.1229300498962402]
[0.046499576419591904, -0.08684134483337402, 0.3401627838611603, 1.3702970743179321, -0.21027210354804993, 0.34165158867836] [0.506261944770813, -0.2194039672613144, 0.8896780610084534, 0.8820919990539551, 0.5123140811920166, 0.9983999729156494, -1.1673320531845093, -1.1152600049972534]
[0.04360830783843994, -0.08483221381902695, 0.3473292589187622, 1.3536176681518555, -0.2557760775089264, 0.3654785752296448] [0.4878539741039276, -0.2194039672613144, 0.8866100311279297, 0.9035679697990417, 0.5123140811920166, 0.9979999661445618, -1.1611961126327515, -1.1106579303741455]
[0.041799988597631454, -0.08371501415967941, 0.35230034589767456, 1.3417588472366333, -0.2860698699951172, 0.3801592290401459] [0.4740479588508606, -0.2194039672613144, 0.8835420608520508, 0.9296460151672363, 0.5123140811920166, 0.9979999661445618, -1.1535260677337646, -1.0999200344085693]
[0.038505397737026215, -0.08163897693157196, 0.3606322705745697, 1.3191972970962524, -0.3383404314517975, 0.4091743230819702] [0.44336795806884766, -0.2194039672613144, 0.8804740905761719, 0.951121985912323, 0.5123140811920166, 0.9979999661445618, -1.1458560228347778, -1.090716004371643]
[0.03541018068790436, -0.0800340324640274, 0.3702192008495331, 1.2841286659240723, -0.3898911476135254, 0.4352692663669586] [0.40808597207069397, -0.2194039672613144, 0.8697360754013062, 0.9710639715194702, 0.5123140811920166, 0.9979999661445618, -1.1381860971450806, -1.0815119743347168]
[0.03142084926366806, -0.07809153199195862, 0.3786165714263916, 1.2525193691253662, -0.4380916953086853, 0.46717095375061035] [0.3804739713668823, -0.2194039672613144, 0.8636000752449036, 0.9925400018692017, 0.5107800364494324, 0.9979999661445618, -1.1274480819702148, -1.0738420486450195]
[0.028637941926717758, -0.07695029675960541, 0.38345515727996826, 1.2283380031585693, -0.46505042910575867, 0.4868791699409485] [0.35899797081947327, -0.2194039672613144, 0.8559300899505615, 1.0094139575958252, 0.5107800364494324, 0.9983999729156494, -1.1228461265563965, -1.0692399740219116]
[0.024571357294917107, -0.07470302283763885, 0.3896620273590088, 1.1910303831100464, -0.5006631016731262, 0.5237366557121277] [0.3375219702720642, -0.2194039672613144, 0.837522029876709, 1.0370259284973145, 0.5107800364494324, 0.9979999661445618, -1.119778037071228, -1.0661720037460327]
[0.02128102444112301, -0.07195643335580826, 0.39340972900390625, 1.1509450674057007, -0.5208045244216919, 0.5644324421882629] [0.3145119547843933, -0.21786996722221375, 0.8145120739936829, 1.070773959159851, 0.5107800364494324, 0.9979999661445618, -1.1167100667953491, -1.0631040334701538]
[0.016003062948584557, -0.06832441687583923, 0.3996090888977051, 1.0913779735565186, -0.5552833080291748, 0.6261746287345886] [0.2822979688644409, -0.21786996722221375, 0.7976380586624146, 1.0999200344085693, 0.5107800364494324, 0.9979999661445618, -1.1151760816574097, -1.0615699291229248]
[0.011952565051615238, -0.06596051156520844, 0.40521040558815, 1.048155426979065, -0.5867151021957397, 0.6721388697624207] [0.2500839829444885, -0.21786996722221375, 0.7945700883865356, 1.1352019309997559, 0.5107800364494324, 0.9979999661445618, -1.1136420965194702, -1.0600359439849854]
[0.0058666071854531765, -0.06379950046539307, 0.4126201570034027, 0.9949434995651245, -0.6341965198516846, 0.7333552837371826] [0.22553996741771698, -0.2194039672613144, 0.7945700883865356, 1.170483946800232, 0.5107800364494324, 0.9979999661445618, -1.1105740070343018, -1.0569679737091064]
[0.0016975022153928876, -0.062403883785009384, 0.41666707396507263, 0.9609099626541138, -0.6614214777946472, 0.7744836211204529] [0.2101999670267105, -0.21786996722221375, 0.7945700883865356, 1.205765962600708, 0.5107800364494324, 0.9979999661445618, -1.1059720516204834, -1.052366018295288]
[-0.0036205414216965437, -0.060703981667757034, 0.4212298095226288, 0.9137353897094727, -0.6904845833778381, 0.8280959725379944] [0.1902579665184021, -0.21786996722221375, 0.7945700883865356, 1.2333779335021973, 0.5107800364494324, 0.9979999661445618, -1.1029040813446045, -1.0477639436721802]
[-0.009473507292568684, -0.059220705181360245, 0.42652761936187744, 0.8609755039215088, -0.7226384878158569, 0.88657546043396] [0.1672479659318924, -0.2163359671831131, 0.7945700883865356, 1.264057993888855, 0.5107800364494324, 0.9979999661445618, -1.0967680215835571, -1.0416280031204224]
[-0.014019858092069626, -0.05790643021464348, 0.42971131205558777, 0.8197143077850342, -0.7408379316329956, 0.9319090247154236] [0.15190796554088593, -0.21173396706581116, 0.7945700883865356, 1.2870680093765259, 0.5107800364494324, 0.9979999661445618, -1.0906320810317993, -1.035491943359375]
[-0.01972591131925583, -0.0553102046251297, 0.43393173813819885, 0.7700064778327942, -0.7625698447227478, 0.9931753873825073] [0.13196596503257751, -0.19946196675300598, 0.7945700883865356, 1.3039419651031494, 0.5107800364494324, 0.9979999661445618, -1.084496021270752, -1.0293560028076172]
[-0.025000033900141716, -0.05202041193842888, 0.43710917234420776, 0.7272641062736511, -0.7776216268539429, 1.0530911684036255] [0.11202395707368851, -0.17338396608829498, 0.7945700883865356, 1.3269519805908203, 0.5107800364494324, 0.9983999729156494, -1.0798940658569336, -1.0247540473937988]
[-0.032431166619062424, -0.047432150691747665, 0.44143587350845337, 0.6640808582305908, -0.7951218485832214, 1.1403028964996338] [0.0859459638595581, -0.14730596542358398, 0.7961040735244751, 1.3392239809036255, 0.5107800364494324, 0.9979999661445618, -1.0752921104431152, -1.0216859579086304]
[-0.03745841979980469, -0.04388990253210068, 0.44433850049972534, 0.6219835877418518, -0.8040717840194702, 1.2013318538665771] [0.06753796339035034, -0.12582996487617493, 0.7945700883865356, 1.357632040977478, 0.5107800364494324, 0.9979999661445618, -1.0752921104431152, -1.020151972770691]
[-0.0442303903400898, -0.0413595549762249, 0.44706353545188904, 0.5562376976013184, -0.8126596212387085, 1.2832585573196411] [0.04912996292114258, -0.1181599572300911, 0.7945700883865356, 1.3867779970169067, 0.5107800364494324, 0.9983999729156494, -1.0752921104431152, -1.020151972770691]
[-0.048729024827480316, -0.04081791639328003, 0.44940391182899475, 0.5028285384178162, -0.8183774352073669, 1.337910532951355] [0.02765396237373352, -0.11969395726919174, 0.7945700883865356, 1.418992042541504, 0.5107800364494324, 0.9979999661445618, -1.0752921104431152, -1.0216859579086304]
[-0.05427923798561096, -0.03999250754714012, 0.45087143778800964, 0.4428274631500244, -0.8199409246444702, 1.4080055952072144] [0.01691596210002899, -0.11969395726919174, 0.7961040735244751, 1.4450700283050537, 0.5107800364494324, 0.9979999661445618, -1.0752921104431152, -1.0216859579086304]
[-0.058458153158426285, -0.03949965909123421, 0.4511401057243347, 0.3987678587436676, -0.8190771341323853, 1.462241530418396] [0.01231396198272705, -0.11969395726919174, 0.7945700883865356, 1.4803520441055298, 0.5107800364494324, 0.9979999661445618, -1.0752921104431152, -1.020151972770691]
[-0.061011236160993576, -0.03915800899267197, 0.4510362446308136, 0.3761758804321289, -0.8167795538902283, 1.493378758430481] [0.010779961943626404, -0.11969395726919174, 0.7945700883865356, 1.5156340599060059, 0.5107800364494324, 0.9979999661445618, -1.0752921104431152, -1.0216859579086304]
[-0.06597698479890823, -0.03842832148075104, 0.45044589042663574, 0.326560378074646, -0.8095189332962036, 1.5585007667541504] [0.009245961904525757, -0.11969395726919174, 0.7976380586624146, 1.5447800159454346, 0.5107800364494324, 0.9979999661445618, -1.0752921104431152, -1.020151972770691]
[-0.0673423707485199, -0.03853413835167885, 0.4507739245891571, 0.3129708170890808, -0.8117573261260986, 1.5762073993682861] [0.00771196186542511, -0.12122795730829239, 0.8022400736808777, 1.5647220611572266, 0.5107800364494324, 0.9983999729156494, -1.0752921104431152, -1.0216859579086304]
[-0.06750264763832092, -0.03889033943414688, 0.45107266306877136, 0.3100748360157013, -0.8137410879135132, 1.5770630836486816] [0.006177961826324463, -0.11969395726919174, 0.8022400736808777, 1.5723919868469238, 0.5107800364494324, 0.9979999661445618, -1.0752921104431152, -1.0216859579086304]
[-0.06797970086336136, -0.03872350975871086, 0.4513571262359619, 0.3050684630870819, -0.8134711980819702, 1.5822186470031738] [0.003109961748123169, -0.11969395726919174, 0.8037740588188171, 1.5800620317459106, 0.5107800364494324, 0.9979999661445618, -1.0752921104431152, -1.020151972770691]
[-0.06820084154605865, -0.03882107511162758, 0.4516695439815521, 0.3021641969680786, -0.814998984336853, 1.5846121311187744] [4.1961669921875e-05, -0.11969395726919174, 0.8037740588188171, 1.5861979722976685, 0.5107800364494324, 0.9979999661445618, -1.0752921104431152, -1.020151972770691]
[-0.06856274604797363, -0.0388941615819931, 0.4518366754055023, 0.2988010048866272, -0.8151775598526001, 1.58706796169281] [4.1961669921875e-05, -0.11969395726919174, 0.8037740588188171, 1.589266061782837, 0.5107800364494324, 0.9979999661445618, -1.0737581253051758, -1.0186179876327515]
[-0.06869332492351532, -0.03904704377055168, 0.45199909806251526, 0.29793116450309753, -0.8168113827705383, 1.587968111038208] [4.1961669921875e-05, -0.12122795730829239, 0.8037740588188171, 1.589266061782837, 0.5107800364494324, 0.9979999661445618, -1.0737581253051758, -1.0186179876327515]
[-0.06840114295482635, -0.039190005511045456, 0.4518384635448456, 0.30064845085144043, -0.8170561194419861, 1.5844825506210327] [4.1961669921875e-05, -0.12122795730829239, 0.8053080439567566, 1.587731957435608, 0.5107800364494324, 0.9979999661445618, -1.0737581253051758, -1.020151972770691]
[-0.0686521902680397, -0.03898058459162712, 0.45186367630958557, 0.2982565760612488, -0.815508246421814, 1.5875059366226196] [0.001575961709022522, -0.12122795730829239, 0.8053080439567566, 1.587731957435608, 0.5107800364494324, 0.9979999661445618, -1.0737581253051758, -1.0186179876327515]
[-0.06850888580083847, -0.03936941176652908, 0.4518379867076874, 0.29994359612464905, -0.8176255822181702, 1.5850412845611572] [4.1961669921875e-05, -0.12122795730829239, 0.8053080439567566, 1.587731957435608, 0.5107800364494324, 0.9979999661445618, -1.0737581253051758, -1.020151972770691]
[-0.06847785413265228, -0.039815958589315414, 0.4521368741989136, 0.2975081503391266, -0.8196133375167847, 1.5840473175048828] [4.1961669921875e-05, -0.12276195734739304, 0.8129780292510986, 1.587731957435608, 0.5107800364494324, 0.9979999661445618, -1.0737581253051758, -1.020151972770691]
[-0.0680108368396759, -0.04077049344778061, 0.45257025957107544, 0.2993127703666687, -0.8263718485832214, 1.5791854858398438] [0.001575961709022522, -0.13349996507167816, 0.819114089012146, 1.5800620317459106, 0.5107800364494324, 0.9979999661445618, -1.0737581253051758, -1.0216859579086304]
[-0.06691549718379974, -0.043949440121650696, 0.4536832869052887, 0.29692983627319336, -0.8417249321937561, 1.5621075630187988] [0.001575961709022522, -0.15037396550178528, 0.8344540596008301, 1.5677900314331055, 0.5107800364494324, 0.9979999661445618, -1.0737581253051758, -1.0232199430465698]
[-0.06697216629981995, -0.04679380729794502, 0.45548272132873535, 0.29448968172073364, -0.8671880960464478, 1.5602754354476929] [0.003109961748123169, -0.1611119657754898, 0.8697360754013062, 1.5555180311203003, 0.5092460513114929, 0.9979999661445618, -1.0752921104431152, -1.0232199430465698]
[-0.06696751713752747, -0.05102398991584778, 0.45819172263145447, 0.2876887321472168, -0.9023916125297546, 1.5572160482406616] [0.004643961787223816, -0.17951996624469757, 0.8988820314407349, 1.5447800159454346, 0.5092460513114929, 0.9979999661445618, -1.0737581253051758, -1.0232199430465698]
[-0.06572063267230988, -0.05669216811656952, 0.460661381483078, 0.2890990674495697, -0.9374092221260071, 1.5294561386108398] [0.006177961826324463, -0.21480196714401245, 0.931096076965332, 1.5340420007705688, 0.5092460513114929, 0.9979999661445618, -1.0752921104431152, -1.0247540473937988]
[-0.0631534531712532, -0.06382755190134048, 0.46336761116981506, 0.3069118559360504, -0.9776668548583984, 1.4726738929748535] [0.00771196186542511, -0.24854996800422668, 0.961776077747345, 1.511031985282898, 0.5092460513114929, 0.9979999661445618, -1.0752921104431152, -1.0247540473937988]
[-0.060317590832710266, -0.07247305661439896, 0.4666553735733032, 0.34613585472106934, -1.0287601947784424, 1.3960936069488525] [0.009245961904525757, -0.2822979688644409, 0.9985920786857605, 1.4864879846572876, 0.5092460513114929, 0.9979999661445618, -1.0737581253051758, -1.0262880325317383]
[-0.05710706114768982, -0.0820312649011612, 0.46956703066825867, 0.3944956958293915, -1.0802521705627441, 1.297820806503296] [0.010779961943626404, -0.31604596972465515, 1.046146035194397, 1.4512059688568115, 0.4985080361366272, 0.9979999661445618, -1.0737581253051758, -1.0293560028076172]
[-0.05167199671268463, -0.08839964121580124, 0.4708652198314667, 0.47047486901283264, -1.1084802150726318, 1.195963740348816] [0.010779961943626404, -0.3543959856033325, 1.0722240209579468, 1.4159239530563354, 0.4985080361366272, 0.9979999661445618, -1.0752921104431152, -1.0308899879455566]
[-0.045941561460494995, -0.0978192687034607, 0.47237908840179443, 0.5870673656463623, -1.1375160217285156, 1.0345873832702637] [0.01231396198272705, -0.38814395666122437, 1.0952340364456177, 1.376039981842041, 0.4985080361366272, 0.9979999661445618, -1.0752921104431152, -1.0308899879455566]
[-0.041961781680583954, -0.10522744804620743, 0.4728616178035736, 0.6920909881591797, -1.1491129398345947, 0.8946629166603088] [0.01231396198272705, -0.421891987323761, 1.1151760816574097, 1.3300199508666992, 0.4985080361366272, 0.9979999661445618, -1.0752921104431152, -1.0308899879455566]
[-0.03799832612276077, -0.11419916152954102, 0.47350573539733887, 0.8240506052970886, -1.1571341753005981, 0.7222666144371033] [0.01231396198272705, -0.4479699730873108, 1.1320500373840332, 1.2870680093765259, 0.49697405099868774, 0.9979999661445618, -1.0737581253051758, -1.0308899879455566]
[-0.0350288562476635, -0.12118963897228241, 0.47366863489151, 0.9287643432617188, -1.1569229364395142, 0.5841602087020874] [0.013847962021827698, -0.47864997386932373, 1.1504580974578857, 1.2379800081253052, 0.4816340506076813, 0.9979999661445618, -1.0752921104431152, -1.032423973083496]
[-0.0286692064255476, -0.13257211446762085, 0.47273290157318115, 1.1131789684295654, -1.1309139728546143, 0.34434974193573] [0.01231396198272705, -0.5001260042190552, 1.1796040534973145, 1.0953179597854614, 0.46782803535461426, 0.9979999661445618, -1.0737581253051758, -1.0293560028076172]
[-0.010952839627861977, -0.15460386872291565, 0.4663194417953491, 1.5005953311920166, -0.9821959137916565, -0.08371350914239883] [0.01231396198272705, -0.5001260042190552, 1.2486340999603271, 0.854479968547821, 0.4601580500602722, 0.9979999661445618, -1.0722240209579468, -1.0293560028076172]
[-0.0054916623048484325, -0.17019528150558472, 0.4607264995574951, 1.7161297798156738, -0.8722009062767029, -0.28565385937690735] [0.01231396198272705, -0.5016599893569946, 1.3115280866622925, 0.7547699809074402, 0.4601580500602722, 0.9983999729156494, -1.0722240209579468, -1.0308899879455566]
[-0.0065763238817453384, -0.17329709231853485, 0.46012046933174133, 1.7510712146759033, -0.8601709604263306, -0.3196800649166107] [0.013847962021827698, -0.5093299746513367, 1.3207321166992188, 0.7517019510269165, 0.45862406492233276, 0.9983999729156494, -1.0722240209579468, -1.032423973083496]
[-0.007763758301734924, -0.1775120198726654, 0.4592491388320923, 1.7612504959106445, -0.8490725159645081, -0.34925949573516846] [0.013847962021827698, -0.5292719602584839, 1.3207321166992188, 0.7332940101623535, 0.45862406492233276, 0.9983999729156494, -1.0768260955810547, -1.0370259284973145]
[-0.005142424255609512, -0.18450142443180084, 0.45506948232650757, 1.7681987285614014, -0.8039116263389587, -0.39092758297920227] [0.01691596210002899, -0.5599519610404968, 1.3222661018371582, 0.6949439644813538, 0.45862406492233276, 0.9979999661445618, -1.0798940658569336, -1.0431619882583618]
[-0.0023833713494241238, -0.18876513838768005, 0.45156732201576233, 1.7744206190109253, -0.766072690486908, -0.41562700271606445] [0.02305196225643158, -0.5844959616661072, 1.3238000869750977, 0.6458559632301331, 0.45862406492233276, 0.9983999729156494, -1.0798940658569336, -1.0446959733963013]
[0.000759081041906029, -0.196265310049057, 0.4446551501750946, 1.7808269262313843, -0.6950883269309998, -0.45649322867393494] [0.030721962451934814, -0.6013699769973755, 1.3238000869750977, 0.5706899762153625, 0.45862406492233276, 0.9979999661445618, -1.0783600807189941, -1.0446959733963013]
[0.008208611980080605, -0.20583397150039673, 0.43066978454589844, 1.8071118593215942, -0.5391551852226257, -0.5064845085144043] [0.030721962451934814, -0.6013699769973755, 1.3238000869750977, 0.37893998622894287, 0.45862406492233276, 0.9979999661445618, -1.0737581253051758, -1.0416280031204224]
[0.013742657378315926, -0.2137179672718048, 0.41475188732147217, 1.8256219625473022, -0.37847375869750977, -0.5446106791496277] [0.030721962451934814, -0.6029039621353149, 1.3238000869750977, 0.2822979688644409, 0.45862406492233276, 0.9979999661445618, -1.0737581253051758, -1.0431619882583618]
[0.01251167245209217, -0.21456047892570496, 0.41312286257743835, 1.8294954299926758, -0.36535733938217163, -0.5493192672729492] [0.03839196264743805, -0.6029039621353149, 1.3207321166992188, 0.27002596855163574, 0.45862406492233276, 0.9979999661445618, -1.0737581253051758, -1.0431619882583618]
[0.013049270026385784, -0.21554553508758545, 0.4069526493549347, 1.8103392124176025, -0.3245454728603363, -0.5500538349151611] [0.05986796319484711, -0.6013699769973755, 1.309994101524353, 0.2362779676914215, 0.45862406492233276, 0.9979999661445618, -1.0768260955810547, -1.0462299585342407]
[0.014751755632460117, -0.2165423035621643, 0.3994098901748657, 1.7993899583816528, -0.2739318907260895, -0.5518251061439514] [0.09514996409416199, -0.6013699769973755, 1.309994101524353, 0.20099596679210663, 0.45862406492233276, 0.9983999729156494, -1.081428050994873, -1.0508320331573486]
[0.01867162436246872, -0.21821780502796173, 0.3877076208591461, 1.7735745906829834, -0.19835606217384338, -0.5559874176979065] [0.13196596503257751, -0.6029039621353149, 1.309994101524353, 0.16571396589279175, 0.45862406492233276, 0.9979999661445618, -1.084496021270752, -1.0539000034332275]
[0.021451899781823158, -0.21948304772377014, 0.372951477766037, 1.7418218851089478, -0.10803067684173584, -0.5612797737121582] [0.18872396647930145, -0.6013699769973755, 1.3069260120391846, 0.12736396491527557, 0.45862406492233276, 0.9979999661445618, -1.0860300064086914, -1.0569679737091064]
[0.021915344521403313, -0.2207416296005249, 0.35526472330093384, 1.689738392829895, -0.011058452539145947, -0.5687606334686279] [0.25928795337677, -0.6013699769973755, 1.294654130935669, 0.10281995683908463, 0.4570900499820709, 0.9983999729156494, -1.0875641107559204, -1.0569679737091064]
[0.021433794870972633, -0.22114169597625732, 0.3449241518974304, 1.656417727470398, 0.04494892433285713, -0.5733270049095154] [0.3053079843521118, -0.6029039621353149, 1.2915860414505005, 0.09054796397686005, 0.45862406492233276, 0.9979999661445618, -1.0875641107559204, -1.0569679737091064]
[0.02047606185078621, -0.2213638424873352, 0.3364150822162628, 1.6313623189926147, 0.08717027306556702, -0.577029824256897] [0.3405899703502655, -0.6013699769973755, 1.2915860414505005, 0.0890139639377594, 0.45862406492233276, 0.9979999661445618, -1.0860300064086914, -1.055433988571167]
[0.01888028159737587, -0.22147846221923828, 0.3272221088409424, 1.602597951889038, 0.132478266954422, -0.5818303227424622] [0.3896779716014862, -0.6013699769973755, 1.2915860414505005, 0.08441196382045746, 0.4570900499820709, 0.9979999661445618, -1.0875641107559204, -1.0569679737091064]
[0.017520945519208908, -0.22155752778053284, 0.32121118903160095, 1.5852240324020386, 0.16342872381210327, -0.5868741273880005] [0.42035797238349915, -0.6013699769973755, 1.290052056312561, 0.08134396374225616, 0.45862406492233276, 0.9983999729156494, -1.0875641107559204, -1.0569679737091064]
[0.016756249591708183, -0.22155368328094482, 0.31771576404571533, 1.5721855163574219, 0.18019425868988037, -0.5886368155479431] [0.44643598794937134, -0.6013699769973755, 1.290052056312561, 0.07980996370315552, 0.45862406492233276, 0.9979999661445618, -1.0875641107559204, -1.0569679737091064]
[0.014823646284639835, -0.2216755449771881, 0.31070804595947266, 1.5498839616775513, 0.2150772660970688, -0.5946162939071655] [0.4847859740257263, -0.6013699769973755, 1.290052056312561, 0.07827596366405487, 0.45862406492233276, 0.9979999661445618, -1.0875641107559204, -1.0569679737091064]
[0.012758119963109493, -0.22180722653865814, 0.3040481507778168, 1.5281258821487427, 0.24694408476352692, -0.5995762348175049] [0.5185339450836182, -0.6013699769973755, 1.290052056312561, 0.07827596366405487, 0.45862406492233276, 0.9983999729156494, -1.0875641107559204, -1.0569679737091064]
[0.010714581236243248, -0.2218562662601471, 0.2982948124408722, 1.5085150003433228, 0.27483734488487244, -0.604709804058075] [0.5522819757461548, -0.6013699769973755, 1.290052056312561, 0.07827596366405487, 0.45862406492233276, 0.9983999729156494, -1.0875641107559204, -1.0569679737091064]
[0.0094887251034379, -0.22184205055236816, 0.2952982187271118, 1.4971650838851929, 0.2898581326007843, -0.6080990433692932] [0.572223961353302, -0.599835991859436, 1.290052056312561, 0.07827596366405487, 0.45862406492233276, 0.9979999661445618, -1.0875641107559204, -1.0569679737091064]
[0.00902963150292635, -0.22144608199596405, 0.29364827275276184, 1.4913967847824097, 0.29753684997558594, -0.6075922846794128] [0.5752919912338257, -0.6013699769973755, 1.290052056312561, 0.07827596366405487, 0.45862406492233276, 0.9979999661445618, -1.0875641107559204, -1.0569679737091064]
[0.00903620570898056, -0.2215651571750641, 0.29348164796829224, 1.4919908046722412, 0.29785585403442383, -0.607358992099762] [0.5768259763717651, -0.599835991859436, 1.290052056312561, 0.07980996370315552, 0.45862406492233276, 0.9983999729156494, -1.0875641107559204, -1.0569679737091064]
[0.009587263688445091, -0.2207028716802597, 0.29343149065971375, 1.4941130876541138, 0.2974126636981964, -0.6018459796905518] [0.5768259763717651, -0.5936999917030334, 1.290052056312561, 0.07980996370315552, 0.45862406492233276, 0.9979999661445618, -1.0860300064086914, -1.055433988571167]
[0.009787227027118206, -0.220216765999794, 0.29321736097335815, 1.4984990358352661, 0.2989521026611328, -0.5996075868606567] [0.5768259763717651, -0.5921659469604492, 1.29312002658844, 0.08134396374225616, 0.45862406492233276, 0.9979999661445618, -1.0860300064086914, -1.055433988571167]
[0.010101375170052052, -0.2199402004480362, 0.2932676672935486, 1.4994860887527466, 0.298193097114563, -0.5971867442131042] [0.5768259763717651, -0.5906319618225098, 1.29312002658844, 0.08134396374225616, 0.45862406492233276, 0.9979999661445618, -1.0875641107559204, -1.055433988571167]
[0.010160686448216438, -0.21986275911331177, 0.29344233870506287, 1.4988504648208618, 0.29803356528282166, -0.5974121689796448] [0.5768259763717651, -0.5906319618225098, 1.29312002658844, 0.08134396374225616, 0.45862406492233276, 0.9979999661445618, -1.0860300064086914, -1.055433988571167]
[0.010181118734180927, -0.21987691521644592, 0.2934587001800537, 1.4987750053405762, 0.29807206988334656, -0.5974474549293518] [0.5768259763717651, -0.5906319618225098, 1.29312002658844, 0.08134396374225616, 0.45862406492233276, 0.9979999661445618, -1.0860300064086914, -1.055433988571167]
[0.010152360424399376, -0.21988393366336823, 0.2934722304344177, 1.4988203048706055, 0.29795408248901367, -0.5974421501159668] [0.5768259763717651, -0.5906319618225098, 1.29312002658844, 0.08134396374225616, 0.45862406492233276, 0.9979999661445618, -1.0860300064086914, -1.055433988571167]
[0.01006473321467638, -0.21994009613990784, 0.29308655858039856, 1.4983359575271606, 0.29951170086860657, -0.5975518822669983] [0.5783599615097046, -0.5921659469604492, 1.29312002658844, 0.08134396374225616, 0.45862406492233276, 0.9979999661445618, -1.0860300064086914, -1.055433988571167]
[0.010040377266705036, -0.2202545702457428, 0.29336249828338623, 1.4986331462860107, 0.29822003841400146, -0.5989376902580261] [0.5768259763717651, -0.5921659469604492, 1.29312002658844, 0.08134396374225616, 0.45862406492233276, 0.9979999661445618, -1.0860300064086914, -1.055433988571167]
[0.010220919735729694, -0.21985137462615967, 0.29347509145736694, 1.4986047744750977, 0.29819464683532715, -0.5975335240364075] [0.5768259763717651, -0.5906319618225098, 1.29312002658844, 0.08134396374225616, 0.45862406492233276, 0.9979999661445618, -1.0860300064086914, -1.055433988571167]
[0.010289926081895828, -0.21991480886936188, 0.2933768332004547, 1.4988077878952026, 0.29858413338661194, -0.5974312424659729] [0.5768259763717651, -0.5906319618225098, 1.29312002658844, 0.08134396374225616, 0.45862406492233276, 0.9979999661445618, -1.0860300064086914, -1.055433988571167]
