[0.06514868885278702, -0.04308224469423294, 0.3001001179218292, 1.785191535949707, 0.25203078985214233, 0.5632740259170532] [0.2623559832572937, 0.010696038603782654, 0.08126004040241241, 0.5354079604148865, 1.5324240922927856, 0.9979999661445618, -1.2977221012115479, -1.299340009689331]
[0.0649680495262146, -0.043097611516714096, 0.29981857538223267, 1.7859355211257935, 0.25311043858528137, 0.5634688138961792] [0.2623559832572937, 0.009162038564682007, 0.07972604036331177, 0.5354079604148865, 1.5324240922927856, 0.9979999661445618, -1.2961881160736084, -1.2870680093765259]
[0.06450489908456802, -0.04309726506471634, 0.30009937286376953, 1.7851135730743408, 0.252016544342041, 0.5632981657981873] [0.26695796847343445, 0.009162038564682007, 0.08126004040241241, 0.5354079604148865, 1.533958077430725, 0.9979999661445618, -1.2915860414505005, -1.2809319496154785]
[0.06354431062936783, -0.04308910667896271, 0.3000046908855438, 1.7872215509414673, 0.2529996633529663, 0.5634582042694092] [0.2715599536895752, 0.009162038564682007, 0.08126004040241241, 0.5354079604148865, 1.533958077430725, 0.9979999661445618, -1.2869840860366821, -1.2763299942016602]
[0.06285082548856735, -0.043057188391685486, 0.30065882205963135, 1.783801555633545, 0.2503472566604614, 0.5629895329475403] [0.27309396862983704, 0.009162038564682007, 0.08126004040241241, 0.5354079604148865, 1.533958077430725, 0.9979999661445618, -1.2869840860366821, -1.2747960090637207]
[0.06255469471216202, -0.043023813515901566, 0.30110597610473633, 1.7840042114257812, 0.24856247007846832, 0.562660276889801] [0.27309396862983704, 0.009162038564682007, 0.08126004040241241, 0.5354079604148865, 1.533958077430725, 0.9983999729156494, -1.2869840860366821, -1.2747960090637207]
[0.06242832913994789, -0.043082065880298615, 0.3013240694999695, 1.7835808992385864, 0.24747300148010254, 0.5625559091567993] [0.2715599536895752, 0.009162038564682007, 0.08126004040241241, 0.5354079604148865, 1.533958077430725, 0.9979999661445618, -1.2869840860366821, -1.2747960090637207]
[0.0623696967959404, -0.04311443492770195, 0.3013759255409241, 1.783493995666504, 0.24710291624069214, 0.562535285949707] [0.2715599536895752, 0.009162038564682007, 0.08126004040241241, 0.5354079604148865, 1.5324240922927856, 0.9979999661445618, -1.2869840860366821, -1.2747960090637207]
[0.06243211403489113, -0.04304567724466324, 0.3013700544834137, 1.7818667888641357, 0.24746234714984894, 0.5625120997428894] [0.2715599536895752, 0.009162038564682007, 0.08126004040241241, 0.5354079604148865, 1.5324240922927856, 0.9979999661445618, -1.2854501008987427, -1.2732620239257812]
[0.0621756836771965, -0.043051980435848236, 0.3012986481189728, 1.7836419343948364, 0.2477901130914688, 0.5625720620155334] [0.27309396862983704, 0.009162038564682007, 0.07665804028511047, 0.5354079604148865, 1.533958077430725, 0.9979999661445618, -1.2823820114135742, -1.2686599493026733]
[0.061296816915273666, -0.04272110015153885, 0.3013119697570801, 1.7737114429473877, 0.2496165782213211, 0.566568911075592] [0.27309396862983704, 0.009162038564682007, 0.06898804008960724, 0.5384759902954102, 1.533958077430725, 0.9979999661445618, -1.2808480262756348, -1.264057993888855]
[0.060696255415678024, -0.04264248162508011, 0.3012980818748474, 1.7642691135406494, 0.25176942348480225, 0.5672559142112732] [0.27309396862983704, 0.009162038564682007, 0.05364803969860077, 0.5384759902954102, 1.5324240922927856, 0.9979999661445618, -1.2793140411376953, -1.2625240087509155]
[0.059999018907547, -0.04234371334314346, 0.3004675507545471, 1.747100830078125, 0.2590787708759308, 0.5707681179046631] [0.2715599536895752, 0.010696038603782654, 0.039842039346694946, 0.5384759902954102, 1.5308901071548462, 0.9983999729156494, -1.274712085723877, -1.2563879489898682]
[0.059311509132385254, -0.04219581186771393, 0.300828218460083, 1.7357676029205322, 0.25864869356155396, 0.5724667310714722] [0.27309396862983704, 0.010696038603782654, 0.035240039229393005, 0.5400099754333496, 1.5262880325317383, 0.9979999661445618, -1.2670420408248901, -1.2502520084381104]
[0.05862969905138016, -0.04218979924917221, 0.3016190230846405, 1.7303930521011353, 0.25599703192710876, 0.5720784664154053] [0.2715599536895752, 0.0122300386428833, 0.029104039072990417, 0.5446119904518127, 1.5262880325317383, 0.9979999661445618, -1.2532360553741455, -1.2333779335021973]
[0.05591192469000816, -0.040304895490407944, 0.30383235216140747, 1.7112187147140503, 0.24799273908138275, 0.5854277610778809] [0.2715599536895752, 0.01683203876018524, 0.01683203876018524, 0.5507479906082153, 1.5247540473937988, 0.9979999661445618, -1.2378960847854614, -1.2195719480514526]
[0.053773242980241776, -0.039665162563323975, 0.3047921359539032, 1.698328971862793, 0.24591131508350372, 0.5932567715644836] [0.2715599536895752, 0.01683203876018524, -4.1961669921875e-05, 0.5676219463348389, 1.5232200622558594, 0.9979999661445618, -1.2256240844726562, -1.208833932876587]
[0.04962585121393204, -0.037078507244586945, 0.30679723620414734, 1.6798022985458374, 0.23923788964748383, 0.6242514252662659] [0.2715599536895752, 0.01683203876018524, -0.021517962217330933, 0.599835991859436, 1.52168607711792, 0.9979999661445618, -1.2148860692977905, -1.1996300220489502]
[0.04573071375489235, -0.034757256507873535, 0.30782464146614075, 1.6609007120132446, 0.2383672297000885, 0.6525853276252747] [0.27309396862983704, 0.01683203876018524, -0.04299396276473999, 0.6289819478988647, 1.52168607711792, 0.9979999661445618, -1.2087500095367432, -1.1950279474258423]
[0.04206779971718788, -0.03226533159613609, 0.3081912100315094, 1.6527185440063477, 0.2389727234840393, 0.6842978000640869] [0.2715599536895752, 0.01683203876018524, -0.05986796319484711, 0.6703999638557434, 1.5201520919799805, 0.9979999661445618, -1.2041480541229248, -1.1919599771499634]
[0.037418607622385025, -0.0288905780762434, 0.30840393900871277, 1.6409116983413696, 0.24218344688415527, 0.7288655042648315] [0.2715599536895752, 0.01683203876018524, -0.08441196382045746, 0.7102839946746826, 1.52168607711792, 0.9979999661445618, -1.2026140689849854, -1.1919599771499634]
[0.03226199001073837, -0.025152107700705528, 0.30816587805747986, 1.6315159797668457, 0.24850311875343323, 0.7816561460494995] [0.2715599536895752, 0.01683203876018524, -0.10588795691728592, 0.7639739513397217, 1.5201520919799805, 0.9983999729156494, -1.2026140689849854, -1.1919599771499634]
[0.02336856722831726, -0.02046748250722885, 0.3066853880882263, 1.6118158102035522, 0.2702588438987732, 0.8751318454742432] [0.26082196831703186, -0.003109961748123169, -0.1933259665966034, 0.9158399701118469, 1.5201520919799805, 0.9979999661445618, -1.2026140689849854, -1.1919599771499634]
[0.009094598703086376, -0.017011895775794983, 0.3008766770362854, 1.586841106414795, 0.332095205783844, 1.010337233543396] [0.251617968082428, -0.01231396198272705, -0.2976379692554474, 1.0339579582214355, 1.5201520919799805, 0.9979999661445618, -1.198012113571167, -1.1919599771499634]
[0.0014024293050169945, -0.016645610332489014, 0.293943852186203, 1.566611409187317, 0.394987016916275, 1.0715383291244507] [0.2500839829444885, -0.01231396198272705, -0.32218196988105774, 1.0385600328445435, 1.5201520919799805, 0.9979999661445618, -1.1903420686721802, -1.1888920068740845]
[0.0006929008523002267, -0.016103019937872887, 0.29633158445358276, 1.5557361841201782, 0.38724079728126526, 1.077293872833252] [0.23474396765232086, -0.01231396198272705, -0.3206479549407959, 1.0569679737091064, 1.5201520919799805, 0.9979999661445618, -1.1826720237731934, -1.1781539916992188]
[-0.0007725663017481565, -0.014752202667295933, 0.30265167355537415, 1.5316146612167358, 0.3628905117511749, 1.091454029083252] [0.19792796671390533, -0.01231396198272705, -0.31297796964645386, 1.0922499895095825, 1.5201520919799805, 0.9979999661445618, -1.1719341278076172, -1.170483946800232]
[-0.0035100888926535845, -0.013102039694786072, 0.3104840815067291, 1.5025155544281006, 0.334110289812088, 1.1162493228912354] [0.1611119657754898, -0.013847962021827698, -0.30377396941185, 1.1367360353469849, 1.5201520919799805, 0.9979999661445618, -1.1673320531845093, -1.167415976524353]
[-0.007137655280530453, -0.011047153733670712, 0.3181144595146179, 1.4775645732879639, 0.30605170130729675, 1.1508702039718628] [0.10742195695638657, -0.01691596210002899, -0.2915019690990448, 1.190425992012024, 1.5201520919799805, 0.9979999661445618, -1.162730097770691, -1.1658819913864136]
[-0.010623916052281857, -0.00916271097958088, 0.3293072581291199, 1.4380731582641602, 0.2619446814060211, 1.1840211153030396] [0.04452796280384064, -0.01691596210002899, -0.2623559832572937, 1.228775978088379, 1.5201520919799805, 0.9983999729156494, -1.162730097770691, -1.1643480062484741]
[-0.01953582838177681, -0.007704081479460001, 0.3420542776584625, 1.3896480798721313, 0.2091665416955948, 1.2054003477096558] [-0.01836603879928589, -0.021517962217330933, -0.23474396765232086, 1.2533199787139893, 1.5201520919799805, 0.9979999661445618, -1.162730097770691, -1.1658819913864136]
[-0.02282223477959633, -0.007892747409641743, 0.35127532482147217, 1.3419145345687866, 0.17824687063694, 1.2137939929962158] [-0.07052204012870789, -0.029187962412834167, -0.22400596737861633, 1.2778639793395996, 1.5201520919799805, 0.9979999661445618, -1.162730097770691, -1.1658819913864136]
[-0.02514168620109558, -0.00758829340338707, 0.3565653860569, 1.317506194114685, 0.15826846659183502, 1.224589228630066] [-0.10733804106712341, -0.030721962451934814, -0.20866596698760986, 1.2962720394134521, 1.5201520919799805, 0.9979999661445618, -1.162730097770691, -1.1643480062484741]
[-0.0262165330350399, -0.006648482289165258, 0.36134669184684753, 1.2970818281173706, 0.14071491360664368, 1.2458432912826538] [-0.13034804165363312, -0.030721962451934814, -0.1963939666748047, 1.3269519805908203, 1.5201520919799805, 0.9979999661445618, -1.1611961126327515, -1.1643480062484741]
[-0.025208255276083946, -0.0056495280005037785, 0.36579397320747375, 1.2784515619277954, 0.1242184266448021, 1.273603081703186] [-0.15796004235744476, -0.030721962451934814, -0.18105396628379822, 1.3438260555267334, 1.5201520919799805, 0.9979999661445618, -1.1611961126327515, -1.1643480062484741]
[-0.025870850309729576, -0.005522504914551973, 0.37005436420440674, 1.2612862586975098, 0.10667751729488373, 1.2893320322036743] [-0.18097004294395447, -0.04145996272563934, -0.16264596581459045, 1.372972011566162, 1.5201520919799805, 0.9979999661445618, -1.1611961126327515, -1.1643480062484741]
[-0.02776816301047802, -0.006964234169572592, 0.3757270574569702, 1.2410016059875488, 0.08079580217599869, 1.3058364391326904] [-0.2116500437259674, -0.061401963233947754, -0.14730596542358398, 1.4051859378814697, 1.5201520919799805, 0.9979999661445618, -1.1565940380096436, -1.1597459316253662]
[-0.030828461050987244, -0.009666619822382927, 0.3797743618488312, 1.2191228866577148, 0.06671048700809479, 1.317069411277771] [-0.2346600443124771, -0.08747996389865875, -0.13656796514987946, 1.437399983406067, 1.5201520919799805, 0.9983999729156494, -1.135118007659912, -1.1367360353469849]
[-0.034447506070137024, -0.011118633672595024, 0.38275593519210815, 1.2050753831863403, 0.053681861609220505, 1.3201842308044434] [-0.23926204442977905, -0.10128595679998398, -0.12429595738649368, 1.4588760137557983, 1.5201520919799805, 0.9979999661445618, -1.1075060367584229, -1.1106579303741455]
[-0.0389203242957592, -0.01204068586230278, 0.38505953550338745, 1.1908949613571167, 0.043109457939863205, 1.3281856775283813] [-0.23926204442977905, -0.11662595719099045, -0.11662595719099045, 1.4711480140686035, 1.52168607711792, 0.9979999661445618, -1.0798940658569336, -1.078444004058838]
[-0.04423634707927704, -0.01346877496689558, 0.38827580213546753, 1.1687743663787842, 0.030545195564627647, 1.3229988813400269] [-0.23926204442977905, -0.12889796495437622, -0.11355795711278915, 1.4742159843444824, 1.5201520919799805, 0.9979999661445618, -1.0522820949554443, -1.052366018295288]
[-0.049770526587963104, -0.0148805296048522, 0.39150097966194153, 1.1420944929122925, 0.016232116147875786, 1.3168957233428955] [-0.23926204442977905, -0.1411699652671814, -0.10895595699548721, 1.4803520441055298, 1.5201520919799805, 0.9979999661445618, -1.0262041091918945, -1.0262880325317383]
[-0.05431513860821724, -0.01686808466911316, 0.39407962560653687, 1.1229221820831299, 0.0028585740365087986, 1.3099361658096313] [-0.23926204442977905, -0.1611119657754898, -0.10128595679998398, 1.492624044418335, 1.5201520919799805, 0.9979999661445618, -1.0062620639801025, -1.0063459873199463]
[-0.06183744594454765, -0.018672579899430275, 0.3968896269798279, 1.1019608974456787, -0.012399990111589432, 1.320543885231018] [-0.23926204442977905, -0.17951996624469757, -0.0859459638595581, 1.5233039855957031, 1.5201520919799805, 0.9979999661445618, -0.9832520484924316, -0.9818019866943359]
[-0.06703329086303711, -0.019450480118393898, 0.3995155394077301, 1.0852934122085571, -0.028897814452648163, 1.3280608654022217] [-0.23926204442977905, -0.18872396647930145, -0.07367396354675293, 1.5279059410095215, 1.52168607711792, 0.9979999661445618, -0.9648440480232239, -0.9633939862251282]
[-0.07287605106830597, -0.020770108327269554, 0.40303248167037964, 1.0638203620910645, -0.05294307321310043, 1.329356074333191] [-0.2377280443906784, -0.20406396687030792, -0.05833396315574646, 1.5417120456695557, 1.52168607711792, 0.9979999661445618, -0.9433680772781372, -0.943452000617981]
[-0.07908594608306885, -0.021965602412819862, 0.40580281615257263, 1.0440139770507812, -0.07205406576395035, 1.339430570602417] [-0.23926204442977905, -0.21480196714401245, -0.0368579626083374, 1.5677900314331055, 1.5201520919799805, 0.9979999661445618, -0.9280280470848083, -0.9265779852867126]
[-0.08464469760656357, -0.022352375090122223, 0.40965011715888977, 1.0253143310546875, -0.10139697045087814, 1.349175214767456] [-0.2407960444688797, -0.2163359671831131, -0.009245961904525757, 1.584663987159729, 1.52168607711792, 0.9979999661445618, -0.9157560467720032, -0.9173740148544312]
[-0.09015300124883652, -0.022313447669148445, 0.4137551486492157, 1.0034345388412476, -0.1300118863582611, 1.3650709390640259] [-0.24539804458618164, -0.2163359671831131, 0.01836603879928589, 1.5908000469207764, 1.52168607711792, 0.9979999661445618, -0.9080860614776611, -0.9097039699554443]
[-0.09814580529928207, -0.021805351600050926, 0.4177391827106476, 0.9859583973884583, -0.15513478219509125, 1.3817834854125977] [-0.25153404474258423, -0.2163359671831131, 0.050580039620399475, 1.5908000469207764, 1.52168607711792, 0.9979999661445618, -0.9050180912017822, -0.9035679697990417]
[-0.10589618235826492, -0.021201064810156822, 0.4211624264717102, 0.9699494242668152, -0.1761884093284607, 1.3975751399993896] [-0.26227205991744995, -0.2163359671831131, 0.07359004020690918, 1.5908000469207764, 1.52168607711792, 0.9983999729156494, -0.903484046459198, -0.9020339846611023]
[-0.11036902666091919, -0.021015174686908722, 0.4239184260368347, 0.9546584486961365, -0.19254299998283386, 1.4102840423583984] [-0.269942045211792, -0.2163359671831131, 0.08586204051971436, 1.5908000469207764, 1.52168607711792, 0.9979999661445618, -0.9019500613212585, -0.9004999995231628]
[-0.11300621181726456, -0.020928025245666504, 0.425896018743515, 0.9459652900695801, -0.2055194079875946, 1.419835090637207] [-0.27147603034973145, -0.2163359671831131, 0.09813404083251953, 1.5908000469207764, 1.5232200622558594, 0.9979999661445618, -0.9004160761833191, -0.8974319696426392]
[-0.11373250931501389, -0.02084302343428135, 0.4261138439178467, 0.9459726214408875, -0.20650935173034668, 1.420674443244934] [-0.27147603034973145, -0.2163359671831131, 0.09813404083251953, 1.5908000469207764, 1.5232200622558594, 0.9979999661445618, -0.9004160761833191, -0.8974319696426392]
[-0.11387602239847183, -0.02076675184071064, 0.42601048946380615, 0.9469354748725891, -0.20600900053977966, 1.4202994108200073] [-0.269942045211792, -0.2163359671831131, 0.09813404083251953, 1.5908000469207764, 1.5232200622558594, 0.9979999661445618, -0.9004160761833191, -0.8989659547805786]
[-0.11410462856292725, -0.020824311301112175, 0.4259825348854065, 0.9479603171348572, -0.2063167840242386, 1.420443058013916] [-0.269942045211792, -0.2163359671831131, 0.09660004079341888, 1.5908000469207764, 1.5232200622558594, 0.9979999661445618, -0.9019500613212585, -0.8989659547805786]
[-0.11298053711652756, -0.020863836631178856, 0.4245415925979614, 0.9510198831558228, -0.19620826840400696, 1.41157066822052] [-0.2668740451335907, -0.21786996722221375, 0.08586204051971436, 1.5861979722976685, 1.5247540473937988, 0.9979999661445618, -0.9080860614776611, -0.9004999995231628]
[-0.11230886727571487, -0.02102535218000412, 0.4245111644268036, 0.9552565217018127, -0.19656488299369812, 1.409711241722107] [-0.2668740451335907, -0.21786996722221375, 0.08586204051971436, 1.5769939422607422, 1.5247540473937988, 0.9979999661445618, -0.9142220616340637, -0.9035679697990417]
[-0.11098649352788925, -0.02094665914773941, 0.4241234362125397, 0.9605188369750977, -0.19511055946350098, 1.40799880027771] [-0.26534003019332886, -0.2194039672613144, 0.08586204051971436, 1.566256046295166, 1.5247540473937988, 0.9979999661445618, -0.9203580617904663, -0.9035679697990417]
[-0.10882607847452164, -0.021666690707206726, 0.42359641194343567, 0.9744929671287537, -0.1966262012720108, 1.39851975440979] [-0.25920403003692627, -0.23014196753501892, 0.08432804048061371, 1.5631879568099976, 1.5247540473937988, 0.9979999661445618, -0.9234260320663452, -0.9081699848175049]
[-0.10656826198101044, -0.02300327643752098, 0.42381027340888977, 0.9812029600143433, -0.20085737109184265, 1.3843268156051636] [-0.25920403003692627, -0.24701596796512604, 0.08432804048061371, 1.561653971672058, 1.5232200622558594, 0.9979999661445618, -0.931096076965332, -0.9158399701118469]
[-0.1035674586892128, -0.025383273139595985, 0.42423784732818604, 0.9898098111152649, -0.20897455513477325, 1.363455891609192] [-0.25920403003692627, -0.2654239535331726, 0.08279404044151306, 1.5478479862213135, 1.5247540473937988, 0.9979999661445618, -0.9433680772781372, -0.9250440001487732]
[-0.09925531595945358, -0.02860339544713497, 0.42521747946739197, 0.9999968409538269, -0.22346262633800507, 1.3335880041122437] [-0.2607380449771881, -0.2915019690990448, 0.08279404044151306, 1.53097403049469, 1.5232200622558594, 0.9979999661445618, -0.9556400775909424, -0.9388499855995178]
[-0.09309504926204681, -0.03271185979247093, 0.4270325005054474, 1.0159642696380615, -0.24714745581150055, 1.288278579711914] [-0.26227205991744995, -0.31911396980285645, 0.08432804048061371, 1.5033619403839111, 1.52168607711792, 0.9979999661445618, -0.9663780927658081, -0.9465199708938599]
[-0.08656421303749084, -0.03686841204762459, 0.42907753586769104, 1.0362067222595215, -0.27142658829689026, 1.2363430261611938] [-0.26227205991744995, -0.34519195556640625, 0.08586204051971436, 1.4803520441055298, 1.52168607711792, 0.9979999661445618, -0.9740480780601501, -0.958791971206665]
[-0.08088427782058716, -0.040319472551345825, 0.4304777681827545, 1.0556086301803589, -0.289316326379776, 1.19150972366333] [-0.2607380449771881, -0.37126997113227844, 0.08586204051971436, 1.4327980279922485, 1.52168607711792, 0.9979999661445618, -0.9878540635108948, -0.9725979566574097]
[-0.07137641310691833, -0.04770148545503616, 0.43337482213974, 1.0879936218261719, -0.3234657347202301, 1.1061795949935913] [-0.2607380449771881, -0.40808597207069397, 0.08586204051971436, 1.3883119821548462, 1.52168607711792, 0.9979999661445618, -1.0062620639801025, -0.9910060167312622]
[-0.06113535538315773, -0.05632275715470314, 0.4348028600215912, 1.1301372051239014, -0.3505196273326874, 1.01569664478302] [-0.25920403003692627, -0.44950395822525024, 0.08586204051971436, 1.3422919511795044, 1.52168607711792, 0.9983999729156494, -1.0200680494308472, -1.0048120021820068]
[-0.05259222909808159, -0.06385840475559235, 0.4356387257575989, 1.1678404808044434, -0.3693009316921234, 0.9376001954078674] [-0.2576700448989868, -0.4801839590072632, 0.08586204051971436, 1.3054759502410889, 1.52168607711792, 0.9979999661445618, -1.027738094329834, -1.0094139575958252]
[-0.04467786103487015, -0.07295293360948563, 0.43649038672447205, 1.2084423303604126, -0.3892633616924286, 0.8478888273239136] [-0.25613605976104736, -0.5154659748077393, 0.08586204051971436, 1.241047978401184, 1.52168607711792, 0.9979999661445618, -1.0292720794677734, -1.0094139575958252]
[-0.035859644412994385, -0.08538758754730225, 0.43911319971084595, 1.2615598440170288, -0.42060357332229614, 0.7182946801185608] [-0.2546020448207855, -0.5415439605712891, 0.08586204051971436, 1.093783974647522, 1.52168607711792, 0.9979999661445618, -1.024670124053955, -1.0063459873199463]
[-0.019001230597496033, -0.11150576174259186, 0.44601449370384216, 1.3940272331237793, -0.4741087853908539, 0.4142288565635681] [-0.25153404474258423, -0.5430779457092285, 0.08432804048061371, 0.7854499816894531, 1.52168607711792, 0.9979999661445618, -1.023136019706726, -1.0078799724578857]
[-0.009227169677615166, -0.13548503816127777, 0.44702792167663574, 1.5136836767196655, -0.4789784550666809, 0.16070839762687683] [-0.23926204442977905, -0.5415439605712891, 0.08586204051971436, 0.6013699769973755, 1.52168607711792, 0.9979999661445618, -1.027738094329834, -1.0109479427337646]
[-0.003329136176034808, -0.15190914273262024, 0.4431072771549225, 1.5885603427886963, -0.44823914766311646, -0.006462419871240854] [-0.2085820436477661, -0.5446119904518127, 0.08586204051971436, 0.5169999599456787, 1.52168607711792, 0.9983999729156494, -1.0338740348815918, -1.017084002494812]
[0.0005598785355687141, -0.1544926017522812, 0.43609219789505005, 1.5968726873397827, -0.4077753722667694, -0.02834094688296318] [-0.17636804282665253, -0.5430779457092285, 0.08432804048061371, 0.5123980045318604, 1.52168607711792, 0.9979999661445618, -1.0492141246795654, -1.0385600328445435]
[0.005491522140800953, -0.15636825561523438, 0.4290657937526703, 1.601935625076294, -0.36692458391189575, -0.04465723782777786] [-0.1456880420446396, -0.5446119904518127, 0.08432804048061371, 0.48938798904418945, 1.52168607711792, 0.9979999661445618, -1.0706900358200073, -1.0600359439849854]
[0.012353978119790554, -0.15926016867160797, 0.4188917279243469, 1.6060588359832764, -0.30869847536087036, -0.06849105656147003] [-0.10733804106712341, -0.5446119904518127, 0.08432804048061371, 0.47251397371292114, 1.52168607711792, 0.9979999661445618, -1.0937000513076782, -1.0845799446105957]
[0.01865425892174244, -0.16105353832244873, 0.40900009870529175, 1.60804283618927, -0.25439321994781494, -0.08211449533700943] [-0.07205604016780853, -0.5446119904518127, 0.08432804048061371, 0.4571739733219147, 1.52168607711792, 0.9983999729156494, -1.1105740070343018, -1.1060559749603271]
[0.026050396263599396, -0.16453970968723297, 0.39509329199790955, 1.6081234216690063, -0.17930737137794495, -0.10929182171821594] [-0.02757003903388977, -0.5430779457092285, 0.08432804048061371, 0.4280279874801636, 1.52168607711792, 0.9979999661445618, -1.1289820671081543, -1.1275320053100586]
[0.029791712760925293, -0.16646820306777954, 0.3870770335197449, 1.6062626838684082, -0.13679558038711548, -0.12424229085445404] [0.009245961904525757, -0.5446119904518127, 0.08432804048061371, 0.41422197222709656, 1.52168607711792, 0.9979999661445618, -1.1489241123199463, -1.1444059610366821]
[0.0343666598200798, -0.1683870106935501, 0.37549951672554016, 1.6013247966766357, -0.0771917849779129, -0.137557715177536] [0.04912996292114258, -0.5430779457092285, 0.08279404044151306, 0.3988819718360901, 1.52168607711792, 0.9979999661445618, -1.1657980680465698, -1.1643480062484741]
[0.038198795169591904, -0.17011919617652893, 0.365160197019577, 1.5950818061828613, -0.02400016598403454, -0.15109911561012268] [0.07213996350765228, -0.5446119904518127, 0.08432804048061371, 0.39121198654174805, 1.52168607711792, 0.9983999729156494, -1.181138038635254, -1.1812219619750977]
[0.041482582688331604, -0.17095476388931274, 0.35555997490882874, 1.5880314111709595, 0.025078484788537025, -0.1572994738817215] [0.10281995683908463, -0.5446119904518127, 0.08432804048061371, 0.38814395666122437, 1.52168607711792, 0.9979999661445618, -1.193410038948059, -1.1934939622879028]
[0.04356755316257477, -0.17067472636699677, 0.3465510308742523, 1.5806095600128174, 0.07088308781385422, -0.1562086045742035] [0.13963596522808075, -0.5446119904518127, 0.08432804048061371, 0.3896779716014862, 1.52168607711792, 0.9979999661445618, -1.201080083847046, -1.1980960369110107]
[0.04448239877820015, -0.17073138058185577, 0.33770617842674255, 1.5737788677215576, 0.11566782742738724, -0.15693548321723938] [0.17184996604919434, -0.5446119904518127, 0.08432804048061371, 0.38814395666122437, 1.52168607711792, 0.9979999661445618, -1.2026140689849854, -1.1980960369110107]
[0.044205695390701294, -0.17081427574157715, 0.330948144197464, 1.5687212944030762, 0.14967690408229828, -0.15753509104251862] [0.2132679671049118, -0.5446119904518127, 0.08432804048061371, 0.38814395666122437, 1.52168607711792, 0.9983999729156494, -1.2026140689849854, -1.1980960369110107]
[0.04291243478655815, -0.17077957093715668, 0.32191017270088196, 1.5609596967697144, 0.19601674377918243, -0.15906432271003723] [0.2454819679260254, -0.5446119904518127, 0.08432804048061371, 0.3896779716014862, 1.52168607711792, 0.9979999661445618, -1.201080083847046, -1.1965620517730713]
[0.04200074076652527, -0.1709153801202774, 0.31768614053726196, 1.5580497980117798, 0.21732135117053986, -0.15973801910877228] [0.27309396862983704, -0.5446119904518127, 0.08432804048061371, 0.3896779716014862, 1.52168607711792, 0.9979999661445618, -1.201080083847046, -1.1980960369110107]
[0.04071608558297157, -0.17057104408740997, 0.31216102838516235, 1.553368330001831, 0.24621768295764923, -0.15939882397651672] [0.29610395431518555, -0.5430779457092285, 0.08432804048061371, 0.3896779716014862, 1.52168607711792, 0.9979999661445618, -1.201080083847046, -1.1965620517730713]
[0.03962183743715286, -0.17093244194984436, 0.3086591958999634, 1.550163745880127, 0.2642746567726135, -0.16172464191913605] [0.31297796964645386, -0.5446119904518127, 0.08432804048061371, 0.3896779716014862, 1.52168607711792, 0.9983999729156494, -1.201080083847046, -1.1965620517730713]
[0.038464147597551346, -0.17094288766384125, 0.3049463629722595, 1.5467638969421387, 0.2837207317352295, -0.1626787632703781] [0.3344539701938629, -0.5446119904518127, 0.08432804048061371, 0.3896779716014862, 1.52168607711792, 0.9979999661445618, -1.1995460987091064, -1.1965620517730713]
[0.037816114723682404, -0.17096054553985596, 0.30291301012039185, 1.5451008081436157, 0.29425743222236633, -0.1631789356470108] [0.34212398529052734, -0.5446119904518127, 0.08432804048061371, 0.3896779716014862, 1.52168607711792, 0.9979999661445618, -1.201080083847046, -1.1965620517730713]
[0.037923410534858704, -0.17085270583629608, 0.3027045428752899, 1.5443813800811768, 0.2962678372859955, -0.16316817700862885] [0.3436579704284668, -0.5430779457092285, 0.08432804048061371, 0.3896779716014862, 1.52168607711792, 0.9979999661445618, -1.201080083847046, -1.1965620517730713]
[0.03783619403839111, -0.17101144790649414, 0.3022814095020294, 1.5447235107421875, 0.2979859709739685, -0.16320469975471497] [0.34519195556640625, -0.5430779457092285, 0.08432804048061371, 0.3927459716796875, 1.52168607711792, 0.9979999661445618, -1.201080083847046, -1.1965620517730713]
[0.03825300186872482, -0.16917680203914642, 0.30173441767692566, 1.5468060970306396, 0.300245463848114, -0.15180951356887817] [0.3467259705066681, -0.5323399901390076, 0.08432804048061371, 0.39427995681762695, 1.52168607711792, 0.9979999661445618, -1.2041480541229248, -1.1950279474258423]
[0.03894486278295517, -0.16749128699302673, 0.3013768196105957, 1.5500328540802002, 0.3014620244503021, -0.14198116958141327] [0.3467259705066681, -0.5292719602584839, 0.08432804048061371, 0.39427995681762695, 1.52168607711792, 0.9979999661445618, -1.2041480541229248, -1.1950279474258423]
[0.03919932246208191, -0.16751331090927124, 0.30116572976112366, 1.5509406328201294, 0.30286905169487, -0.14239652454853058] [0.3467259705066681, -0.5292719602584839, 0.08432804048061371, 0.39427995681762695, 1.52168607711792, 0.9979999661445618, -1.2041480541229248, -1.1950279474258423]
[0.039305124431848526, -0.16747787594795227, 0.3009955585002899, 1.5491373538970947, 0.304351806640625, -0.14261198043823242] [0.3467259705066681, -0.5292719602584839, 0.08279404044151306, 0.3958139717578888, 1.52168607711792, 0.9979999661445618, -1.2041480541229248, -1.1950279474258423]
[0.03927548974752426, -0.16759967803955078, 0.30094850063323975, 1.5511277914047241, 0.3037011921405792, -0.14249826967716217] [0.3467259705066681, -0.5292719602584839, 0.08432804048061371, 0.39427995681762695, 1.52168607711792, 0.9979999661445618, -1.2041480541229248, -1.1950279474258423]
[0.03929785639047623, -0.16763602197170258, 0.3008173704147339, 1.5498299598693848, 0.30452731251716614, -0.14246176183223724] [0.3467259705066681, -0.5292719602584839, 0.08279404044151306, 0.39427995681762695, 1.52168607711792, 0.9979999661445618, -1.2041480541229248, -1.1950279474258423]
[0.03932194411754608, -0.1676432490348816, 0.3007609248161316, 1.5500953197479248, 0.30460166931152344, -0.14222031831741333] [0.3467259705066681, -0.5292719602584839, 0.08279404044151306, 0.39427995681762695, 1.52168607711792, 0.9979999661445618, -1.2041480541229248, -1.1950279474258423]
