[0.06507869809865952, -0.11586436629295349, 0.29486313462257385, 1.5863995552062988, 0.1442089080810547, 0.2156759798526764] [0.49859195947647095, -0.38814395666122437, 0.6595780849456787, 0.7394299507141113, 0.9326300621032715, 0.9979999661445618, -1.2992560863494873, -1.299340009689331]
[0.06504275649785995, -0.11568278074264526, 0.29479214549064636, 1.5835272073745728, 0.14508497714996338, 0.2162054032087326] [0.49859195947647095, -0.3896779716014862, 0.6611120700836182, 0.7394299507141113, 0.9326300621032715, 0.9979999661445618, -1.2992560863494873, -1.279397964477539]
[0.06427893042564392, -0.1153491735458374, 0.2954380214214325, 1.584486484527588, 0.1418113112449646, 0.2168515920639038] [0.5016599893569946, -0.3896779716014862, 0.6611120700836182, 0.7394299507141113, 0.9326300621032715, 0.9979999661445618, -1.2992560863494873, -1.2747960090637207]
[0.0635911151766777, -0.1156541034579277, 0.2963155508041382, 1.5836385488510132, 0.1376357525587082, 0.21470433473587036] [0.5031939744949341, -0.3896779716014862, 0.6626460552215576, 0.7394299507141113, 0.9326300621032715, 0.9979999661445618, -1.2992560863494873, -1.2732620239257812]
[0.0633511170744896, -0.1156848892569542, 0.29667702317237854, 1.5833135843276978, 0.1356445997953415, 0.21466997265815735] [0.5031939744949341, -0.3896779716014862, 0.6626460552215576, 0.7394299507141113, 0.9326300621032715, 0.9979999661445618, -1.2977221012115479, -1.2732620239257812]
[0.06312974542379379, -0.11563268303871155, 0.2967056930065155, 1.583106279373169, 0.13597770035266876, 0.21465931832790375] [0.5031939744949341, -0.38814395666122437, 0.6626460552215576, 0.7394299507141113, 0.9326300621032715, 0.9979999661445618, -1.2992560863494873, -1.2732620239257812]
[0.0631808266043663, -0.11567167192697525, 0.2970767617225647, 1.5828170776367188, 0.13403727114200592, 0.21462427079677582] [0.5031939744949341, -0.38814395666122437, 0.6611120700836182, 0.7378959655761719, 0.9326300621032715, 0.9979999661445618, -1.2977221012115479, -1.2732620239257812]
[0.06319906562566757, -0.11564186215400696, 0.29707515239715576, 1.5826916694641113, 0.13418160378932953, 0.2146178036928177] [0.5031939744949341, -0.38814395666122437, 0.6626460552215576, 0.7394299507141113, 0.9326300621032715, 0.9983999729156494, -1.2977221012115479, -1.2732620239257812]
[0.06323673576116562, -0.11534109711647034, 0.29709091782569885, 1.5834980010986328, 0.1338929831981659, 0.21600423753261566] [0.5047279596328735, -0.3896779716014862, 0.6611120700836182, 0.7394299507141113, 0.9326300621032715, 0.9983999729156494, -1.2977221012115479, -1.2717280387878418]
[0.06321784108877182, -0.11569643765687943, 0.29703542590141296, 1.5830011367797852, 0.13422437012195587, 0.21464259922504425] [0.5031939744949341, -0.38814395666122437, 0.6611120700836182, 0.7394299507141113, 0.9326300621032715, 0.9979999661445618, -1.2992560863494873, -1.2732620239257812]
[0.06313212215900421, -0.11577489972114563, 0.2967522442340851, 1.5836411714553833, 0.13557687401771545, 0.21472296118736267] [0.5031939744949341, -0.3896779716014862, 0.6626460552215576, 0.7394299507141113, 0.9326300621032715, 0.9979999661445618, -1.2992560863494873, -1.2717280387878418]
[0.06325460970401764, -0.11536703258752823, 0.29705309867858887, 1.5836901664733887, 0.13408233225345612, 0.21601857244968414] [0.5031939744949341, -0.3896779716014862, 0.6611120700836182, 0.7394299507141113, 0.9326300621032715, 0.9979999661445618, -1.2992560863494873, -1.2717280387878418]
[0.06321631371974945, -0.11570899188518524, 0.29705461859703064, 1.5830310583114624, 0.134183868765831, 0.2146507054567337] [0.5031939744949341, -0.3896779716014862, 0.6626460552215576, 0.7394299507141113, 0.9341640472412109, 0.9983999729156494, -1.2977221012115479, -1.2717280387878418]
[0.0631936714053154, -0.11566513776779175, 0.29712316393852234, 1.5843145847320557, 0.1340608447790146, 0.2146274596452713] [0.5047279596328735, -0.38814395666122437, 0.6611120700836182, 0.7394299507141113, 0.9341640472412109, 0.9979999661445618, -1.2977221012115479, -1.2732620239257812]
[0.06315464526414871, -0.11527305841445923, 0.2968444526195526, 1.5832405090332031, 0.13569101691246033, 0.21730563044548035] [0.5031939744949341, -0.3896779716014862, 0.6580440402030945, 0.7409639954566956, 0.9341640472412109, 0.9979999661445618, -1.2977221012115479, -1.2717280387878418]
[0.06300072371959686, -0.11533863842487335, 0.2968563735485077, 1.5798020362854004, 0.13563740253448486, 0.21775592863559723] [0.5016599893569946, -0.3896779716014862, 0.656510055065155, 0.7409639954566956, 0.9341640472412109, 0.9979999661445618, -1.2961881160736084, -1.2701940536499023]
[0.06291981041431427, -0.11439655721187592, 0.2983663082122803, 1.5775959491729736, 0.12613508105278015, 0.22624990344047546] [0.49859195947647095, -0.3896779716014862, 0.656510055065155, 0.7563039660453796, 0.9326300621032715, 0.9979999661445618, -1.2915860414505005, -1.264057993888855]
[0.06229114159941673, -0.11303555965423584, 0.3002691864967346, 1.577952265739441, 0.1125994473695755, 0.23847359418869019] [0.4970579743385315, -0.3896779716014862, 0.6549760699272156, 0.78084796667099, 0.931096076965332, 0.9979999661445618, -1.2869840860366821, -1.260990023612976]
[0.06140606850385666, -0.11039956659078598, 0.3043937683105469, 1.5746266841888428, 0.08437258750200272, 0.2622395157814026] [0.48938798904418945, -0.3896779716014862, 0.6534420251846313, 0.8023239970207214, 0.931096076965332, 0.9979999661445618, -1.2854501008987427, -1.2563879489898682]
[0.06066824495792389, -0.10854829847812653, 0.3077659606933594, 1.5716913938522339, 0.061950236558914185, 0.27928778529167175] [0.481717973947525, -0.3896779716014862, 0.6534420251846313, 0.8253339529037476, 0.9295620918273926, 0.9979999661445618, -1.2839161157608032, -1.2533199787139893]
[0.06011020019650459, -0.10702622681856155, 0.31041356921195984, 1.5695838928222656, 0.043821677565574646, 0.2946385145187378] [0.47558197379112244, -0.3896779716014862, 0.6519080400466919, 0.8483439683914185, 0.9280280470848083, 0.9979999661445618, -1.2823820114135742, -1.2517859935760498]
[0.05937838926911354, -0.10505738109350204, 0.31349003314971924, 1.5676997900009155, 0.022448353469371796, 0.31304243206977844] [0.4709799885749817, -0.3896779716014862, 0.6519080400466919, 0.8667519688606262, 0.9280280470848083, 0.9979999661445618, -1.2808480262756348, -1.2502520084381104]
[0.058319296687841415, -0.10272900015115738, 0.3161502480506897, 1.5634299516677856, 0.003712242702022195, 0.33416056632995605] [0.4648439884185791, -0.3896779716014862, 0.6473060846328735, 0.8897619843482971, 0.9280280470848083, 0.9979999661445618, -1.2777800559997559, -1.248718023300171]
[0.05773746967315674, -0.1012081429362297, 0.3185122311115265, 1.5557819604873657, -0.011023782193660736, 0.3486751616001129] [0.45563995838165283, -0.3896779716014862, 0.6442380547523499, 0.9081699848175049, 0.9280280470848083, 0.9979999661445618, -1.271644115447998, -1.2364460229873657]
[0.05629487335681915, -0.09896841645240784, 0.32405680418014526, 1.5470994710922241, -0.04604563117027283, 0.37202155590057373] [0.44029998779296875, -0.3896779716014862, 0.6411700248718262, 0.9419180154800415, 0.9280280470848083, 0.9979999661445618, -1.2624400854110718, -1.2257080078125]
[0.05439426749944687, -0.0966770350933075, 0.33014801144599915, 1.5318812131881714, -0.08101023733615875, 0.3956592381000519] [0.42035797238349915, -0.3896779716014862, 0.6304320693016052, 0.9572579860687256, 0.9280280470848083, 0.9979999661445618, -1.251702070236206, -1.2134360074996948]
[0.05187847837805748, -0.09428960829973221, 0.335256963968277, 1.5125125646591187, -0.1090845987200737, 0.42141228914260864] [0.40808597207069397, -0.3896779716014862, 0.6227620840072632, 0.9848699569702148, 0.9280280470848083, 0.9979999661445618, -1.2440320253372192, -1.205765962600708]
[0.049783702939748764, -0.09246832132339478, 0.339145690202713, 1.5031483173370361, -0.13293278217315674, 0.4409683346748352] [0.3988819718360901, -0.3896779716014862, 0.621228039264679, 1.0094139575958252, 0.9280280470848083, 0.9983999729156494, -1.231760025024414, -1.1934939622879028]
[0.04661602899432182, -0.0904385969042778, 0.34389424324035645, 1.4910366535186768, -0.16260559856891632, 0.46504688262939453] [0.39121198654174805, -0.3896779716014862, 0.621228039264679, 1.0385600328445435, 0.9280280470848083, 0.9979999661445618, -1.221022129058838, -1.1781539916992188]
[0.04241463169455528, -0.08769504725933075, 0.35069385170936584, 1.47306227684021, -0.20527173578739166, 0.49910616874694824] [0.37740597128868103, -0.3896779716014862, 0.6196940541267395, 1.0799779891967773, 0.9280280470848083, 0.9979999661445618, -1.2118180990219116, -1.170483946800232]
[0.03636012598872185, -0.08366576582193375, 0.3591535985469818, 1.443172574043274, -0.2593323588371277, 0.5520530343055725] [0.35899797081947327, -0.3896779716014862, 0.6181600689888, 1.1352019309997559, 0.9280280470848083, 0.9983999729156494, -1.2041480541229248, -1.1643480062484741]
[0.03202303498983383, -0.08065846562385559, 0.36445555090904236, 1.4221144914627075, -0.2956101894378662, 0.5939708352088928] [0.3405899703502655, -0.39121198654174805, 0.6181600689888, 1.1796879768371582, 0.9280280470848083, 0.9979999661445618, -1.1995460987091064, -1.1582119464874268]
[0.027165384963154793, -0.0779995247721672, 0.371733695268631, 1.3899259567260742, -0.34078869223594666, 0.6387895345687866] [0.31911396980285645, -0.39121198654174805, 0.6181600689888, 1.2211060523986816, 0.9280280470848083, 0.9979999661445618, -1.1888080835342407, -1.1459399461746216]
[0.02162495069205761, -0.0751103013753891, 0.37873002886772156, 1.3542331457138062, -0.38369739055633545, 0.6876960396766663] [0.2945699691772461, -0.3896779716014862, 0.6181600689888, 1.260990023612976, 0.9280280470848083, 0.9979999661445618, -1.178070068359375, -1.132133960723877]
[0.01443870086222887, -0.07190360873937607, 0.3871147632598877, 1.30189049243927, -0.4320100247859955, 0.7498680353164673] [0.25775396823883057, -0.3896779716014862, 0.6135580539703369, 1.3054759502410889, 0.9280280470848083, 0.9983999729156494, -1.1688660383224487, -1.1244640350341797]
[0.00716177374124527, -0.06900513172149658, 0.39478251338005066, 1.2449276447296143, -0.47396907210350037, 0.8132649064064026] [0.23014196753501892, -0.3896779716014862, 0.6089560389518738, 1.340757966041565, 0.9280280470848083, 0.9979999661445618, -1.1611961126327515, -1.1152600049972534]
[0.0010864145588129759, -0.06662233173847198, 0.39996105432510376, 1.194958209991455, -0.49819955229759216, 0.8652117252349854] [0.20252996683120728, -0.3896779716014862, 0.5890140533447266, 1.3821760416030884, 0.9280280470848083, 0.9983999729156494, -1.1519920825958252, -1.109123945236206]
[-0.0035893332678824663, -0.06429783254861832, 0.4026423394680023, 1.1491285562515259, -0.5041074752807617, 0.9117109775543213] [0.17338396608829498, -0.3896779716014862, 0.5644700527191162, 1.4036519527435303, 0.9280280470848083, 0.9979999661445618, -1.1473901271820068, -1.1029880046844482]
[-0.00900955218821764, -0.06160683184862137, 0.405263215303421, 1.0931365489959717, -0.5045862793922424, 0.9648160934448242] [0.14883996546268463, -0.3896779716014862, 0.5399260520935059, 1.4266619682312012, 0.9280280470848083, 0.9979999661445618, -1.1412540674209595, -1.0968519449234009]
[-0.012961434200406075, -0.0594029501080513, 0.40728819370269775, 1.0458247661590576, -0.4983072876930237, 1.0022857189178467] [0.12429595738649368, -0.3896779716014862, 0.5184500217437744, 1.4327980279922485, 0.9280280470848083, 0.9979999661445618, -1.1320500373840332, -1.0861139297485352]
[-0.015784207731485367, -0.05870792269706726, 0.41022709012031555, 1.0108940601348877, -0.502724289894104, 1.0217944383621216] [0.09514996409416199, -0.3896779716014862, 0.5046440362930298, 1.4404679536819458, 0.9280280470848083, 0.9979999661445618, -1.1182440519332886, -1.075376033782959]
[-0.021207153797149658, -0.05703585967421532, 0.4140710234642029, 0.956187903881073, -0.506653904914856, 1.0602437257766724] [0.0660039633512497, -0.3896779716014862, 0.48777005076408386, 1.4558080434799194, 0.9280280470848083, 0.9983999729156494, -1.1075060367584229, -1.0646380186080933]
[-0.025585219264030457, -0.05624278634786606, 0.4171283543109894, 0.9166274666786194, -0.5133693814277649, 1.0884878635406494] [0.03839196264743805, -0.3896779716014862, 0.48010003566741943, 1.4619439840316772, 0.9280280470848083, 0.9979999661445618, -1.0952340364456177, -1.0539000034332275]
[-0.030603352934122086, -0.05588816478848457, 0.42207831144332886, 0.8674654364585876, -0.5281181931495667, 1.1151138544082642] [0.009245961904525757, -0.3896779716014862, 0.4770320653915405, 1.4619439840316772, 0.9280280470848083, 0.9979999661445618, -1.084496021270752, -1.0431619882583618]
[-0.035687562078237534, -0.05579566955566406, 0.4273829162120819, 0.8179230690002441, -0.545458197593689, 1.1400673389434814] [-0.02757003903388977, -0.3896779716014862, 0.47396403551101685, 1.4619439840316772, 0.9280280470848083, 0.9979999661445618, -1.0737581253051758, -1.0308899879455566]
[-0.040859296917915344, -0.05546346679329872, 0.4322603642940521, 0.7673107981681824, -0.5582011342048645, 1.165516972541809] [-0.06285203993320465, -0.3896779716014862, 0.4662940502166748, 1.4634779691696167, 0.9280280470848083, 0.9983999729156494, -1.066088080406189, -1.0232199430465698]
[-0.04457380622625351, -0.05522306635975838, 0.435456782579422, 0.7313231229782104, -0.5659123063087463, 1.1850261688232422] [-0.09199804067611694, -0.3896779716014862, 0.46169203519821167, 1.4619439840316772, 0.9280280470848083, 0.9979999661445618, -1.0599520206451416, -1.0186179876327515]
[-0.047880619764328, -0.054983947426080704, 0.43816831707954407, 0.6984828114509583, -0.5710376501083374, 1.2012637853622437] [-0.11961004137992859, -0.3896779716014862, 0.4494200348854065, 1.4634779691696167, 0.9280280470848083, 0.9979999661445618, -1.0553500652313232, -1.014016032218933]
[-0.052314259111881256, -0.0541231594979763, 0.44162651896476746, 0.6476272344589233, -0.5713963508605957, 1.227353811264038] [-0.1594940423965454, -0.38814395666122437, 0.4371480345726013, 1.4665460586547852, 0.9280280470848083, 0.9983999729156494, -1.0507481098175049, -1.0109479427337646]
[-0.056724026799201965, -0.054017454385757446, 0.44587501883506775, 0.5971177220344543, -0.5801336765289307, 1.2527521848678589] [-0.191708043217659, -0.3896779716014862, 0.43561404943466187, 1.469614028930664, 0.9280280470848083, 0.9979999661445618, -1.0476800203323364, -1.0063459873199463]
[-0.06005539000034332, -0.05378192290663719, 0.44872215390205383, 0.5638906359672546, -0.5876979827880859, 1.273695945739746] [-0.21932004392147064, -0.3896779716014862, 0.43561404943466187, 1.469614028930664, 0.9280280470848083, 0.9979999661445618, -1.0446120500564575, -1.0048120021820068]
[-0.06497541069984436, -0.053784579038619995, 0.4533066749572754, 0.5108562111854553, -0.5998006463050842, 1.3045251369476318] [-0.2607380449771881, -0.38814395666122437, 0.43561404943466187, 1.469614028930664, 0.9280280470848083, 0.9979999661445618, -1.043078064918518, -1.001744031906128]
[-0.06944558024406433, -0.053635694086551666, 0.4574757218360901, 0.4620557129383087, -0.609641969203949, 1.3322004079818726] [-0.2929520606994629, -0.38814395666122437, 0.4340800642967224, 1.469614028930664, 0.9280280470848083, 0.9979999661445618, -1.0400100946426392, -1.001744031906128]
[-0.07285477966070175, -0.05356306955218315, 0.46046772599220276, 0.4238271117210388, -0.6156010627746582, 1.3535141944885254] [-0.33437004685401917, -0.38814395666122437, 0.43254604935646057, 1.469614028930664, 0.9280280470848083, 0.9983999729156494, -1.0384761095046997, -1.001744031906128]
[-0.07723674178123474, -0.05345461517572403, 0.4640564024448395, 0.3736285865306854, -0.6204714179039001, 1.3804432153701782] [-0.36965203285217285, -0.38814395666122437, 0.42487603425979614, 1.469614028930664, 0.9280280470848083, 0.9983999729156494, -1.0369420051574707, -1.0002100467681885]
[-0.08054327219724655, -0.05294442176818848, 0.4662313163280487, 0.33267661929130554, -0.615727424621582, 1.397292137145996] [-0.40186604857444763, -0.3866099715232849, 0.41260403394699097, 1.469614028930664, 0.9280280470848083, 0.9979999661445618, -1.0338740348815918, -0.99714195728302]
[-0.08361735194921494, -0.0520675927400589, 0.46798187494277954, 0.29787856340408325, -0.6101281642913818, 1.4141404628753662] [-0.440216064453125, -0.38507598638534546, 0.3941960334777832, 1.469614028930664, 0.9280280470848083, 0.9983999729156494, -1.030806064605713, -0.9956079721450806]
[-0.08743410557508469, -0.05114978551864624, 0.4698196053504944, 0.25203996896743774, -0.598943829536438, 1.4313849210739136] [-0.47089606523513794, -0.3835419714450836, 0.3788560628890991, 1.4711480140686035, 0.9280280470848083, 0.9983999729156494, -1.027738094329834, -0.9864040017127991]
[-0.09159117937088013, -0.05065380781888962, 0.47172820568084717, 0.21035157144069672, -0.5933233499526978, 1.4466882944107056] [-0.5015760660171509, -0.3835419714450836, 0.36965203285217285, 1.4711480140686035, 0.9280280470848083, 0.9979999661445618, -1.023136019706726, -0.9818019866943359]
[-0.09446651488542557, -0.05008885636925697, 0.4730452001094818, 0.1849924921989441, -0.5896726846694946, 1.4583866596221924] [-0.5261200666427612, -0.37893998622894287, 0.3589140474796295, 1.469614028930664, 0.9280280470848083, 0.9979999661445618, -1.0185340642929077, -0.978734016418457]
[-0.09697721898555756, -0.04897017031908035, 0.47335994243621826, 0.1612556129693985, -0.5788008570671082, 1.4673031568527222] [-0.5383920669555664, -0.3758719563484192, 0.3481760621070862, 1.469614028930664, 0.9280280470848083, 0.9979999661445618, -1.0170000791549683, -0.978734016418457]
[-0.09796424210071564, -0.04876513406634331, 0.4735005497932434, 0.15279695391654968, -0.5752824544906616, 1.4680169820785522] [-0.544528067111969, -0.3758719563484192, 0.34357404708862305, 1.469614028930664, 0.9295620918273926, 0.9979999661445618, -1.0170000791549683, -0.978734016418457]
[-0.09817377477884293, -0.04899153113365173, 0.47374266386032104, 0.15097902715206146, -0.5765935778617859, 1.465993046760559] [-0.544528067111969, -0.3758719563484192, 0.34357404708862305, 1.469614028930664, 0.9280280470848083, 0.9983999729156494, -1.0170000791549683, -0.978734016418457]
[-0.09835468232631683, -0.0488303117454052, 0.47379836440086365, 0.1507127285003662, -0.5766376256942749, 1.4663305282592773] [-0.544528067111969, -0.37740597128868103, 0.34357404708862305, 1.4680800437927246, 0.9280280470848083, 0.9983999729156494, -1.0170000791549683, -0.978734016418457]
[-0.09668315947055817, -0.04897832125425339, 0.47376400232315063, 0.15878310799598694, -0.5770986676216125, 1.4581568241119385] [-0.5429940223693848, -0.37740597128868103, 0.3420400619506836, 1.4604099988937378, 0.9280280470848083, 0.9979999661445618, -1.0185340642929077, -0.978734016418457]
[-0.09231680631637573, -0.049171436578035355, 0.4739106297492981, 0.17986416816711426, -0.5796046257019043, 1.435835838317871] [-0.5383920669555664, -0.3820079565048218, 0.3389720320701599, 1.4420020580291748, 0.9280280470848083, 0.9979999661445618, -1.0200680494308472, -0.9802680015563965]
[-0.08832135796546936, -0.05246252194046974, 0.47535982728004456, 0.19957207143306732, -0.601393461227417, 1.3974437713623047] [-0.5383920669555664, -0.41115397214889526, 0.3389720320701599, 1.431264042854309, 0.9280280470848083, 0.9983999729156494, -1.027738094329834, -0.9864040017127991]
[-0.08419622480869293, -0.0561559833586216, 0.4764084219932556, 0.2235281616449356, -0.6240543127059937, 1.3591477870941162] [-0.5337900519371033, -0.4249599575996399, 0.3389720320701599, 1.411321997642517, 0.9280280470848083, 0.9979999661445618, -1.0384761095046997, -0.9986760020256042]
[-0.07894083112478256, -0.0601973831653595, 0.4780893623828888, 0.2551549971103668, -0.651087760925293, 1.3101377487182617] [-0.5337900519371033, -0.44643598794937134, 0.3389720320701599, 1.3821760416030884, 0.9280280470848083, 0.9979999661445618, -1.0538160800933838, -1.0109479427337646]
[-0.0715346559882164, -0.06500943750143051, 0.48053351044654846, 0.29965969920158386, -0.6842798590660095, 1.2408761978149414] [-0.5337900519371033, -0.4648439884185791, 0.34050604701042175, 1.3330880403518677, 0.9280280470848083, 0.9979999661445618, -1.06302011013031, -1.0247540473937988]
[-0.06416253000497818, -0.07226981222629547, 0.4832210838794708, 0.3554116487503052, -0.7257351279258728, 1.1537361145019531] [-0.5337900519371033, -0.4939899742603302, 0.34050604701042175, 1.284000039100647, 0.9295620918273926, 0.9983999729156494, -1.0737581253051758, -1.0339579582214355]
[-0.057564180344343185, -0.08081599324941635, 0.48476365208625793, 0.4122917652130127, -0.7614709138870239, 1.0637444257736206] [-0.5337900519371033, -0.5323399901390076, 0.3420400619506836, 1.2425819635391235, 0.9280280470848083, 0.9983999729156494, -1.084496021270752, -1.0462299585342407]
[-0.05242147669196129, -0.09056509286165237, 0.48622971773147583, 0.47320109605789185, -0.7994012236595154, 0.9671018719673157] [-0.5337900519371033, -0.5737580060958862, 0.3451080322265625, 1.1980960369110107, 0.9280280470848083, 0.9979999661445618, -1.0937000513076782, -1.0569679737091064]
[-0.04595896601676941, -0.10094474256038666, 0.4873329699039459, 0.5539048314094543, -0.8323097825050354, 0.8494006395339966] [-0.5337900519371033, -0.6059719920158386, 0.3451080322265625, 1.1551439762115479, 0.9280280470848083, 0.9979999661445618, -1.101370096206665, -1.0646380186080933]
[-0.040751200169324875, -0.10964494943618774, 0.48770248889923096, 0.6270736455917358, -0.8529305458068848, 0.7459506988525391] [-0.5337900519371033, -0.6351180076599121, 0.3451080322265625, 1.1014540195465088, 0.9280280470848083, 0.9983999729156494, -1.1075060367584229, -1.0738420486450195]
[-0.03586771711707115, -0.118660107254982, 0.48814550042152405, 0.7122971415519714, -0.8699980974197388, 0.6294156312942505] [-0.5307220220565796, -0.6565939784049988, 0.3451080322265625, 1.0539000034332275, 0.9280280470848083, 0.9979999661445618, -1.1136420965194702, -1.0830459594726562]
[-0.03147066384553909, -0.12821447849273682, 0.4870661199092865, 0.794869601726532, -0.8765106201171875, 0.514570415019989] [-0.5276540517807007, -0.6888079643249512, 0.3451080322265625, 1.014016032218933, 0.9280280470848083, 0.9983999729156494, -1.1228461265563965, -1.0953179597854614]
[-0.027968311682343483, -0.13664202392101288, 0.48627564311027527, 0.8674113154411316, -0.8811656832695007, 0.41511672735214233] [-0.5276540517807007, -0.7133519649505615, 0.3451080322265625, 0.9802680015563965, 0.9280280470848083, 0.9979999661445618, -1.1320500373840332, -1.1060559749603271]
[-0.0240896325558424, -0.14543543756008148, 0.484730064868927, 0.9407788515090942, -0.8773449063301086, 0.311880499124527] [-0.5276540517807007, -0.7455660104751587, 0.34357404708862305, 0.943452000617981, 0.9280280470848083, 0.9983999729156494, -1.1458560228347778, -1.1183279752731323]
[-0.020475558936595917, -0.1562661975622177, 0.48236122727394104, 1.025430679321289, -0.8691803812980652, 0.19136321544647217] [-0.5276540517807007, -0.7793139815330505, 0.34357404708862305, 0.9097039699554443, 0.9280280470848083, 0.9979999661445618, -1.158128023147583, -1.1336679458618164]
[-0.0169163066893816, -0.1677464246749878, 0.47854748368263245, 1.107060432434082, -0.8496952652931213, 0.07099217921495438] [-0.5230520367622375, -0.8207319974899292, 0.34664204716682434, 0.8636839985847473, 0.9295620918273926, 0.9979999661445618, -1.1688660383224487, -1.1428719758987427]
[-0.015272068791091442, -0.17693644762039185, 0.4761228561401367, 1.17490553855896, -0.835889458656311, -0.026534931734204292] [-0.5215180516242981, -0.8514119982719421, 0.34664204716682434, 0.8330039978027344, 0.9280280470848083, 0.9979999661445618, -1.1796040534973145, -1.1582119464874268]
[-0.012714953161776066, -0.18823808431625366, 0.4712938070297241, 1.250754952430725, -0.8037769794464111, -0.1378672868013382] [-0.5184500217437744, -0.8866939544677734, 0.3451080322265625, 0.7961879968643188, 0.9356980323791504, 0.9979999661445618, -1.1918760538101196, -1.1735520362854004]
[-0.010628310032188892, -0.19667990505695343, 0.4672354459762573, 1.3002655506134033, -0.7736688256263733, -0.21783362329006195] [-0.5107800364494324, -0.9173740148544312, 0.34050604701042175, 0.7639739513397217, 0.9372320771217346, 0.9979999661445618, -1.2041480541229248, -1.182755947113037]
[-0.00736047001555562, -0.2030627429485321, 0.4617195427417755, 1.3278048038482666, -0.7346043586730957, -0.26974737644195557] [-0.4923720359802246, -0.9327139854431152, 0.3389720320701599, 0.7409639954566956, 0.9387660622596741, 0.9979999661445618, -1.2087500095367432, -1.190425992012024]
[-0.004331804346293211, -0.20699216425418854, 0.45757606625556946, 1.34169340133667, -0.701907217502594, -0.30211031436920166] [-0.4693620502948761, -0.9403839707374573, 0.3389720320701599, 0.7056819796562195, 0.9403000473976135, 0.9979999661445618, -1.213352084159851, -1.1950279474258423]
[5.3549159929389134e-05, -0.21290075778961182, 0.4500081539154053, 1.3565583229064941, -0.6434613466262817, -0.3471001386642456] [-0.43868204951286316, -0.9526559710502625, 0.3328360319137573, 0.6719340085983276, 0.9418340921401978, 0.9979999661445618, -1.21642005443573, -1.1965620517730713]
[0.0040500108152627945, -0.21862895786762238, 0.4417535364627838, 1.3668586015701294, -0.578794538974762, -0.39081835746765137] [-0.3941960334777832, -0.9541900157928467, 0.33130204677581787, 0.6274479627609253, 0.9479700326919556, 0.9979999661445618, -1.2179540395736694, -1.1980960369110107]
[0.00877428613603115, -0.22258171439170837, 0.43187034130096436, 1.363231897354126, -0.5078663229942322, -0.4142313599586487] [-0.3389720320701599, -0.9541900157928467, 0.3297680616378784, 0.6013699769973755, 0.9495040774345398, 0.9979999661445618, -1.2179540395736694, -1.1980960369110107]
[0.013049628585577011, -0.2246904969215393, 0.42159029841423035, 1.3368154764175415, -0.43849995732307434, -0.4200496971607208] [-0.27761203050613403, -0.9541900157928467, 0.32363206148147583, 0.5921659469604492, 0.9495040774345398, 0.9979999661445618, -1.2179540395736694, -1.1965620517730713]
[0.020368259400129318, -0.224728524684906, 0.3981921374797821, 1.2698508501052856, -0.29533785581588745, -0.39736831188201904] [-0.10733804106712341, -0.9541900157928467, 0.322098046541214, 0.5936999917030334, 0.9479700326919556, 0.9979999661445618, -1.2148860692977905, -1.1950279474258423]
[0.024894798174500465, -0.2242833375930786, 0.3723182678222656, 1.2139734029769897, -0.14403115212917328, -0.3782894015312195] [0.04912996292114258, -0.9480539560317993, 0.3328360319137573, 0.5936999917030334, 0.9479700326919556, 0.9979999661445618, -1.213352084159851, -1.1965620517730713]
[0.025125574320554733, -0.22414444386959076, 0.3700149357318878, 1.2085496187210083, -0.13095299899578094, -0.37633392214775085] [0.05373196303844452, -0.9480539560317993, 0.3328360319137573, 0.5936999917030334, 0.9479700326919556, 0.9979999661445618, -1.21642005443573, -1.1965620517730713]
[0.025255413725972176, -0.22400511801242828, 0.36761510372161865, 1.1959949731826782, -0.11545685678720474, -0.3743230998516083] [0.0660039633512497, -0.9465199708938599, 0.322098046541214, 0.5936999917030334, 0.9495040774345398, 0.9979999661445618, -1.2179540395736694, -1.1980960369110107]
[0.02572815492749214, -0.223905548453331, 0.3613561987876892, 1.1809126138687134, -0.07862424850463867, -0.3727332651615143] [0.10895595699548721, -0.9480539560317993, 0.3190300464630127, 0.5936999917030334, 0.9479700326919556, 0.9983999729156494, -1.2225561141967773, -1.2011640071868896]
[0.02611609734594822, -0.22384068369865417, 0.35483062267303467, 1.1620923280715942, -0.03979475423693657, -0.3715895712375641] [0.15037396550178528, -0.9465199708938599, 0.31442803144454956, 0.5921659469604492, 0.9495040774345398, 0.9979999661445618, -1.2256240844726562, -1.2011640071868896]
[0.026235034689307213, -0.22366686165332794, 0.3474300503730774, 1.1383470296859741, 0.00532958097755909, -0.37027475237846375] [0.1933259665966034, -0.9480539560317993, 0.2960200309753418, 0.5921659469604492, 0.9479700326919556, 0.9979999661445618, -1.2271580696105957, -1.202697992324829]
[0.025554757565259933, -0.22353221476078033, 0.33799999952316284, 1.1044265031814575, 0.06342238187789917, -0.3692498207092285] [0.23320996761322021, -0.9465199708938599, 0.2837480306625366, 0.5921659469604492, 0.9495040774345398, 0.9979999661445618, -1.2271580696105957, -1.202697992324829]
[0.02485591545701027, -0.2231990247964859, 0.3325251042842865, 1.0849857330322266, 0.09770803153514862, -0.36796125769615173] [0.26388996839523315, -0.9465199708938599, 0.2791460454463959, 0.5921659469604492, 0.9479700326919556, 0.9979999661445618, -1.2271580696105957, -1.2011640071868896]
[0.02362007647752762, -0.22328463196754456, 0.3265760540962219, 1.0701849460601807, 0.13406014442443848, -0.37073981761932373] [0.30377396941185, -0.9465199708938599, 0.27147603034973145, 0.5921659469604492, 0.9495040774345398, 0.9979999661445618, -1.2271580696105957, -1.202697992324829]
[0.02261209301650524, -0.22303859889507294, 0.3220267593860626, 1.0544254779815674, 0.1625622808933258, -0.3700900971889496] [0.3267839550971985, -0.9465199708938599, 0.269942045211792, 0.5936999917030334, 0.9495040774345398, 0.9979999661445618, -1.2271580696105957, -1.2011640071868896]
[0.021517906337976456, -0.22322708368301392, 0.31817805767059326, 1.0436843633651733, 0.18564678728580475, -0.3731653094291687] [0.3543959856033325, -0.9465199708938599, 0.2668740451335907, 0.5921659469604492, 0.9495040774345398, 0.9979999661445618, -1.2271580696105957, -1.202697992324829]
[0.01991516351699829, -0.22312374413013458, 0.31294363737106323, 1.0276527404785156, 0.21915368735790253, -0.3750137984752655] [0.3835419714450836, -0.9465199708938599, 0.25613605976104736, 0.5936999917030334, 0.9510380625724792, 0.9979999661445618, -1.2256240844726562, -1.2011640071868896]
[0.018560631200671196, -0.2230745553970337, 0.3091387152671814, 1.0105196237564087, 0.24398906528949738, -0.37616217136383057] [0.40041595697402954, -0.9465199708938599, 0.243864044547081, 0.5936999917030334, 0.9510380625724792, 0.9979999661445618, -1.2256240844726562, -1.2011640071868896]
[0.01767573319375515, -0.2223237305879593, 0.30562639236450195, 0.9962494373321533, 0.26707062125205994, -0.37291228771209717] [0.41728997230529785, -0.9419180154800415, 0.2346600443124771, 0.5936999917030334, 0.9510380625724792, 0.9979999661445618, -1.2240900993347168, -1.1996300220489502]
[0.01762031950056553, -0.22144939005374908, 0.30379098653793335, 0.9942825436592102, 0.2768344581127167, -0.3667343556880951] [0.421891987323761, -0.9327139854431152, 0.2346600443124771, 0.5936999917030334, 0.9510380625724792, 0.9979999661445618, -1.2225561141967773, -1.1980960369110107]
[0.018596794456243515, -0.21960076689720154, 0.30366456508636475, 0.9988669753074646, 0.27651041746139526, -0.35564935207366943] [0.421891987323761, -0.9250440001487732, 0.23312604427337646, 0.5967679619789124, 0.9510380625724792, 0.9979999661445618, -1.221022129058838, -1.1965620517730713]
[0.018242117017507553, -0.2184908539056778, 0.30418169498443604, 1.001684546470642, 0.27266502380371094, -0.3490108847618103] [0.421891987323761, -0.923509955406189, 0.23312604427337646, 0.5967679619789124, 0.9510380625724792, 0.9979999661445618, -1.221022129058838, -1.1965620517730713]
[0.017532864585518837, -0.2181997001171112, 0.3050186336040497, 1.0032597780227661, 0.26773709058761597, -0.3488220274448395] [0.421891987323761, -0.923509955406189, 0.23312604427337646, 0.5967679619789124, 0.9495040774345398, 0.9979999661445618, -1.221022129058838, -1.1965620517730713]
[0.017292264848947525, -0.21804802119731903, 0.3053620755672455, 1.0035426616668701, 0.26591378450393677, -0.3488234579563141] [0.421891987323761, -0.923509955406189, 0.23312604427337646, 0.5967679619789124, 0.9510380625724792, 0.9979999661445618, -1.221022129058838, -1.1965620517730713]
[0.017107009887695312, -0.2180158942937851, 0.30548882484436035, 1.0040600299835205, 0.2648867964744568, -0.34874093532562256] [0.421891987323761, -0.923509955406189, 0.23312604427337646, 0.5967679619789124, 0.9510380625724792, 0.9979999661445618, -1.221022129058838, -1.1965620517730713]
[0.017025602981448174, -0.21793939173221588, 0.3056645095348358, 1.0039557218551636, 0.2641105353832245, -0.3487757742404938] [0.421891987323761, -0.923509955406189, 0.23312604427337646, 0.5967679619789124, 0.9510380625724792, 0.9979999661445618, -1.221022129058838, -1.1965620517730713]
[0.017033133655786514, -0.2179846316576004, 0.3056482970714569, 1.0042654275894165, 0.26413482427597046, -0.34870854020118713] [0.421891987323761, -0.923509955406189, 0.23312604427337646, 0.5967679619789124, 0.9510380625724792, 0.9979999661445618, -1.221022129058838, -1.1965620517730713]
[0.01703065074980259, -0.2180631160736084, 0.3054933249950409, 1.0046998262405396, 0.2644938826560974, -0.3486141264438629] [0.421891987323761, -0.923509955406189, 0.23312604427337646, 0.5967679619789124, 0.9510380625724792, 0.9979999661445618, -1.2225561141967773, -1.1965620517730713]
[0.01705431006848812, -0.21804799139499664, 0.3055025041103363, 1.0045632123947144, 0.26448625326156616, -0.3486463129520416] [0.421891987323761, -0.923509955406189, 0.23312604427337646, 0.5967679619789124, 0.9510380625724792, 0.9979999661445618, -1.221022129058838, -1.1965620517730713]
