[0.010562274605035782, -0.05328494310379028, 0.2905452251434326, 1.3778491020202637, 0.15167231857776642, 0.945043683052063] [0.49245595932006836, -0.3697359561920166, 0.19937804341316223, 1.322350025177002, 0.857464075088501]
[0.010697844438254833, -0.05298863723874092, 0.29080677032470703, 1.3772445917129517, 0.1506207436323166, 0.9462505578994751] [0.49245595932006836, -0.3697359561920166, 0.19937804341316223, 1.322350025177002, 0.857464075088501]
[0.010548700578510761, -0.05300033837556839, 0.2906073331832886, 1.3783406019210815, 0.151393324136734, 0.9464327096939087] [0.4909219741821289, -0.3697359561920166, 0.19937804341316223, 1.322350025177002, 0.857464075088501]
[0.010635677725076675, -0.053105149418115616, 0.29067960381507874, 1.3790830373764038, 0.149632528424263, 0.9456645846366882] [0.49245595932006836, -0.3697359561920166, 0.19937804341316223, 1.322350025177002, 0.857464075088501]
[0.010803481563925743, -0.053121794015169144, 0.29086190462112427, 1.3764923810958862, 0.14889004826545715, 0.945517897605896] [0.49245595932006836, -0.3697359561920166, 0.19784404337406158, 1.322350025177002, 0.857464075088501]
[0.010736256837844849, -0.05307508632540703, 0.2907031774520874, 1.3792264461517334, 0.15001578629016876, 0.945716142654419] [0.4909219741821289, -0.3697359561920166, 0.19784404337406158, 1.322350025177002, 0.8559300899505615]
[0.010586626827716827, -0.052959177643060684, 0.2908608019351959, 1.3776922225952148, 0.14968009293079376, 0.9476193189620972] [0.4909219741821289, -0.37126997113227844, 0.19784404337406158, 1.322350025177002, 0.857464075088501]
[0.010418111458420753, -0.05292006954550743, 0.2906905710697174, 1.3785520792007446, 0.15058209002017975, 0.947775661945343] [0.49245595932006836, -0.37126997113227844, 0.19784404337406158, 1.322350025177002, 0.857464075088501]
[0.01064129639416933, -0.0530475489795208, 0.290770947933197, 1.3773064613342285, 0.15018396079540253, 0.9462158679962158] [0.4909219741821289, -0.3697359561920166, 0.19784404337406158, 1.322350025177002, 0.857464075088501]
[0.010591444559395313, -0.05308040603995323, 0.29061320424079895, 1.377206802368164, 0.15143099427223206, 0.9470124840736389] [0.49245595932006836, -0.37126997113227844, 0.19631004333496094, 1.3238840103149414, 0.857464075088501]
[0.01056805718690157, -0.053151991218328476, 0.2904770076274872, 1.3761491775512695, 0.15397588908672333, 0.9463765025138855] [0.4909219741821289, -0.3697359561920166, 0.1947760432958603, 1.3238840103149414, 0.857464075088501]
[0.010442109778523445, -0.053119558840990067, 0.29052960872650146, 1.3765671253204346, 0.15298350155353546, 0.9477323293685913] [0.48938798904418945, -0.37433797121047974, 0.1947760432958603, 1.3254179954528809, 0.857464075088501]
[0.010528930462896824, -0.053859513252973557, 0.2907525897026062, 1.3737105131149292, 0.1532529592514038, 0.94477778673172] [0.48938798904418945, -0.38507598638534546, 0.1947760432958603, 1.3284859657287598, 0.857464075088501]
[0.010859168134629726, -0.055378690361976624, 0.2906218469142914, 1.3690515756607056, 0.15775981545448303, 0.9371798038482666] [0.48631995916366577, -0.3896779716014862, 0.19324204325675964, 1.3284859657287598, 0.857464075088501]
[0.01100856438279152, -0.055533431470394135, 0.29082292318344116, 1.3670629262924194, 0.15767717361450195, 0.9355607032775879] [0.48631995916366577, -0.3896779716014862, 0.19324204325675964, 1.3315539360046387, 0.857464075088501]
[0.010628762654960155, -0.0553007610142231, 0.2908743619918823, 1.3669356107711792, 0.1573854386806488, 0.9389482140541077] [0.48631995916366577, -0.3896779716014862, 0.19324204325675964, 1.3346220254898071, 0.8589980602264404]
[0.01039979886263609, -0.0550740547478199, 0.2910696268081665, 1.3672720193862915, 0.1561790257692337, 0.9416720867156982] [0.48631995916366577, -0.3896779716014862, 0.19324204325675964, 1.3361560106277466, 0.857464075088501]
[0.010434244759380817, -0.05509397014975548, 0.29149967432022095, 1.3665668964385986, 0.15261869132518768, 0.9420520067214966] [0.48325198888778687, -0.3896779716014862, 0.19324204325675964, 1.3392239809036255, 0.8589980602264404]
[0.010191566310822964, -0.05489938333630562, 0.2917473018169403, 1.3668969869613647, 0.15157008171081543, 0.9453210234642029] [0.48325198888778687, -0.3896779716014862, 0.191708043217659, 1.340757966041565, 0.8589980602264404]
[0.00991051271557808, -0.05464985966682434, 0.29198798537254333, 1.3668638467788696, 0.15022297203540802, 0.9479861855506897] [0.48325198888778687, -0.39121198654174805, 0.191708043217659, 1.3468940258026123, 0.8589980602264404]
[0.009483600966632366, -0.05424913391470909, 0.29258254170417786, 1.3683929443359375, 0.14536331593990326, 0.9540771245956421] [0.48325198888778687, -0.3896779716014862, 0.19324204325675964, 1.356097936630249, 0.8589980602264404]
[0.009570566937327385, -0.05434171482920647, 0.2936241030693054, 1.3680012226104736, 0.13728348910808563, 0.9536026120185852] [0.481717973947525, -0.39121198654174805, 0.20398004353046417, 1.356097936630249, 0.8589980602264404]
[0.009936805814504623, -0.05433836206793785, 0.2948542833328247, 1.369066834449768, 0.1272769421339035, 0.9497108459472656] [0.481717973947525, -0.3927459716796875, 0.21778604388237, 1.356097936630249, 0.8589980602264404]
[0.010557958856225014, -0.054656997323036194, 0.2955023944377899, 1.3704853057861328, 0.12096544355154037, 0.9448683857917786] [0.481717973947525, -0.39121198654174805, 0.21778604388237, 1.357632040977478, 0.8589980602264404]
[0.01014008279889822, -0.05430545657873154, 0.29579710960388184, 1.371524453163147, 0.11843004077672958, 0.9502394795417786] [0.481717973947525, -0.39121198654174805, 0.21778604388237, 1.372972011566162, 0.8589980602264404]
[0.008642014116048813, -0.05330192297697067, 0.2966292202472687, 1.3737212419509888, 0.11093714088201523, 0.9671286940574646] [0.481717973947525, -0.39121198654174805, 0.21625204384326935, 1.392914056777954, 0.8589980602264404]
[0.005233839154243469, -0.05098619684576988, 0.2987138628959656, 1.3738089799880981, 0.09649092704057693, 0.994308352470398] [0.481717973947525, -0.39121198654174805, 0.21625204384326935, 1.4281959533691406, 0.8589980602264404]
[0.0022724810987710953, -0.049200575798749924, 0.3005451261997223, 1.375030279159546, 0.08197245746850967, 1.0206176042556763] [0.481717973947525, -0.39121198654174805, 0.21625204384326935, 1.4558080434799194, 0.8589980602264404]
[-0.0005609057261608541, -0.0475899800658226, 0.3023681342601776, 1.376352071762085, 0.06739261746406555, 1.0471376180648804] [0.481717973947525, -0.39121198654174805, 0.21625204384326935, 1.4849539995193481, 0.8589980602264404]
[-0.001916368491947651, -0.04691130295395851, 0.30323612689971924, 1.3773059844970703, 0.05992141366004944, 1.0604335069656372] [0.481717973947525, -0.39121198654174805, 0.21625204384326935, 1.507964015007019, 0.8589980602264404]
[-0.004599275067448616, -0.045901574194431305, 0.30516141653060913, 1.3802043199539185, 0.04099448025226593, 1.0919560194015503] [0.481717973947525, -0.39121198654174805, 0.21625204384326935, 1.5401780605316162, 0.8589980602264404]
[-0.006033068522810936, -0.0455046184360981, 0.3067692816257477, 1.3792554140090942, 0.026539845392107964, 1.1098946332931519] [0.47864997386932373, -0.39121198654174805, 0.21778604388237, 1.5708580017089844, 0.8589980602264404]
[-0.005461290944367647, -0.045694801956415176, 0.307626873254776, 1.372956395149231, 0.02255241572856903, 1.1098421812057495] [0.46944597363471985, -0.39121198654174805, 0.21778604388237, 1.5861979722976685, 0.8589980602264404]
[-0.005028161220252514, -0.04515539109706879, 0.30973291397094727, 1.357794165611267, 0.016055520623922348, 1.108102560043335] [0.4525719881057739, -0.39121198654174805, 0.21932004392147064, 1.589266061782837, 0.8589980602264404]
[-0.003962061833590269, -0.04484475404024124, 0.3128777742385864, 1.3350756168365479, 0.004756632726639509, 1.1068025827407837] [0.42649397253990173, -0.39121198654174805, 0.2208540439605713, 1.5908000469207764, 0.8589980602264404]
[-0.0024606313090771437, -0.045212581753730774, 0.3157305419445038, 1.3144458532333374, -0.0073762922547757626, 1.1071209907531738] [0.4019499719142914, -0.3896779716014862, 0.2208540439605713, 1.5923340320587158, 0.8589980602264404]
[-0.0011809184215962887, -0.045502498745918274, 0.31829091906547546, 1.2962652444839478, -0.017883922904729843, 1.1076407432556152] [0.3820079565048218, -0.39121198654174805, 0.2208540439605713, 1.5938680171966553, 0.8589980602264404]
[-0.0005213696858845651, -0.04557330533862114, 0.3199523687362671, 1.2841269969940186, -0.024354754015803337, 1.1079779863357544] [0.36513397097587585, -0.3896779716014862, 0.2208540439605713, 1.5954020023345947, 0.8589980602264404]
[0.00015088479267433286, -0.04550665244460106, 0.32220393419265747, 1.2680981159210205, -0.03375053405761719, 1.1098618507385254] [0.34519195556640625, -0.3896779716014862, 0.2208540439605713, 1.5969359874725342, 0.8589980602264404]
[0.0009495042613707483, -0.045634083449840546, 0.3246462345123291, 1.2504611015319824, -0.04314134269952774, 1.110503077507019] [0.32524996995925903, -0.3896779716014862, 0.2208540439605713, 1.5984699726104736, 0.8589980602264404]
[0.0016284375451505184, -0.04563340172171593, 0.32717493176460266, 1.2323418855667114, -0.052223581820726395, 1.1112960577011108] [0.30684196949005127, -0.3896779716014862, 0.2208540439605713, 1.600003957748413, 0.8589980602264404]
[0.002055465942248702, -0.04537396878004074, 0.32995176315307617, 1.2121734619140625, -0.0612342394888401, 1.112064242362976] [0.2853659689426422, -0.38814395666122437, 0.2208540439605713, 1.6015379428863525, 0.8589980602264404]
[0.0025102451909333467, -0.04487123712897301, 0.333756685256958, 1.1846767663955688, -0.0727887824177742, 1.1132794618606567] [0.25928795337677, -0.3896779716014862, 0.21932004392147064, 1.6015379428863525, 0.8589980602264404]
[0.0031207872088998556, -0.04426271468400955, 0.33817464113235474, 1.1525334119796753, -0.08620921522378922, 1.1173490285873413] [0.22400596737861633, -0.3896779716014862, 0.21932004392147064, 1.6030720472335815, 0.8589980602264404]
[0.0035051503218710423, -0.04419470205903053, 0.3409501016139984, 1.1329487562179565, -0.09559690207242966, 1.1189805269241333] [0.20559796690940857, -0.38814395666122437, 0.21932004392147064, 1.604606032371521, 0.8589980602264404]
[0.0038160409312695265, -0.04415231943130493, 0.3439295291900635, 1.1117372512817383, -0.10580860078334808, 1.1210339069366455] [0.18258796632289886, -0.38814395666122437, 0.2208540439605713, 1.604606032371521, 0.8589980602264404]
[0.0041488781571388245, -0.044081591069698334, 0.34587788581848145, 1.0994209051132202, -0.11286309361457825, 1.1220169067382812] [0.16264596581459045, -0.3866099715232849, 0.21932004392147064, 1.604606032371521, 0.8589980602264404]
[0.004133676644414663, -0.04348136857151985, 0.348127156496048, 1.0845015048980713, -0.12131599336862564, 1.128182053565979] [0.14577196538448334, -0.3835419714450836, 0.21932004392147064, 1.604606032371521, 0.8589980602264404]
[0.004208383150398731, -0.04348839819431305, 0.34931594133377075, 1.0746891498565674, -0.12458808720111847, 1.1296981573104858] [0.13196596503257751, -0.3835419714450836, 0.21932004392147064, 1.604606032371521, 0.8589980602264404]
[0.004367438610643148, -0.04347105696797371, 0.35210275650024414, 1.0548526048660278, -0.13389211893081665, 1.1322498321533203] [0.1150919571518898, -0.3835419714450836, 0.21932004392147064, 1.604606032371521, 0.8589980602264404]
[0.004530053120106459, -0.04343235865235329, 0.35408928990364075, 1.040902018547058, -0.14028695225715637, 1.1341607570648193] [0.10128595679998398, -0.3835419714450836, 0.2208540439605713, 1.604606032371521, 0.8589980602264404]
[0.004582930356264114, -0.04340318590402603, 0.3558659851551056, 1.028121829032898, -0.1461215317249298, 1.1359963417053223] [0.07980996370315552, -0.38507598638534546, 0.2208540439605713, 1.604606032371521, 0.8589980602264404]
[0.004693188238888979, -0.043463461101055145, 0.3586084544658661, 1.008644938468933, -0.1554458886384964, 1.138899564743042] [0.05986796319484711, -0.38507598638534546, 0.2208540439605713, 1.604606032371521, 0.8589980602264404]
[0.004841736517846584, -0.04373166710138321, 0.36114588379859924, 0.9904555082321167, -0.16378891468048096, 1.1402839422225952] [0.04145996272563934, -0.3835419714450836, 0.21932004392147064, 1.604606032371521, 0.8589980602264404]
[0.004716420080512762, -0.043552055954933167, 0.36468496918678284, 0.9666026830673218, -0.1764323115348816, 1.1456516981124878] [0.015381962060928345, -0.38507598638534546, 0.21932004392147064, 1.604606032371521, 0.8589980602264404]
[0.004571238532662392, -0.043719302862882614, 0.3682817220687866, 0.9405067563056946, -0.18777932226657867, 1.148887276649475] [-0.009162038564682007, -0.38507598638534546, 0.2208540439605713, 1.604606032371521, 0.8589980602264404]
[0.0044987923465669155, -0.04373416304588318, 0.37195655703544617, 0.9142690896987915, -0.19954685866832733, 1.1539089679718018] [-0.0383080393075943, -0.38507598638534546, 0.2208540439605713, 1.604606032371521, 0.8589980602264404]
[0.004143992438912392, -0.04344819858670235, 0.3745632767677307, 0.8953914642333984, -0.20748384296894073, 1.1592835187911987] [-0.0643860399723053, -0.38507598638534546, 0.2208540439605713, 1.604606032371521, 0.8589980602264404]
[0.004040425643324852, -0.043644897639751434, 0.37725526094436646, 0.8758758902549744, -0.2159409075975418, 1.161828637123108] [-0.08432804048061371, -0.38507598638534546, 0.2208540439605713, 1.604606032371521, 0.8589980602264404]
[0.003741904627531767, -0.043683141469955444, 0.37956634163856506, 0.858866810798645, -0.22336256504058838, 1.1655218601226807] [-0.10120204091072083, -0.38507598638534546, 0.2208540439605713, 1.604606032371521, 0.8589980602264404]
[0.003227788722142577, -0.04366864264011383, 0.38254064321517944, 0.8369038105010986, -0.232573464512825, 1.17047917842865] [-0.12114404141902924, -0.38507598638534546, 0.2208540439605713, 1.604606032371521, 0.8589980602264404]
[0.002616808982565999, -0.04369354620575905, 0.38587406277656555, 0.8121256232261658, -0.24295921623706818, 1.176294207572937] [-0.15642604231834412, -0.38507598638534546, 0.22392204403877258, 1.6030720472335815, 0.8589980602264404]
[0.0018343516858294606, -0.04375896230340004, 0.3897098898887634, 0.78581303358078, -0.25668618083000183, 1.1830168962478638] [-0.18097004294395447, -0.38507598638534546, 0.22545604407787323, 1.604606032371521, 0.8589980602264404]
[0.0011523301945999265, -0.04379693791270256, 0.39272210001945496, 0.7654048800468445, -0.2678162455558777, 1.1885706186294556] [-0.20244604349136353, -0.38507598638534546, 0.22852404415607452, 1.6030720472335815, 0.8589980602264404]
[-6.33325835224241e-05, -0.04383496940135956, 0.39730268716812134, 0.7340194582939148, -0.2843701243400574, 1.1976572275161743] [-0.23005804419517517, -0.38507598638534546, 0.23312604427337646, 1.6030720472335815, 0.8589980602264404]
[-0.0014631953090429306, -0.043861836194992065, 0.40232330560684204, 0.6985102295875549, -0.3019541800022125, 1.208615779876709] [-0.26227205991744995, -0.38507598638534546, 0.23926204442977905, 1.6030720472335815, 0.8589980602264404]
[-0.002140676137059927, -0.04402831941843033, 0.40465936064720154, 0.6864742636680603, -0.3139488399028778, 1.213523030281067] [-0.28221404552459717, -0.38507598638534546, 0.2469320446252823, 1.6030720472335815, 0.8589980602264404]
[-0.003349300939589739, -0.04408647119998932, 0.4081715941429138, 0.6620562672615051, -0.326961874961853, 1.2220767736434937] [-0.3021560311317444, -0.38507598638534546, 0.2530680298805237, 1.6030720472335815, 0.8589980602264404]
[-0.0050738537684082985, -0.044312380254268646, 0.4124806821346283, 0.6339232921600342, -0.34563401341438293, 1.233245849609375] [-0.3297680616378784, -0.38507598638534546, 0.2607380449771881, 1.6030720472335815, 0.8589980602264404]
[-0.006111440248787403, -0.04445211961865425, 0.4151484966278076, 0.616784930229187, -0.35721492767333984, 1.2405294179916382] [-0.35277804732322693, -0.38507598638534546, 0.269942045211792, 1.6030720472335815, 0.8589980602264404]
[-0.008231597021222115, -0.04467122629284859, 0.41969412565231323, 0.5862137079238892, -0.37701964378356934, 1.25416898727417] [-0.3788560628890991, -0.38507598638534546, 0.2791460454463959, 1.6030720472335815, 0.8589980602264404]
[-0.009923843666911125, -0.04483058303594589, 0.4231654703617096, 0.5606404542922974, -0.39057520031929016, 1.2654016017913818] [-0.39879804849624634, -0.3835419714450836, 0.2806800603866577, 1.6030720472335815, 0.8589980602264404]
[-0.011416693218052387, -0.04479121044278145, 0.4260909855365753, 0.5342227816581726, -0.398088663816452, 1.2755799293518066] [-0.42487603425979614, -0.38507598638534546, 0.2806800603866577, 1.6030720472335815, 0.8589980602264404]
[-0.012303430587053299, -0.04477868229150772, 0.42778897285461426, 0.5186914801597595, -0.4024112820625305, 1.281644582748413] [-0.4463520646095276, -0.3835419714450836, 0.2806800603866577, 1.6015379428863525, 0.8589980602264404]
[-0.014250112697482109, -0.0448341928422451, 0.4309001863002777, 0.48952195048332214, -0.41054317355155945, 1.2931650876998901] [-0.4693620502948761, -0.38507598638534546, 0.2806800603866577, 1.6030720472335815, 0.8589980602264404]
[-0.015551849268376827, -0.04485755041241646, 0.43276259303092957, 0.4714222848415375, -0.4153606593608856, 1.3004240989685059] [-0.4923720359802246, -0.3835419714450836, 0.2806800603866577, 1.6030720472335815, 0.8589980602264404]
[-0.017912449315190315, -0.044646985828876495, 0.43605944514274597, 0.4386235773563385, -0.42286667227745056, 1.3151981830596924] [-0.516916036605835, -0.3835419714450836, 0.2806800603866577, 1.6015379428863525, 0.8589980602264404]
[-0.01950160227715969, -0.04468240961432457, 0.4381723999977112, 0.41722139716148376, -0.4280797243118286, 1.3240251541137695] [-0.544528067111969, -0.3835419714450836, 0.2806800603866577, 1.6015379428863525, 0.857464075088501]
[-0.021793637424707413, -0.0449129082262516, 0.4412603974342346, 0.3843415081501007, -0.4360128939151764, 1.3357712030410767] [-0.5660040378570557, -0.38507598638534546, 0.2806800603866577, 1.600003957748413, 0.857464075088501]
[-0.023224342614412308, -0.044788096100091934, 0.442941814661026, 0.36606794595718384, -0.4394257068634033, 1.3448727130889893] [-0.5874800682067871, -0.3835419714450836, 0.2806800603866577, 1.600003957748413, 0.857464075088501]
[-0.024898149073123932, -0.04503015801310539, 0.44498974084854126, 0.34443187713623047, -0.4448058605194092, 1.352779746055603] [-0.6074220538139343, -0.3835419714450836, 0.2806800603866577, 1.600003957748413, 0.8559300899505615]
[-0.027383623644709587, -0.04475941136479378, 0.44784510135650635, 0.3111133277416229, -0.4500274956226349, 1.3678749799728394] [-0.6319660544395447, -0.3835419714450836, 0.2806800603866577, 1.600003957748413, 0.8543960452079773]
[-0.028958922252058983, -0.044817179441452026, 0.44959592819213867, 0.2896260619163513, -0.4538770616054535, 1.3765819072723389] [-0.6580440402030945, -0.38507598638534546, 0.2806800603866577, 1.600003957748413, 0.8543960452079773]
[-0.030964789912104607, -0.044804804027080536, 0.4516429603099823, 0.265790194272995, -0.45804449915885925, 1.3870699405670166] [-0.6749180555343628, -0.38507598638534546, 0.2806800603866577, 1.600003957748413, 0.8528620600700378]
[-0.032829649746418, -0.045001596212387085, 0.4538050591945648, 0.2397100180387497, -0.4629988968372345, 1.3967022895812988] [-0.6933260560035706, -0.3835419714450836, 0.2806800603866577, 1.600003957748413, 0.8528620600700378]
[-0.03426312282681465, -0.04499628022313118, 0.45532339811325073, 0.22157076001167297, -0.46583789587020874, 1.4048272371292114] [-0.7209380865097046, -0.38507598638534546, 0.2806800603866577, 1.600003957748413, 0.8528620600700378]
[-0.03695487976074219, -0.04481339827179909, 0.45774129033088684, 0.19080691039562225, -0.469453364610672, 1.4199308156967163] [-0.7470160722732544, -0.3835419714450836, 0.2806800603866577, 1.5984699726104736, 0.8528620600700378]
[-0.03921160101890564, -0.04485742375254631, 0.45980748534202576, 0.16528530418872833, -0.47402194142341614, 1.4324008226394653] [-0.7638900279998779, -0.3835419714450836, 0.2806800603866577, 1.5984699726104736, 0.8528620600700378]
[-0.04134234040975571, -0.04504094272851944, 0.46160122752189636, 0.14132948219776154, -0.47739896178245544, 1.4433690309524536] [-0.7869000434875488, -0.38507598638534546, 0.28221404552459717, 1.5969359874725342, 0.8528620600700378]
[-0.043369218707084656, -0.04496980831027031, 0.46323010325431824, 0.11898863315582275, -0.479746550321579, 1.4536508321762085] [-0.8022400736808777, -0.38507598638534546, 0.28528204560279846, 1.5969359874725342, 0.8528620600700378]
[-0.044698767364025116, -0.0450807586312294, 0.4644235074520111, 0.10707031935453415, -0.48523440957069397, 1.4629172086715698] [-0.8099100589752197, -0.38507598638534546, 0.2929520606994629, 1.5969359874725342, 0.8528620600700378]
[-0.045146796852350235, -0.045422933995723724, 0.46494409441947937, 0.10406596958637238, -0.48986196517944336, 1.4659918546676636] [-0.8083760738372803, -0.38507598638534546, 0.2929520606994629, 1.5969359874725342, 0.8528620600700378]
[-0.04504827782511711, -0.04537631943821907, 0.464817613363266, 0.1056601032614708, -0.48959657549858093, 1.4652420282363892] [-0.8083760738372803, -0.3835419714450836, 0.2929520606994629, 1.5969359874725342, 0.8528620600700378]
[-0.04480196535587311, -0.04515064135193825, 0.4645988643169403, 0.10789360105991364, -0.48828527331352234, 1.465347170829773] [-0.8068420886993408, -0.38507598638534546, 0.2929520606994629, 1.5969359874725342, 0.8543960452079773]
[-0.04484110325574875, -0.04519759863615036, 0.46457985043525696, 0.10778442770242691, -0.48840293288230896, 1.4653993844985962] [-0.8068420886993408, -0.38507598638534546, 0.2929520606994629, 1.5969359874725342, 0.8543960452079773]
[-0.04497566819190979, -0.045156221836805344, 0.46470963954925537, 0.10610006749629974, -0.4884641468524933, 1.4661903381347656] [-0.8083760738372803, -0.3835419714450836, 0.2929520606994629, 1.5969359874725342, 0.8528620600700378]
[-0.04507092759013176, -0.045334428548812866, 0.46489202976226807, 0.10447260737419128, -0.48959749937057495, 1.4658029079437256] [-0.8099100589752197, -0.38507598638534546, 0.2929520606994629, 1.5969359874725342, 0.8513280749320984]
[-0.046058639883995056, -0.045399054884910583, 0.4656015932559967, 0.08918710052967072, -0.49075379967689514, 1.4708318710327148] [-0.8237160444259644, -0.38507598638534546, 0.29448604583740234, 1.5938680171966553, 0.8405900597572327]
[-0.048601020127534866, -0.04553340747952461, 0.46773114800453186, 0.04586319252848625, -0.4971437156200409, 1.4872159957885742] [-0.8451920747756958, -0.38507598638534546, 0.3021560311317444, 1.584663987159729, 0.8175800442695618]
[-0.05078042671084404, -0.0456920862197876, 0.4694492816925049, 0.008968818932771683, -0.5027922987937927, 1.5014739036560059] [-0.8712700605392456, -0.38507598638534546, 0.3159620463848114, 1.584663987159729, 0.7961040735244751]
[-0.05457288771867752, -0.046100836247205734, 0.47241055965423584, -0.04945807158946991, -0.5147445201873779, 1.5287591218948364] [-0.8866100311279297, -0.38507598638534546, 0.3251660466194153, 1.584663987159729, 0.7884340286254883]
[-0.057623934000730515, -0.04631250724196434, 0.474429190158844, -0.0820360854268074, -0.5205659866333008, 1.5477385520935059] [-0.9126880764961243, -0.38507598638534546, 0.3297680616378784, 1.584663987159729, 0.7853660583496094]
[-0.06026406213641167, -0.04653504118323326, 0.4760582149028778, -0.11122477799654007, -0.5232501029968262, 1.5628535747528076] [-0.9341640472412109, -0.38507598638534546, 0.33130204677581787, 1.5861979722976685, 0.7838320732116699]
[-0.06311672925949097, -0.04648954048752785, 0.47752445936203003, -0.14161416888237, -0.5232521891593933, 1.5765036344528198] [-0.9541060924530029, -0.38507598638534546, 0.3328360319137573, 1.5861979722976685, 0.7792300581932068]
[-0.06555229425430298, -0.046516891568899155, 0.4788549840450287, -0.16841328144073486, -0.523955762386322, 1.5894578695297241] [-0.9725140333175659, -0.38507598638534546, 0.33437004685401917, 1.5831300020217896, 0.7730940580368042]
[-0.0673060268163681, -0.04656616225838661, 0.4799509346485138, -0.2032574713230133, -0.5244986414909363, 1.600326418876648] [-0.9878540635108948, -0.38507598638534546, 0.335904061794281, 1.5785280466079712, 0.7577540874481201]
[-0.0683465451002121, -0.04666806757450104, 0.4806005656719208, -0.2283506542444229, -0.5252010822296143, 1.6070995330810547] [-0.9970580339431763, -0.38507598638534546, 0.335904061794281, 1.5785280466079712, 0.7454820871353149]
[-0.06897842139005661, -0.04672479256987572, 0.4808846712112427, -0.24194519221782684, -0.5251404047012329, 1.6100690364837646] [-1.0016601085662842, -0.38507598638534546, 0.335904061794281, 1.5754599571228027, 0.7301420569419861]
[-0.0698854923248291, -0.046733539551496506, 0.48143288493156433, -0.2668861150741577, -0.5255746841430664, 1.6160122156143188] [-1.007796049118042, -0.38507598638534546, 0.3389720320701599, 1.5754599571228027, 0.7194040417671204]
[-0.070330910384655, -0.046852704137563705, 0.4817274510860443, -0.2827698886394501, -0.5272423028945923, 1.620076298713684] [-1.010864019393921, -0.38507598638534546, 0.34050604701042175, 1.5754599571228027, 0.7040640711784363]
[-0.07110016793012619, -0.04688277840614319, 0.4821925461292267, -0.30296316742897034, -0.5276921987533569, 1.6252063512802124] [-1.0216020345687866, -0.38507598638534546, 0.3451080322265625, 1.5754599571228027, 0.6933260560035706]
[-0.07324367761611938, -0.04709659889340401, 0.483323335647583, -0.33430910110473633, -0.530174970626831, 1.6394152641296387] [-1.0323400497436523, -0.38507598638534546, 0.3512440323829651, 1.5754599571228027, 0.6856560707092285]
[-0.075779028236866, -0.0473739430308342, 0.48451727628707886, -0.364924818277359, -0.5330670475959778, 1.6560560464859009] [-1.046146035194397, -0.38507598638534546, 0.3573800325393677, 1.5754599571228027, 0.6733840703964233]
[-0.07672441750764847, -0.047440994530916214, 0.4849860370159149, -0.3810173273086548, -0.5340098738670349, 1.662671446800232] [-1.0568840503692627, -0.38507598638534546, 0.3619820475578308, 1.5754599571228027, 0.6626460552215576]
[-0.07832110673189163, -0.04756294935941696, 0.48583126068115234, -0.41141387820243835, -0.5343151092529297, 1.6734659671783447] [-1.0706900358200073, -0.38507598638534546, 0.3650500476360321, 1.5754599571228027, 0.6534420251846313]
[-0.08081845939159393, -0.04777418076992035, 0.48687657713890076, -0.44015687704086304, -0.5355766415596008, 1.6889479160308838] [-1.084496021270752, -0.38507598638534546, 0.3711860477924347, 1.5754599571228027, 0.6457720398902893]
[-0.08210445195436478, -0.047898147255182266, 0.48748284578323364, -0.45728516578674316, -0.5367295742034912, 1.6981444358825684] [-1.0937000513076782, -0.38507598638534546, 0.374254047870636, 1.5754599571228027, 0.6457720398902893]
[-0.08420699089765549, -0.04805019497871399, 0.48821598291397095, -0.4750736951828003, -0.5364062190055847, 1.7096405029296875] [-1.1059720516204834, -0.38507598638534546, 0.37578803300857544, 1.5754599571228027, 0.6427040696144104]
[-0.08547990024089813, -0.04807855933904648, 0.4887741506099701, -0.4917084574699402, -0.5348373651504517, 1.7165616750717163] [-1.1167100667953491, -0.38507598638534546, 0.37578803300857544, 1.5754599571228027, 0.6427040696144104]
[-0.08679036051034927, -0.04817653074860573, 0.48917585611343384, -0.5039464235305786, -0.5335216522216797, 1.7227890491485596] [-1.1335840225219727, -0.38507598638534546, 0.37578803300857544, 1.5754599571228027, 0.6427040696144104]
[-0.08915316313505173, -0.04825909435749054, 0.48990729451179504, -0.5263239145278931, -0.5307191014289856, 1.7341344356536865] [-1.1489241123199463, -0.38507598638534546, 0.37578803300857544, 1.5754599571228027, 0.6396360397338867]
[-0.09161438047885895, -0.04823824390769005, 0.49064475297927856, -0.557337760925293, -0.5281192064285278, 1.7463696002960205] [-1.1657980680465698, -0.38507598638534546, 0.3803900480270386, 1.5754599571228027, 0.6273640394210815]
[-0.09521373361349106, -0.04859296604990959, 0.49165454506874084, -0.5986157059669495, -0.5270761847496033, 1.767260193824768] [-1.1872740983963013, -0.38507598638534546, 0.38959404826164246, 1.5754599571228027, 0.6074220538139343]
[-0.0993804931640625, -0.04917450249195099, 0.49290063977241516, -0.6508476734161377, -0.5278313755989075, 1.7962229251861572] [-1.2087500095367432, -0.38507598638534546, 0.4064680337905884, 1.5754599571228027, 0.5966840386390686]
[-0.10246679931879044, -0.049617595970630646, 0.49360549449920654, -0.6765303611755371, -0.5286257863044739, 1.8171000480651855] [-1.2271580696105957, -0.38507598638534546, 0.4233420491218567, 1.5754599571228027, 0.5844120383262634]
[-0.10678891837596893, -0.05014551058411598, 0.49463406205177307, -0.7226481437683105, -0.5273347496986389, 1.8462961912155151] [-1.2440320253372192, -0.38507598638534546, 0.4340800642967224, 1.5754599571228027, 0.5782760381698608]
[-0.11000444740056992, -0.05052722990512848, 0.49532464146614075, -0.7584032416343689, -0.5259764194488525, 1.8685225248336792] [-1.2563040256500244, -0.38507598638534546, 0.4432840347290039, 1.5754599571228027, 0.5660040378570557]
[-0.11152643710374832, -0.0506952740252018, 0.4955897033214569, -0.7741239666938782, -0.5247260928153992, 1.8780268430709839] [-1.2701101303100586, -0.38507598638534546, 0.44788604974746704, 1.5754599571228027, 0.5568000674247742]
[-0.11372894048690796, -0.050926923751831055, 0.49601176381111145, -0.8051232695579529, -0.5213176012039185, 1.891324758529663] [-1.2823820114135742, -0.38507598638534546, 0.4524880647659302, 1.5754599571228027, 0.5399260520935059]
[-0.11697153747081757, -0.051220785826444626, 0.4965039789676666, -0.8505534529685974, -0.5160841345787048, 1.909254789352417] [-1.3053920269012451, -0.38507598638534546, 0.46169203519821167, 1.5769939422607422, 0.5123140811920166]
[-0.12081105262041092, -0.05154025927186012, 0.4971868693828583, -0.919764518737793, -0.509265124797821, 1.9323936700820923] [-1.3238000869750977, -0.38507598638534546, 0.46476006507873535, 1.5769939422607422, 0.48470205068588257]
[-0.12162912636995316, -0.051602769643068314, 0.4972831904888153, -0.9404035806655884, -0.5070970058441162, 1.9357218742370605] [-1.333004117012024, -0.38507598638534546, 0.4662940502166748, 1.5769939422607422, 0.4724300503730774]
[-0.12327247858047485, -0.05148003250360489, 0.497344970703125, -0.9615170359611511, -0.5020736455917358, 1.9432963132858276] [-1.3406740427017212, -0.38507598638534546, 0.4662940502166748, 1.5800620317459106, 0.4724300503730774]
[-0.12440507858991623, -0.05047409608960152, 0.4969802796840668, -0.9688517451286316, -0.49185851216316223, 1.9470840692520142] [-1.3498780727386475, -0.3697359561920166, 0.4662940502166748, 1.58159601688385, 0.47089606523513794]
[-0.1259051263332367, -0.049360521137714386, 0.4965645670890808, -0.9746067523956299, -0.48088788986206055, 1.9539036750793457] [-1.3590821027755737, -0.3666679859161377, 0.4662940502166748, 1.58159601688385, 0.47089606523513794]
[-0.12744863331317902, -0.049291521310806274, 0.49652308225631714, -0.985948383808136, -0.47666919231414795, 1.9591304063796997] [-1.3682861328125, -0.3666679859161377, 0.4662940502166748, 1.58159601688385, 0.47089606523513794]
[-0.1287284940481186, -0.04951508343219757, 0.49657729268074036, -0.9973644614219666, -0.47418248653411865, 1.9639254808425903] [-1.3805580139160156, -0.3666679859161377, 0.46782803535461426, 1.5831300020217896, 0.47089606523513794]
[-0.13063502311706543, -0.04939842224121094, 0.49652764201164246, -1.0106879472732544, -0.4683878719806671, 1.973145604133606] [-1.389762043952942, -0.3666679859161377, 0.46782803535461426, 1.5831300020217896, 0.47089606523513794]
[-0.13141532242298126, -0.04938242956995964, 0.4964906573295593, -1.0168052911758423, -0.4660404920578003, 1.9759012460708618] [-1.3989660739898682, -0.3666679859161377, 0.4693620502948761, 1.5831300020217896, 0.47089606523513794]
[-0.1325947344303131, -0.04943918064236641, 0.4963597059249878, -1.025954008102417, -0.4624382555484772, 1.9786115884780884] [-1.4081701040267944, -0.3666679859161377, 0.4693620502948761, 1.5831300020217896, 0.47089606523513794]
[-0.13389952480793, -0.04942904785275459, 0.49633827805519104, -1.0358058214187622, -0.45884793996810913, 1.9843788146972656] [-1.4173741340637207, -0.3666679859161377, 0.4693620502948761, 1.589266061782837, 0.47089606523513794]
[-0.13502666354179382, -0.04947556555271149, 0.4962172508239746, -1.0438774824142456, -0.45579850673675537, 1.9879412651062012] [-1.4235100746154785, -0.3666679859161377, 0.4693620502948761, 1.589266061782837, 0.47089606523513794]
[-0.13548192381858826, -0.04942220821976662, 0.49618664383888245, -1.0470590591430664, -0.4544115364551544, 1.9893399477005005] [-1.425044059753418, -0.3666679859161377, 0.4693620502948761, 1.589266061782837, 0.47089606523513794]
[-0.13537535071372986, -0.049475960433483124, 0.4961993396282196, -1.046836495399475, -0.45463326573371887, 1.9892417192459106] [-1.425044059753418, -0.3666679859161377, 0.4693620502948761, 1.589266061782837, 0.47089606523513794]
[-0.13550995290279388, -0.04948493465781212, 0.4961859881877899, -1.0472973585128784, -0.45447060465812683, 1.9894435405731201] [-1.425044059753418, -0.3666679859161377, 0.4693620502948761, 1.589266061782837, 0.47089606523513794]
[-0.13538791239261627, -0.04943525418639183, 0.49621689319610596, -1.0469210147857666, -0.4545016884803772, 1.989277720451355] [-1.425044059753418, -0.3666679859161377, 0.4693620502948761, 1.589266061782837, 0.47089606523513794]
[-0.13538585603237152, -0.0495428666472435, 0.49618950486183167, -1.0469979047775269, -0.45473212003707886, 1.9893112182617188] [-1.425044059753418, -0.3666679859161377, 0.4693620502948761, 1.589266061782837, 0.47089606523513794]
[-0.13517199456691742, -0.049513079226017, 0.49624842405319214, -1.0464394092559814, -0.45488154888153076, 1.98906672000885] [-1.425044059753418, -0.3666679859161377, 0.4693620502948761, 1.589266061782837, 0.47089606523513794]
[-0.13510042428970337, -0.049463093280792236, 0.4962482154369354, -1.0461134910583496, -0.4548923075199127, 1.98892343044281] [-1.4235100746154785, -0.3666679859161377, 0.4693620502948761, 1.589266061782837, 0.47089606523513794]
[-0.1350204050540924, -0.049464188516139984, 0.4962072968482971, -1.045723795890808, -0.4550538659095764, 1.988752007484436] [-1.425044059753418, -0.3666679859161377, 0.4693620502948761, 1.589266061782837, 0.47089606523513794]
[-0.1348714977502823, -0.04942835494875908, 0.4962075352668762, -1.0452156066894531, -0.4551699161529541, 1.9885289669036865] [-1.425044059753418, -0.3666679859161377, 0.4693620502948761, 1.589266061782837, 0.47089606523513794]
[-0.13479173183441162, -0.04940405860543251, 0.4961749315261841, -1.0448051691055298, -0.45527365803718567, 1.9883480072021484] [-1.4235100746154785, -0.3666679859161377, 0.4693620502948761, 1.589266061782837, 0.47089606523513794]
[-0.13485637307167053, -0.04939204454421997, 0.49614807963371277, -1.044939637184143, -0.45519283413887024, 1.988406777381897] [-1.4235100746154785, -0.3666679859161377, 0.4693620502948761, 1.589266061782837, 0.47089606523513794]
[-0.1347987800836563, -0.04938160628080368, 0.49613335728645325, -1.0446900129318237, -0.45526251196861267, 1.9882975816726685] [-1.425044059753418, -0.3666679859161377, 0.4693620502948761, 1.5908000469207764, 0.47089606523513794]
[-0.13453349471092224, -0.04942323639988899, 0.49614468216896057, -1.043030858039856, -0.45606517791748047, 1.987547755241394] [-1.425044059753418, -0.3666679859161377, 0.4693620502948761, 1.589266061782837, 0.47089606523513794]
[-0.1346806436777115, -0.04939544200897217, 0.49615252017974854, -1.0444188117980957, -0.45542800426483154, 1.988168716430664] [-1.425044059753418, -0.3666679859161377, 0.4693620502948761, 1.589266061782837, 0.47089606523513794]
[-0.1344778835773468, -0.04938111826777458, 0.49615973234176636, -1.0428131818771362, -0.4560123682022095, 1.9874671697616577] [-1.425044059753418, -0.3666679859161377, 0.4693620502948761, 1.589266061782837, 0.47089606523513794]
[-0.1347244530916214, -0.04937724769115448, 0.49614042043685913, -1.0444601774215698, -0.4553477466106415, 1.9881943464279175] [-1.4235100746154785, -0.3666679859161377, 0.4693620502948761, 1.589266061782837, 0.47089606523513794]
[-0.13474500179290771, -0.04937470704317093, 0.4961388409137726, -1.044501781463623, -0.4553218483924866, 1.9882138967514038] [-1.425044059753418, -0.3666679859161377, 0.4693620502948761, 1.589266061782837, 0.47089606523513794]
[-0.13441234827041626, -0.04936636611819267, 0.4961729049682617, -1.0425812005996704, -0.4560549855232239, 1.9873698949813843] [-1.4235100746154785, -0.3666679859161377, 0.4693620502948761, 1.5908000469207764, 0.47089606523513794]
[-0.13429488241672516, -0.049363162368535995, 0.49620839953422546, -1.042314052581787, -0.4561521112918854, 1.9872528314590454] [-1.4235100746154785, -0.3666679859161377, 0.4693620502948761, 1.5908000469207764, 0.47089606523513794]
[-0.13429489731788635, -0.04956253245472908, 0.4962770342826843, -1.044572353363037, -0.4574938714504242, 1.9872126579284668] [-1.4235100746154785, -0.3666679859161377, 0.4693620502948761, 1.5908000469207764, 0.47089606523513794]
[-0.1342853456735611, -0.049398262053728104, 0.49618008732795715, -1.0423085689544678, -0.456275999546051, 1.9872350692749023] [-1.4235100746154785, -0.3666679859161377, 0.4693620502948761, 1.5908000469207764, 0.47089606523513794]
