[0.03546569496393204, -0.019787633791565895, 0.2948746979236603, 1.3235738277435303, 0.3056377172470093, 0.8984405994415283] [0.19485996663570404, 0.019900038838386536, -0.16264596581459045, 0.8345379829406738, 1.2118180990219116]
[0.03546665236353874, -0.019794782623648643, 0.294904500246048, 1.3250681161880493, 0.3056524395942688, 0.8984473347663879] [0.19485996663570404, 0.021434038877487183, -0.16264596581459045, 0.8345379829406738, 1.2118180990219116]
[0.03549664467573166, -0.01978783681988716, 0.29487085342407227, 1.3252166509628296, 0.3058550953865051, 0.8985017538070679] [0.19485996663570404, 0.021434038877487183, -0.16264596581459045, 0.8345379829406738, 1.2118180990219116]
[0.035461995750665665, -0.019740629941225052, 0.2949272096157074, 1.3232637643814087, 0.3058544397354126, 0.8983801603317261] [0.19485996663570404, 0.019900038838386536, -0.1611119657754898, 0.8345379829406738, 1.2102841138839722]
[0.0355316624045372, -0.019761625677347183, 0.29499977827072144, 1.324602484703064, 0.3047403395175934, 0.8983527421951294] [0.19485996663570404, 0.019900038838386536, -0.1611119657754898, 0.8345379829406738, 1.2102841138839722]
[0.03561953082680702, -0.01975218579173088, 0.2952568829059601, 1.323318362236023, 0.3036448359489441, 0.8979306817054749] [0.1933259665966034, 0.019900038838386536, -0.1611119657754898, 0.8345379829406738, 1.2118180990219116]
[0.03587668016552925, -0.020239125937223434, 0.29518556594848633, 1.3243242502212524, 0.30458563566207886, 0.8948482275009155] [0.1933259665966034, 0.010696038603782654, -0.1611119657754898, 0.8345379829406738, 1.2118180990219116]
[0.036597806960344315, -0.022174451500177383, 0.2950497567653656, 1.3219908475875854, 0.3062490224838257, 0.8838490843772888] [0.1933259665966034, 0.003026038408279419, -0.1611119657754898, 0.8345379829406738, 1.2118180990219116]
[0.0371922068297863, -0.022672055289149284, 0.2958183288574219, 1.318865418434143, 0.3029870092868805, 0.879547119140625] [0.1871899664402008, 0.003026038408279419, -0.1611119657754898, 0.8345379829406738, 1.2102841138839722]
[0.037419386208057404, -0.022715212777256966, 0.29624414443969727, 1.3151392936706543, 0.3010530173778534, 0.878899335861206] [0.1841219663619995, 0.003026038408279419, -0.15344196557998657, 0.8345379829406738, 1.2118180990219116]
[0.03783562406897545, -0.02261999063193798, 0.29718315601348877, 1.3197332620620728, 0.29466691613197327, 0.8762525320053101] [0.18258796632289886, 0.003026038408279419, -0.15190796554088593, 0.8345379829406738, 1.2118180990219116]
[0.037750862538814545, -0.02247820608317852, 0.29752981662750244, 1.3185659646987915, 0.2934131324291229, 0.8773754835128784] [0.18258796632289886, 0.001492038369178772, -0.15037396550178528, 0.8345379829406738, 1.2102841138839722]
[0.03784019872546196, -0.02245495095849037, 0.29796889424324036, 1.3164875507354736, 0.29093536734580994, 0.8769463300704956] [0.18258796632289886, 0.003026038408279419, -0.15037396550178528, 0.8330039978027344, 1.2102841138839722]
[0.03806111216545105, -0.02284189686179161, 0.2982858121395111, 1.3163996934890747, 0.2884567379951477, 0.8748953938484192] [0.17951996624469757, 0.001492038369178772, -0.15037396550178528, 0.8345379829406738, 1.2102841138839722]
[0.03856717422604561, -0.02288692630827427, 0.2996272146701813, 1.3089643716812134, 0.2834490239620209, 0.8713350296020508] [0.16878196597099304, 0.001492038369178772, -0.14883996546268463, 0.8330039978027344, 1.2102841138839722]
[0.03967028483748436, -0.0228190328925848, 0.3027063012123108, 1.294054388999939, 0.27153903245925903, 0.867398738861084] [0.15037396550178528, 0.001492038369178772, -0.14730596542358398, 0.8330039978027344, 1.2102841138839722]
[0.040848176926374435, -0.022696197032928467, 0.306149959564209, 1.2791146039962769, 0.25777244567871094, 0.8630868196487427] [0.12889796495437622, 0.001492038369178772, -0.14730596542358398, 0.8330039978027344, 1.2118180990219116]
[0.04183423891663551, -0.022584909573197365, 0.30905231833457947, 1.2685487270355225, 0.24605350196361542, 0.8597398996353149] [0.10895595699548721, 0.001492038369178772, -0.14577196538448334, 0.8330039978027344, 1.2118180990219116]
[0.04306795075535774, -0.022711751982569695, 0.31310775876045227, 1.2497998476028442, 0.22954584658145905, 0.8553288578987122] [0.0890139639377594, 0.001492038369178772, -0.14577196538448334, 0.8330039978027344, 1.2102841138839722]
[0.04408090561628342, -0.023122215643525124, 0.31593647599220276, 1.23623526096344, 0.21829140186309814, 0.8492867350578308] [0.06753796339035034, -0.001575961709022522, -0.14270396530628204, 0.8330039978027344, 1.2102841138839722]
[0.04542135074734688, -0.02326427586376667, 0.3206954896450043, 1.2193233966827393, 0.19800108671188354, 0.8436073064804077] [0.04452796280384064, -0.001575961709022522, -0.13656796514987946, 0.8314700126647949, 1.2118180990219116]
[0.045973263680934906, -0.02322893775999546, 0.3234982490539551, 1.2118057012557983, 0.18505139648914337, 0.8415860533714294] [0.02305196225643158, -0.001575961709022522, -0.12736396491527557, 0.8314700126647949, 1.2102841138839722]
[0.04703877121210098, -0.023017587140202522, 0.3293173313140869, 1.202566385269165, 0.1561184525489807, 0.8383328318595886] [-0.001492038369178772, -0.001575961709022522, -0.11202395707368851, 0.8314700126647949, 1.2118180990219116]
[0.04781753569841385, -0.022773662582039833, 0.33374571800231934, 1.1946126222610474, 0.1341458410024643, 0.8363350629806519] [-0.01836603879928589, -0.001575961709022522, -0.10281995683908463, 0.8314700126647949, 1.2118180990219116]
[0.04820207878947258, -0.022527486085891724, 0.3380712568759918, 1.1874772310256958, 0.11380237340927124, 0.8361696600914001] [-0.0383080393075943, -0.001575961709022522, -0.09054796397686005, 0.8314700126647949, 1.2118180990219116]
[0.048939015716314316, -0.0224703811109066, 0.3435172736644745, 1.178646206855774, 0.08702101558446884, 0.8331119418144226] [-0.0643860399723053, -0.003109961748123169, -0.07674196362495422, 0.8314700126647949, 1.2118180990219116]
[0.04976281151175499, -0.023075778037309647, 0.34909936785697937, 1.167726755142212, 0.06069917231798172, 0.8274754285812378] [-0.08893004059791565, -0.006177961826324463, -0.06753796339035034, 0.8314700126647949, 1.2102841138839722]
[0.050138190388679504, -0.023240238428115845, 0.3540288507938385, 1.1566760540008545, 0.03720984235405922, 0.8255335688591003] [-0.10733804106712341, -0.006177961826324463, -0.05679996311664581, 0.8330039978027344, 1.2102841138839722]
[0.04993670433759689, -0.022601701319217682, 0.35744357109069824, 1.150295615196228, 0.021089592948555946, 0.8286010026931763] [-0.13034804165363312, -0.006177961826324463, -0.04912996292114258, 0.8314700126647949, 1.2118180990219116]
[0.049959130585193634, -0.022771436721086502, 0.36234626173973083, 1.1377968788146973, -0.0012253266759216785, 0.8288201093673706] [-0.15642604231834412, -0.006177961826324463, -0.04299396276473999, 0.8314700126647949, 1.2102841138839722]
[0.049939412623643875, -0.02291579358279705, 0.3673228919506073, 1.1251124143600464, -0.02407483570277691, 0.8279352188110352] [-0.18097004294395447, -0.006177961826324463, -0.03225596249103546, 0.8314700126647949, 1.2102841138839722]
[0.04966816306114197, -0.02273448556661606, 0.37268906831741333, 1.1152199506759644, -0.04939144104719162, 0.8294469714164734] [-0.20551404356956482, -0.006177961826324463, -0.019983962178230286, 0.8314700126647949, 1.2118180990219116]
[0.04919194430112839, -0.022690366953611374, 0.3782989978790283, 1.104314923286438, -0.07606814801692963, 0.8315804600715637] [-0.23312604427337646, -0.006177961826324463, -0.004643961787223816, 0.8330039978027344, 1.2118180990219116]
[0.04849397763609886, -0.022535832598805428, 0.3842022716999054, 1.0934334993362427, -0.10348589718341827, 0.8344675302505493] [-0.25920403003692627, -0.006177961826324463, 0.003026038408279419, 0.8314700126647949, 1.2102841138839722]
[0.047694023698568344, -0.022559521719813347, 0.38926610350608826, 1.0796637535095215, -0.12702292203903198, 0.8374449014663696] [-0.28221404552459717, -0.006177961826324463, 0.010696038603782654, 0.8314700126647949, 1.2118180990219116]
[0.04679934307932854, -0.022456731647253036, 0.3935888409614563, 1.0701124668121338, -0.1468077301979065, 0.841943621635437] [-0.3036900460720062, -0.006177961826324463, 0.019900038838386536, 0.8314700126647949, 1.2118180990219116]
[0.04592364653944969, -0.022487347945570946, 0.3983953893184662, 1.0572246313095093, -0.1691623479127884, 0.8442063331604004] [-0.32670003175735474, -0.006177961826324463, 0.03217203915119171, 0.8314700126647949, 1.2118180990219116]
[0.044642459601163864, -0.022400686517357826, 0.40312325954437256, 1.0501497983932495, -0.192325621843338, 0.8501409292221069] [-0.3512440323829651, -0.006177961826324463, 0.039842039346694946, 0.8314700126647949, 1.2102841138839722]
[0.04355817660689354, -0.022684041410684586, 0.40845543146133423, 1.0330487489700317, -0.21639366447925568, 0.8523403406143188] [-0.3773220479488373, -0.006177961826324463, 0.050580039620399475, 0.8330039978027344, 1.2102841138839722]
[0.04182232543826103, -0.022488029673695564, 0.4139271676540375, 1.0185078382492065, -0.24208736419677734, 0.860195517539978] [-0.40186604857444763, -0.00771196186542511, 0.05825003981590271, 0.8314700126647949, 1.2118180990219116]
[0.04017498716711998, -0.022353563457727432, 0.41849377751350403, 1.007468342781067, -0.26333844661712646, 0.8676560521125793] [-0.42180806398391724, -0.006177961826324463, 0.06592004001140594, 0.8314700126647949, 1.2102841138839722]
[0.038991644978523254, -0.022494720295071602, 0.4219660758972168, 0.9944390058517456, -0.2793188989162445, 0.8709892630577087] [-0.440216064453125, -0.006177961826324463, 0.06898804008960724, 0.8314700126647949, 1.2118180990219116]
[0.037424761801958084, -0.022367583587765694, 0.4257904887199402, 0.9813922643661499, -0.29586780071258545, 0.8780890107154846] [-0.45862406492233276, -0.006177961826324463, 0.07359004020690918, 0.8330039978027344, 1.2118180990219116]
[0.03633396700024605, -0.022486915811896324, 0.4284825921058655, 0.9712338447570801, -0.3080970048904419, 0.8821737766265869] [-0.48010003566741943, -0.006177961826324463, 0.07665804028511047, 0.8330039978027344, 1.2102841138839722]
[0.03441455587744713, -0.022939201444387436, 0.4333990216255188, 0.9508192539215088, -0.3302656412124634, 0.887168824672699] [-0.5015760660171509, -0.006177961826324463, 0.08279404044151306, 0.8314700126647949, 1.2118180990219116]
[0.032068219035863876, -0.02274312451481819, 0.4381110966205597, 0.9331977367401123, -0.35140493512153625, 0.8975315093994141] [-0.5276540517807007, -0.006177961826324463, 0.09199804067611694, 0.8330039978027344, 1.2102841138839722]
[0.02964778058230877, -0.022815272212028503, 0.442968487739563, 0.9148741960525513, -0.37390172481536865, 0.9073366522789001] [-0.5568000674247742, -0.006177961826324463, 0.09813404083251953, 0.8330039978027344, 1.2118180990219116]
[0.026922188699245453, -0.02297690510749817, 0.4481324553489685, 0.8948618769645691, -0.39787790179252625, 0.9170303344726562] [-0.5920820236206055, -0.006177961826324463, 0.10580404102802277, 0.8314700126647949, 1.2102841138839722]
[0.023583117872476578, -0.02274937927722931, 0.45349085330963135, 0.8692211508750916, -0.42094042897224426, 0.9314351081848145] [-0.6196940541267395, -0.006177961826324463, 0.10887204110622406, 0.8314700126647949, 1.2118180990219116]
[0.02039339207112789, -0.022955812513828278, 0.45848292112350464, 0.8418260812759399, -0.44320693612098694, 0.9446385502815247] [-0.6519080400466919, -0.00771196186542511, 0.113474041223526, 0.8330039978027344, 1.2102841138839722]
[0.01865834929049015, -0.022955715656280518, 0.4612548053264618, 0.8286328315734863, -0.4556252360343933, 0.9507377743721008] [-0.6733840703964233, -0.00771196186542511, 0.1165420413017273, 0.8330039978027344, 1.2102841138839722]
[0.015939773991703987, -0.022667868062853813, 0.46465182304382324, 0.8061404228210449, -0.4695773720741272, 0.9641851782798767] [-0.6933260560035706, -0.006177961826324463, 0.1165420413017273, 0.8314700126647949, 1.2102841138839722]
[0.01307690516114235, -0.0227096788585186, 0.46844297647476196, 0.7807192802429199, -0.485258013010025, 0.9758797287940979] [-0.7209380865097046, -0.006177961826324463, 0.11961004137992859, 0.8330039978027344, 1.2102841138839722]
[0.009388335980474949, -0.02278606966137886, 0.47325360774993896, 0.7560846209526062, -0.5080204606056213, 0.9910088777542114] [-0.7516180276870728, -0.006177961826324463, 0.12728004157543182, 0.8314700126647949, 1.2118180990219116]
[0.006904933601617813, -0.023043353110551834, 0.4763908386230469, 0.7404760122299194, -0.5235976576805115, 1.0013149976730347] [-0.7761620283126831, -0.006177961826324463, 0.1334160417318344, 0.8330039978027344, 1.2102841138839722]
[0.003229924477636814, -0.022809740155935287, 0.4800916910171509, 0.7143605947494507, -0.5399612784385681, 1.0198638439178467] [-0.8007060289382935, -0.006177961826324463, 0.13801804184913635, 0.8314700126647949, 1.2118180990219116]
[-0.0002167093480238691, -0.023014158010482788, 0.4837610125541687, 0.6894325613975525, -0.5565457344055176, 1.0337382555007935] [-0.8252500295639038, -0.00771196186542511, 0.139552041888237, 0.8330039978027344, 1.2118180990219116]
[-0.0037006495986133814, -0.022864490747451782, 0.4870806932449341, 0.6618412733078003, -0.5706263780593872, 1.0506669282913208] [-0.8482600450515747, -0.00771196186542511, 0.139552041888237, 0.8314700126647949, 1.2118180990219116]
[-0.006465285085141659, -0.023022927343845367, 0.4898728132247925, 0.6406352519989014, -0.5828307271003723, 1.0619903802871704] [-0.8804740905761719, -0.006177961826324463, 0.139552041888237, 0.8314700126647949, 1.2102841138839722]
[-0.008924725465476513, -0.02295514941215515, 0.49183112382888794, 0.6209108233451843, -0.5912555456161499, 1.0742318630218506] [-0.8988820314407349, -0.00771196186542511, 0.1426200419664383, 0.8314700126647949, 1.2102841138839722]
[-0.011704886332154274, -0.02296910248696804, 0.4944407641887665, 0.6013387441635132, -0.6032996773719788, 1.0864229202270508] [-0.9172900915145874, -0.006177961826324463, 0.1456880420446396, 0.8330039978027344, 1.2118180990219116]
[-0.013978946954011917, -0.02306647039949894, 0.4963691532611847, 0.5856847167015076, -0.6120598316192627, 1.0973774194717407] [-0.931096076965332, -0.006177961826324463, 0.1456880420446396, 0.8330039978027344, 1.2102841138839722]
[-0.01562861166894436, -0.02297263778746128, 0.4977196455001831, 0.570629358291626, -0.6174594759941101, 1.1051841974258423] [-0.9403000473976135, -0.006177961826324463, 0.1456880420446396, 0.8330039978027344, 1.2118180990219116]
[-0.016619961708784103, -0.02306521311402321, 0.49851056933403015, 0.5625177025794983, -0.6210102438926697, 1.1098978519439697] [-0.9464360475540161, -0.006177961826324463, 0.14722204208374023, 0.8330039978027344, 1.2118180990219116]
[-0.017754795029759407, -0.022907424718141556, 0.49920549988746643, 0.5566378235816956, -0.6236650943756104, 1.1163753271102905] [-0.9571740627288818, -0.006177961826324463, 0.14722204208374023, 0.8330039978027344, 1.2102841138839722]
[-0.020213494077324867, -0.02291368506848812, 0.5008228421211243, 0.538932204246521, -0.6306391358375549, 1.1289254426956177] [-0.9679120779037476, -0.00771196186542511, 0.15029004216194153, 0.8422079682350159, 1.2118180990219116]
[-0.022252699360251427, -0.02250126749277115, 0.5012584924697876, 0.5236307382583618, -0.629799485206604, 1.1448992490768433] [-0.9801840782165527, -0.00771196186542511, 0.15182404220104218, 0.8483439683914185, 1.2118180990219116]
[-0.024713488295674324, -0.022222375497221947, 0.5026217699050903, 0.5070269107818604, -0.6355109214782715, 1.1593009233474731] [-0.9924560785293579, -0.00771196186542511, 0.1594940423965454, 0.8483439683914185, 1.2102841138839722]
[-0.027454324066638947, -0.02229839749634266, 0.5045809745788574, 0.4916762411594391, -0.6459357142448425, 1.1745312213897705] [-1.0093300342559814, -0.00771196186542511, 0.16716404259204865, 0.8483439683914185, 1.2102841138839722]
[-0.030567951500415802, -0.02249450981616974, 0.5066928267478943, 0.4746920168399811, -0.6576997637748718, 1.1921873092651367] [-1.027738094329834, -0.00771196186542511, 0.17636804282665253, 0.8483439683914185, 1.2102841138839722]
[-0.03332003206014633, -0.022512301802635193, 0.5085184574127197, 0.4587610960006714, -0.6672428846359253, 1.2079715728759766] [-1.043078064918518, -0.00771196186542511, 0.18250404298305511, 0.8529459834098816, 1.2102841138839722]
[-0.03628310188651085, -0.022521013393998146, 0.5098044872283936, 0.4385543763637543, -0.672274649143219, 1.2269834280014038] [-1.0568840503692627, -0.009245961904525757, 0.18403804302215576, 0.8529459834098816, 1.2102841138839722]
[-0.03917696326971054, -0.022673150524497032, 0.511630117893219, 0.41529473662376404, -0.6801292896270752, 1.2407587766647339] [-1.0768260955810547, -0.009245961904525757, 0.1855720430612564, 0.854479968547821, 1.2102841138839722]
[-0.04254591464996338, -0.022724967449903488, 0.513491153717041, 0.3893430531024933, -0.6878340244293213, 1.2584816217422485] [-1.0998361110687256, -0.009245961904525757, 0.1855720430612564, 0.8529459834098816, 1.2102841138839722]
[-0.046162091195583344, -0.022670915350317955, 0.5152938961982727, 0.3606078326702118, -0.6943561434745789, 1.2789193391799927] [-1.1182440519332886, -0.009245961904525757, 0.18710604310035706, 0.8529459834098816, 1.2102841138839722]
[-0.049438972026109695, -0.02289314568042755, 0.5170100331306458, 0.33296337723731995, -0.7019431591033936, 1.2949138879776] [-1.1473901271820068, -0.009245961904525757, 0.18710604310035706, 0.8529459834098816, 1.2087500095367432]
[-0.05270255357027054, -0.022847799584269524, 0.5185033082962036, 0.30875837802886963, -0.7072244882583618, 1.3116124868392944] [-1.1596620082855225, -0.009245961904525757, 0.1886400431394577, 0.8529459834098816, 1.2102841138839722]
[-0.055484265089035034, -0.022945521399378777, 0.519801914691925, 0.28810614347457886, -0.7129378318786621, 1.3277678489685059] [-1.1734681129455566, -0.009245961904525757, 0.19324204325675964, 0.8529459834098816, 1.2102841138839722]
[-0.056555651128292084, -0.022940030321478844, 0.5202600359916687, 0.2822764813899994, -0.71535325050354, 1.33432137966156] [-1.178070068359375, -0.00771196186542511, 0.19324204325675964, 0.8529459834098816, 1.2102841138839722]
[-0.05749652534723282, -0.022655995562672615, 0.5205012559890747, 0.2737373113632202, -0.7151583433151245, 1.3396291732788086] [-1.1842060089111328, -0.00771196186542511, 0.19324204325675964, 0.8529459834098816, 1.2087500095367432]
[-0.05828441306948662, -0.022726139053702354, 0.5207938551902771, 0.270992636680603, -0.7167798280715942, 1.3437838554382324] [-1.1857401132583618, -0.00771196186542511, 0.19324204325675964, 0.8529459834098816, 1.2102841138839722]
[-0.057819534093141556, -0.022675542160868645, 0.5207437872886658, 0.2717731297016144, -0.7158348560333252, 1.3419219255447388] [-1.1888080835342407, -0.00771196186542511, 0.1947760432958603, 0.8529459834098816, 1.2087500095367432]
[-0.05847347155213356, -0.02268327958881855, 0.5210956931114197, 0.26505744457244873, -0.7169501781463623, 1.3459882736206055] [-1.1918760538101196, -0.00771196186542511, 0.19324204325675964, 0.854479968547821, 1.2102841138839722]
[-0.05852489545941353, -0.02256632037460804, 0.520997941493988, 0.2642681300640106, -0.7156988978385925, 1.3473608493804932] [-1.1918760538101196, -0.00771196186542511, 0.191708043217659, 0.8529459834098816, 1.2102841138839722]
[-0.05879997834563255, -0.022663703188300133, 0.5213387608528137, 0.261398583650589, -0.7175822257995605, 1.3486628532409668] [-1.1949440240859985, -0.00771196186542511, 0.19324204325675964, 0.8529459834098816, 1.2087500095367432]
[-0.059357546269893646, -0.022677583619952202, 0.5216123461723328, 0.2544892728328705, -0.7184903025627136, 1.3520195484161377] [-1.2026140689849854, -0.00771196186542511, 0.19324204325675964, 0.8560140132904053, 1.2056820392608643]
[-0.06060497462749481, -0.0225846990942955, 0.5219524502754211, 0.24085475504398346, -0.718855619430542, 1.3595613241195679] [-1.2102841138839722, -0.00771196186542511, 0.19324204325675964, 0.8560140132904053, 1.2041480541229248]
[-0.06267965584993362, -0.022513121366500854, 0.5226549506187439, 0.2229975312948227, -0.7207418084144592, 1.3723962306976318] [-1.221022129058838, -0.00771196186542511, 0.1947760432958603, 0.8590819835662842, 1.2041480541229248]
[-0.06453914940357208, -0.022084945812821388, 0.5226874351501465, 0.2071809023618698, -0.716869056224823, 1.384118676185608] [-1.2302260398864746, -0.00771196186542511, 0.19324204325675964, 0.8652179837226868, 1.2041480541229248]
[-0.06609561294317245, -0.021691612899303436, 0.5226651430130005, 0.19261185824871063, -0.7131268978118896, 1.395216703414917] [-1.2409640550613403, -0.00771196186542511, 0.19324204325675964, 0.8728879690170288, 1.2026140689849854]
[-0.068635493516922, -0.02129521407186985, 0.5228909850120544, 0.17295528948307037, -0.7100861668586731, 1.4105418920516968] [-1.2563040256500244, -0.00771196186542511, 0.19324204325675964, 0.8790239691734314, 1.198012113571167]
[-0.0725238099694252, -0.021044107154011726, 0.5237888097763062, 0.13366040587425232, -0.710150957107544, 1.4343595504760742] [-1.2823820114135742, -0.00771196186542511, 0.19324204325675964, 0.8790239691734314, 1.1734681129455566]
[-0.07695382833480835, -0.020970642566680908, 0.5250310897827148, 0.06267855316400528, -0.7120710015296936, 1.4596716165542603] [-1.3069260120391846, -0.009245961904525757, 0.19324204325675964, 0.8805580139160156, 1.1473901271820068]
[-0.08037465065717697, -0.02101154625415802, 0.5260807871818542, 0.004793107509613037, -0.7144489288330078, 1.4793483018875122] [-1.331470012664795, -0.00771196186542511, 0.19324204325675964, 0.8790239691734314, 1.1182440519332886]
[-0.08210954070091248, -0.021395329385995865, 0.5268636345863342, -0.02926972322165966, -0.718386709690094, 1.4885884523391724] [-1.345276117324829, -0.00771196186542511, 0.19324204325675964, 0.8805580139160156, 1.0967680215835571]
[-0.08566552400588989, -0.0211277324706316, 0.527493953704834, -0.08527213335037231, -0.7173314690589905, 1.5094019174575806] [-1.363684058189392, -0.00771196186542511, 0.19324204325675964, 0.8805580139160156, 1.0829620361328125]
[-0.08780649304389954, -0.02138788253068924, 0.5281444787979126, -0.11271736025810242, -0.7195585370063782, 1.521030068397522] [-1.383626103401184, -0.00771196186542511, 0.19324204325675964, 0.8805580139160156, 1.0706900358200073]
[-0.092135950922966, -0.021144501864910126, 0.5289849638938904, -0.1681613326072693, -0.7190998792648315, 1.544909119606018] [-1.402034044265747, -0.00771196186542511, 0.19324204325675964, 0.8790239691734314, 1.0492141246795654]
[-0.09412159025669098, -0.021173525601625443, 0.5294256806373596, -0.20512333512306213, -0.7193881869316101, 1.5563157796859741] [-1.4204421043395996, -0.00771196186542511, 0.19324204325675964, 0.8805580139160156, 1.0154660940170288]
[-0.0965568870306015, -0.021241819486021996, 0.5300089120864868, -0.25981467962265015, -0.7195414900779724, 1.571064829826355] [-1.4327141046524048, -0.00771196186542511, 0.19324204325675964, 0.8805580139160156, 0.9878540635108948]
[-0.09870682656764984, -0.021309904754161835, 0.5305636525154114, -0.3062814474105835, -0.7195412516593933, 1.5850006341934204] [-1.4480540752410889, -0.009245961904525757, 0.19324204325675964, 0.8805580139160156, 0.9525720477104187]
[-0.10028035938739777, -0.021589811891317368, 0.5310586094856262, -0.37394410371780396, -0.7197174429893494, 1.5970141887664795] [-1.4587920904159546, -0.00771196186542511, 0.19324204325675964, 0.8805580139160156, 0.9280280470848083]
[-0.10200358182191849, -0.021954789757728577, 0.5313158631324768, -0.4008263051509857, -0.7202006578445435, 1.6068987846374512] [-1.4725980758666992, -0.00771196186542511, 0.19324204325675964, 0.8790239691734314, 0.8728040456771851]
[-0.10364575684070587, -0.022481614723801613, 0.5319204926490784, -0.4717552959918976, -0.7214714288711548, 1.6182270050048828] [-1.483336091041565, -0.00771196186542511, 0.19324204325675964, 0.8805580139160156, 0.8497940301895142]
[-0.10603217035531998, -0.022284459322690964, 0.5323614478111267, -0.5137074589729309, -0.7200988531112671, 1.6318858861923218] [-1.4971420764923096, -0.009245961904525757, 0.19324204325675964, 0.8805580139160156, 0.8436580896377563]
[-0.10717373341321945, -0.022430235520005226, 0.5324822664260864, -0.5264567732810974, -0.7198969721794128, 1.6381300687789917] [-1.5032780170440674, -0.009245961904525757, 0.19324204325675964, 0.8805580139160156, 0.8436580896377563]
[-0.10736764967441559, -0.02249744161963463, 0.5324947237968445, -0.5282361507415771, -0.7199297547340393, 1.6392326354980469] [-1.5032780170440674, -0.009245961904525757, 0.19324204325675964, 0.885159969329834, 0.8436580896377563]
[-0.10770390182733536, -0.021930089220404625, 0.5315040946006775, -0.528719961643219, -0.7096675038337708, 1.6423299312591553] [-1.5032780170440674, -0.009245961904525757, 0.19324204325675964, 0.8958979845046997, 0.8436580896377563]
[-0.10803729295730591, -0.021310405805706978, 0.5303705334663391, -0.532410204410553, -0.6980080604553223, 1.6456066370010376] [-1.5032780170440674, -0.009245961904525757, 0.1947760432958603, 0.9097039699554443, 0.8451920747756958]
[-0.10841409116983414, -0.020253878086805344, 0.5288304686546326, -0.5332679748535156, -0.6814283132553101, 1.6496951580047607] [-1.5032780170440674, -0.009245961904525757, 0.1947760432958603, 0.9327139854431152, 0.8436580896377563]
[-0.10841639339923859, -0.019576825201511383, 0.5275097489356995, -0.5332971215248108, -0.667991042137146, 1.6515851020812988] [-1.5032780170440674, -0.010779961943626404, 0.19324204325675964, 0.9419180154800415, 0.8436580896377563]
[-0.10824958980083466, -0.019679084420204163, 0.5270472764968872, -0.5338402986526489, -0.6633158326148987, 1.652355432510376] [-1.501744031906128, -0.01691596210002899, 0.1947760432958603, 0.9495880007743835, 0.8451920747756958]
[-0.10810138285160065, -0.020392099395394325, 0.5266760587692261, -0.5351783633232117, -0.6608390808105469, 1.6540080308914185] [-1.5002100467681885, -0.02305196225643158, 0.1947760432958603, 0.9649279713630676, 0.8436580896377563]
[-0.10929924994707108, -0.02081914432346821, 0.525397777557373, -0.541688084602356, -0.6486076712608337, 1.6609370708465576] [-1.5002100467681885, -0.039925962686538696, 0.1947760432958603, 0.9910060167312622, 0.8451920747756958]
[-0.1096278727054596, -0.02231503650546074, 0.5243276357650757, -0.5448068380355835, -0.6412447094917297, 1.6638728380203247] [-1.498676061630249, -0.05679996311664581, 0.1947760432958603, 1.0186179876327515, 0.8451920747756958]
[-0.1099671795964241, -0.02388056181371212, 0.5238694548606873, -0.5493146777153015, -0.6394478678703308, 1.6663786172866821] [-1.4971420764923096, -0.08134396374225616, 0.19631004333496094, 1.0446959733963013, 0.8451920747756958]
[-0.11051079630851746, -0.025585250928997993, 0.522360622882843, -0.5528388619422913, -0.629291832447052, 1.6718312501907349] [-1.4971420764923096, -0.09514996409416199, 0.19631004333496094, 1.0723079442977905, 0.8467260599136353]
[-0.1115359291434288, -0.025290757417678833, 0.5195788145065308, -0.5593338012695312, -0.6035159230232239, 1.6789246797561646] [-1.4971420764923096, -0.10588795691728592, 0.19631004333496094, 1.113726019859314, 0.8467260599136353]
[-0.11263356357812881, -0.024745864793658257, 0.5166515111923218, -0.5637294054031372, -0.5764358639717102, 1.6857839822769165] [-1.4971420764923096, -0.11048995703458786, 0.19631004333496094, 1.1413379907608032, 0.8482600450515747]
[-0.11318459361791611, -0.02423887886106968, 0.5148922801017761, -0.5683532953262329, -0.5593613386154175, 1.689544439315796] [-1.4971420764923096, -0.1181599572300911, 0.19631004333496094, 1.167415976524353, 0.8482600450515747]
[-0.11362078040838242, -0.024852192029356956, 0.5132104754447937, -0.5708665251731873, -0.5456474423408508, 1.6929993629455566] [-1.4971420764923096, -0.13196596503257751, 0.19631004333496094, 1.187358021736145, 0.8467260599136353]
[-0.11407037824392319, -0.026115501299500465, 0.51289963722229, -0.5763675570487976, -0.545423150062561, 1.694911003112793] [-1.4971420764923096, -0.15037396550178528, 0.19631004333496094, 1.202697992324829, 0.8467260599136353]
[-0.1146855503320694, -0.02810695767402649, 0.5125593543052673, -0.5823918581008911, -0.5463199615478516, 1.6973952054977417] [-1.4971420764923096, -0.16878196597099304, 0.19631004333496094, 1.2195719480514526, 0.8467260599136353]
[-0.11604729294776917, -0.029475731775164604, 0.5116627812385559, -0.5909735560417175, -0.5411362648010254, 1.7019221782684326] [-1.4971420764923096, -0.17491796612739563, 0.19937804341316223, 1.2395139932632446, 0.8467260599136353]
[-0.11728072911500931, -0.029147354885935783, 0.5103235244750977, -0.5937709212303162, -0.5283957123756409, 1.7108454704284668] [-1.498676061630249, -0.17491796612739563, 0.2085820436477661, 1.2502520084381104, 0.8467260599136353]
[-0.11913671344518661, -0.028584007173776627, 0.508910059928894, -0.5984370112419128, -0.5142367482185364, 1.7253522872924805] [-1.4971420764923096, -0.17491796612739563, 0.21778604388237, 1.264057993888855, 0.8467260599136353]
[-0.12025011330842972, -0.02821163460612297, 0.5077161192893982, -0.6012783646583557, -0.5029019117355347, 1.7340209484100342] [-1.4971420764923096, -0.17491796612739563, 0.22699004411697388, 1.279397964477539, 0.8467260599136353]
[-0.12152665853500366, -0.027712540701031685, 0.5064218044281006, -0.6053915619850159, -0.48972976207733154, 1.7449346780776978] [-1.4971420764923096, -0.17491796612739563, 0.23005804419517517, 1.2932039499282837, 0.8467260599136353]
[-0.12263893336057663, -0.02741694077849388, 0.5052384734153748, -0.6079131960868835, -0.47860828042030334, 1.7546108961105347] [-1.498676061630249, -0.17491796612739563, 0.23926204442977905, 1.3085440397262573, 0.8467260599136353]
[-0.12364468723535538, -0.026801371946930885, 0.5034514665603638, -0.6087444424629211, -0.46154019236564636, 1.7656651735305786] [-1.498676061630249, -0.17491796612739563, 0.2500000596046448, 1.3284859657287598, 0.8467260599136353]
[-0.12503349781036377, -0.026410410180687904, 0.5015828013420105, -0.613076388835907, -0.44427016377449036, 1.7768332958221436] [-1.498676061630249, -0.17491796612739563, 0.25613605976104736, 1.3468940258026123, 0.8467260599136353]
[-0.1263725757598877, -0.02584664709866047, 0.49952709674835205, -0.6159547567367554, -0.42519405484199524, 1.7873141765594482] [-1.498676061630249, -0.17491796612739563, 0.2607380449771881, 1.3668359518051147, 0.8467260599136353]
[-0.12695269286632538, -0.02505435422062874, 0.4972495138645172, -0.6170380711555481, -0.4037187099456787, 1.7911615371704102] [-1.498676061630249, -0.17491796612739563, 0.2607380449771881, 1.37910795211792, 0.8467260599136353]
[-0.12729887664318085, -0.02481844089925289, 0.49626195430755615, -0.6177183389663696, -0.3948177695274353, 1.793695330619812] [-1.4971420764923096, -0.17645196616649628, 0.26227205991744995, 1.3852440118789673, 0.8467260599136353]
[-0.12741924822330475, -0.02467375621199608, 0.49576157331466675, -0.6180202960968018, -0.39022108912467957, 1.7943402528762817] [-1.498676061630249, -0.17491796612739563, 0.26227205991744995, 1.3898459672927856, 0.8467260599136353]
[-0.12758511304855347, -0.024877436459064484, 0.49557626247406006, -0.6175255179405212, -0.38940995931625366, 1.79712975025177] [-1.4971420764923096, -0.17491796612739563, 0.269942045211792, 1.392914056777954, 0.8467260599136353]
[-0.12898625433444977, -0.024865640327334404, 0.4951925575733185, -0.6215947866439819, -0.3851301372051239, 1.8081715106964111] [-1.4971420764923096, -0.17491796612739563, 0.2791460454463959, 1.3975160121917725, 0.8467260599136353]
[-0.1296183168888092, -0.02458914741873741, 0.49476349353790283, -0.6206310987472534, -0.38168853521347046, 1.8173835277557373] [-1.4971420764923096, -0.17645196616649628, 0.2868160605430603, 1.4036519527435303, 0.8467260599136353]
[-0.13006485998630524, -0.023878028616309166, 0.4940575659275055, -0.6181673407554626, -0.3758818805217743, 1.8240599632263184] [-1.4971420764923096, -0.17645196616649628, 0.29141804575920105, 1.4051859378814697, 0.8482600450515747]
[-0.1300860196352005, -0.02361697144806385, 0.49405795335769653, -0.617148756980896, -0.37612462043762207, 1.8269187211990356] [-1.4971420764923096, -0.17645196616649628, 0.2929520606994629, 1.4051859378814697, 0.8482600450515747]
[-0.1297498196363449, -0.023297088220715523, 0.4940358102321625, -0.6156158447265625, -0.37583643198013306, 1.826517939567566] [-1.4971420764923096, -0.17645196616649628, 0.2929520606994629, 1.4051859378814697, 0.8482600450515747]
[-0.12960129976272583, -0.023240020498633385, 0.494003564119339, -0.6149241328239441, -0.37594515085220337, 1.8263353109359741] [-1.4971420764923096, -0.17645196616649628, 0.2929520606994629, 1.4051859378814697, 0.8482600450515747]
[-0.12919831275939941, -0.02325892075896263, 0.49398183822631836, -0.6126307845115662, -0.3766249120235443, 1.8255088329315186] [-1.4956080913543701, -0.17645196616649628, 0.2929520606994629, 1.4051859378814697, 0.8482600450515747]
[-0.12925493717193604, -0.02320808731019497, 0.49398621916770935, -0.61371248960495, -0.3762282729148865, 1.8259388208389282] [-1.4956080913543701, -0.17645196616649628, 0.2929520606994629, 1.4051859378814697, 0.8482600450515747]
[-0.12887020409107208, -0.023122308775782585, 0.49398550391197205, -0.6114051342010498, -0.3765646815299988, 1.8251147270202637] [-1.4956080913543701, -0.17645196616649628, 0.2929520606994629, 1.4051859378814697, 0.8482600450515747]
[-0.12870928645133972, -0.023072659969329834, 0.49398621916770935, -0.6108518838882446, -0.3765829801559448, 1.8249218463897705] [-1.4956080913543701, -0.17645196616649628, 0.2929520606994629, 1.4051859378814697, 0.8482600450515747]
[-0.12856993079185486, -0.023107515648007393, 0.49410480260849, -0.6102927327156067, -0.37820494174957275, 1.824565052986145] [-1.4956080913543701, -0.17645196616649628, 0.2929520606994629, 1.4036519527435303, 0.8482600450515747]
[-0.12830716371536255, -0.023078689351677895, 0.4941175580024719, -0.6094114184379578, -0.3783520758152008, 1.8242446184158325] [-1.4971420764923096, -0.17645196616649628, 0.2929520606994629, 1.4036519527435303, 0.8482600450515747]
[-0.12801645696163177, -0.023086216300725937, 0.49411627650260925, -0.6084775328636169, -0.37855154275894165, 1.8239226341247559] [-1.4956080913543701, -0.17645196616649628, 0.2929520606994629, 1.4036519527435303, 0.8482600450515747]
[-0.12760965526103973, -0.023818429559469223, 0.49418824911117554, -0.6084973216056824, -0.3797569274902344, 1.82342529296875] [-1.4956080913543701, -0.17645196616649628, 0.2929520606994629, 1.4036519527435303, 0.8482600450515747]
[-0.12761922180652618, -0.02442094311118126, 0.4941957890987396, -0.6094449758529663, -0.3804807662963867, 1.8231669664382935] [-1.4956080913543701, -0.17645196616649628, 0.2929520606994629, 1.4036519527435303, 0.8482600450515747]
[-0.12770502269268036, -0.023823847994208336, 0.4941507875919342, -0.6086574196815491, -0.3797648847103119, 1.8234107494354248] [-1.4956080913543701, -0.17645196616649628, 0.29141804575920105, 1.4036519527435303, 0.8482600450515747]
[-0.12778937816619873, -0.02346993423998356, 0.49414828419685364, -0.6084488034248352, -0.37917786836624146, 1.8235361576080322] [-1.4971420764923096, -0.17645196616649628, 0.2929520606994629, 1.4036519527435303, 0.8482600450515747]
[-0.12775906920433044, -0.02326062321662903, 0.4940941333770752, -0.6078624129295349, -0.37899237871170044, 1.8234943151474] [-1.4956080913543701, -0.17645196616649628, 0.29141804575920105, 1.4036519527435303, 0.8482600450515747]
[-0.12788020074367523, -0.02311932109296322, 0.49404171109199524, -0.6082125902175903, -0.37849798798561096, 1.8222228288650513] [-1.4956080913543701, -0.17491796612739563, 0.2929520606994629, 1.4036519527435303, 0.8482600450515747]
[-0.127907857298851, -0.023101475089788437, 0.49409469962120056, -0.6080813407897949, -0.3786813020706177, 1.8236992359161377] [-1.4971420764923096, -0.17645196616649628, 0.2929520606994629, 1.4036519527435303, 0.8482600450515747]
[-0.12789876759052277, -0.02314693108201027, 0.49404117465019226, -0.6079073548316956, -0.3788558840751648, 1.823663353919983] [-1.4956080913543701, -0.17645196616649628, 0.2929520606994629, 1.4036519527435303, 0.8482600450515747]
[-0.12796582281589508, -0.023174846544861794, 0.4940235912799835, -0.606643795967102, -0.3789123296737671, 1.82375967502594] [-1.4956080913543701, -0.17645196616649628, 0.2929520606994629, 1.4036519527435303, 0.8482600450515747]
[-0.1278296262025833, -0.023127684369683266, 0.4940652847290039, -0.6077840924263, -0.3788873553276062, 1.8236263990402222] [-1.4956080913543701, -0.17645196616649628, 0.2929520606994629, 1.4036519527435303, 0.8497940301895142]
