[0.07287068665027618, -0.05803988501429558, 0.2972390055656433, 1.4453314542770386, 0.21097663044929504, 0.3784349858760834] [0.28689998388290405, 0.03370603919029236, 0.3941960334777832, 0.35899797081947327, 0.9356980323791504]
[0.07298418879508972, -0.05834785848855972, 0.29721131920814514, 1.4448704719543457, 0.211320161819458, 0.3769635260105133] [0.2884339690208435, 0.03217203915119171, 0.39573004841804504, 0.35899797081947327, 0.9356980323791504]
[0.07294899225234985, -0.058102086186409, 0.29692405462265015, 1.4475682973861694, 0.21262586116790771, 0.3781611919403076] [0.2884339690208435, 0.03217203915119171, 0.3941960334777832, 0.35899797081947327, 0.9356980323791504]
[0.07302816212177277, -0.0584271214902401, 0.2967919409275055, 1.4457664489746094, 0.21359148621559143, 0.3767886459827423] [0.2884339690208435, 0.03370603919029236, 0.3941960334777832, 0.35899797081947327, 0.9356980323791504]
[0.07304859161376953, -0.05795738473534584, 0.2973021864891052, 1.4473611116409302, 0.21061180531978607, 0.3794441819190979] [0.2884339690208435, 0.03217203915119171, 0.39573004841804504, 0.35899797081947327, 0.9356980323791504]
[0.07294798642396927, -0.058106929063797, 0.29682657122612, 1.4462590217590332, 0.21328581869602203, 0.3783333897590637] [0.2884339690208435, 0.03217203915119171, 0.39573004841804504, 0.35899797081947327, 0.9356980323791504]
[0.07304185628890991, -0.05843926966190338, 0.2967771291732788, 1.445802092552185, 0.21368877589702606, 0.37673863768577576] [0.2884339690208435, 0.03370603919029236, 0.3941960334777832, 0.35899797081947327, 0.9356980323791504]
[0.07308778911828995, -0.05810800567269325, 0.29688069224357605, 1.4477916955947876, 0.21312157809734344, 0.3782043755054474] [0.2884339690208435, 0.03370603919029236, 0.3941960334777832, 0.35899797081947327, 0.9356980323791504]
[0.0730932205915451, -0.05844779685139656, 0.29683491587638855, 1.4472343921661377, 0.2133190929889679, 0.3765357732772827] [0.2884339690208435, 0.03370603919029236, 0.3941960334777832, 0.35899797081947327, 0.9356980323791504]
[0.07302561402320862, -0.05814344063401222, 0.2968560457229614, 1.4477559328079224, 0.21310192346572876, 0.3780100345611572] [0.2884339690208435, 0.03370603919029236, 0.39573004841804504, 0.35899797081947327, 0.9356980323791504]
[0.07321571558713913, -0.058489542454481125, 0.2968493700027466, 1.4488016366958618, 0.21330013871192932, 0.37620967626571655] [0.2884339690208435, 0.03370603919029236, 0.4049340486526489, 0.35899797081947327, 0.9356980323791504]
[0.07357247918844223, -0.05859208106994629, 0.2977945804595947, 1.4545832872390747, 0.20815113186836243, 0.3745868504047394] [0.2853659689426422, 0.03217203915119171, 0.4049340486526489, 0.35899797081947327, 0.9356980323791504]
[0.07412812858819962, -0.05849460884928703, 0.29936107993125916, 1.451792597770691, 0.20091967284679413, 0.37450265884399414] [0.27616196870803833, 0.03217203915119171, 0.4064680337905884, 0.35899797081947327, 0.9356980323791504]
[0.07429159432649612, -0.05833208188414574, 0.3006090223789215, 1.4514029026031494, 0.1945672333240509, 0.37536585330963135] [0.2715599536895752, 0.03217203915119171, 0.4080020487308502, 0.3605319857597351, 0.9356980323791504]
[0.07428120821714401, -0.05844380706548691, 0.3014907240867615, 1.450750708580017, 0.1904652863740921, 0.37358641624450684] [0.2684919834136963, 0.03217203915119171, 0.40953606367111206, 0.35899797081947327, 0.9356980323791504]
[0.07459890842437744, -0.058206647634506226, 0.3027533292770386, 1.4505691528320312, 0.18445509672164917, 0.37490949034690857] [0.26388996839523315, 0.030638039112091064, 0.40953606367111206, 0.3605319857597351, 0.9356980323791504]
[0.07519157975912094, -0.05850180611014366, 0.3047437071800232, 1.4479306936264038, 0.17511987686157227, 0.37265947461128235] [0.2454819679260254, 0.030638039112091064, 0.4110700488090515, 0.3605319857597351, 0.9356980323791504]
[0.07658566534519196, -0.058394674211740494, 0.3105832636356354, 1.4374603033065796, 0.14806179702281952, 0.3714340925216675] [0.22400596737861633, 0.030638039112091064, 0.4110700488090515, 0.3605319857597351, 0.9356980323791504]
[0.07811058312654495, -0.058321837335824966, 0.31759536266326904, 1.4250297546386719, 0.11563409864902496, 0.3700847923755646] [0.1902579665184021, 0.030638039112091064, 0.41260403394699097, 0.3605319857597351, 0.9356980323791504]
[0.07930794358253479, -0.05831342190504074, 0.3236960768699646, 1.4159443378448486, 0.08754561841487885, 0.3688594102859497] [0.15650996565818787, 0.030638039112091064, 0.41260403394699097, 0.3605319857597351, 0.9356980323791504]
[0.08024630695581436, -0.05830763280391693, 0.32903316617012024, 1.4067274332046509, 0.06314704567193985, 0.3681626617908478] [0.13196596503257751, 0.030638039112091064, 0.4110700488090515, 0.3605319857597351, 0.9356980323791504]
[0.08081696182489395, -0.05833576247096062, 0.3334785997867584, 1.3989968299865723, 0.04272100701928139, 0.36757799983024597] [0.1150919571518898, 0.030638039112091064, 0.41260403394699097, 0.3605319857597351, 0.9356980323791504]
[0.08120021224021912, -0.05832546949386597, 0.3373468816280365, 1.3923001289367676, 0.024963390082120895, 0.36736631393432617] [0.09668396413326263, 0.030638039112091064, 0.41260403394699097, 0.3605319857597351, 0.9356980323791504]
[0.08148840814828873, -0.05837146192789078, 0.34017595648765564, 1.3874222040176392, 0.012050768360495567, 0.36703601479530334] [0.08134396374225616, 0.030638039112091064, 0.4141380488872528, 0.3605319857597351, 0.9356980323791504]
[0.08142252266407013, -0.05786611884832382, 0.3436369001865387, 1.3851683139801025, -0.005854672286659479, 0.37338942289352417] [0.06907196342945099, 0.02757003903388977, 0.4172060489654541, 0.37740597128868103, 0.9356980323791504]
[0.08146237581968307, -0.05741794779896736, 0.34802940487861633, 1.3810498714447021, -0.027550864964723587, 0.37893036007881165] [0.05373196303844452, 0.02757003903388977, 0.4202740490436554, 0.37740597128868103, 0.9356980323791504]
[0.0815204307436943, -0.05739915370941162, 0.35008329153060913, 1.378983736038208, -0.03708544746041298, 0.37898361682891846] [0.03839196264743805, 0.02757003903388977, 0.42180806398391724, 0.37740597128868103, 0.9356980323791504]
[0.0817963033914566, -0.05736144259572029, 0.35430827736854553, 1.373075008392334, -0.0560329295694828, 0.3792153596878052] [0.019983962178230286, 0.02757003903388977, 0.4233420491218567, 0.37740597128868103, 0.9356980323791504]
[0.08189938217401505, -0.05741969868540764, 0.3579370975494385, 1.3699305057525635, -0.0728439912199974, 0.379138708114624] [0.003109961748123169, 0.02757003903388977, 0.426410049200058, 0.37740597128868103, 0.9356980323791504]
[0.08200222253799438, -0.057462673634290695, 0.3620870113372803, 1.364304542541504, -0.09169508516788483, 0.3794379234313965] [-0.024502038955688477, 0.02757003903388977, 0.4294780492782593, 0.37740597128868103, 0.9356980323791504]
[0.08151864260435104, -0.05716845765709877, 0.36995670199394226, 1.356551170349121, -0.1289699524641037, 0.3840237557888031] [-0.050580039620399475, 0.02757003903388977, 0.4340800642967224, 0.3835419714450836, 0.9356980323791504]
[0.08136636018753052, -0.05723332241177559, 0.3735942244529724, 1.353217601776123, -0.1457386314868927, 0.3843390643596649] [-0.07512404024600983, 0.02757003903388977, 0.43868204951286316, 0.3835419714450836, 0.9356980323791504]
[0.080777108669281, -0.05703417584300041, 0.37954339385032654, 1.3454036712646484, -0.17366187274456024, 0.3882339298725128] [-0.09966804087162018, 0.029104039072990417, 0.43868204951286316, 0.3896779716014862, 0.9356980323791504]
[0.08020640164613724, -0.05668649449944496, 0.3834644556045532, 1.3377416133880615, -0.19228778779506683, 0.39348915219306946] [-0.1165420413017273, 0.02757003903388977, 0.43868204951286316, 0.3927459716796875, 0.9356980323791504]
[0.07961864769458771, -0.056416235864162445, 0.3876565396785736, 1.3295701742172241, -0.21179090440273285, 0.39791518449783325] [-0.13188204169273376, 0.029104039072990417, 0.43868204951286316, 0.39427995681762695, 0.9356980323791504]
[0.07871779799461365, -0.05615273118019104, 0.3922024667263031, 1.3203608989715576, -0.2331731915473938, 0.40267229080200195] [-0.15642604231834412, 0.02757003903388977, 0.43868204951286316, 0.39734798669815063, 0.9356980323791504]
[0.0783006101846695, -0.05603659898042679, 0.39531469345092773, 1.3141818046569824, -0.2473941594362259, 0.405475914478302] [-0.17790204286575317, 0.029104039072990417, 0.440216064453125, 0.39734798669815063, 0.9341640472412109]
[0.077373206615448, -0.05587904527783394, 0.4003371000289917, 1.3057091236114502, -0.2707307040691376, 0.40860259532928467] [-0.20398004353046417, 0.02757003903388977, 0.44481804966926575, 0.39734798669815063, 0.9356980323791504]
[0.07623156905174255, -0.056306514889001846, 0.40582025051116943, 1.2996253967285156, -0.2962018549442291, 0.40928488969802856] [-0.22545604407787323, 0.02757003903388977, 0.4494200348854065, 0.39734798669815063, 0.9356980323791504]
[0.07525764405727386, -0.0561363585293293, 0.41065776348114014, 1.2961450815200806, -0.31895315647125244, 0.41264310479164124] [-0.2500000596046448, 0.02757003903388977, 0.4524880647659302, 0.39734798669815063, 0.9341640472412109]
[0.07430250942707062, -0.05619851499795914, 0.41493120789527893, 1.2889400720596313, -0.33872681856155396, 0.41512271761894226] [-0.2806800603866577, 0.02757003903388977, 0.4524880647659302, 0.4050179719924927, 0.9341640472412109]
[0.07250229269266129, -0.05547641962766647, 0.4199596047401428, 1.2740222215652466, -0.36371758580207825, 0.4274778664112091] [-0.29755404591560364, 0.029104039072990417, 0.4524880647659302, 0.4188239574432373, 0.9341640472412109]
[0.06940846890211105, -0.05365501344203949, 0.42597895860671997, 1.2534986734390259, -0.39562055468559265, 0.45372429490089417] [-0.3159620463848114, 0.02757003903388977, 0.4524880647659302, 0.44029998779296875, 0.9341640472412109]
[0.06497412919998169, -0.050976525992155075, 0.43257007002830505, 1.2246037721633911, -0.43265774846076965, 0.4944852292537689] [-0.34971004724502563, 0.02757003903388977, 0.4524880647659302, 0.4740479588508606, 0.9341640472412109]
[0.06289741396903992, -0.04927071928977966, 0.435455858707428, 1.2097009420394897, -0.4486699402332306, 0.5169056057929993] [-0.36044806241989136, 0.029104039072990417, 0.4524880647659302, 0.48938798904418945, 0.9341640472412109]
[0.05784503370523453, -0.04746352881193161, 0.44361427426338196, 1.1756614446640015, -0.4910803735256195, 0.553839385509491] [-0.40186604857444763, 0.029104039072990417, 0.4524880647659302, 0.5123980045318604, 0.9356980323791504]
[0.05523126199841499, -0.046221766620874405, 0.4467225670814514, 1.1564137935638428, -0.5080401301383972, 0.5753622055053711] [-0.41567206382751465, 0.029104039072990417, 0.4524880647659302, 0.5308059453964233, 0.9356980323791504]
[0.04838676378130913, -0.04373457282781601, 0.45539018511772156, 1.1077810525894165, -0.553325891494751, 0.6273393034934998] [-0.4632260501384735, 0.02757003903388977, 0.4524880647659302, 0.5584179759025574, 0.9356980323791504]
[0.04674290493130684, -0.043155185878276825, 0.45748135447502136, 1.0956069231033325, -0.5640408396720886, 0.6403378844261169] [-0.47856605052948, 0.029104039072990417, 0.4524880647659302, 0.5691559910774231, 0.9341640472412109]
[0.03956321254372597, -0.04107840731739998, 0.4651346802711487, 1.0411949157714844, -0.6044649481773376, 0.6977812647819519] [-0.5184500217437744, 0.02757003903388977, 0.4524880647659302, 0.5983020067214966, 0.9341640472412109]
[0.038465652614831924, -0.04079107567667961, 0.4663720428943634, 1.0323017835617065, -0.6106661558151245, 0.706429660320282] [-0.5261200666427612, 0.029104039072990417, 0.4524880647659302, 0.6029039621353149, 0.9341640472412109]
[0.03625014051795006, -0.040069423615932465, 0.4683713912963867, 1.0151373147964478, -0.6211459636688232, 0.7249975800514221] [-0.5399260520935059, 0.029104039072990417, 0.4524880647659302, 0.6182439923286438, 0.9341640472412109]
[0.033905964344739914, -0.038857463747262955, 0.4700546860694885, 0.9966855645179749, -0.6296024918556213, 0.7469594478607178] [-0.552198052406311, 0.02757003903388977, 0.4524880647659302, 0.6289819478988647, 0.9356980323791504]
[0.03202945739030838, -0.038137711584568024, 0.47177058458328247, 0.9825352430343628, -0.6378787755966187, 0.7639030814170837] [-0.5629360675811768, 0.02757003903388977, 0.4524880647659302, 0.6473900079727173, 0.9341640472412109]
[0.02591676265001297, -0.037240561097860336, 0.4778096079826355, 0.9323853850364685, -0.6674954891204834, 0.8061888217926025] [-0.6012860536575317, 0.029104039072990417, 0.4524880647659302, 0.6535259485244751, 0.9341640472412109]
[0.02407381497323513, -0.037199102342128754, 0.4797869622707367, 0.9178082346916199, -0.6772536039352417, 0.8174636960029602] [-0.621228039264679, 0.02757003903388977, 0.45402204990386963, 0.6581279635429382, 0.9341640472412109]
[0.014459374360740185, -0.03470341116189957, 0.4880621135234833, 0.8579674363136292, -0.7177587747573853, 0.8805303573608398] [-0.6672480702400208, 0.029104039072990417, 0.4724300503730774, 0.6780699491500854, 0.9356980323791504]
[0.011291589587926865, -0.0342429019510746, 0.49072036147117615, 0.8406879305839539, -0.732418954372406, 0.9001941680908203] [-0.6825880408287048, 0.029104039072990417, 0.48010003566741943, 0.6888079643249512, 0.9341640472412109]
[0.0017186751356348395, -0.032673437148332596, 0.4972878396511078, 0.7780408263206482, -0.7676994800567627, 0.9751733541488647] [-0.7316760420799255, 0.029104039072990417, 0.5015760660171509, 0.7210220098495483, 0.9341640472412109]
[-0.0018017382826656103, -0.03178838640451431, 0.4993511438369751, 0.7544956207275391, -0.777955174446106, 1.00715172290802] [-0.7454820871353149, 0.029104039072990417, 0.5092460513114929, 0.7302259802818298, 0.9356980323791504]
[-0.005441479384899139, -0.03127296268939972, 0.5013947486877441, 0.7270838618278503, -0.7887891530990601, 1.0386234521865845] [-0.7592880725860596, 0.029104039072990417, 0.513848066329956, 0.7409639954566956, 0.9356980323791504]
[-0.01471627689898014, -0.030540047213435173, 0.506844162940979, 0.6598437428474426, -0.8166995048522949, 1.1161952018737793] [-0.8068420886993408, 0.029104039072990417, 0.5414600372314453, 0.7747119665145874, 0.9356980323791504]
[-0.018946561962366104, -0.03002634271979332, 0.5087910294532776, 0.631455659866333, -0.8268225193023682, 1.1562286615371704] [-0.8175800442695618, 0.029104039072990417, 0.5475960373878479, 0.78084796667099, 0.9356980323791504]
[-0.027501100674271584, -0.029847819358110428, 0.5140090584754944, 0.5517412424087524, -0.8461722135543823, 1.2210850715637207] [-0.8758720755577087, 0.029104039072990417, 0.5475960373878479, 0.7839159965515137, 0.9356980323791504]
[-0.03337986394762993, -0.029550103470683098, 0.5175116062164307, 0.49617117643356323, -0.8569058179855347, 1.263925313949585] [-0.9157560467720032, 0.029104039072990417, 0.5475960373878479, 0.7839159965515137, 0.9356980323791504]
[-0.03776842728257179, -0.031150957569479942, 0.5200946927070618, 0.45396751165390015, -0.8698671460151672, 1.2976452112197876] [-0.9372320771217346, 0.030638039112091064, 0.5460620522499084, 0.7839159965515137, 0.9356980323791504]
[-0.03847634419798851, -0.03181205689907074, 0.5205560922622681, 0.4481975734233856, -0.8732332587242126, 1.3013935089111328] [-0.9449020624160767, 0.030638039112091064, 0.5460620522499084, 0.7839159965515137, 0.9372320771217346]
[-0.039412111043930054, -0.03196527436375618, 0.5210235118865967, 0.43470606207847595, -0.873390793800354, 1.3104240894317627] [-0.9479700326919556, 0.030638039112091064, 0.5414600372314453, 0.7839159965515137, 0.9356980323791504]
[-0.0414208248257637, -0.03206617757678032, 0.5219345688819885, 0.4144066572189331, -0.8749160170555115, 1.3258675336837769] [-0.9663780927658081, 0.03217203915119171, 0.5399260520935059, 0.7854499816894531, 0.9326300621032715]
[-0.04401803016662598, -0.03194594010710716, 0.523131251335144, 0.38264212012290955, -0.8771886825561523, 1.3462668657302856] [-0.9878540635108948, 0.03217203915119171, 0.5399260520935059, 0.7854499816894531, 0.8804740905761719]
[-0.05617125704884529, -0.031674887984991074, 0.5278993844985962, 0.18890021741390228, -0.8854416608810425, 1.4454269409179688] [-1.0538160800933838, 0.030638039112091064, 0.5399260520935059, 0.7961879968643188, 0.8513280749320984]
[-0.05807540565729141, -0.03020463138818741, 0.5286481976509094, 0.15651416778564453, -0.8829809427261353, 1.4601129293441772] [-1.0691560506820679, 0.03217203915119171, 0.5399260520935059, 0.7977219820022583, 0.8329200744628906]
[-0.06176827847957611, -0.029260704293847084, 0.5299044251441956, 0.10481914132833481, -0.8822445869445801, 1.4872431755065918] [-1.0952340364456177, 0.03217203915119171, 0.5399260520935059, 0.7977219820022583, 0.826784074306488]
[-0.07239638268947601, -0.028040193021297455, 0.5329562425613403, -0.07159855961799622, -0.8769980072975159, 1.5724505186080933] [-1.155060052871704, 0.03217203915119171, 0.5399260520935059, 0.8130619525909424, 0.7347440719604492]
[-0.07643874734640121, -0.02791067771613598, 0.5334263443946838, -0.1412954330444336, -0.8695695400238037, 1.6093989610671997] [-1.1734681129455566, 0.03217203915119171, 0.5399260520935059, 0.8237999677658081, 0.7209380865097046]
[-0.08480187505483627, -0.027888432145118713, 0.5337974429130554, -0.2576841711997986, -0.8509227633476257, 1.680105447769165] [-1.2148860692977905, 0.03217203915119171, 0.5399260520935059, 0.8437420129776001, 0.6963940858840942]
[-0.08776713162660599, -0.026982422918081284, 0.5340620279312134, -0.284149169921875, -0.8440877199172974, 1.700242280960083] [-1.2378960847854614, 0.030638039112091064, 0.5399260520935059, 0.8483439683914185, 0.6933260560035706]
[-0.09245946258306503, -0.02602686733007431, 0.5345203280448914, -0.3265913724899292, -0.8342389464378357, 1.731486439704895] [-1.2532360553741455, 0.03217203915119171, 0.5399260520935059, 0.8790239691734314, 0.6887240409851074]
[-0.10256853699684143, -0.023994937539100647, 0.5335966348648071, -0.4181275963783264, -0.7974056601524353, 1.802488088607788] [-1.2992560863494873, 0.030638039112091064, 0.5399260520935059, 0.8866939544677734, 0.6795200705528259]
[-0.10696087032556534, -0.021619943901896477, 0.5304843783378601, -0.48521116375923157, -0.7542630434036255, 1.840652585029602] [-1.309994101524353, 0.030638039112091064, 0.5399260520935059, 0.9495880007743835, 0.6411700248718262]
[-0.1082373782992363, -0.020416438579559326, 0.5286682844161987, -0.5075925588607788, -0.7332296967506409, 1.8534656763076782] [-1.309994101524353, 0.030638039112091064, 0.5399260520935059, 1.001744031906128, 0.6227620840072632]
[-0.11141811311244965, -0.0178463626652956, 0.5238569378852844, -0.5435853600502014, -0.6801052093505859, 1.8836579322814941] [-1.3084601163864136, 0.026036038994789124, 0.5399260520935059, 1.0232199430465698, 0.6227620840072632]
[-0.11210838705301285, -0.01763484999537468, 0.5227663516998291, -0.5504748225212097, -0.6687989234924316, 1.89064359664917] [-1.3084601163864136, 0.024502038955688477, 0.5399260520935059, 1.058501958847046, 0.6196940541267395]
[-0.11394018679857254, -0.016362423077225685, 0.5197362303733826, -0.5609797239303589, -0.6379615664482117, 1.9063518047332764] [-1.3069260120391846, 0.024502038955688477, 0.5399260520935059, 1.078444004058838, 0.6196940541267395]
[-0.11518342047929764, -0.01563163660466671, 0.5179548263549805, -0.5667318105697632, -0.6195414066314697, 1.9158074855804443] [-1.3069260120391846, 0.024502038955688477, 0.5399260520935059, 1.1198619604110718, 0.6120240688323975]
[-0.1177944615483284, -0.018561672419309616, 0.515772819519043, -0.600513219833374, -0.5999511480331421, 1.9415457248687744] [-1.3069260120391846, -0.013847962021827698, 0.5460620522499084, 1.1505420207977295, 0.610490083694458]
[-0.11849425733089447, -0.020918283611536026, 0.5153209567070007, -0.617738664150238, -0.5976769924163818, 1.9501291513442993] [-1.3069260120391846, -0.0629359632730484, 0.5475960373878479, 1.2119020223617554, 0.6012860536575317]
[-0.1215621680021286, -0.024644827470183372, 0.51193767786026, -0.6599562764167786, -0.569049060344696, 1.97292959690094] [-1.3053920269012451, -0.07367396354675293, 0.5475960373878479, 1.2379800081253052, 0.5997520685195923]
[-0.12217646092176437, -0.025136537849903107, 0.510726273059845, -0.6664076447486877, -0.5583974123001099, 1.978429913520813] [-1.3069260120391846, -0.08441196382045746, 0.5491300821304321, 1.2916699647903442, 0.5951500535011292]
[-0.12491779029369354, -0.02415655367076397, 0.5058700442314148, -0.6900333166122437, -0.5103736519813538, 1.9968174695968628] [-1.3069260120391846, -0.08287796378135681, 0.5491300821304321, 1.3070099353790283, 0.590548038482666]
[-0.12573795020580292, -0.023528579622507095, 0.5041095614433289, -0.6935229301452637, -0.49305710196495056, 2.0024962425231934] [-1.3069260120391846, -0.08287796378135681, 0.5491300821304321, 1.3453600406646729, 0.5752080678939819]
[-0.12761493027210236, -0.02259315736591816, 0.5004202723503113, -0.7180373668670654, -0.4565931260585785, 2.016324996948242] [-1.3069260120391846, -0.08287796378135681, 0.5491300821304321, 1.3622339963912964, 0.5644700527191162]
[-0.12819169461727142, -0.022391563281416893, 0.49920299649238586, -0.7299094200134277, -0.44438838958740234, 2.020420551300049] [-1.3069260120391846, -0.08287796378135681, 0.5491300821304321, 1.3837100267410278, 0.544528067111969]
[-0.12824682891368866, -0.021840160712599754, 0.49767690896987915, -0.7462072372436523, -0.42886292934417725, 2.0244534015655518] [-1.3053920269012451, -0.08441196382045746, 0.5491300821304321, 1.3852440118789673, 0.544528067111969]
[-0.12856073677539825, -0.02195076085627079, 0.4977245032787323, -0.7480229735374451, -0.4287162125110626, 2.0266478061676025] [-1.3053920269012451, -0.08441196382045746, 0.5506640672683716, 1.3898459672927856, 0.5414600372314453]
[-0.12875153124332428, -0.021841444075107574, 0.49717795848846436, -0.7495099902153015, -0.4246397316455841, 2.0304341316223145] [-1.3038580417633057, -0.08441196382045746, 0.5537320375442505, 1.391379952430725, 0.5414600372314453]
[-0.12868012487888336, -0.021891452372074127, 0.4973374903202057, -0.74933922290802, -0.42616942524909973, 2.029968738555908] [-1.3038580417633057, -0.08441196382045746, 0.5537320375442505, 1.3898459672927856, 0.5414600372314453]
[-0.1280708611011505, -0.023073239251971245, 0.4971725046634674, -0.7499675750732422, -0.42746686935424805, 2.030747175216675] [-1.3038580417633057, -0.08441196382045746, 0.5537320375442505, 1.391379952430725, 0.5414600372314453]
[-0.12777912616729736, -0.023740630596876144, 0.4973130226135254, -0.750357985496521, -0.43023595213890076, 2.0305898189544678] [-1.3038580417633057, -0.08441196382045746, 0.5537320375442505, 1.3898459672927856, 0.5429940223693848]
[-0.12775251269340515, -0.022203387692570686, 0.4973010718822479, -0.7462143898010254, -0.42828401923179626, 2.02872896194458] [-1.3038580417633057, -0.08441196382045746, 0.5537320375442505, 1.3898459672927856, 0.5429940223693848]
[-0.12791086733341217, -0.02206725813448429, 0.49731242656707764, -0.747370183467865, -0.427435964345932, 2.0291969776153564] [-1.3023240566253662, -0.08441196382045746, 0.5552660226821899, 1.3898459672927856, 0.5414600372314453]
[-0.12758246064186096, -0.021911559626460075, 0.49738675355911255, -0.7441160082817078, -0.4288155138492584, 2.0293004512786865] [-1.3007900714874268, -0.08441196382045746, 0.5552660226821899, 1.3898459672927856, 0.5414600372314453]
[-0.12739193439483643, -0.021825116127729416, 0.49732333421707153, -0.7435615062713623, -0.4284704625606537, 2.027627468109131] [-1.3023240566253662, -0.08441196382045746, 0.5537320375442505, 1.3898459672927856, 0.5414600372314453]
[-0.1275927871465683, -0.021845081821084023, 0.4973936378955841, -0.7449285984039307, -0.42820316553115845, 2.0296738147735596] [-1.3007900714874268, -0.08441196382045746, 0.5537320375442505, 1.391379952430725, 0.5414600372314453]
[-0.12752529978752136, -0.021787185221910477, 0.49724116921424866, -0.7437976002693176, -0.42729684710502625, 2.0295825004577637] [-1.3007900714874268, -0.08441196382045746, 0.5537320375442505, 1.3898459672927856, 0.5414600372314453]
