[0.06670494377613068, -0.09943173825740814, 0.28983569145202637, 1.3823986053466797, 0.4315466284751892, 0.2785392105579376] [0.1411699652671814, -0.2623559832572937, -0.41115397214889526, 0.5553499460220337, 1.6750860214233398]
[0.0667511597275734, -0.0994284376502037, 0.28978270292282104, 1.382470726966858, 0.431885302066803, 0.27857428789138794] [0.1411699652671814, -0.2623559832572937, -0.41115397214889526, 0.5538159608840942, 1.6750860214233398]
[0.06677992641925812, -0.09941912442445755, 0.2897561192512512, 1.3824812173843384, 0.4321281313896179, 0.27858468890190125] [0.1411699652671814, -0.2623559832572937, -0.41115397214889526, 0.5538159608840942, 1.6750860214233398]
[0.0668116882443428, -0.09941581636667252, 0.28971606492996216, 1.3825350999832153, 0.4323744475841522, 0.2786097526550293] [0.1411699652671814, -0.2623559832572937, -0.41115397214889526, 0.5538159608840942, 1.6750860214233398]
[0.06677913665771484, -0.09926141798496246, 0.2896592319011688, 1.383263349533081, 0.4330641031265259, 0.28025075793266296] [0.1411699652671814, -0.2623559832572937, -0.41115397214889526, 0.5538159608840942, 1.6750860214233398]
[0.06675523519515991, -0.09926160424947739, 0.2896835207939148, 1.3832124471664429, 0.432902455329895, 0.28022971749305725] [0.1411699652671814, -0.2623559832572937, -0.41115397214889526, 0.5538159608840942, 1.6750860214233398]
[0.06673165410757065, -0.09920264780521393, 0.289744108915329, 1.3829030990600586, 0.432796835899353, 0.2800993323326111] [0.1411699652671814, -0.2623559832572937, -0.41115397214889526, 0.5553499460220337, 1.6750860214233398]
[0.06674472242593765, -0.09938245266675949, 0.28977105021476746, 1.38228178024292, 0.4320899248123169, 0.27850574254989624] [0.1411699652671814, -0.2623559832572937, -0.41115397214889526, 0.5553499460220337, 1.6750860214233398]
[0.0666939988732338, -0.09924429655075073, 0.2897045612335205, 1.3830629587173462, 0.43267789483070374, 0.2801666259765625] [0.1411699652671814, -0.2623559832572937, -0.41115397214889526, 0.5553499460220337, 1.6750860214233398]
[0.06675250083208084, -0.09944117069244385, 0.28963547945022583, 1.381075382232666, 0.4330158531665802, 0.2783152461051941] [0.1411699652671814, -0.2623559832572937, -0.4126879572868347, 0.5553499460220337, 1.6750860214233398]
[0.06675522029399872, -0.09929719567298889, 0.2899680733680725, 1.3811901807785034, 0.431641161441803, 0.2797034680843353] [0.13963596522808075, -0.2623559832572937, -0.4126879572868347, 0.5538159608840942, 1.6750860214233398]
[0.06691984832286835, -0.09929892420768738, 0.29028117656707764, 1.3807518482208252, 0.4302704334259033, 0.2795271873474121] [0.1381019651889801, -0.2623559832572937, -0.4126879572868347, 0.5553499460220337, 1.6750860214233398]
[0.0668092891573906, -0.0993022695183754, 0.2899787425994873, 1.3812280893325806, 0.4318229556083679, 0.27972954511642456] [0.13963596522808075, -0.2623559832572937, -0.4126879572868347, 0.5553499460220337, 1.6750860214233398]
[0.06676344573497772, -0.09930241107940674, 0.2900514006614685, 1.381106972694397, 0.4314787983894348, 0.27968117594718933] [0.13963596522808075, -0.2623559832572937, -0.41422197222709656, 0.5553499460220337, 1.6750860214233398]
[0.0668548047542572, -0.09903103858232498, 0.29029372334480286, 1.3795527219772339, 0.430588036775589, 0.2808597981929779] [0.1381019651889801, -0.26082196831703186, -0.41422197222709656, 0.5553499460220337, 1.6750860214233398]
[0.06695527583360672, -0.09841213375329971, 0.29062601923942566, 1.3797513246536255, 0.42874887585639954, 0.2839347720146179] [0.13656796514987946, -0.2546859681606293, -0.41422197222709656, 0.5568839907646179, 1.6750860214233398]
[0.06691562384366989, -0.09656035900115967, 0.2905822992324829, 1.3819293975830078, 0.42825064063072205, 0.2938159108161926] [0.13656796514987946, -0.24701596796512604, -0.41422197222709656, 0.5568839907646179, 1.6750860214233398]
[0.06692062318325043, -0.09579409658908844, 0.2908209562301636, 1.3828389644622803, 0.4270564913749695, 0.2985222339630127] [0.1350339651107788, -0.24394796788692474, -0.41422197222709656, 0.5568839907646179, 1.6735520362854004]
[0.0668991431593895, -0.09551195800304413, 0.29081571102142334, 1.3817696571350098, 0.4267804026603699, 0.3001916706562042] [0.1350339651107788, -0.24394796788692474, -0.41422197222709656, 0.5568839907646179, 1.6735520362854004]
[0.0668337419629097, -0.09534689784049988, 0.2907944619655609, 1.3839203119277954, 0.4273371696472168, 0.3017943501472473] [0.1350339651107788, -0.24394796788692474, -0.41422197222709656, 0.561486005783081, 1.6735520362854004]
[0.06677346676588058, -0.09504528343677521, 0.2910652458667755, 1.384666085243225, 0.42656412720680237, 0.30478227138519287] [0.13196596503257751, -0.2424139678478241, -0.41422197222709656, 0.5630199909210205, 1.6735520362854004]
[0.06693615019321442, -0.09431920945644379, 0.2914341986179352, 1.3822238445281982, 0.4251821041107178, 0.309067040681839] [0.12889796495437622, -0.2393459677696228, -0.41422197222709656, 0.5630199909210205, 1.6735520362854004]
[0.06728427112102509, -0.09411433339118958, 0.2921156883239746, 1.38236403465271, 0.4211477041244507, 0.30896589159965515] [0.12122795730829239, -0.2393459677696228, -0.4157559871673584, 0.5630199909210205, 1.6735520362854004]
[0.06809903681278229, -0.09371007978916168, 0.29519549012184143, 1.3772464990615845, 0.40677371621131897, 0.3112450838088989] [0.10742195695638657, -0.24087996780872345, -0.41422197222709656, 0.572223961353302, 1.6735520362854004]
[0.06865480542182922, -0.09296660125255585, 0.29790201783180237, 1.3753161430358887, 0.3945496678352356, 0.3172468841075897] [0.09361596405506134, -0.2393459677696228, -0.4157559871673584, 0.5783599615097046, 1.6735520362854004]
[0.06868211925029755, -0.09237845987081528, 0.2989002764225006, 1.3757104873657227, 0.39056679606437683, 0.32281720638275146] [0.0859459638595581, -0.2393459677696228, -0.4157559871673584, 0.5906319618225098, 1.6735520362854004]
[0.06815985590219498, -0.09080366790294647, 0.29990726709365845, 1.3798025846481323, 0.3881523609161377, 0.33930322527885437] [0.07980996370315552, -0.24087996780872345, -0.4157559871673584, 0.6013699769973755, 1.672018051147461]
[0.06780290603637695, -0.0899229422211647, 0.3002723753452301, 1.3806767463684082, 0.3878451883792877, 0.3483719229698181] [0.07827596366405487, -0.2393459677696228, -0.4157559871673584, 0.6167099475860596, 1.672018051147461]
[0.06669589132070541, -0.08818647265434265, 0.2998620569705963, 1.3878382444381714, 0.392915815114975, 0.36742040514945984] [0.07827596366405487, -0.2393459677696228, -0.4157559871673584, 0.6320499777793884, 1.6704840660095215]
[0.06529179960489273, -0.0860455259680748, 0.29926231503486633, 1.3971720933914185, 0.399498850107193, 0.3914259076118469] [0.07674196362495422, -0.2393459677696228, -0.4157559871673584, 0.6581279635429382, 1.672018051147461]
[0.06452418118715286, -0.08477593213319778, 0.2992407977581024, 1.4021674394607544, 0.40179643034935, 0.4056178331375122] [0.07674196362495422, -0.2393459677696228, -0.4157559871673584, 0.6780699491500854, 1.6704840660095215]
[0.06290622800588608, -0.08245032280683517, 0.2988758683204651, 1.4109455347061157, 0.40726104378700256, 0.4328141212463379] [0.07520796358585358, -0.2393459677696228, -0.4157559871673584, 0.6995459794998169, 1.6704840660095215]
[0.06119232624769211, -0.07995948940515518, 0.2986046373844147, 1.4218196868896484, 0.4129496216773987, 0.4616587162017822] [0.07367396354675293, -0.2393459677696228, -0.4157559871673584, 0.7302259802818298, 1.668950080871582]
[0.059258170425891876, -0.07740715891122818, 0.29826828837394714, 1.433709740638733, 0.41871386766433716, 0.4923282861709595] [0.06907196342945099, -0.2393459677696228, -0.4157559871673584, 0.7563039660453796, 1.668950080871582]
[0.05773783475160599, -0.07514911890029907, 0.2986034154891968, 1.4411530494689941, 0.42094719409942627, 0.5191673040390015] [0.06753796339035034, -0.2393459677696228, -0.4157559871673584, 0.8053919672966003, 1.668950080871582]
[0.054090481251478195, -0.07102261483669281, 0.2980990409851074, 1.463356852531433, 0.4299725890159607, 0.571357786655426] [0.06446996331214905, -0.24087996780872345, -0.4157559871673584, 0.8575479984283447, 1.668950080871582]
[0.04893698915839195, -0.065762460231781, 0.29770365357398987, 1.49139404296875, 0.43977975845336914, 0.6418786644935608] [0.0629359632730484, -0.23781196773052216, -0.4157559871673584, 0.8866939544677734, 1.668950080871582]
[0.04877295717597008, -0.06535476446151733, 0.2981679141521454, 1.489694595336914, 0.43725940585136414, 0.6460424065589905] [0.05833396315574646, -0.23781196773052216, -0.4157559871673584, 0.8912959694862366, 1.668950080871582]
[0.048668891191482544, -0.06494925916194916, 0.2985812723636627, 1.489962100982666, 0.4361990690231323, 0.6502642631530762] [0.05679996311664581, -0.23781196773052216, -0.4157559871673584, 0.9035679697990417, 1.6704840660095215]
[0.047218285501003265, -0.06343652307987213, 0.2984486520290375, 1.501173496246338, 0.4386806786060333, 0.670577883720398] [0.05679996311664581, -0.23781196773052216, -0.41422197222709656, 0.9327139854431152, 1.668950080871582]
[0.04458323493599892, -0.061014436185359955, 0.2983035743236542, 1.5136743783950806, 0.4429731070995331, 0.7053207755088806] [0.055265963077545166, -0.23781196773052216, -0.4126879572868347, 0.958791971206665, 1.668950080871582]
[0.041806213557720184, -0.058665286749601364, 0.298075795173645, 1.530149221420288, 0.44648393988609314, 0.7409479022026062] [0.055265963077545166, -0.23781196773052216, -0.41115397214889526, 0.989471971988678, 1.668950080871582]
[0.039459437131881714, -0.056885477155447006, 0.29780349135398865, 1.5436158180236816, 0.4492281973361969, 0.7684861421585083] [0.055265963077545166, -0.23781196773052216, -0.40808597207069397, 1.0262880325317383, 1.668950080871582]
[0.03616119176149368, -0.05408904328942299, 0.2983936071395874, 1.5657802820205688, 0.4471798837184906, 0.8109195828437805] [0.05373196303844452, -0.23781196773052216, -0.4034839868545532, 1.0569679737091064, 1.668950080871582]
[0.0328630656003952, -0.05160709470510483, 0.2987207770347595, 1.582364797592163, 0.44700318574905396, 0.8513621091842651] [0.05373196303844452, -0.23781196773052216, -0.4019499719142914, 1.0876480340957642, 1.668950080871582]
[0.03119943104684353, -0.050452105700969696, 0.29891204833984375, 1.5914016962051392, 0.44755658507347107, 0.8711563348770142] [0.05219796299934387, -0.23781196773052216, -0.4019499719142914, 1.1106579303741455, 1.668950080871582]
[0.02889608033001423, -0.04892970249056816, 0.2988256812095642, 1.6018964052200317, 0.44978147745132446, 0.8984367847442627] [0.04759596288204193, -0.2393459677696228, -0.4019499719142914, 1.1505420207977295, 1.668950080871582]
[0.02567836456000805, -0.04692087695002556, 0.30018898844718933, 1.611676812171936, 0.44657671451568604, 0.9356528520584106] [0.04145996272563934, -0.2393459677696228, -0.40041595697402954, 1.172018051147461, 1.6704840660095215]
[0.023027608171105385, -0.044997408986091614, 0.30177345871925354, 1.623633623123169, 0.4394283592700958, 0.9686086773872375] [0.03378996253013611, -0.2393459677696228, -0.39427995681762695, 1.2072999477386475, 1.6704840660095215]
[0.02064066007733345, -0.043139196932315826, 0.303715318441391, 1.6311697959899902, 0.4292381703853607, 0.9979633688926697] [0.026119962334632874, -0.2393459677696228, -0.3866099715232849, 1.2349120378494263, 1.668950080871582]
[0.01890820451080799, -0.04181749001145363, 0.30539053678512573, 1.6394898891448975, 0.4191094934940338, 1.019450068473816] [0.01691596210002899, -0.2393459677696228, -0.37433797121047974, 1.260990023612976, 1.6704840660095215]
[0.016779376193881035, -0.039920464158058167, 0.308017760515213, 1.6486254930496216, 0.40294456481933594, 1.0470157861709595] [0.013847962021827698, -0.2393459677696228, -0.3605319857597351, 1.2855340242385864, 1.6704840660095215]
[0.014495904557406902, -0.03833286464214325, 0.3097919225692749, 1.6592410802841187, 0.3900033235549927, 1.0725793838500977] [0.009245961904525757, -0.2393459677696228, -0.35132795572280884, 1.30240797996521, 1.6704840660095215]
[0.013195237144827843, -0.03750557824969292, 0.3109755218029022, 1.6623276472091675, 0.3834332227706909, 1.087511420249939] [-0.001492038369178772, -0.2393459677696228, -0.3497939705848694, 1.3254179954528809, 1.6704840660095215]
[0.011175629682838917, -0.03640703856945038, 0.3133089542388916, 1.6584593057632446, 0.37506890296936035, 1.1101852655410767] [-0.0122300386428833, -0.2393459677696228, -0.3497939705848694, 1.3422919511795044, 1.6704840660095215]
[0.010213162750005722, -0.035898033529520035, 0.314367413520813, 1.65586519241333, 0.3719305098056793, 1.120665192604065] [-0.02296803891658783, -0.2393459677696228, -0.3497939705848694, 1.3699040412902832, 1.6704840660095215]
[0.0073119476437568665, -0.03482472151517868, 0.3157384693622589, 1.658608078956604, 0.3679986894130707, 1.150246024131775] [-0.029104039072990417, -0.2393459677696228, -0.34825998544692993, 1.392914056777954, 1.6704840660095215]
[0.0048829237930476665, -0.03388715535402298, 0.31673261523246765, 1.664053201675415, 0.36331385374069214, 1.1749464273452759] [-0.030638039112091064, -0.2393459677696228, -0.3467259705066681, 1.4205260276794434, 1.6704840660095215]
[0.001838480937294662, -0.03286837786436081, 0.3171961009502411, 1.6747167110443115, 0.3603648245334625, 1.2043836116790771] [-0.030638039112091064, -0.2393459677696228, -0.3436579704284668, 1.437399983406067, 1.6704840660095215]
[0.0005833645700477064, -0.032499197870492935, 0.3174281418323517, 1.6780035495758057, 0.35984599590301514, 1.2170281410217285] [-0.03217203915119171, -0.2393459677696228, -0.34212398529052734, 1.4588760137557983, 1.6704840660095215]
[-0.001781950588338077, -0.03177039325237274, 0.31786221265792847, 1.686329960823059, 0.35661157965660095, 1.2398983240127563] [-0.03217203915119171, -0.2393459677696228, -0.33905595541000366, 1.4757499694824219, 1.6704840660095215]
[-0.0034150974825024605, -0.031170083209872246, 0.31849247217178345, 1.6923179626464844, 0.35185524821281433, 1.2561187744140625] [-0.03217203915119171, -0.2393459677696228, -0.3329199552536011, 1.4864879846572876, 1.6704840660095215]
[-0.004788804333657026, -0.03065582737326622, 0.3192736506462097, 1.6962916851043701, 0.34656867384910583, 1.2702077627182007] [-0.03217203915119171, -0.2393459677696228, -0.3283179700374603, 1.5048960447311401, 1.672018051147461]
[-0.0066544655710458755, -0.030121391639113426, 0.3196958303451538, 1.7042855024337769, 0.341874361038208, 1.288528323173523] [-0.03217203915119171, -0.2393459677696228, -0.3237159848213196, 1.5217700004577637, 1.6704840660095215]
[-0.00842706486582756, -0.029534224420785904, 0.3208221197128296, 1.7088476419448853, 0.3330795466899872, 1.3055592775344849] [-0.03370603919029236, -0.2393459677696228, -0.317579984664917, 1.53097403049469, 1.672018051147461]
[-0.00924508087337017, -0.0292882788926363, 0.32122355699539185, 1.7131462097167969, 0.32968610525131226, 1.313551664352417] [-0.03370603919029236, -0.2393459677696228, -0.3114439845085144, 1.5432460308074951, 1.672018051147461]
[-0.010565787553787231, -0.028821773827075958, 0.32217586040496826, 1.7170767784118652, 0.3214018940925598, 1.3258804082870483] [-0.03217203915119171, -0.2393459677696228, -0.3053079843521118, 1.5631879568099976, 1.672018051147461]
[-0.010582838207483292, -0.02835630439221859, 0.32304316759109497, 1.7186611890792847, 0.3137977421283722, 1.3270381689071655] [-0.035240039229393005, -0.23781196773052216, -0.29917198419570923, 1.569324016571045, 1.6735520362854004]
[-0.01034658681601286, -0.028347549960017204, 0.3235422372817993, 1.7159510850906372, 0.3115066587924957, 1.3261445760726929] [-0.04137603938579559, -0.23781196773052216, -0.2945699691772461, 1.5769939422607422, 1.6735520362854004]
[-0.00989396683871746, -0.02806401252746582, 0.3256319463253021, 1.706538200378418, 0.2999322712421417, 1.322898268699646] [-0.04751203954219818, -0.23781196773052216, -0.2853659689426422, 1.58159601688385, 1.6735520362854004]
[-0.00952775590121746, -0.02768673561513424, 0.32784679532051086, 1.698899269104004, 0.2857349216938019, 1.320251226425171] [-0.06592004001140594, -0.23781196773052216, -0.25928795337677, 1.5831300020217896, 1.6735520362854004]
[-0.008685794658958912, -0.02694285474717617, 0.33281978964805603, 1.6811951398849487, 0.25506392121315, 1.3149192333221436] [-0.07512404024600983, -0.2393459677696228, -0.24854996800422668, 1.5831300020217896, 1.672018051147461]
[-0.008361900225281715, -0.02664654329419136, 0.3356098532676697, 1.668870210647583, 0.2393721342086792, 1.3117871284484863] [-0.08432804048061371, -0.2393459677696228, -0.2362779676914215, 1.5831300020217896, 1.6735520362854004]
[-0.008035743609070778, -0.02664760686457157, 0.33714935183525085, 1.6631357669830322, 0.2300967276096344, 1.3089327812194824] [-0.09353204071521759, -0.23781196773052216, -0.22860796749591827, 1.5831300020217896, 1.6735520362854004]
[-0.007649958599358797, -0.026389658451080322, 0.3397400677204132, 1.6532353162765503, 0.2149796485900879, 1.3068616390228271] [-0.10427004098892212, -0.2393459677696228, -0.21786996722221375, 1.5831300020217896, 1.6735520362854004]
[-0.007408378645777702, -0.026282159611582756, 0.341335266828537, 1.64436936378479, 0.2079574167728424, 1.3050845861434937] [-0.1165420413017273, -0.2393459677696228, -0.20866596698760986, 1.5831300020217896, 1.6735520362854004]
[-0.007230056449770927, -0.026083556935191154, 0.34378689527511597, 1.632408857345581, 0.1953621208667755, 1.302940011024475] [-0.13034804165363312, -0.2393459677696228, -0.20099596679210663, 1.5831300020217896, 1.6735520362854004]
[-0.006759353913366795, -0.02596740610897541, 0.34711331129074097, 1.6151256561279297, 0.17993323504924774, 1.2986574172973633] [-0.1426200419664383, -0.24087996780872345, -0.1902579665184021, 1.58159601688385, 1.6735520362854004]
[-0.0064745028503239155, -0.025814639404416084, 0.35137832164764404, 1.5961426496505737, 0.1574794203042984, 1.2949931621551514] [-0.16409604251384735, -0.2424139678478241, -0.17184996604919434, 1.58159601688385, 1.6735520362854004]
[-0.006291280500590801, -0.025775598362088203, 0.35386452078819275, 1.5861979722976685, 0.14377754926681519, 1.2928030490875244] [-0.17636804282665253, -0.2454819679260254, -0.16264596581459045, 1.58159601688385, 1.6735520362854004]
[-0.006146430037915707, -0.02577914483845234, 0.35615140199661255, 1.5763213634490967, 0.13158072531223297, 1.2907270193099976] [-0.1886400431394577, -0.24394796788692474, -0.15344196557998657, 1.58159601688385, 1.6735520362854004]
[-0.006150949280709028, -0.025703180581331253, 0.3586294949054718, 1.5617252588272095, 0.12108168005943298, 1.2895020246505737] [-0.20091204345226288, -0.24701596796512604, -0.14883996546268463, 1.5785280466079712, 1.6735520362854004]
[-0.006022200919687748, -0.025794684886932373, 0.3604176640510559, 1.5517501831054688, 0.11339820176362991, 1.2873296737670898] [-0.21625204384326935, -0.24701596796512604, -0.1442379653453827, 1.5785280466079712, 1.6735520362854004]
[-0.006025908049196005, -0.025734826922416687, 0.3627416491508484, 1.5357416868209839, 0.10562991350889206, 1.285965919494629] [-0.2346600443124771, -0.2500839829444885, -0.14270396530628204, 1.5769939422607422, 1.6735520362854004]
[-0.005444943439215422, -0.02673492394387722, 0.3656981289386749, 1.5173394680023193, 0.09406054764986038, 1.2756874561309814] [-0.2530680298805237, -0.25928795337677, -0.1350339651107788, 1.5739259719848633, 1.6735520362854004]
[-0.005432612728327513, -0.027107510715723038, 0.36949408054351807, 1.498913049697876, 0.07527825981378555, 1.271578311920166] [-0.27147603034973145, -0.26082196831703186, -0.11969395726919174, 1.5723919868469238, 1.6735520362854004]
[-0.005829670000821352, -0.0271257683634758, 0.3732210099697113, 1.4817192554473877, 0.05584365874528885, 1.271430492401123] [-0.2929520606994629, -0.26388996839523315, -0.10895595699548721, 1.5723919868469238, 1.6735520362854004]
[-0.006141933612525463, -0.02721923403441906, 0.377353310585022, 1.456087350845337, 0.03986319154500961, 1.27025306224823] [-0.3159620463848114, -0.2654239535331726, -0.09975196421146393, 1.5647220611572266, 1.6735520362854004]
[-0.006524181459099054, -0.02732614055275917, 0.3802136778831482, 1.4402978420257568, 0.026949089020490646, 1.2699394226074219] [-0.34050604701042175, -0.2654239535331726, -0.0890139639377594, 1.5601199865341187, 1.6735520362854004]
[-0.007395874708890915, -0.027210088446736336, 0.384258896112442, 1.419941782951355, 0.007017828524112701, 1.2729147672653198] [-0.3589140474796295, -0.26695796847343445, -0.07827596366405487, 1.5601199865341187, 1.6735520362854004]
[-0.008030530996620655, -0.027492238208651543, 0.38835448026657104, 1.397213101387024, -0.011400757357478142, 1.2728255987167358] [-0.3773220479488373, -0.2684919834136963, -0.06907196342945099, 1.5601199865341187, 1.6735520362854004]
[-0.009163393639028072, -0.02742294780910015, 0.39255160093307495, 1.3738170862197876, -0.03051835112273693, 1.2768081426620483] [-0.4034000635147095, -0.27002596855163574, -0.05679996311664581, 1.5555180311203003, 1.6735520362854004]
[-0.0099861491471529, -0.027557268738746643, 0.3956475853919983, 1.3580511808395386, -0.04614640399813652, 1.2792158126831055] [-0.42487603425979614, -0.2715599536895752, -0.04452796280384064, 1.5555180311203003, 1.6735520362854004]
[-0.011400788091123104, -0.02769116312265396, 0.40045273303985596, 1.3320609331130981, -0.06910008192062378, 1.2842320203781128] [-0.4524880647659302, -0.27309396862983704, -0.02765396237373352, 1.5539840459823608, 1.6735520362854004]
[-0.013198808766901493, -0.027882350608706474, 0.40537428855895996, 1.3054078817367554, -0.09349966794252396, 1.290827751159668] [-0.4754980504512787, -0.2746279835700989, -0.01231396198272705, 1.5539840459823608, 1.6735520362854004]
[-0.014866366982460022, -0.02842702344059944, 0.4101291298866272, 1.279035210609436, -0.11710655689239502, 1.2950812578201294] [-0.5015760660171509, -0.28076398372650146, -4.1961669921875e-05, 1.5539840459823608, 1.6735520362854004]
[-0.015576393343508244, -0.02917432226240635, 0.4125995635986328, 1.267643690109253, -0.1304197758436203, 1.2940666675567627] [-0.5199840664863586, -0.28689998388290405, 0.010696038603782654, 1.5539840459823608, 1.6735520362854004]
[-0.016447555273771286, -0.03010622039437294, 0.41572150588035583, 1.2477209568023682, -0.14599163830280304, 1.2927494049072266] [-0.5383920669555664, -0.2945699691772461, 0.019900038838386536, 1.5509159564971924, 1.6735520362854004]
[-0.018076946958899498, -0.03070957399904728, 0.4195689260959625, 1.2267389297485352, -0.1664162576198578, 1.2977017164230347] [-0.5568000674247742, -0.2976379692554474, 0.03370603919029236, 1.5509159564971924, 1.6735520362854004]
[-0.019448356702923775, -0.03113599307835102, 0.422504723072052, 1.211775302886963, -0.18195928633213043, 1.3025293350219727] [-0.5798100233078003, -0.3007059693336487, 0.04291003942489624, 1.549381971359253, 1.6735520362854004]
[-0.021866057068109512, -0.031400829553604126, 0.42673322558403015, 1.1811264753341675, -0.20126383006572723, 1.3123292922973633] [-0.6074220538139343, -0.3007059693336487, 0.055182039737701416, 1.5447800159454346, 1.6750860214233398]
[-0.023669099435210228, -0.03149756044149399, 0.4297265112400055, 1.1610740423202515, -0.21417784690856934, 1.3192691802978516] [-0.6381020545959473, -0.3007059693336487, 0.061318039894104004, 1.5432460308074951, 1.6735520362854004]
[-0.026209715753793716, -0.03157387673854828, 0.4335695207118988, 1.1284785270690918, -0.2291635423898697, 1.3286535739898682] [-0.6595780849456787, -0.3007059693336487, 0.0643860399723053, 1.5386439561843872, 1.6750860214233398]
[-0.027359217405319214, -0.032690584659576416, 0.4358898401260376, 1.108530044555664, -0.2390696108341217, 1.329406499862671] [-0.6810540556907654, -0.3007059693336487, 0.0643860399723053, 1.5325080156326294, 1.6735520362854004]
[-0.028604229912161827, -0.03239114210009575, 0.4385625720024109, 1.087784767150879, -0.24707379937171936, 1.329755187034607] [-0.702530026435852, -0.3007059693336487, 0.0643860399723053, 1.5279059410095215, 1.6735520362854004]
[-0.03050435148179531, -0.03214277699589729, 0.44167450070381165, 1.0577125549316406, -0.25630292296409607, 1.3331921100616455] [-0.7301420569419861, -0.29917198419570923, 0.0643860399723053, 1.5202360153198242, 1.6735520362854004]
[-0.03166058659553528, -0.03217310830950737, 0.44373974204063416, 1.040143609046936, -0.26239722967147827, 1.3335936069488525] [-0.7546860575675964, -0.29917198419570923, 0.05825003981590271, 1.5171680450439453, 1.6750860214233398]
[-0.03306763619184494, -0.03212394565343857, 0.44580507278442383, 1.014040470123291, -0.26454609632492065, 1.3334593772888184] [-0.7761620283126831, -0.29917198419570923, 0.055182039737701416, 1.5171680450439453, 1.6750860214233398]
[-0.03415648266673088, -0.03208945319056511, 0.44702422618865967, 0.9991520643234253, -0.266851007938385, 1.3364309072494507] [-0.7945700883865356, -0.29917198419570923, 0.05364803969860077, 1.5171680450439453, 1.6750860214233398]
[-0.03627987951040268, -0.03206813707947731, 0.4490691125392914, 0.9755236506462097, -0.2722650170326233, 1.3427250385284424] [-0.8145120739936829, -0.29917198419570923, 0.05364803969860077, 1.5187020301818848, 1.6750860214233398]
[-0.03862442448735237, -0.03202277421951294, 0.45101770758628845, 0.9511458277702332, -0.2766425311565399, 1.3504517078399658] [-0.8405900597572327, -0.29917198419570923, 0.05364803969860077, 1.5202360153198242, 1.6750860214233398]
[-0.04180418699979782, -0.03179236501455307, 0.4536665678024292, 0.9152194857597351, -0.2810823619365692, 1.3615195751190186] [-0.8774060606956482, -0.2976379692554474, 0.05211403965950012, 1.5202360153198242, 1.6766201257705688]
[-0.04511013627052307, -0.031209012493491173, 0.4560915231704712, 0.8778393864631653, -0.281500905752182, 1.3712966442108154] [-0.9142220616340637, -0.2915019690990448, 0.0383080393075943, 1.5202360153198242, 1.6766201257705688]
[-0.047003041952848434, -0.030768895521759987, 0.45741111040115356, 0.8483180403709412, -0.2769981324672699, 1.3727564811706543] [-0.9449020624160767, -0.28996795415878296, 0.03217203915119171, 1.5202360153198242, 1.6766201257705688]
[-0.04779255762696266, -0.03070790134370327, 0.4580115079879761, 0.836529016494751, -0.2762889564037323, 1.3726394176483154] [-0.9541060924530029, -0.2915019690990448, 0.02296803891658783, 1.5202360153198242, 1.6766201257705688]
[-0.04810795560479164, -0.030688371509313583, 0.4581815302371979, 0.8251520991325378, -0.2725008428096771, 1.3685637712478638] [-0.9648440480232239, -0.2915019690990448, 0.019900038838386536, 1.5202360153198242, 1.6766201257705688]
[-0.04845089092850685, -0.03088483028113842, 0.45859798789024353, 0.8212241530418396, -0.27388235926628113, 1.3679275512695312] [-0.9740480780601501, -0.28996795415878296, 0.015298038721084595, 1.5202360153198242, 1.6766201257705688]
[-0.04973553866147995, -0.030885066837072372, 0.45964452624320984, 0.8048010468482971, -0.27532029151916504, 1.3700991868972778] [-0.9878540635108948, -0.28996795415878296, 0.015298038721084595, 1.5202360153198242, 1.6766201257705688]
[-0.050394754856824875, -0.030708277598023415, 0.45999133586883545, 0.7984104752540588, -0.27539125084877014, 1.3727880716323853] [-0.9924560785293579, -0.28996795415878296, 0.015298038721084595, 1.5202360153198242, 1.6766201257705688]
[-0.050879884511232376, -0.0308972280472517, 0.46037572622299194, 0.7921902537345886, -0.2775498330593109, 1.3731229305267334] [-0.9955240488052368, -0.28996795415878296, 0.015298038721084595, 1.5202360153198242, 1.6750860214233398]
[-0.05059115216135979, -0.03106513060629368, 0.46013596653938293, 0.7946237325668335, -0.2760516107082367, 1.3728582859039307] [-0.9955240488052368, -0.28996795415878296, 0.013764038681983948, 1.5202360153198242, 1.6750860214233398]
[-0.05064791440963745, -0.03167102113366127, 0.4600785970687866, 0.7931877374649048, -0.27744945883750916, 1.3731170892715454] [-1.0016601085662842, -0.28996795415878296, 0.0122300386428833, 1.5202360153198242, 1.6750860214233398]
[-0.05209582298994064, -0.03231349214911461, 0.46098318696022034, 0.7793145775794983, -0.28012198209762573, 1.37517249584198] [-1.0154660940170288, -0.28996795415878296, 0.010696038603782654, 1.5202360153198242, 1.6735520362854004]
[-0.052911218255758286, -0.032580845057964325, 0.4617973566055298, 0.7661402225494385, -0.2838883101940155, 1.3771858215332031] [-1.0292720794677734, -0.28996795415878296, 0.010696038603782654, 1.5202360153198242, 1.672018051147461]
[-0.05478990823030472, -0.03266886994242668, 0.4629032015800476, 0.7458128929138184, -0.28648629784584045, 1.3833707571029663] [-1.0507481098175049, -0.2915019690990448, 0.010696038603782654, 1.5187020301818848, 1.6704840660095215]
[-0.05687856674194336, -0.03293447196483612, 0.4644184112548828, 0.7226837873458862, -0.29191410541534424, 1.3886007070541382] [-1.0722240209579468, -0.2915019690990448, 0.010696038603782654, 1.5187020301818848, 1.6674160957336426]
[-0.05979826673865318, -0.03303646296262741, 0.4664444625377655, 0.6899505257606506, -0.2985738217830658, 1.3961461782455444] [-1.0967680215835571, -0.2915019690990448, 0.010696038603782654, 1.5202360153198242, 1.6628141403198242]
[-0.06240968778729439, -0.032937031239271164, 0.4680076837539673, 0.6508280038833618, -0.302894651889801, 1.40406334400177] [-1.1228461265563965, -0.2915019690990448, 0.010696038603782654, 1.5202360153198242, 1.6398041248321533]
[-0.06479736417531967, -0.03294748812913895, 0.4693430960178375, 0.6073081493377686, -0.30694660544395447, 1.411323070526123] [-1.1458560228347778, -0.2915019690990448, 0.010696038603782654, 1.5202360153198242, 1.6321340799331665]
[-0.0681760385632515, -0.03295912593603134, 0.4710979759693146, 0.570562481880188, -0.31189802289009094, 1.4211077690124512] [-1.1842060089111328, -0.2915019690990448, 0.010696038603782654, 1.5187020301818848, 1.6321340799331665]
[-0.07170375436544418, -0.032805703580379486, 0.4726819097995758, 0.5372500419616699, -0.314931184053421, 1.4316507577896118] [-1.2148860692977905, -0.2915019690990448, 0.010696038603782654, 1.5187020301818848, 1.630600094795227]
[-0.07469021528959274, -0.033027973026037216, 0.47418925166130066, 0.5072852969169617, -0.3205409348011017, 1.4397633075714111] [-1.2409640550613403, -0.2915019690990448, 0.010696038603782654, 1.5187020301818848, 1.6321340799331665]
[-0.07743890583515167, -0.032921202480793, 0.4753820300102234, 0.4845023453235626, -0.32388684153556824, 1.4486141204833984] [-1.2609061002731323, -0.2915019690990448, 0.010696038603782654, 1.5187020301818848, 1.6321340799331665]
[-0.0792839378118515, -0.032882921397686005, 0.4760879874229431, 0.466945081949234, -0.3253224790096283, 1.4528815746307373] [-1.2762460708618164, -0.2915019690990448, 0.010696038603782654, 1.5187020301818848, 1.6321340799331665]
[-0.08074287325143814, -0.032919418066740036, 0.4768494665622711, 0.45292729139328003, -0.32832664251327515, 1.4566296339035034] [-1.2869840860366821, -0.2915019690990448, 0.010696038603782654, 1.5156340599060059, 1.6321340799331665]
[-0.08149264752864838, -0.03300987556576729, 0.4774947464466095, 0.4453231692314148, -0.33207497000694275, 1.4579626321792603] [-1.2992560863494873, -0.2915019690990448, 0.010696038603782654, 1.507964015007019, 1.6244640350341797]
[-0.08245590329170227, -0.033225517719984055, 0.47874894738197327, 0.42448538541793823, -0.3405703008174896, 1.4588443040847778] [-1.3115280866622925, -0.2915019690990448, 0.010696038603782654, 1.5018279552459717, 1.615260124206543]
[-0.0837600976228714, -0.03332129493355751, 0.48013240098953247, 0.40045803785324097, -0.34915149211883545, 1.4611026048660278] [-1.325334072113037, -0.2915019690990448, 0.010696038603782654, 1.492624044418335, 1.5999200344085693]
[-0.0850309431552887, -0.033723134547472, 0.4816820025444031, 0.3688240647315979, -0.3608056306838989, 1.4626612663269043] [-1.3376060724258423, -0.29303598403930664, 0.010696038603782654, 1.4864879846572876, 1.5861140489578247]
[-0.08635500818490982, -0.03431929275393486, 0.4831361174583435, 0.3355380892753601, -0.37257182598114014, 1.4646068811416626] [-1.3529460430145264, -0.29610395431518555, 0.010696038603782654, 1.472681999206543, 1.5615700483322144]
[-0.08766328543424606, -0.034804463386535645, 0.4853054881095886, 0.2963140904903412, -0.3889595568180084, 1.4660871028900146] [-1.3728880882263184, -0.29610395431518555, 0.010696038603782654, 1.4573420286178589, 1.5431621074676514]
[-0.08907470107078552, -0.03538460284471512, 0.4876752495765686, 0.2526063024997711, -0.4070380926132202, 1.4682157039642334] [-1.3882280588150024, -0.29610395431518555, 0.010696038603782654, 1.4450700283050537, 1.5170841217041016]
[-0.089840829372406, -0.03555295616388321, 0.488431453704834, 0.22490103542804718, -0.41241294145584106, 1.4706834554672241] [-1.4005000591278076, -0.29610395431518555, 0.010696038603782654, 1.4404679536819458, 1.4956080913543701]
[-0.09124141186475754, -0.03578248620033264, 0.489478200674057, 0.19375739991664886, -0.41973036527633667, 1.4748680591583252] [-1.4143060445785522, -0.29610395431518555, 0.010696038603782654, 1.4389339685440063, 1.4848700761795044]
[-0.09293653070926666, -0.03590063005685806, 0.49021095037460327, 0.1679285615682602, -0.4240669012069702, 1.48027765750885] [-1.4296460151672363, -0.29610395431518555, 0.010696038603782654, 1.431264042854309, 1.4818021059036255]
[-0.09520713239908218, -0.036194536834955215, 0.49154314398765564, 0.14686760306358337, -0.4332180321216583, 1.4866418838500977] [-1.44498610496521, -0.29610395431518555, 0.010696038603782654, 1.4220600128173828, 1.4818021059036255]
[-0.09768334776163101, -0.03640788048505783, 0.49314379692077637, 0.12559732794761658, -0.44391122460365295, 1.4937583208084106] [-1.4664621353149414, -0.29610395431518555, 0.010696038603782654, 1.4159239530563354, 1.4818021059036255]
[-0.10079375654459, -0.03685557842254639, 0.4941084384918213, 0.10169324278831482, -0.45045530796051025, 1.503851056098938] [-1.4910061359405518, -0.29610395431518555, 0.010696038603782654, 1.414389967918396, 1.4741320610046387]
[-0.10258244723081589, -0.03682803735136986, 0.49449899792671204, 0.06952716410160065, -0.45163244009017944, 1.5125820636749268] [-1.5078800916671753, -0.29610395431518555, 0.01836603879928589, 1.4128559827804565, 1.440384030342102]
[-0.10558625310659409, -0.036979712545871735, 0.49513182044029236, 0.013123746030032635, -0.455356240272522, 1.5286959409713745] [-1.5201520919799805, -0.29610395431518555, 0.01836603879928589, 1.4128559827804565, 1.3928301334381104]
[-0.10666844248771667, -0.036907363682985306, 0.49518293142318726, -0.05644776672124863, -0.45460009574890137, 1.5373926162719727] [-1.5308901071548462, -0.29610395431518555, 0.026036038994789124, 1.4128559827804565, 1.3376060724258423]
[-0.10718674957752228, -0.03699461743235588, 0.49561282992362976, -0.11740852147340775, -0.4571603238582611, 1.5469975471496582] [-1.537026047706604, -0.29610395431518555, 0.030638039112091064, 1.4128559827804565, 1.3145960569381714]
[-0.1084648072719574, -0.037212058901786804, 0.49582380056381226, -0.15165066719055176, -0.45817530155181885, 1.5548409223556519] [-1.5446960926055908, -0.29610395431518555, 0.03217203915119171, 1.414389967918396, 1.2777800559997559]
[-0.10922825336456299, -0.03718125447630882, 0.4960480034351349, -0.19596853852272034, -0.4583180546760559, 1.560268759727478] [-1.553900122642517, -0.29610395431518555, 0.039842039346694946, 1.4128559827804565, 1.2256240844726562]
[-0.11027407646179199, -0.037055280059576035, 0.4962117075920105, -0.24470876157283783, -0.4575413465499878, 1.570156455039978] [-1.560036063194275, -0.29610395431518555, 0.04444403946399689, 1.4128559827804565, 1.2240900993347168]
[-0.1115795373916626, -0.037426888942718506, 0.49654778838157654, -0.2545834183692932, -0.4609171748161316, 1.577906608581543] [-1.5677061080932617, -0.29610395431518555, 0.050580039620399475, 1.4128559827804565, 1.2179540395736694]
[-0.11399096250534058, -0.03720464929938316, 0.49669548869132996, -0.2772582471370697, -0.45994478464126587, 1.5934354066848755] [-1.5830460786819458, -0.29610395431518555, 0.05825003981590271, 1.4128559827804565, 1.2179540395736694]
[-0.11753617972135544, -0.03744669258594513, 0.496876984834671, -0.3008781373500824, -0.46048757433891296, 1.6126346588134766] [-1.5983860492706299, -0.29610395431518555, 0.06592004001140594, 1.4128559827804565, 1.2072160243988037]
[-0.11957422643899918, -0.037449974566698074, 0.4970256984233856, -0.33262380957603455, -0.45997223258018494, 1.622799038887024] [-1.610658049583435, -0.2976379692554474, 0.06745404005050659, 1.4128559827804565, 1.13972008228302]
[-0.12100259214639664, -0.03792042285203934, 0.49749958515167236, -0.4297654926776886, -0.4612933397293091, 1.6355791091918945] [-1.6213960647583008, -0.2976379692554474, 0.07819204032421112, 1.4128559827804565, 1.0584180355072021]
[-0.12266266345977783, -0.03771546855568886, 0.49787279963493347, -0.5213189125061035, -0.4588038921356201, 1.6509761810302734] [-1.630600094795227, -0.29610395431518555, 0.08586204051971436, 1.4128559827804565, 1.0216020345687866]
[-0.12399612367153168, -0.03805340453982353, 0.49819648265838623, -0.5703744292259216, -0.4597819745540619, 1.661515712738037] [-1.6428720951080322, -0.2976379692554474, 0.09813404083251953, 1.4128559827804565, 0.9403000473976135]
[-0.1271449476480484, -0.03843360394239426, 0.4984091818332672, -0.6615682244300842, -0.45700326561927795, 1.6858941316604614] [-1.653610110282898, -0.2976379692554474, 0.10733804106712341, 1.4128559827804565, 0.9188240766525269]
[-0.12912526726722717, -0.03821771219372749, 0.49849605560302734, -0.703109085559845, -0.453754186630249, 1.6993075609207153] [-1.6658821105957031, -0.29610395431518555, 0.11500804126262665, 1.414389967918396, 0.9080860614776611]
[-0.131491556763649, -0.038235828280448914, 0.4983949661254883, -0.7147988080978394, -0.45203089714050293, 1.7138540744781494] [-1.6750860214233398, -0.29610395431518555, 0.12574604153633118, 1.4159239530563354, 0.9080860614776611]
[-0.13397955894470215, -0.03826483339071274, 0.4981085956096649, -0.7299142479896545, -0.4485311508178711, 1.7299065589904785] [-1.6812220811843872, -0.29610395431518555, 0.1334160417318344, 1.4159239530563354, 0.9065520763397217]
[-0.13489793241024017, -0.03805802762508392, 0.49779418110847473, -0.7408932447433472, -0.444368451833725, 1.736328125] [-1.688892126083374, -0.29610395431518555, 0.14108604192733765, 1.4205260276794434, 0.8543960452079773]
[-0.13655567169189453, -0.03840511664748192, 0.49797123670578003, -0.8228560090065002, -0.44098764657974243, 1.7504498958587646] [-1.6965620517730713, -0.29610395431518555, 0.15335804224014282, 1.418992042541504, 0.7516180276870728]
[-0.13880835473537445, -0.03887571021914482, 0.4987107515335083, -0.9507790803909302, -0.43788468837738037, 1.7743927240371704] [-1.7011641263961792, -0.29610395431518555, 0.16716404259204865, 1.4205260276794434, 0.7102000713348389]
[-0.13974884152412415, -0.03909620642662048, 0.49856892228126526, -0.9655323028564453, -0.435674786567688, 1.7832717895507812] [-1.7026981115341187, -0.2945699691772461, 0.17176604270935059, 1.434332013130188, 0.7071320414543152]
[-0.1401514708995819, -0.038275886327028275, 0.49681076407432556, -0.9656776189804077, -0.4184337258338928, 1.7847939729690552] [-1.7026981115341187, -0.2915019690990448, 0.17330004274845123, 1.437399983406067, 0.7086660861968994]
[-0.1402807980775833, -0.03774666041135788, 0.4966602027416229, -0.9652761220932007, -0.414986789226532, 1.7858027219772339] [-1.7026981115341187, -0.2915019690990448, 0.17636804282665253, 1.437399983406067, 0.7086660861968994]
[-0.14052511751651764, -0.03782323747873306, 0.49664193391799927, -0.9659233689308167, -0.4148830473423004, 1.7888833284378052] [-1.7011641263961792, -0.2915019690990448, 0.17790204286575317, 1.437399983406067, 0.7086660861968994]
[-0.14062057435512543, -0.037994690239429474, 0.4966087341308594, -0.9651455283164978, -0.415257066488266, 1.7915879487991333] [-1.7011641263961792, -0.2915019690990448, 0.18097004294395447, 1.437399983406067, 0.7086660861968994]
[-0.1410730630159378, -0.037927914410829544, 0.49655431509017944, -0.9663361310958862, -0.41476505994796753, 1.7934377193450928] [-1.7011641263961792, -0.2915019690990448, 0.18403804302215576, 1.437399983406067, 0.7086660861968994]
[-0.14075776934623718, -0.03789288178086281, 0.49658551812171936, -0.9642810225486755, -0.4151153266429901, 1.7925655841827393] [-1.6996300220489502, -0.2884339690208435, 0.18097004294395447, 1.437399983406067, 0.7086660861968994]
