[0.07043953239917755, -0.05795874819159508, 0.2956375181674957, 1.4637733697891235, 0.12626929581165314, 0.37243130803108215] [0.40041595697402954, 0.03677403926849365, 0.7838320732116699, 0.4709799885749817, 0.552198052406311]
[0.07045329362154007, -0.057892803102731705, 0.2957974672317505, 1.4645018577575684, 0.12581785023212433, 0.3719460070133209] [0.40041595697402954, 0.03677403926849365, 0.7838320732116699, 0.4709799885749817, 0.552198052406311]
[0.0703008696436882, -0.057654667645692825, 0.29598644375801086, 1.4626901149749756, 0.12472282350063324, 0.3733961284160614] [0.40041595697402954, 0.03677403926849365, 0.7838320732116699, 0.4709799885749817, 0.552198052406311]
[0.07032272964715958, -0.05774210765957832, 0.2958552837371826, 1.4623655080795288, 0.12609049677848816, 0.37229815125465393] [0.40041595697402954, 0.03677403926849365, 0.7838320732116699, 0.4709799885749817, 0.5537320375442505]
[0.07052456587553024, -0.058066777884960175, 0.2961137294769287, 1.4629778861999512, 0.12486893683671951, 0.37112680077552795] [0.3988819718360901, 0.03677403926849365, 0.7838320732116699, 0.47251397371292114, 0.5537320375442505]
[0.07033330202102661, -0.05799524113535881, 0.2959749102592468, 1.463498830795288, 0.12493885308504105, 0.3719217777252197] [0.3988819718360901, 0.0383080393075943, 0.7838320732116699, 0.4709799885749817, 0.5537320375442505]
[0.07054948061704636, -0.057993534952402115, 0.2961522936820984, 1.46275794506073, 0.12502530217170715, 0.371161550283432] [0.3988819718360901, 0.0383080393075943, 0.7838320732116699, 0.4709799885749817, 0.5537320375442505]
[0.07040669769048691, -0.05802707374095917, 0.2958678603172302, 1.4632970094680786, 0.126241534948349, 0.37116581201553345] [0.40041595697402954, 0.0383080393075943, 0.7838320732116699, 0.4709799885749817, 0.5537320375442505]
[0.07040934264659882, -0.058029841631650925, 0.29584911465644836, 1.4632340669631958, 0.1264338493347168, 0.3710034489631653] [0.40041595697402954, 0.03677403926849365, 0.7838320732116699, 0.4709799885749817, 0.5537320375442505]
[0.0704931914806366, -0.05834236368536949, 0.2956388592720032, 1.461576223373413, 0.1276424378156662, 0.3700219690799713] [0.40041595697402954, 0.03217203915119171, 0.7838320732116699, 0.4709799885749817, 0.5537320375442505]
[0.07065314054489136, -0.059359319508075714, 0.295678049325943, 1.4610360860824585, 0.127296581864357, 0.36548739671707153] [0.40041595697402954, 0.030638039112091064, 0.7838320732116699, 0.4709799885749817, 0.5537320375442505]
[0.07060888409614563, -0.05930877849459648, 0.2957037091255188, 1.4608498811721802, 0.1271234154701233, 0.3654232323169708] [0.40041595697402954, 0.030638039112091064, 0.7838320732116699, 0.4709799885749817, 0.5537320375442505]
[0.07056231796741486, -0.05942466855049133, 0.2955538332462311, 1.460385799407959, 0.12723901867866516, 0.36595261096954346] [0.40041595697402954, 0.030638039112091064, 0.7807640433311462, 0.4709799885749817, 0.5537320375442505]
[0.07047832012176514, -0.059418193995952606, 0.2955675721168518, 1.46017587184906, 0.1258002519607544, 0.367720365524292] [0.40041595697402954, 0.030638039112091064, 0.7792300581932068, 0.47864997386932373, 0.5537320375442505]
[0.07016602158546448, -0.058479275554418564, 0.2967093586921692, 1.4605610370635986, 0.11498592793941498, 0.37701284885406494] [0.3988819718360901, 0.030638039112091064, 0.7792300581932068, 0.48938798904418945, 0.5552660226821899]
[0.07015753537416458, -0.05804801359772682, 0.29741787910461426, 1.4588991403579712, 0.11038575321435928, 0.3804292380809784] [0.3988819718360901, 0.030638039112091064, 0.7776960730552673, 0.49245595932006836, 0.5537320375442505]
[0.07004078477621078, -0.05831465497612953, 0.2977157235145569, 1.4606152772903442, 0.1072404608130455, 0.3809448480606079] [0.3988819718360901, 0.029104039072990417, 0.7761620283126831, 0.4939899742603302, 0.5537320375442505]
[0.07003378123044968, -0.058175716549158096, 0.29763826727867126, 1.457505702972412, 0.10803723335266113, 0.3815307021141052] [0.3988819718360901, 0.030638039112091064, 0.7761620283126831, 0.4970579743385315, 0.5537320375442505]
[0.06989014893770218, -0.057690758258104324, 0.2982410490512848, 1.4575700759887695, 0.10331763327121735, 0.3853480815887451] [0.39734798669815063, 0.030638039112091064, 0.7746280431747437, 0.5001260042190552, 0.5537320375442505]
[0.06973648816347122, -0.057018037885427475, 0.2987947165966034, 1.4566709995269775, 0.09970571845769882, 0.3899679481983185] [0.39427995681762695, 0.030638039112091064, 0.7715600728988647, 0.506261944770813, 0.5552660226821899]
[0.06996701657772064, -0.05665770545601845, 0.3002455532550812, 1.451723337173462, 0.09117937833070755, 0.3930577039718628] [0.39121198654174805, 0.029104039072990417, 0.7715600728988647, 0.5139319896697998, 0.5537320375442505]
[0.06970309466123581, -0.05594869703054428, 0.30188003182411194, 1.4512020349502563, 0.0780782401561737, 0.4011218845844269] [0.39121198654174805, 0.029104039072990417, 0.7700260877609253, 0.5354079604148865, 0.5537320375442505]
[0.06883643567562103, -0.054338354617357254, 0.30415207147598267, 1.4522619247436523, 0.05853954702615738, 0.41704195737838745] [0.3896779716014862, 0.029104039072990417, 0.7684920430183411, 0.5630199909210205, 0.5552660226821899]
[0.06829357147216797, -0.0528595969080925, 0.3062550127506256, 1.4511362314224243, 0.041220854967832565, 0.4312264919281006] [0.38814395666122437, 0.02757003903388977, 0.7638900279998779, 0.5952339768409729, 0.5552660226821899]
[0.06719037890434265, -0.051186513155698776, 0.3087531626224518, 1.4454323053359985, 0.019021684303879738, 0.45121702551841736] [0.38814395666122437, 0.026036038994789124, 0.7546860575675964, 0.6213119626045227, 0.5552660226821899]
[0.06544382870197296, -0.04849476367235184, 0.3108145594596863, 1.4322845935821533, -0.001118779182434082, 0.4802706837654114] [0.38814395666122437, 0.026036038994789124, 0.7393460273742676, 0.6489239931106567, 0.5552660226821899]
[0.06401307880878448, -0.04635242372751236, 0.31261613965034485, 1.4203441143035889, -0.017171019688248634, 0.5033482909202576] [0.38814395666122437, 0.026036038994789124, 0.725540041923523, 0.676535964012146, 0.5552660226821899]
[0.062390461564064026, -0.04434177279472351, 0.3142440617084503, 1.408538579940796, -0.03321430832147598, 0.5275291800498962] [0.3866099715232849, 0.024502038955688477, 0.7117340564727783, 0.7056819796562195, 0.5552660226821899]
[0.06060849875211716, -0.041884586215019226, 0.3166743814945221, 1.3976283073425293, -0.053056567907333374, 0.5532824397087097] [0.38507598638534546, 0.024502038955688477, 0.7040640711784363, 0.7409639954566956, 0.5552660226821899]
[0.058892738074064255, -0.03996245190501213, 0.31858694553375244, 1.3903394937515259, -0.07048854976892471, 0.5755468010902405] [0.38507598638534546, 0.024502038955688477, 0.6979280710220337, 0.7655079960823059, 0.5552660226821899]
[0.05750178173184395, -0.03828731179237366, 0.32057633996009827, 1.385928750038147, -0.08693049103021622, 0.5937732458114624] [0.38507598638534546, 0.024502038955688477, 0.69486004114151, 0.7900519967079163, 0.5552660226821899]
[0.056105367839336395, -0.03680546581745148, 0.32261988520622253, 1.3813332319259644, -0.10440663248300552, 0.6114933490753174] [0.3835419714450836, 0.024502038955688477, 0.6933260560035706, 0.8099939823150635, 0.5552660226821899]
[0.054879285395145416, -0.03566205874085426, 0.32550477981567383, 1.3761918544769287, -0.12518787384033203, 0.627255916595459] [0.37740597128868103, 0.024502038955688477, 0.6933260560035706, 0.8299359679222107, 0.5552660226821899]
[0.053800810128450394, -0.03444324806332588, 0.3291065990924835, 1.36826753616333, -0.14937420189380646, 0.6438308954238892] [0.36820197105407715, 0.024502038955688477, 0.6933260560035706, 0.8560140132904053, 0.5552660226821899]
[0.05295804142951965, -0.03290177881717682, 0.33187583088874817, 1.3602194786071777, -0.166811004281044, 0.6572539210319519] [0.355929970741272, 0.024502038955688477, 0.6933260560035706, 0.8790239691734314, 0.5552660226821899]
[0.05157504975795746, -0.031053751707077026, 0.33614662289619446, 1.3480243682861328, -0.19457979500293732, 0.6780387163162231] [0.3467259705066681, 0.024502038955688477, 0.6933260560035706, 0.9081699848175049, 0.5552660226821899]
[0.04961107671260834, -0.03009563311934471, 0.3399142920970917, 1.3395293951034546, -0.22371354699134827, 0.701209545135498] [0.3405899703502655, 0.024502038955688477, 0.6933260560035706, 0.9465199708938599, 0.5552660226821899]
[0.04710773378610611, -0.028714865446090698, 0.3434966504573822, 1.330875039100647, -0.2535547912120819, 0.7288067936897278] [0.33598798513412476, 0.024502038955688477, 0.6933260560035706, 0.9756659865379333, 0.5552660226821899]
[0.044319868087768555, -0.027441367506980896, 0.3477404713630676, 1.3173691034317017, -0.28692391514778137, 0.7586571574211121] [0.3313859701156616, 0.021434038877487183, 0.6933260560035706, 1.0155500173568726, 0.5537320375442505]
[0.04236266389489174, -0.026858750730752945, 0.3495467007160187, 1.311345100402832, -0.30417871475219727, 0.7760687470436096] [0.3283179700374603, 0.019900038838386536, 0.6933260560035706, 1.0508320331573486, 0.5552660226821899]
[0.03891277685761452, -0.02561774291098118, 0.3528604507446289, 1.2990134954452515, -0.33403798937797546, 0.8074580430984497] [0.3283179700374603, 0.019900038838386536, 0.6933260560035706, 1.078444004058838, 0.5552660226821899]
[0.036370739340782166, -0.02371293678879738, 0.35478052496910095, 1.288919448852539, -0.3520413935184479, 0.8322643637657166] [0.32985198497772217, 0.019900038838386536, 0.6933260560035706, 1.1060559749603271, 0.5552660226821899]
[0.033901140093803406, -0.022412769496440887, 0.3567552864551544, 1.2816368341445923, -0.3703024387359619, 0.8554284572601318] [0.32985198497772217, 0.021434038877487183, 0.6933260560035706, 1.1413379907608032, 0.5552660226821899]
[0.031003808602690697, -0.021188311278820038, 0.35902079939842224, 1.2711026668548584, -0.3918383717536926, 0.882745623588562] [0.32985198497772217, 0.019900038838386536, 0.6933260560035706, 1.1766200065612793, 0.5552660226821899]
[0.02758708968758583, -0.020021609961986542, 0.3616042137145996, 1.2583706378936768, -0.41714704036712646, 0.9155069589614868] [0.32985198497772217, 0.019900038838386536, 0.6933260560035706, 1.2072999477386475, 0.5552660226821899]
[0.025620056316256523, -0.01949199289083481, 0.3629767596721649, 1.2508679628372192, -0.43088236451148987, 0.9335629940032959] [0.32985198497772217, 0.021434038877487183, 0.6933260560035706, 1.2379800081253052, 0.5552660226821899]
[0.022423725575208664, -0.018721194937825203, 0.3651714622974396, 1.2381772994995117, -0.45313218235969543, 0.9635721445083618] [0.32985198497772217, 0.019900038838386536, 0.6933260560035706, 1.2763299942016602, 0.5552660226821899]
[0.0195901058614254, -0.01840914972126484, 0.3669546842575073, 1.2259037494659424, -0.47202351689338684, 0.9890380501747131] [0.32985198497772217, 0.01836603879928589, 0.6933260560035706, 1.299340009689331, 0.5552660226821899]
[0.016638783738017082, -0.017878767102956772, 0.36874327063560486, 1.2132920026779175, -0.4907893240451813, 1.01627779006958] [0.32985198497772217, 0.01836603879928589, 0.6933260560035706, 1.3254179954528809, 0.5552660226821899]
[0.014443186111748219, -0.017356591299176216, 0.3700614273548126, 1.204258680343628, -0.5043109059333801, 1.036973476409912] [0.32985198497772217, 0.019900038838386536, 0.6933260560035706, 1.3484280109405518, 0.5552660226821899]
[0.01206815242767334, -0.017059821635484695, 0.3713659942150116, 1.1935616731643677, -0.5182055830955505, 1.058255672454834] [0.32985198497772217, 0.01836603879928589, 0.6933260560035706, 1.3775739669799805, 0.5552660226821899]
[0.009649909101426601, -0.016810322180390358, 0.37271809577941895, 1.1821317672729492, -0.532642662525177, 1.081112265586853] [0.32985198497772217, 0.019900038838386536, 0.6933260560035706, 1.4036519527435303, 0.5552660226821899]
[0.006395148579031229, -0.016739394515752792, 0.37446218729019165, 1.1652722358703613, -0.551619827747345, 1.111958622932434] [0.32985198497772217, 0.019900038838386536, 0.6933260560035706, 1.4389339685440063, 0.5552660226821899]
[0.0029477388598024845, -0.016515567898750305, 0.3761414587497711, 1.1488289833068848, -0.5707195997238159, 1.144594669342041] [0.32985198497772217, 0.01836603879928589, 0.6933260560035706, 1.4665460586547852, 0.5552660226821899]
[0.000464001641375944, -0.01644301787018776, 0.37736284732818604, 1.1355698108673096, -0.5841876864433289, 1.1689543724060059] [0.32985198497772217, 0.019900038838386536, 0.6933260560035706, 1.4941580295562744, 0.5552660226821899]
[-0.002180207520723343, -0.016595011577010155, 0.37857794761657715, 1.1219087839126587, -0.5977274775505066, 1.1942150592803955] [0.32985198497772217, 0.019900038838386536, 0.6933260560035706, 1.5248379707336426, 0.5552660226821899]
[-0.005762955639511347, -0.01660837233066559, 0.380135715007782, 1.1009961366653442, -0.6162497997283936, 1.2302236557006836] [0.32985198497772217, 0.019900038838386536, 0.6933260560035706, 1.5509159564971924, 0.5552660226821899]
[-0.00679978309199214, -0.016660673543810844, 0.3806194067001343, 1.0963473320007324, -0.6216078400611877, 1.2411863803863525] [0.32985198497772217, 0.019900038838386536, 0.6917920708656311, 1.5754599571228027, 0.5568000674247742]
[-0.006902212277054787, -0.01648254692554474, 0.38067710399627686, 1.092187523841858, -0.620593249797821, 1.2433404922485352] [0.3283179700374603, 0.019900038838386536, 0.6917920708656311, 1.587731957435608, 0.5568000674247742]
[-0.006904397625476122, -0.016484098508954048, 0.3810185492038727, 1.0905660390853882, -0.6214738488197327, 1.2451653480529785] [0.32218196988105774, 0.019900038838386536, 0.6902580261230469, 1.5938680171966553, 0.5568000674247742]
[-0.007239682134240866, -0.016226233914494514, 0.38185814023017883, 1.078402042388916, -0.6215693354606628, 1.253466248512268] [0.30990996956825256, 0.019900038838386536, 0.6902580261230469, 1.5954020023345947, 0.5568000674247742]
[-0.007876054383814335, -0.016051558777689934, 0.38477975130081177, 1.0498191118240356, -0.629508376121521, 1.2716096639633179] [0.2853659689426422, 0.019900038838386536, 0.6887240409851074, 1.5954020023345947, 0.5568000674247742]
[-0.00833953358232975, -0.016226859763264656, 0.3874167501926422, 1.0222121477127075, -0.6357642412185669, 1.286472201347351] [0.2500839829444885, 0.021434038877487183, 0.6887240409851074, 1.5954020023345947, 0.5568000674247742]
[-0.009444978088140488, -0.016123011708259583, 0.391673743724823, 0.9784741997718811, -0.6464219093322754, 1.3139766454696655] [0.2194039672613144, 0.021434038877487183, 0.6887240409851074, 1.5954020023345947, 0.5568000674247742]
[-0.010442583821713924, -0.016296131536364555, 0.3956358730792999, 0.9355119466781616, -0.6546777486801147, 1.338472604751587] [0.19179196655750275, 0.021434038877487183, 0.6887240409851074, 1.5954020023345947, 0.5568000674247742]
[-0.011601938866078854, -0.016452180221676826, 0.39876729249954224, 0.901620090007782, -0.6620662212371826, 1.3608334064483643] [0.1641799658536911, 0.019900038838386536, 0.6887240409851074, 1.5954020023345947, 0.5568000674247742]
[-0.012536028400063515, -0.0172437634319067, 0.4018280804157257, 0.867481529712677, -0.6689524054527283, 1.3807352781295776] [0.1350339651107788, 0.021434038877487183, 0.6887240409851074, 1.5954020023345947, 0.5568000674247742]
[-0.014124964363873005, -0.01739884912967682, 0.4057602882385254, 0.8234270811080933, -0.676177442073822, 1.4095906019210815] [0.09975196421146393, 0.021434038877487183, 0.6887240409851074, 1.5954020023345947, 0.5568000674247742]
[-0.015141787007451057, -0.01756102219223976, 0.40844854712486267, 0.7926895022392273, -0.6804033517837524, 1.4288822412490845] [0.0629359632730484, 0.021434038877487183, 0.6887240409851074, 1.5954020023345947, 0.5568000674247742]
[-0.016436705365777016, -0.01768624782562256, 0.41212233901023865, 0.7503179907798767, -0.684287965297699, 1.4541226625442505] [0.03225596249103546, 0.019900038838386536, 0.6887240409851074, 1.5954020023345947, 0.5568000674247742]
[-0.01783394068479538, -0.017887623980641365, 0.4153536856174469, 0.7136779427528381, -0.6890334486961365, 1.4769608974456787] [0.00771196186542511, 0.021434038877487183, 0.6902580261230469, 1.5954020023345947, 0.5568000674247742]
[-0.01952260173857212, -0.017844531685113907, 0.41856399178504944, 0.6741672158241272, -0.6914974451065063, 1.5021090507507324] [-0.01836603879928589, 0.019900038838386536, 0.6902580261230469, 1.5954020023345947, 0.5568000674247742]
[-0.021609250456094742, -0.01786600984632969, 0.42220252752304077, 0.628483772277832, -0.6934788227081299, 1.5308730602264404] [-0.05211403965950012, 0.019900038838386536, 0.6902580261230469, 1.5954020023345947, 0.5568000674247742]
[-0.022932253777980804, -0.018014542758464813, 0.4242061376571655, 0.6021901369094849, -0.6947251558303833, 1.547491192817688] [-0.08126004040241241, 0.019900038838386536, 0.6933260560035706, 1.5954020023345947, 0.5568000674247742]
[-0.024579565972089767, -0.01863095723092556, 0.42779362201690674, 0.5672112107276917, -0.7042984962463379, 1.5696576833724976] [-0.10580404102802277, 0.019900038838386536, 0.702530026435852, 1.5923340320587158, 0.5568000674247742]
[-0.026426924392580986, -0.018911676481366158, 0.4309447109699249, 0.5312116146087646, -0.7084917426109314, 1.5927945375442505] [-0.12881404161453247, 0.01836603879928589, 0.7071320414543152, 1.5908000469207764, 0.5568000674247742]
[-0.028263157233595848, -0.019545385614037514, 0.43405431509017944, 0.49782639741897583, -0.7154074311256409, 1.6134477853775024] [-0.14722204208374023, 0.01836603879928589, 0.7148020267486572, 1.5908000469207764, 0.5568000674247742]
[-0.02992885746061802, -0.019822146743535995, 0.43662333488464355, 0.4695226550102234, -0.7203625440597534, 1.6338248252868652] [-0.17790204286575317, 0.01836603879928589, 0.7240060567855835, 1.589266061782837, 0.5568000674247742]
[-0.032188259065151215, -0.020436905324459076, 0.44006407260894775, 0.4316914677619934, -0.7275212407112122, 1.6599000692367554] [-0.20398004353046417, 0.01836603879928589, 0.7316760420799255, 1.5861979722976685, 0.5568000674247742]
[-0.033978626132011414, -0.020886601880192757, 0.44257602095603943, 0.4023974537849426, -0.7315399646759033, 1.6798491477966309] [-0.2208540439605713, 0.01836603879928589, 0.7332100868225098, 1.5861979722976685, 0.5568000674247742]
[-0.03553136810660362, -0.02103455550968647, 0.4444064497947693, 0.3754609227180481, -0.7295178174972534, 1.6964536905288696] [-0.2407960444688797, 0.01836603879928589, 0.7332100868225098, 1.584663987159729, 0.5568000674247742]
[-0.03721531853079796, -0.021145431324839592, 0.4463118612766266, 0.34866324067115784, -0.7284662127494812, 1.714619517326355] [-0.26227205991744995, 0.01836603879928589, 0.7347440719604492, 1.58159601688385, 0.5568000674247742]
[-0.039163898676633835, -0.02117237262427807, 0.4482804238796234, 0.31834936141967773, -0.7250797152519226, 1.7345671653747559] [-0.2837480306625366, 0.019900038838386536, 0.7347440719604492, 1.58159601688385, 0.5568000674247742]
[-0.041050348430871964, -0.021312497556209564, 0.4503137767314911, 0.28852134943008423, -0.722820520401001, 1.7544111013412476] [-0.308292031288147, 0.01836603879928589, 0.7362780570983887, 1.58159601688385, 0.5568000674247742]
[-0.04289177060127258, -0.021218476817011833, 0.4522213935852051, 0.26073387265205383, -0.7198376655578613, 1.7729889154434204] [-0.3328360319137573, 0.01836603879928589, 0.7393460273742676, 1.58159601688385, 0.5568000674247742]
[-0.04533921927213669, -0.021349165588617325, 0.45459261536598206, 0.2262677252292633, -0.7170806527137756, 1.7961547374725342] [-0.3558460474014282, 0.01836603879928589, 0.7424140572547913, 1.5785280466079712, 0.5552660226821899]
[-0.04829033091664314, -0.021553993225097656, 0.45720311999320984, 0.18605944514274597, -0.712783932685852, 1.8231576681137085] [-0.38652604818344116, 0.01836603879928589, 0.7470160722732544, 1.5677900314331055, 0.5568000674247742]
[-0.05152669548988342, -0.021863752976059914, 0.4600185751914978, 0.14465825259685516, -0.7101649641990662, 1.8523043394088745] [-0.4172060489654541, 0.01836603879928589, 0.7516180276870728, 1.5677900314331055, 0.5552660226821899]
[-0.05331604182720184, -0.02216361276805401, 0.46157094836235046, 0.12087546288967133, -0.7080516219139099, 1.8685810565948486] [-0.440216064453125, 0.01836603879928589, 0.7546860575675964, 1.5647220611572266, 0.5552660226821899]
[-0.05634002014994621, -0.02240973524749279, 0.4637579619884491, 0.0846874862909317, -0.7024158835411072, 1.8930230140686035] [-0.46782803535461426, 0.01683203876018524, 0.7592880725860596, 1.5647220611572266, 0.5568000674247742]
[-0.05904433876276016, -0.02274925261735916, 0.4659411609172821, 0.04908987134695053, -0.698222279548645, 1.915228009223938] [-0.49390605092048645, 0.01683203876018524, 0.7623560428619385, 1.5647220611572266, 0.5552660226821899]
[-0.06209997087717056, -0.023077884688973427, 0.4679611027240753, 0.015022884123027325, -0.6930896043777466, 1.9386775493621826] [-0.5184500217437744, 0.01683203876018524, 0.7700260877609253, 1.5647220611572266, 0.5552660226821899]
[-0.06465248763561249, -0.023898199200630188, 0.47002166509628296, -0.013112395070493221, -0.6933720111846924, 1.9615557193756104] [-0.536858081817627, 0.015298038721084595, 0.7776960730552673, 1.5631879568099976, 0.5537320375442505]
[-0.06615849584341049, -0.02476266212761402, 0.4713057577610016, -0.03629237785935402, -0.6938608288764954, 1.9721544981002808] [-0.5598680377006531, 0.006094038486480713, 0.7853660583496094, 1.5647220611572266, 0.552198052406311]
[-0.0682552307844162, -0.027109986171126366, 0.4741288125514984, -0.0769033133983612, -0.6990980505943298, 1.9884662628173828] [-0.5844120383262634, -0.010779961943626404, 0.799172043800354, 1.5631879568099976, 0.5491300821304321]
[-0.07046367228031158, -0.02975190430879593, 0.4770626127719879, -0.12294706702232361, -0.7073283791542053, 2.005840539932251] [-0.6058880686759949, -0.030721962451934814, 0.8129780292510986, 1.5631879568099976, 0.5291880369186401]
[-0.07252087444067001, -0.03288242220878601, 0.4803174138069153, -0.18753425776958466, -0.7186891436576843, 2.025076150894165] [-0.628898024559021, -0.050663962960243225, 0.8283180594444275, 1.5631879568099976, 0.4893040657043457]
[-0.07425510138273239, -0.03597351908683777, 0.48328736424446106, -0.27733585238456726, -0.7304505109786987, 2.0449485778808594] [-0.648840069770813, -0.06753796339035034, 0.8451920747756958, 1.5631879568099976, 0.44788604974746704]
[-0.07528641819953918, -0.03867880627512932, 0.4853333830833435, -0.33514583110809326, -0.7426811456680298, 2.0576791763305664] [-0.6549760699272156, -0.07827596366405487, 0.8589980602264404, 1.5631879568099976, 0.4202740490436554]
[-0.07619602978229523, -0.04072871804237366, 0.4871908128261566, -0.38795387744903564, -0.7546903491020203, 2.0752322673797607] [-0.6641800403594971, -0.08134396374225616, 0.8743380308151245, 1.5631879568099976, 0.3941960334777832]
[-0.07834581285715103, -0.04163108393549919, 0.4886431396007538, -0.43616634607315063, -0.7566733360290527, 2.098078966140747] [-0.6764520406723022, -0.07980996370315552, 0.8850760459899902, 1.5631879568099976, 0.3803900480270386]
[-0.08071555197238922, -0.04257131367921829, 0.4899879992008209, -0.47621607780456543, -0.7548015713691711, 2.121276617050171] [-0.6933260560035706, -0.08134396374225616, 0.8912120461463928, 1.5647220611572266, 0.3681180477142334]
[-0.08271199464797974, -0.0427267886698246, 0.4909070134162903, -0.5052642822265625, -0.7485966086387634, 2.1366429328918457] [-0.7086660861968994, -0.08134396374225616, 0.8942800760269165, 1.5647220611572266, 0.3619820475578308]
[-0.08652476966381073, -0.04303066432476044, 0.49221643805503845, -0.5448121428489685, -0.7368762493133545, 2.161733865737915] [-0.7378120422363281, -0.07980996370315552, 0.8988820314407349, 1.5647220611572266, 0.3558460474014282]
[-0.09033338725566864, -0.043483980000019073, 0.4934019148349762, -0.5876749753952026, -0.723339855670929, 2.186422348022461] [-0.7654240727424622, -0.07980996370315552, 0.9019500613212585, 1.5647220611572266, 0.3420400619506836]
[-0.09301773458719254, -0.04372714087367058, 0.49434056878089905, -0.6236482262611389, -0.713901698589325, 2.2060399055480957] [-0.7869000434875488, -0.07980996370315552, 0.9065520763397217, 1.5647220611572266, 0.32056403160095215]
[-0.09561104327440262, -0.04393579810857773, 0.495199590921402, -0.6695972681045532, -0.7018303275108337, 2.222564220428467] [-0.8083760738372803, -0.07980996370315552, 0.9065520763397217, 1.5647220611572266, 0.30062204599380493]
[-0.09774227440357208, -0.043916188180446625, 0.49585968255996704, -0.7062956094741821, -0.6918318867683411, 2.2331202030181885] [-0.8221820592880249, -0.08134396374225616, 0.9065520763397217, 1.5647220611572266, 0.2898840308189392]
[-0.09994427859783173, -0.04386243224143982, 0.496298611164093, -0.7383578419685364, -0.6808270215988159, 2.2447633743286133] [-0.8390560746192932, -0.08134396374225616, 0.9065520763397217, 1.5647220611572266, 0.2745440602302551]
[-0.10225456207990646, -0.04409618675708771, 0.49699047207832336, -0.7784509658813477, -0.6709012985229492, 2.2570905685424805] [-0.8543960452079773, -0.08134396374225616, 0.9096200466156006, 1.5647220611572266, 0.2576700448989868]
[-0.10391782969236374, -0.04435241222381592, 0.4975373446941376, -0.801145076751709, -0.6661193370819092, 2.268562078475952] [-0.8712700605392456, -0.08134396374225616, 0.9157560467720032, 1.5647220611572266, 0.24539804458618164]
[-0.10733751952648163, -0.04489407688379288, 0.49828532338142395, -0.8373883962631226, -0.6548346877098083, 2.288785457611084] [-0.892746090888977, -0.08134396374225616, 0.9188240766525269, 1.5647220611572266, 0.243864044547081]
[-0.11129225790500641, -0.04488561302423477, 0.49871689081192017, -0.8645904660224915, -0.6356403231620789, 2.3048481941223145] [-0.9203580617904663, -0.07980996370315552, 0.9188240766525269, 1.569324016571045, 0.243864044547081]
[-0.11685869842767715, -0.045039813965559006, 0.4990192949771881, -0.9013595581054688, -0.6076737642288208, 2.32711124420166] [-0.961776077747345, -0.07980996370315552, 0.9188240766525269, 1.5708580017089844, 0.243864044547081]
[-0.120440773665905, -0.04488749802112579, 0.4990660846233368, -0.9234954118728638, -0.588959813117981, 2.338413953781128] [-0.9878540635108948, -0.08134396374225616, 0.9172900915145874, 1.5739259719848633, 0.243864044547081]
[-0.12278289347887039, -0.04471324756741524, 0.49902501702308655, -0.9372655749320984, -0.5764147639274597, 2.344609498977661] [-1.010864019393921, -0.07980996370315552, 0.9096200466156006, 1.5754599571228027, 0.21932004392147064]
[-0.1246238574385643, -0.044212255626916885, 0.4989864230155945, -0.9830197691917419, -0.5594388842582703, 2.34560489654541] [-1.0338740348815918, -0.07980996370315552, 0.903484046459198, 1.5785280466079712, 0.18250404298305511]
[-0.12762609124183655, -0.04387177526950836, 0.49904152750968933, -1.0393290519714355, -0.5383574366569519, 2.352656126022339] [-1.0538160800933838, -0.08134396374225616, 0.903484046459198, 1.5800620317459106, 0.17023204267024994]
[-0.12862339615821838, -0.04362739622592926, 0.49910637736320496, -1.0578219890594482, -0.5306316614151001, 2.3531582355499268] [-1.06302011013031, -0.08134396374225616, 0.8988820314407349, 1.584663987159729, 0.15182404220104218]
[-0.12922358512878418, -0.0433320589363575, 0.49917906522750854, -1.0837502479553223, -0.5241944193840027, 2.3528668880462646] [-1.0706900358200073, -0.08134396374225616, 0.892746090888977, 1.5861979722976685, 0.12728004157543182]
[-0.12917540967464447, -0.042959973216056824, 0.4990479350090027, -1.101222038269043, -0.5193836688995361, 2.3480405807495117] [-1.0768260955810547, -0.08134396374225616, 0.8804740905761719, 1.5908000469207764, 0.09660004079341888]
[-0.12843507528305054, -0.041869234293699265, 0.498738557100296, -1.1404880285263062, -0.5112693905830383, 2.3336427211761475] [-1.0783600807189941, -0.08134396374225616, 0.8728040456771851, 1.5923340320587158, 0.07665804028511047]
[-0.1278885304927826, -0.04131561145186424, 0.49857601523399353, -1.1463401317596436, -0.5092141628265381, 2.3267836570739746] [-1.0783600807189941, -0.08134396374225616, 0.8697360754013062, 1.5908000469207764, 0.07512404024600983]
[-0.1279153823852539, -0.041258472949266434, 0.49859726428985596, -1.1463619470596313, -0.5090204477310181, 2.3267524242401123] [-1.0783600807189941, -0.08134396374225616, 0.8697360754013062, 1.5923340320587158, 0.07512404024600983]
[-0.12796635925769806, -0.04118865728378296, 0.49847760796546936, -1.145456314086914, -0.508320689201355, 2.3271164894104004] [-1.0783600807189941, -0.08134396374225616, 0.8697360754013062, 1.5923340320587158, 0.07512404024600983]
[-0.12791183590888977, -0.041224800050258636, 0.4984566867351532, -1.1457775831222534, -0.5085471868515015, 2.325160264968872] [-1.0783600807189941, -0.08134396374225616, 0.8666680455207825, 1.5923340320587158, 0.07512404024600983]
[-0.12751582264900208, -0.041032299399375916, 0.49847695231437683, -1.1443651914596558, -0.5083770751953125, 2.3231728076934814] [-1.0783600807189941, -0.08134396374225616, 0.8666680455207825, 1.5908000469207764, 0.07512404024600983]
[-0.1272660791873932, -0.04083462059497833, 0.49836888909339905, -1.141643762588501, -0.5079869627952576, 2.3214104175567627] [-1.0768260955810547, -0.07980996370315552, 0.865134060382843, 1.5908000469207764, 0.07512404024600983]
[-0.126825749874115, -0.04090232774615288, 0.4983759820461273, -1.1399389505386353, -0.5095899701118469, 2.3205795288085938] [-1.0752921104431152, -0.07980996370315552, 0.865134060382843, 1.5908000469207764, 0.07512404024600983]
[-0.1264963448047638, -0.041105158627033234, 0.49844077229499817, -1.140282154083252, -0.5111660361289978, 2.319897413253784] [-1.0752921104431152, -0.08134396374225616, 0.865134060382843, 1.5908000469207764, 0.07512404024600983]
[-0.12615928053855896, -0.04087910056114197, 0.49836939573287964, -1.1381584405899048, -0.5109045505523682, 2.3197388648986816] [-1.0752921104431152, -0.07980996370315552, 0.865134060382843, 1.5908000469207764, 0.07512404024600983]
[-0.12590773403644562, -0.04090195149183273, 0.4984636604785919, -1.1384038925170898, -0.5120554566383362, 2.3189921379089355] [-1.0752921104431152, -0.07980996370315552, 0.865134060382843, 1.5908000469207764, 0.07512404024600983]
[-0.12604336440563202, -0.04076996073126793, 0.49847039580345154, -1.1379523277282715, -0.5115413069725037, 2.320910930633545] [-1.0752921104431152, -0.07980996370315552, 0.8666680455207825, 1.5908000469207764, 0.07512404024600983]
[-0.12615962326526642, -0.04088383913040161, 0.4984511733055115, -1.1384665966033936, -0.5114984512329102, 2.321150302886963] [-1.0752921104431152, -0.08134396374225616, 0.8666680455207825, 1.5908000469207764, 0.07512404024600983]
[-0.12637567520141602, -0.040860481560230255, 0.49840980768203735, -1.1388691663742065, -0.5110745429992676, 2.321355104446411] [-1.0752921104431152, -0.07980996370315552, 0.8666680455207825, 1.5908000469207764, 0.07512404024600983]
[-0.1263664811849594, -0.04086332768201828, 0.4984341561794281, -1.1388556957244873, -0.5110280513763428, 2.3213703632354736] [-1.0752921104431152, -0.07980996370315552, 0.8666680455207825, 1.5908000469207764, 0.07512404024600983]
[-0.1263986974954605, -0.04097452014684677, 0.4984264671802521, -1.1392390727996826, -0.5111349821090698, 2.3216702938079834] [-1.0752921104431152, -0.07980996370315552, 0.8666680455207825, 1.5908000469207764, 0.07512404024600983]
[-0.1263192743062973, -0.04120723903179169, 0.49849432706832886, -1.1403387784957886, -0.512222409248352, 2.3214948177337646] [-1.0752921104431152, -0.07980996370315552, 0.8666680455207825, 1.5908000469207764, 0.07512404024600983]
[-0.12631727755069733, -0.04123222082853317, 0.4984930157661438, -1.1403545141220093, -0.5122912526130676, 2.3213565349578857] [-1.0752921104431152, -0.07980996370315552, 0.8666680455207825, 1.5908000469207764, 0.07512404024600983]
[-0.12610633671283722, -0.04124055430293083, 0.4984976351261139, -1.139066219329834, -0.5133571028709412, 2.320676326751709] [-1.0752921104431152, -0.07980996370315552, 0.8666680455207825, 1.5908000469207764, 0.07512404024600983]
[-0.12619748711585999, -0.04089062288403511, 0.4984673857688904, -1.1378840208053589, -0.5119603276252747, 2.3211472034454346] [-1.0752921104431152, -0.07980996370315552, 0.8666680455207825, 1.5908000469207764, 0.07512404024600983]
