[0.04215412214398384, -0.06406363099813461, 0.30384334921836853, 1.7480429410934448, 0.40430158376693726, 0.746863067150116] [0.05986796319484711, -0.2945699691772461, -0.34825998544692993, 1.032423973083496, 1.859166145324707, 0.9979999661445618, -1.3007900714874268, -1.299340009689331]
[0.04219427332282066, -0.06403928995132446, 0.3038688898086548, 1.7479093074798584, 0.4046037197113037, 0.7468724846839905] [0.05833396315574646, -0.2945699691772461, -0.34825998544692993, 1.032423973083496, 1.859166145324707, 0.9979999661445618, -1.3007900714874268, -1.299340009689331]
[0.04222991317510605, -0.06422951072454453, 0.30389633774757385, 1.7474344968795776, 0.4049185514450073, 0.7451779842376709] [0.05986796319484711, -0.2945699691772461, -0.34825998544692993, 1.032423973083496, 1.857632040977478, 0.9979999661445618, -1.3007900714874268, -1.299340009689331]
[0.04222762584686279, -0.06387722492218018, 0.3039464056491852, 1.747380256652832, 0.4052126109600067, 0.7467086911201477] [0.05986796319484711, -0.2945699691772461, -0.34825998544692993, 1.032423973083496, 1.859166145324707, 0.9979999661445618, -1.3007900714874268, -1.299340009689331]
[0.04209137335419655, -0.06386023014783859, 0.30388009548187256, 1.7484955787658691, 0.4049503207206726, 0.748492956161499] [0.05986796319484711, -0.29610395431518555, -0.3497939705848694, 1.032423973083496, 1.857632040977478, 0.9979999661445618, -1.3007900714874268, -1.299340009689331]
[0.042030204087495804, -0.06433163583278656, 0.3035374879837036, 1.7468842267990112, 0.4073309898376465, 0.7467812299728394] [0.05986796319484711, -0.2945699691772461, -0.3528619706630707, 1.0339579582214355, 1.859166145324707, 0.9979999661445618, -1.3007900714874268, -1.3008739948272705]
[0.041929759085178375, -0.06453932821750641, 0.3029317855834961, 1.7437609434127808, 0.4126726984977722, 0.7464043498039246] [0.05833396315574646, -0.29610395431518555, -0.35899797081947327, 1.0339579582214355, 1.859166145324707, 0.9979999661445618, -1.3007900714874268, -1.299340009689331]
[0.041988082230091095, -0.06459219008684158, 0.3030306398868561, 1.7418408393859863, 0.4128548204898834, 0.7458360195159912] [0.05833396315574646, -0.29610395431518555, -0.3605319857597351, 1.032423973083496, 1.857632040977478, 0.9979999661445618, -1.3007900714874268, -1.3008739948272705]
[0.04245339706540108, -0.0660608634352684, 0.30353662371635437, 1.7371529340744019, 0.4111107289791107, 0.736511766910553] [0.05373196303844452, -0.3053079843521118, -0.3605319857597351, 1.0339579582214355, 1.857632040977478, 0.9979999661445618, -1.2977221012115479, -1.299340009689331]
[0.043027229607105255, -0.06640904396772385, 0.30534109473228455, 1.729509949684143, 0.4037231206893921, 0.7292654514312744] [0.046061962842941284, -0.30684196949005127, -0.35899797081947327, 1.032423973083496, 1.859166145324707, 0.9979999661445618, -1.2977221012115479, -1.299340009689331]
[0.04293323680758476, -0.06650083512067795, 0.3058150112628937, 1.7279953956604004, 0.40189918875694275, 0.7290483713150024] [0.04452796280384064, -0.30990996956825256, -0.35899797081947327, 1.032423973083496, 1.859166145324707, 0.9979999661445618, -1.2977221012115479, -1.299340009689331]
[0.043562669306993484, -0.06684376299381256, 0.30754125118255615, 1.720045566558838, 0.3940148651599884, 0.7233375906944275] [0.03378996253013611, -0.30990996956825256, -0.35899797081947327, 1.032423973083496, 1.859166145324707, 0.9979999661445618, -1.2977221012115479, -1.299340009689331]
[0.04460463672876358, -0.06689827144145966, 0.31121429800987244, 1.704386591911316, 0.37751901149749756, 0.7172675728797913] [0.006177961826324463, -0.30990996956825256, -0.35899797081947327, 1.032423973083496, 1.859166145324707, 0.9979999661445618, -1.2977221012115479, -1.3008739948272705]
[0.04598340392112732, -0.06683701276779175, 0.31662222743034363, 1.6831670999526978, 0.35263362526893616, 0.7095562815666199] [-0.02757003903388977, -0.3114439845085144, -0.3574639558792114, 1.032423973083496, 1.859166145324707, 0.9979999661445618, -1.2961881160736084, -1.299340009689331]
[0.047524213790893555, -0.06725884974002838, 0.32261696457862854, 1.6615104675292969, 0.324663907289505, 0.6989042162895203] [-0.05364803969860077, -0.3145119547843933, -0.3543959856033325, 1.032423973083496, 1.859166145324707, 0.9979999661445618, -1.2961881160736084, -1.3008739948272705]
[0.048581935465335846, -0.06753139197826385, 0.32647886872291565, 1.646532654762268, 0.3074006736278534, 0.6927294135093689] [-0.07819204032421112, -0.3145119547843933, -0.3543959856033325, 1.032423973083496, 1.859166145324707, 0.9979999661445618, -1.2961881160736084, -1.299340009689331]
[0.049143508076667786, -0.06754385679960251, 0.3294215798377991, 1.6351321935653687, 0.2942158579826355, 0.6893980503082275] [-0.09353204071521759, -0.3145119547843933, -0.3543959856033325, 1.032423973083496, 1.859166145324707, 0.9979999661445618, -1.2977221012115479, -1.299340009689331]
[0.04980902746319771, -0.06762851029634476, 0.3336438834667206, 1.619077205657959, 0.27453356981277466, 0.6849312782287598] [-0.11807604134082794, -0.3145119547843933, -0.3543959856033325, 1.032423973083496, 1.859166145324707, 0.9979999661445618, -1.2961881160736084, -1.299340009689331]
[0.050437238067388535, -0.06761457026004791, 0.3373355269432068, 1.6061601638793945, 0.2575683295726776, 0.6799154877662659] [-0.1426200419664383, -0.31604596972465515, -0.3528619706630707, 1.0308899879455566, 1.859166145324707, 0.9979999661445618, -1.2961881160736084, -1.299340009689331]
[0.051175061613321304, -0.06795912981033325, 0.3417583107948303, 1.5899364948272705, 0.237494096159935, 0.674383282661438] [-0.165630042552948, -0.31604596972465515, -0.3528619706630707, 1.032423973083496, 1.859166145324707, 0.9979999661445618, -1.2961881160736084, -1.299340009689331]
[0.051348816603422165, -0.06791946291923523, 0.3454348146915436, 1.5765684843063354, 0.22090347111225128, 0.6723722815513611] [-0.1886400431394577, -0.31604596972465515, -0.3528619706630707, 1.032423973083496, 1.859166145324707, 0.9979999661445618, -1.2961881160736084, -1.3008739948272705]
[0.05168771371245384, -0.06801787763834, 0.3490513563156128, 1.5632752180099487, 0.20417983829975128, 0.6685459613800049] [-0.2085820436477661, -0.31604596972465515, -0.35132795572280884, 1.0308899879455566, 1.857632040977478, 0.9979999661445618, -1.2977221012115479, -1.299340009689331]
[0.052127182483673096, -0.06803181022405624, 0.35355085134506226, 1.5483219623565674, 0.18356899917125702, 0.6653776168823242] [-0.23159204423427582, -0.31604596972465515, -0.35132795572280884, 1.0308899879455566, 1.857632040977478, 0.9979999661445618, -1.2977221012115479, -1.3008739948272705]
[0.0522770881652832, -0.06788787245750427, 0.35789287090301514, 1.5353974103927612, 0.16336548328399658, 0.6633387804031372] [-0.2546020448207855, -0.31604596972465515, -0.34825998544692993, 1.0293560028076172, 1.859166145324707, 0.9983999729156494, -1.2977221012115479, -1.3008739948272705]
[0.05237065255641937, -0.0678960531949997, 0.3626551330089569, 1.519620656967163, 0.14101848006248474, 0.65980464220047] [-0.2806800603866577, -0.31604596972465515, -0.3467259705066681, 1.0308899879455566, 1.859166145324707, 0.9979999661445618, -1.2977221012115479, -1.3008739948272705]
[0.05225934833288193, -0.06816410273313522, 0.3679191768169403, 1.5027203559875488, 0.11636801809072495, 0.6563664674758911] [-0.3098260462284088, -0.31604596972465515, -0.34212398529052734, 1.0308899879455566, 1.857632040977478, 0.9979999661445618, -1.2977221012115479, -1.3008739948272705]
[0.052041251212358475, -0.06861255317926407, 0.37262850999832153, 1.4923697710037231, 0.09254826605319977, 0.652291476726532] [-0.33743804693222046, -0.3237159848213196, -0.3375219702720642, 1.0293560028076172, 1.857632040977478, 0.9979999661445618, -1.2977221012115479, -1.3008739948272705]
[0.05207201838493347, -0.07092072814702988, 0.3780619204044342, 1.4810729026794434, 0.06457880884408951, 0.64017653465271] [-0.3650500476360321, -0.3405899703502655, -0.3344539701938629, 1.0308899879455566, 1.859166145324707, 0.9983999729156494, -1.2977221012115479, -1.3008739948272705]
[0.0518985353410244, -0.07304494827985764, 0.38279831409454346, 1.4695402383804321, 0.04028019309043884, 0.6281399130821228] [-0.3880600333213806, -0.3497939705848694, -0.32985198497772217, 1.0293560028076172, 1.857632040977478, 0.9983999729156494, -1.2977221012115479, -1.3008739948272705]
[0.05117826536297798, -0.07348630577325821, 0.38858768343925476, 1.454811453819275, 0.01132400892674923, 0.6260555386543274] [-0.41874003410339355, -0.35132795572280884, -0.3267839550971985, 1.0293560028076172, 1.857632040977478, 0.9979999661445618, -1.2977221012115479, -1.3008739948272705]
[0.050654347985982895, -0.07347183674573898, 0.3928074240684509, 1.4420254230499268, -0.008774271234869957, 0.6250718235969543] [-0.4524880647659302, -0.3497939705848694, -0.3237159848213196, 1.0308899879455566, 1.857632040977478, 0.9979999661445618, -1.2977221012115479, -1.3008739948272705]
[0.04905516654253006, -0.07346465438604355, 0.4004705846309662, 1.4184867143630981, -0.04600149393081665, 0.6264356374740601] [-0.48470205068588257, -0.35132795572280884, -0.3237159848213196, 1.0308899879455566, 1.859166145324707, 0.9979999661445618, -1.2977221012115479, -1.3008739948272705]
[0.04790131747722626, -0.07344084978103638, 0.40532535314559937, 1.4030802249908447, -0.0694974735379219, 0.627798318862915] [-0.516916036605835, -0.3497939705848694, -0.32218196988105774, 1.0308899879455566, 1.859166145324707, 0.9979999661445618, -1.2977221012115479, -1.3008739948272705]
[0.046490103006362915, -0.07319462299346924, 0.4099941551685333, 1.3861039876937866, -0.09163901954889297, 0.6304181218147278] [-0.5491300821304321, -0.35132795572280884, -0.32218196988105774, 1.0293560028076172, 1.857632040977478, 0.9979999661445618, -1.2977221012115479, -1.3008739948272705]
[0.044157642871141434, -0.07324839383363724, 0.4172455966472626, 1.360490083694458, -0.12691040337085724, 0.6332878470420837] [-0.5844120383262634, -0.3497939705848694, -0.31911396980285645, 1.0293560028076172, 1.857632040977478, 0.9979999661445618, -1.2977221012115479, -1.3008739948272705]
[0.0414414182305336, -0.07330594956874847, 0.42466989159584045, 1.3389077186584473, -0.1652294099330902, 0.6377294659614563] [-0.6365680694580078, -0.35132795572280884, -0.31297796964645386, 1.0293560028076172, 1.857632040977478, 0.9979999661445618, -1.2977221012115479, -1.3008739948272705]
[0.03874566778540611, -0.0729147344827652, 0.43141841888427734, 1.3189035654067993, -0.20045743882656097, 0.6460415720939636] [-0.6718500852584839, -0.3497939705848694, -0.3053079843521118, 1.0293560028076172, 1.857632040977478, 0.9979999661445618, -1.2977221012115479, -1.3008739948272705]
[0.03481242433190346, -0.07298100739717484, 0.43924203515052795, 1.2905261516571045, -0.241289883852005, 0.653538703918457] [-0.7148020267486572, -0.3497939705848694, -0.30377396941185, 1.0293560028076172, 1.857632040977478, 0.9979999661445618, -1.2977221012115479, -1.3008739948272705]
[0.031058434396982193, -0.07291623204946518, 0.4469495117664337, 1.2629421949386597, -0.2814459204673767, 0.6630270481109619] [-0.7669580578804016, -0.3497939705848694, -0.2976379692554474, 1.0293560028076172, 1.857632040977478, 0.9979999661445618, -1.2977221012115479, -1.3008739948272705]
[0.026076190173625946, -0.072459876537323, 0.45527374744415283, 1.232759714126587, -0.3268832862377167, 0.6785339713096619] [-0.8160460591316223, -0.34825998544692993, -0.28689998388290405, 1.0293560028076172, 1.859166145324707, 0.9979999661445618, -1.2977221012115479, -1.3008739948272705]
[0.02021014876663685, -0.07209505140781403, 0.463927686214447, 1.2044639587402344, -0.3775569796562195, 0.6987930536270142] [-0.8620660305023193, -0.34825998544692993, -0.2715599536895752, 1.0308899879455566, 1.857632040977478, 0.9983999729156494, -1.2992560863494873, -1.299340009689331]
[0.01516763586550951, -0.07119521498680115, 0.47032445669174194, 1.1743087768554688, -0.41267135739326477, 0.7186313271522522] [-0.9050180912017822, -0.34212398529052734, -0.26388996839523315, 1.0308899879455566, 1.857632040977478, 0.9979999661445618, -1.2992560863494873, -1.3008739948272705]
[0.010312726721167564, -0.06985285878181458, 0.47584763169288635, 1.1419740915298462, -0.4417158365249634, 0.7402238845825195] [-0.9433680772781372, -0.3344539701938629, -0.26082196831703186, 1.0308899879455566, 1.857632040977478, 0.9983999729156494, -1.2992560863494873, -1.3008739948272705]
[0.004945668857544661, -0.06689012050628662, 0.4802399277687073, 1.1006133556365967, -0.45955944061279297, 0.773330569267273] [-0.9893880486488342, -0.3237159848213196, -0.26082196831703186, 1.0462299585342407, 1.857632040977478, 0.9979999661445618, -1.2992560863494873, -1.299340009689331]
[-0.01619960367679596, -0.06063754856586456, 0.497134268283844, 0.9477240443229675, -0.543786346912384, 0.8762975335121155] [-1.1412540674209595, -0.2884339690208435, -0.2500839829444885, 1.0477639436721802, 1.857632040977478, 0.9979999661445618, -1.2992560863494873, -1.299340009689331]
[-0.023572707548737526, -0.056793492287397385, 0.5007778406143188, 0.8932459354400635, -0.5571539998054504, 0.9217934608459473] [-1.181138038635254, -0.2684919834136963, -0.2454819679260254, 1.0508320331573486, 1.857632040977478, 0.9979999661445618, -1.2992560863494873, -1.299340009689331]
[-0.0277708750218153, -0.05301214009523392, 0.5026983022689819, 0.8538699746131897, -0.5586413145065308, 0.953432559967041] [-1.2087500095367432, -0.2424139678478241, -0.24394796788692474, 1.052366018295288, 1.8560980558395386, 0.9979999661445618, -1.2992560863494873, -1.299340009689331]
[-0.031332142651081085, -0.04877101629972458, 0.5033886432647705, 0.8191834092140198, -0.5511824488639832, 0.9842048287391663] [-1.2256240844726562, -0.2194039672613144, -0.24394796788692474, 1.052366018295288, 1.857632040977478, 0.9979999661445618, -1.2992560863494873, -1.299340009689331]
[-0.03287576884031296, -0.046380508691072464, 0.5034151673316956, 0.8018978834152222, -0.54426509141922, 0.9995945692062378] [-1.236362099647522, -0.20406396687030792, -0.24394796788692474, 1.0539000034332275, 1.8560980558395386, 0.9979999661445618, -1.2992560863494873, -1.299340009689331]
[-0.03373171016573906, -0.043385133147239685, 0.5024415254592896, 0.7893781661987305, -0.5297010540962219, 1.0142816305160522] [-1.236362099647522, -0.19179196655750275, -0.24394796788692474, 1.0569679737091064, 1.857632040977478, 0.9979999661445618, -1.2992560863494873, -1.3008739948272705]
[-0.033857882022857666, -0.043128710240125656, 0.5023574233055115, 0.7883195281028748, -0.5286114811897278, 1.0154443979263306] [-1.236362099647522, -0.19179196655750275, -0.2424139678478241, 1.0569679737091064, 1.8560980558395386, 0.9979999661445618, -1.2992560863494873, -1.299340009689331]
[-0.034033164381980896, -0.042902622371912, 0.5021488070487976, 0.7876351475715637, -0.526583194732666, 1.0185126066207886] [-1.236362099647522, -0.19179196655750275, -0.2424139678478241, 1.0600359439849854, 1.8560980558395386, 0.9983999729156494, -1.2992560863494873, -1.299340009689331]
[-0.03397991880774498, -0.04315556213259697, 0.5022379755973816, 0.7884764075279236, -0.5277783274650574, 1.0174610614776611] [-1.236362099647522, -0.19179196655750275, -0.2424139678478241, 1.0600359439849854, 1.8560980558395386, 0.9979999661445618, -1.2992560863494873, -1.299340009689331]
[-0.03416534513235092, -0.04290678724646568, 0.5022849440574646, 0.7863256335258484, -0.527290403842926, 1.0191642045974731] [-1.236362099647522, -0.19179196655750275, -0.24087996780872345, 1.0600359439849854, 1.8560980558395386, 0.9979999661445618, -1.2992560863494873, -1.299340009689331]
[-0.033720243722200394, -0.04316643625497818, 0.502233624458313, 0.7891595959663391, -0.5274468660354614, 1.0171171426773071] [-1.236362099647522, -0.1933259665966034, -0.24087996780872345, 1.0600359439849854, 1.8560980558395386, 0.9979999661445618, -1.2992560863494873, -1.299340009689331]
[-0.03376542404294014, -0.04291383549571037, 0.5021671652793884, 0.788213312625885, -0.5263031721115112, 1.0182220935821533] [-1.2378960847854614, -0.1933259665966034, -0.24087996780872345, 1.0600359439849854, 1.8560980558395386, 0.9979999661445618, -1.2992560863494873, -1.299340009689331]
[-0.03372359275817871, -0.04316629096865654, 0.5022367238998413, 0.7891340255737305, -0.5274593234062195, 1.0171300172805786] [-1.236362099647522, -0.1933259665966034, -0.2424139678478241, 1.0600359439849854, 1.8560980558395386, 0.9979999661445618, -1.2992560863494873, -1.299340009689331]
[-0.03346797451376915, -0.04292629286646843, 0.5021650195121765, 0.7889795303344727, -0.5259317755699158, 1.0178372859954834] [-1.236362099647522, -0.19179196655750275, -0.24087996780872345, 1.0600359439849854, 1.8560980558395386, 0.9979999661445618, -1.2992560863494873, -1.299340009689331]
[-0.034107986837625504, -0.04313282296061516, 0.5024493932723999, 0.7875867486000061, -0.5290026068687439, 1.0192748308181763] [-1.236362099647522, -0.19179196655750275, -0.2424139678478241, 1.0600359439849854, 1.857632040977478, 0.9979999661445618, -1.2992560863494873, -1.299340009689331]
[-0.03387490659952164, -0.04317512363195419, 0.502295970916748, 0.7892683744430542, -0.5282590389251709, 1.0184173583984375] [-1.2378960847854614, -0.1933259665966034, -0.24087996780872345, 1.0600359439849854, 1.8560980558395386, 0.9979999661445618, -1.2992560863494873, -1.3008739948272705]
[-0.03379857912659645, -0.04305149242281914, 0.5021879076957703, 0.7889873385429382, -0.5267501473426819, 1.0192478895187378] [-1.236362099647522, -0.1933259665966034, -0.24087996780872345, 1.0600359439849854, 1.857632040977478, 0.9979999661445618, -1.2992560863494873, -1.299340009689331]
[-0.033628761768341064, -0.042896099388599396, 0.5022420883178711, 0.7889941930770874, -0.5266597270965576, 1.019200086593628] [-1.236362099647522, -0.1933259665966034, -0.24087996780872345, 1.0600359439849854, 1.8560980558395386, 0.9979999661445618, -1.2992560863494873, -1.3008739948272705]
