[0.04387796297669411, -0.12840305268764496, 0.3036995828151703, 1.6493664979934692, 0.2082030028104782, 0.32627037167549133] [0.4019499719142914, -0.6596620082855225, 0.3021560311317444, 1.0109479427337646, 1.325334072113037, 0.9979999661445618, -1.2992560863494873, -1.299340009689331]
[0.04392394796013832, -0.1283913403749466, 0.30404719710350037, 1.648641586303711, 0.20634013414382935, 0.32613974809646606] [0.4019499719142914, -0.6596620082855225, 0.30062204599380493, 1.0109479427337646, 1.325334072113037, 0.9979999661445618, -1.2977221012115479, -1.2978060245513916]
[0.04367050901055336, -0.12824676930904388, 0.3035416305065155, 1.646492838859558, 0.2110355645418167, 0.3274555504322052] [0.4019499719142914, -0.6596620082855225, 0.29448604583740234, 1.0109479427337646, 1.325334072113037, 0.9979999661445618, -1.294654130935669, -1.2978060245513916]
[0.04334649816155434, -0.12787498533725739, 0.3034442961215973, 1.6445188522338867, 0.2124178260564804, 0.3302921950817108] [0.4019499719142914, -0.6596620082855225, 0.29141804575920105, 1.0109479427337646, 1.325334072113037, 0.9979999661445618, -1.294654130935669, -1.299340009689331]
[0.0435260646045208, -0.128046914935112, 0.30375319719314575, 1.6426360607147217, 0.2120523303747177, 0.3295975923538208] [0.4019499719142914, -0.6596620082855225, 0.29141804575920105, 1.0109479427337646, 1.325334072113037, 0.9979999661445618, -1.294654130935669, -1.299340009689331]
[0.043322429060935974, -0.1279863864183426, 0.30359554290771484, 1.6425185203552246, 0.21335271000862122, 0.3295242190361023] [0.40041595697402954, -0.6596620082855225, 0.29141804575920105, 1.0109479427337646, 1.325334072113037, 0.9979999661445618, -1.294654130935669, -1.2978060245513916]
[0.04331940412521362, -0.12801223993301392, 0.3036290109157562, 1.6423660516738892, 0.21353988349437714, 0.32921716570854187] [0.40041595697402954, -0.6596620082855225, 0.29141804575920105, 1.0109479427337646, 1.325334072113037, 0.9983999729156494, -1.294654130935669, -1.2978060245513916]
[0.04326067864894867, -0.12798462808132172, 0.3035273253917694, 1.6417282819747925, 0.21422120928764343, 0.3299191892147064] [0.4019499719142914, -0.6596620082855225, 0.29141804575920105, 1.0109479427337646, 1.325334072113037, 0.9979999661445618, -1.294654130935669, -1.299340009689331]
[0.043243732303380966, -0.12803375720977783, 0.30370548367500305, 1.6423685550689697, 0.2125893533229828, 0.3295782804489136] [0.40041595697402954, -0.6596620082855225, 0.29141804575920105, 1.0109479427337646, 1.325334072113037, 0.9979999661445618, -1.294654130935669, -1.299340009689331]
[0.04334699735045433, -0.12803655862808228, 0.3036280870437622, 1.6425338983535767, 0.21327272057533264, 0.32954075932502747] [0.40041595697402954, -0.6596620082855225, 0.29141804575920105, 1.0109479427337646, 1.3268680572509766, 0.9979999661445618, -1.294654130935669, -1.299340009689331]
[0.043636176735162735, -0.12803024053573608, 0.30374860763549805, 1.6425048112869263, 0.2127181440591812, 0.32966434955596924] [0.40041595697402954, -0.6581279635429382, 0.29141804575920105, 1.0109479427337646, 1.325334072113037, 0.9979999661445618, -1.2961881160736084, -1.299340009689331]
[0.04346313700079918, -0.12804745137691498, 0.3034534156322479, 1.643000602722168, 0.21393434703350067, 0.32981550693511963] [0.40041595697402954, -0.6596620082855225, 0.29141804575920105, 1.0109479427337646, 1.325334072113037, 0.9979999661445618, -1.2961881160736084, -1.299340009689331]
[0.04344750568270683, -0.1279352605342865, 0.3035295903682709, 1.6425998210906982, 0.213766947388649, 0.3299228549003601] [0.4019499719142914, -0.6596620082855225, 0.2898840308189392, 1.0109479427337646, 1.325334072113037, 0.9979999661445618, -1.2961881160736084, -1.299340009689331]
[0.043442774564027786, -0.12785878777503967, 0.3034038841724396, 1.6417821645736694, 0.2151164412498474, 0.3303966820240021] [0.4019499719142914, -0.6581279635429382, 0.2898840308189392, 1.012481927871704, 1.325334072113037, 0.9979999661445618, -1.2961881160736084, -1.299340009689331]
[0.043176937848329544, -0.126997172832489, 0.3039162755012512, 1.6436492204666138, 0.21066105365753174, 0.33929571509361267] [0.40041595697402954, -0.6596620082855225, 0.2868160605430603, 1.032423973083496, 1.325334072113037, 0.9983999729156494, -1.2961881160736084, -1.299340009689331]
[0.04265192523598671, -0.12483029067516327, 0.3038423955440521, 1.6470550298690796, 0.21005603671073914, 0.3568311929702759] [0.40041595697402954, -0.6535259485244751, 0.2868160605430603, 1.032423973083496, 1.325334072113037, 0.9979999661445618, -1.2961881160736084, -1.2978060245513916]
[0.042954228818416595, -0.12378407269716263, 0.3039746582508087, 1.6503198146820068, 0.20742575824260712, 0.364388644695282] [0.40041595697402954, -0.6443219780921936, 0.2868160605430603, 1.0339579582214355, 1.325334072113037, 0.9983999729156494, -1.2961881160736084, -1.299340009689331]
[0.04291626811027527, -0.12172041833400726, 0.304212361574173, 1.6546543836593628, 0.20406755805015564, 0.378150075674057] [0.40041595697402954, -0.6397199630737305, 0.28528204560279846, 1.0416280031204224, 1.3238000869750977, 0.9979999661445618, -1.2961881160736084, -1.2978060245513916]
[0.04288996011018753, -0.1213102787733078, 0.30399850010871887, 1.6537102460861206, 0.20516447722911835, 0.38138243556022644] [0.40041595697402954, -0.6397199630737305, 0.2837480306625366, 1.0416280031204224, 1.3238000869750977, 0.9979999661445618, -1.2961881160736084, -1.299340009689331]
[0.042638592422008514, -0.12109123915433884, 0.3039419651031494, 1.6553303003311157, 0.20517103374004364, 0.38462933897972107] [0.40041595697402954, -0.6397199630737305, 0.2837480306625366, 1.0508320331573486, 1.3238000869750977, 0.9979999661445618, -1.2961881160736084, -1.2978060245513916]
[0.04209713265299797, -0.11992382258176804, 0.3043656051158905, 1.6563029289245605, 0.20132414996623993, 0.39642372727394104] [0.40041595697402954, -0.6397199630737305, 0.2837480306625366, 1.070773959159851, 1.3238000869750977, 0.9979999661445618, -1.2961881160736084, -1.2978060245513916]
[0.04095416143536568, -0.11781077831983566, 0.3050514757633209, 1.6606537103652954, 0.19441652297973633, 0.41918042302131653] [0.40041595697402954, -0.6397199630737305, 0.28221404552459717, 1.0891820192337036, 1.3238000869750977, 0.9979999661445618, -1.2961881160736084, -1.2978060245513916]
[0.040267594158649445, -0.1160898506641388, 0.3057057559490204, 1.6636404991149902, 0.18972383439540863, 0.43547359108924866] [0.40041595697402954, -0.6397199630737305, 0.28221404552459717, 1.1121920347213745, 1.3238000869750977, 0.9979999661445618, -1.2961881160736084, -1.2978060245513916]
[0.038444556295871735, -0.11275213956832886, 0.30702972412109375, 1.669255256652832, 0.17849528789520264, 0.47009700536727905] [0.40041595697402954, -0.6397199630737305, 0.2806800603866577, 1.1413379907608032, 1.3238000869750977, 0.9979999661445618, -1.2961881160736084, -1.2978060245513916]
[0.036909304559230804, -0.11003897339105606, 0.307547003030777, 1.672908902168274, 0.17318053543567657, 0.4979555606842041] [0.40041595697402954, -0.6397199630737305, 0.2730100452899933, 1.170483946800232, 1.3238000869750977, 0.9979999661445618, -1.2961881160736084, -1.2978060245513916]
[0.034602779895067215, -0.10698369145393372, 0.30768057703971863, 1.669919490814209, 0.17298534512519836, 0.531403124332428] [0.40041595697402954, -0.638185977935791, 0.2576700448989868, 1.202697992324829, 1.3191981315612793, 0.9979999661445618, -1.2961881160736084, -1.2962720394134521]
[0.032519664615392685, -0.10428845137357712, 0.30707815289497375, 1.6660085916519165, 0.17724665999412537, 0.5629453063011169] [0.40041595697402954, -0.638185977935791, 0.2377280443906784, 1.2395139932632446, 1.3161300420761108, 0.9979999661445618, -1.2961881160736084, -1.2962720394134521]
[0.02981470339000225, -0.10132341086864471, 0.30663228034973145, 1.666338562965393, 0.18095162510871887, 0.5977728962898254] [0.40041595697402954, -0.6397199630737305, 0.22699004411697388, 1.2579219341278076, 1.3161300420761108, 0.9979999661445618, -1.294654130935669, -1.2978060245513916]
[0.027438068762421608, -0.09820953756570816, 0.30658048391342163, 1.667699933052063, 0.18250592052936554, 0.6293063163757324] [0.40041595697402954, -0.6397199630737305, 0.21625204384326935, 1.2901359796524048, 1.3161300420761108, 0.9979999661445618, -1.2961881160736084, -1.2962720394134521]
[0.024191943928599358, -0.09427317976951599, 0.3066850006580353, 1.6682223081588745, 0.185257688164711, 0.66709965467453] [0.40041595697402954, -0.638185977935791, 0.19937804341316223, 1.3269519805908203, 1.3161300420761108, 0.9979999661445618, -1.2961881160736084, -1.2962720394134521]
[0.021458489820361137, -0.09139434248209, 0.30674707889556885, 1.6707165241241455, 0.18623510003089905, 0.7002779245376587] [0.40041595697402954, -0.638185977935791, 0.19017404317855835, 1.3591660261154175, 1.3161300420761108, 0.9979999661445618, -1.2961881160736084, -1.2962720394134521]
[0.018314749002456665, -0.08838741481304169, 0.3073033392429352, 1.6757289171218872, 0.18167057633399963, 0.7384490966796875] [0.40041595697402954, -0.638185977935791, 0.17636804282665253, 1.4036519527435303, 1.3161300420761108, 0.9979999661445618, -1.2961881160736084, -1.2962720394134521]
[0.013373260386288166, -0.08413504809141159, 0.3080039620399475, 1.6835886240005493, 0.17611633241176605, 0.796330451965332] [0.40041595697402954, -0.638185977935791, 0.1625620424747467, 1.4404679536819458, 1.3161300420761108, 0.9979999661445618, -1.2961881160736084, -1.2962720394134521]
[0.011970835737884045, -0.08298756182193756, 0.30787140130996704, 1.6839587688446045, 0.1788107305765152, 0.8125267624855042] [0.40041595697402954, -0.638185977935791, 0.15489204227924347, 1.4650119543075562, 1.3161300420761108, 0.9979999661445618, -1.2961881160736084, -1.2962720394134521]
[0.009714359417557716, -0.08145688474178314, 0.30765625834465027, 1.6871769428253174, 0.18069693446159363, 0.8368058204650879] [0.40041595697402954, -0.638185977935791, 0.1426200419664383, 1.4742159843444824, 1.3161300420761108, 0.9979999661445618, -1.2977221012115479, -1.2962720394134521]
[0.008954064920544624, -0.08095624297857285, 0.3070678114891052, 1.6868412494659424, 0.1860075294971466, 0.8455237150192261] [0.3988819718360901, -0.638185977935791, 0.13801804184913635, 1.4788179397583008, 1.3161300420761108, 0.9979999661445618, -1.2977221012115479, -1.2962720394134521]
[0.008022753521800041, -0.08032284677028656, 0.3069511651992798, 1.6901994943618774, 0.18699511885643005, 0.8559938669204712] [0.3988819718360901, -0.638185977935791, 0.13495004177093506, 1.492624044418335, 1.3145960569381714, 0.9979999661445618, -1.2977221012115479, -1.2947380542755127]
[0.005672132130712271, -0.07814504206180573, 0.30790960788726807, 1.6896589994430542, 0.17817813158035278, 0.8844423294067383] [0.39734798669815063, -0.6351180076599121, 0.13188204169273376, 1.5187020301818848, 1.3084601163864136, 0.9979999661445618, -1.2977221012115479, -1.2947380542755127]
[0.0029115621000528336, -0.07540486752986908, 0.3097904622554779, 1.6834033727645874, 0.16428358852863312, 0.9215335845947266] [0.3866099715232849, -0.630515992641449, 0.12574604153633118, 1.5631879568099976, 1.3053920269012451, 0.9979999661445618, -1.2992560863494873, -1.2947380542755127]
[0.0031790025532245636, -0.07538355141878128, 0.31040820479393005, 1.678544521331787, 0.16216060519218445, 0.9213243126869202] [0.3804739713668823, -0.630515992641449, 0.12421204149723053, 1.5723919868469238, 1.3053920269012451, 0.9983999729156494, -1.2992560863494873, -1.2947380542755127]
[0.003461685264483094, -0.07539089769124985, 0.3109753429889679, 1.6739864349365234, 0.1600629836320877, 0.9211527109146118] [0.3728039860725403, -0.630515992641449, 0.12267804145812988, 1.584663987159729, 1.3053920269012451, 0.9979999661445618, -1.3007900714874268, -1.2947380542755127]
[0.003768237540498376, -0.07535835355520248, 0.3117232024669647, 1.6680328845977783, 0.1570919007062912, 0.9207582473754883] [0.3666679859161377, -0.6289819478988647, 0.12114404141902924, 1.587731957435608, 1.3053920269012451, 0.9979999661445618, -1.3007900714874268, -1.2947380542755127]
[0.004203990567475557, -0.07350600510835648, 0.31378626823425293, 1.659311294555664, 0.14308351278305054, 0.9319007992744446] [0.3497939705848694, -0.6121079921722412, 0.12114404141902924, 1.587731957435608, 1.3053920269012451, 0.9979999661445618, -1.3007900714874268, -1.2947380542755127]
[0.004618035163730383, -0.0714397057890892, 0.3160829544067383, 1.649410367012024, 0.1279372125864029, 0.9444953203201294] [0.3283179700374603, -0.5906319618225098, 0.12114404141902924, 1.587731957435608, 1.3053920269012451, 0.9979999661445618, -1.3007900714874268, -1.2947380542755127]
[0.00495758606120944, -0.06834901869297028, 0.3188827335834503, 1.6385712623596191, 0.10900372266769409, 0.9642879962921143] [0.3053079843521118, -0.5676219463348389, 0.12114404141902924, 1.587731957435608, 1.3053920269012451, 0.9979999661445618, -1.3007900714874268, -1.2947380542755127]
[0.0053847781382501125, -0.06465815752744675, 0.3231867551803589, 1.618698000907898, 0.08305257558822632, 0.9879376888275146] [0.27616196870803833, -0.5430779457092285, 0.11961004137992859, 1.587731957435608, 1.3053920269012451, 0.9979999661445618, -1.3007900714874268, -1.2947380542755127]
[0.005953623913228512, -0.06155489757657051, 0.32820338010787964, 1.5907286405563354, 0.057218533009290695, 1.0080069303512573] [0.2424139678478241, -0.526203989982605, 0.11961004137992859, 1.587731957435608, 1.3053920269012451, 0.9979999661445618, -1.3007900714874268, -1.2947380542755127]
[0.006539288908243179, -0.06052122265100479, 0.3318660259246826, 1.5685389041900635, 0.04057594761252403, 1.014187216758728] [0.2101999670267105, -0.5200679898262024, 0.11961004137992859, 1.587731957435608, 1.3053920269012451, 0.9979999661445618, -1.2992560863494873, -1.2947380542755127]
[0.007576923351734877, -0.060061369091272354, 0.33706605434417725, 1.5352585315704346, 0.01913309469819069, 1.0161161422729492] [0.17338396608829498, -0.5139319896697998, 0.11961004137992859, 1.587731957435608, 1.3053920269012451, 0.9983999729156494, -1.3007900714874268, -1.2962720394134521]
[0.008140654303133488, -0.05927048623561859, 0.34107688069343567, 1.5091078281402588, 0.002600628649815917, 1.0220763683319092] [0.13656796514987946, -0.5031939744949341, 0.11961004137992859, 1.587731957435608, 1.3053920269012451, 0.9979999661445618, -1.3007900714874268, -1.2962720394134521]
[0.008386386558413506, -0.05732021853327751, 0.34742212295532227, 1.4714112281799316, -0.02556939423084259, 1.0371900796890259] [0.0890139639377594, -0.48938798904418945, 0.11961004137992859, 1.587731957435608, 1.3053920269012451, 0.9979999661445618, -1.3007900714874268, -1.2962720394134521]
[0.008295580744743347, -0.055756404995918274, 0.351930171251297, 1.4449430704116821, -0.04445189610123634, 1.050228476524353] [0.05679996311664581, -0.4771159887313843, 0.11961004137992859, 1.587731957435608, 1.3053920269012451, 0.9979999661445618, -1.3007900714874268, -1.2962720394134521]
[0.00803874246776104, -0.053699009120464325, 0.3596302270889282, 1.3951117992401123, -0.07432377338409424, 1.0683733224868774] [4.1961669921875e-05, -0.467911958694458, 0.11807604134082794, 1.587731957435608, 1.3069260120391846, 0.9979999661445618, -1.3007900714874268, -1.2962720394134521]
[0.007958956062793732, -0.05359471216797829, 0.3652477264404297, 1.3570125102996826, -0.094687320291996, 1.0715773105621338] [-0.04137603938579559, -0.467911958694458, 0.11807604134082794, 1.587731957435608, 1.3161300420761108, 0.9979999661445618, -1.3007900714874268, -1.2978060245513916]
[0.0076362574473023415, -0.05360228568315506, 0.3708040416240692, 1.3309980630874634, -0.11454419046640396, 1.075405240058899] [-0.08126004040241241, -0.467911958694458, 0.11807604134082794, 1.584663987159729, 1.3191981315612793, 0.9979999661445618, -1.3007900714874268, -1.2962720394134521]
[0.006973708048462868, -0.05354242026805878, 0.37837356328964233, 1.2826106548309326, -0.1416885405778885, 1.081968903541565] [-0.14108604192733765, -0.467911958694458, 0.11807604134082794, 1.5831300020217896, 1.3207321166992188, 0.9979999661445618, -1.3007900714874268, -1.2978060245513916]
[0.005857800133526325, -0.05350232869386673, 0.38529765605926514, 1.23312509059906, -0.1658320128917694, 1.0894428491592407] [-0.20398004353046417, -0.467911958694458, 0.1165420413017273, 1.5723919868469238, 1.3207321166992188, 0.9979999661445618, -1.3007900714874268, -1.2978060245513916]
[0.0048654768615961075, -0.053455766290426254, 0.3904002904891968, 1.1959365606307983, -0.18318215012550354, 1.095732569694519] [-0.2500000596046448, -0.467911958694458, 0.113474041223526, 1.561653971672058, 1.3222661018371582, 0.9979999661445618, -1.3007900714874268, -1.2978060245513916]
[0.003435236867517233, -0.053428877145051956, 0.39555448293685913, 1.1525938510894775, -0.19750918447971344, 1.1027685403823853] [-0.2929520606994629, -0.467911958694458, 0.10427004098892212, 1.5509159564971924, 1.3222661018371582, 0.9979999661445618, -1.3007900714874268, -1.2978060245513916]
[0.0018258447526022792, -0.05328627675771713, 0.40091538429260254, 1.103756070137024, -0.20933496952056885, 1.1102724075317383] [-0.3420400619506836, -0.467911958694458, 0.09353204071521759, 1.5386439561843872, 1.3222661018371582, 0.9979999661445618, -1.3023240566253662, -1.2978060245513916]
[0.002076125470921397, -0.053996775299310684, 0.4048529863357544, 1.0775690078735352, -0.22182399034500122, 1.1003443002700806] [-0.37578803300857544, -0.467911958694458, 0.08586204051971436, 1.5187020301818848, 1.3207321166992188, 0.9979999661445618, -1.3023240566253662, -1.299340009689331]
[0.003921303432434797, -0.05550010874867439, 0.4109746515750885, 1.03745436668396, -0.24189816415309906, 1.072389006614685] [-0.4233420491218567, -0.46944597363471985, 0.07205604016780853, 1.4849539995193481, 1.3222661018371582, 0.9979999661445618, -1.3023240566253662, -1.299340009689331]
[0.004327272996306419, -0.05681096017360687, 0.4164721965789795, 1.0035464763641357, -0.2611387073993683, 1.055179238319397] [-0.47089606523513794, -0.467911958694458, 0.0643860399723053, 1.4588760137557983, 1.3222661018371582, 0.9979999661445618, -1.3023240566253662, -1.299340009689331]
[0.004705742932856083, -0.05880527198314667, 0.422747939825058, 0.9695674777030945, -0.28871968388557434, 1.0372015237808228] [-0.5184500217437744, -0.467911958694458, 0.05825003981590271, 1.434332013130188, 1.3207321166992188, 0.9979999661445618, -1.3023240566253662, -1.299340009689331]
[0.004492694977670908, -0.06076551228761673, 0.42886292934417725, 0.9380435347557068, -0.31732457876205444, 1.0212812423706055] [-0.5614020824432373, -0.467911958694458, 0.055182039737701416, 1.4051859378814697, 1.3207321166992188, 0.9979999661445618, -1.3023240566253662, -1.299340009689331]
[0.004107386339455843, -0.06260862946510315, 0.4353048801422119, 0.9102504849433899, -0.3501192629337311, 1.0064440965652466] [-0.6043540239334106, -0.46944597363471985, 0.055182039737701416, 1.37910795211792, 1.3222661018371582, 0.9979999661445618, -1.3023240566253662, -1.299340009689331]
[0.00332271889783442, -0.06395232677459717, 0.44096627831459045, 0.8839832544326782, -0.37809818983078003, 0.9965083599090576] [-0.648840069770813, -0.46944597363471985, 0.05364803969860077, 1.3530299663543701, 1.3207321166992188, 0.9979999661445618, -1.3023240566253662, -1.299340009689331]
[0.001131081604398787, -0.06562747061252594, 0.4480884075164795, 0.8495302796363831, -0.415010541677475, 0.9892733097076416] [-0.6887240409851074, -0.46944597363471985, 0.05364803969860077, 1.3346220254898071, 1.3222661018371582, 0.9979999661445618, -1.3023240566253662, -1.299340009689331]
[-0.0010420874459668994, -0.06667093187570572, 0.45371511578559875, 0.8210088014602661, -0.44429701566696167, 0.9875125885009766] [-0.7424140572547913, -0.467911958694458, 0.05364803969860077, 1.3085440397262573, 1.3222661018371582, 0.9979999661445618, -1.3023240566253662, -1.299340009689331]
[-0.004681589547544718, -0.06851782649755478, 0.4618622958660126, 0.7789113521575928, -0.48911252617836, 0.9863737225532532] [-0.7899680733680725, -0.467911958694458, 0.05364803969860077, 1.2901359796524048, 1.3207321166992188, 0.9979999661445618, -1.3023240566253662, -1.299340009689331]
[-0.007921623066067696, -0.06960897892713547, 0.468119740486145, 0.7448403835296631, -0.5217527151107788, 0.9902289509773254] [-0.8559300899505615, -0.467911958694458, 0.055182039737701416, 1.2579219341278076, 1.3207321166992188, 0.9979999661445618, -1.3023240566253662, -1.299340009689331]
[-0.015013569965958595, -0.07181612402200699, 0.4789566695690155, 0.6817973852157593, -0.584135115146637, 1.002558946609497] [-0.9126880764961243, -0.467911958694458, 0.055182039737701416, 1.2425819635391235, 1.3207321166992188, 0.9979999661445618, -1.3007900714874268, -1.299340009689331]
[-0.01870039850473404, -0.07341691106557846, 0.4846077859401703, 0.6520333290100098, -0.6190731525421143, 1.0054106712341309] [-0.9541060924530029, -0.467911958694458, 0.05364803969860077, 1.2195719480514526, 1.3222661018371582, 0.9979999661445618, -1.3023240566253662, -1.299340009689331]
[-0.022300880402326584, -0.07555235177278519, 0.4906262457370758, 0.6233939528465271, -0.6584556102752686, 1.0041556358337402] [-0.9878540635108948, -0.467911958694458, 0.055182039737701416, 1.1950279474258423, 1.3222661018371582, 0.9979999661445618, -1.3023240566253662, -1.299340009689331]
[-0.025026356801390648, -0.0761260837316513, 0.49404439330101013, 0.6018964648246765, -0.6792445182800293, 1.0109014511108398] [-1.0262041091918945, -0.4587079882621765, 0.05364803969860077, 1.1766200065612793, 1.3207321166992188, 0.9979999661445618, -1.3023240566253662, -1.299340009689331]
[-0.029709497466683388, -0.07359427213668823, 0.49929916858673096, 0.5555960536003113, -0.6997975707054138, 1.041691780090332] [-1.0645540952682495, -0.42649397253990173, 0.05364803969860077, 1.152076005935669, 1.3207321166992188, 0.9979999661445618, -1.3023240566253662, -1.2978060245513916]
[-0.036753058433532715, -0.06653708219528198, 0.5043914914131165, 0.48167315125465393, -0.7030014991760254, 1.1058385372161865] [-1.1289820671081543, -0.33598798513412476, 0.050580039620399475, 1.113726019859314, 1.3222661018371582, 0.9979999661445618, -1.3023240566253662, -1.30240797996521]
[-0.0533570758998394, -0.04278513044118881, 0.5107050538063049, 0.30559203028678894, -0.6513875126838684, 1.2585973739624023] [-1.2271580696105957, -0.17951996624469757, 0.03370603919029236, 1.0462299585342407, 1.3222661018371582, 0.9979999661445618, -1.3023240566253662, -1.30240797996521]
[-0.052550897002220154, -0.02429509162902832, 0.5128758549690247, 0.2928495407104492, -0.6216161847114563, 1.257373571395874] [-1.2394300699234009, -0.010779961943626404, 0.010696038603782654, 0.8836259841918945, 1.3698201179504395, 0.9979999661445618, -1.2992560863494873, -1.30240797996521]
[-0.05312911048531532, -0.015326708555221558, 0.5129587054252625, 0.31955477595329285, -0.6084307432174683, 1.264103889465332] [-1.2394300699234009, 0.024502038955688477, 0.009162038564682007, 0.8759559988975525, 1.3698201179504395, 0.9983999729156494, -1.3007900714874268, -1.30240797996521]
[-0.052699435502290726, -0.015209559351205826, 0.5128111243247986, 0.31958794593811035, -0.6067270040512085, 1.2607914209365845] [-1.2394300699234009, 0.024502038955688477, 0.004560038447380066, 0.8774899840354919, 1.3698201179504395, 0.9983999729156494, -1.2992560863494873, -1.3039419651031494]
[-0.05300217494368553, -0.01519174687564373, 0.5127205848693848, 0.31828927993774414, -0.605790913105011, 1.2622883319854736] [-1.2394300699234009, 0.024502038955688477, 0.004560038447380066, 0.8774899840354919, 1.3698201179504395, 0.9979999661445618, -1.2992560863494873, -1.3039419651031494]
[-0.053192462772130966, -0.015142514370381832, 0.5128189325332642, 0.31642431020736694, -0.6061463356018066, 1.2601737976074219] [-1.2394300699234009, 0.024502038955688477, 0.001492038369178772, 0.8774899840354919, 1.3698201179504395, 0.9979999661445618, -1.2992560863494873, -1.3054759502410889]
[-0.05284581333398819, -0.015007500536739826, 0.5124783515930176, 0.31679803133010864, -0.6031374335289001, 1.2577154636383057] [-1.2378960847854614, 0.024502038955688477, 0.001492038369178772, 0.8774899840354919, 1.3698201179504395, 0.9979999661445618, -1.2977221012115479, -1.3054759502410889]
[-0.05296678468585014, -0.01498078741133213, 0.5125188827514648, 0.31633487343788147, -0.6032232642173767, 1.2580971717834473] [-1.2378960847854614, 0.02296803891658783, -4.1961669921875e-05, 0.8774899840354919, 1.3698201179504395, 0.9979999661445618, -1.2992560863494873, -1.3054759502410889]
[-0.052799880504608154, -0.015300651080906391, 0.5125787258148193, 0.31654825806617737, -0.6042502522468567, 1.2562084197998047] [-1.2378960847854614, 0.02296803891658783, -0.003109961748123169, 0.8774899840354919, 1.3698201179504395, 0.9979999661445618, -1.2992560863494873, -1.3070099353790283]
[-0.052661407738924026, -0.015471815131604671, 0.5127365589141846, 0.31628504395484924, -0.6050550937652588, 1.2550632953643799] [-1.2378960847854614, 0.021434038877487183, -0.003109961748123169, 0.8790239691734314, 1.3698201179504395, 0.9979999661445618, -1.2977221012115479, -1.3070099353790283]
[-0.05314593389630318, -0.01561509445309639, 0.5127710103988647, 0.31498828530311584, -0.6053833961486816, 1.258773684501648] [-1.2378960847854614, 0.021434038877487183, -0.001575961709022522, 0.8790239691734314, 1.3698201179504395, 0.9979999661445618, -1.2977221012115479, -1.3070099353790283]
[-0.053246285766363144, -0.015632903203368187, 0.5128016471862793, 0.31529468297958374, -0.6056507229804993, 1.2599382400512695] [-1.2348281145095825, 0.021434038877487183, -0.001575961709022522, 0.8790239691734314, 1.3698201179504395, 0.9979999661445618, -1.2977221012115479, -1.3070099353790283]
[-0.05319581925868988, -0.015482403337955475, 0.5127962231636047, 0.31616494059562683, -0.605148434638977, 1.2600163221359253] [-1.2348281145095825, 0.021434038877487183, -0.001575961709022522, 0.8790239691734314, 1.3698201179504395, 0.9979999661445618, -1.2977221012115479, -1.3070099353790283]
[-0.052359938621520996, -0.014549950137734413, 0.5124963521957397, 0.3194042146205902, -0.6023326516151428, 1.2565549612045288] [-1.2332940101623535, 0.021434038877487183, -0.001575961709022522, 0.8790239691734314, 1.3698201179504395, 0.9979999661445618, -1.2977221012115479, -1.3070099353790283]
[-0.052753712981939316, -0.015058637596666813, 0.5126292109489441, 0.3183327317237854, -0.6038488745689392, 1.2584151029586792] [-1.2332940101623535, 0.021434038877487183, -0.001575961709022522, 0.8790239691734314, 1.3698201179504395, 0.9979999661445618, -1.2992560863494873, -1.3070099353790283]
[-0.05257679894566536, -0.015368569642305374, 0.5126163363456726, 0.318241149187088, -0.6038305163383484, 1.2575396299362183] [-1.2332940101623535, 0.021434038877487183, -0.003109961748123169, 0.8790239691734314, 1.3698201179504395, 0.9979999661445618, -1.2977221012115479, -1.3054759502410889]
[-0.05281638354063034, -0.015234407037496567, 0.5126582384109497, 0.3174344301223755, -0.6036984920501709, 1.2582911252975464] [-1.2332940101623535, 0.021434038877487183, -0.003109961748123169, 0.8790239691734314, 1.3698201179504395, 0.9979999661445618, -1.2992560863494873, -1.3054759502410889]
[-0.05268082395195961, -0.015473958104848862, 0.5126299262046814, 0.3180187940597534, -0.604119062423706, 1.2580535411834717] [-1.2332940101623535, 0.021434038877487183, -0.003109961748123169, 0.8790239691734314, 1.3698201179504395, 0.9979999661445618, -1.2992560863494873, -1.3054759502410889]
[-0.052552420645952225, -0.015447926707565784, 0.5126175284385681, 0.31842124462127686, -0.6038753986358643, 1.257662057876587] [-1.2332940101623535, 0.021434038877487183, -0.003109961748123169, 0.8790239691734314, 1.3698201179504395, 0.9979999661445618, -1.2977221012115479, -1.3054759502410889]
[-0.05279461294412613, -0.015418867580592632, 0.5125769972801208, 0.3178116977214813, -0.6039429903030396, 1.2579960823059082] [-1.2348281145095825, 0.021434038877487183, -0.003109961748123169, 0.8790239691734314, 1.3698201179504395, 0.9979999661445618, -1.2977221012115479, -1.3054759502410889]
[-0.05284025892615318, -0.015464557334780693, 0.5125852227210999, 0.3176892101764679, -0.6041046380996704, 1.2582330703735352] [-1.2332940101623535, 0.021434038877487183, -0.003109961748123169, 0.8790239691734314, 1.3698201179504395, 0.9979999661445618, -1.2977221012115479, -1.3039419651031494]
[-0.05265394225716591, -0.015331882983446121, 0.51230388879776, 0.3175848424434662, -0.6013210415840149, 1.2593770027160645] [-1.2332940101623535, 0.021434038877487183, -0.003109961748123169, 0.8805580139160156, 1.3698201179504395, 0.9979999661445618, -1.2992560863494873, -1.3039419651031494]
[-0.052713602781295776, -0.015601035207509995, 0.5124532580375671, 0.31622594594955444, -0.602864682674408, 1.2578319311141968] [-1.2332940101623535, 0.021434038877487183, -0.003109961748123169, 0.8820919990539551, 1.3698201179504395, 0.9979999661445618, -1.2992560863494873, -1.3039419651031494]
[-0.05274419113993645, -0.015648644417524338, 0.5123361349105835, 0.3172425925731659, -0.6025993227958679, 1.2570973634719849] [-1.2332940101623535, 0.021434038877487183, -0.004643961787223816, 0.8820919990539551, 1.3698201179504395, 0.9979999661445618, -1.2992560863494873, -1.3039419651031494]
[-0.05292828753590584, -0.015622512437403202, 0.5123113989830017, 0.3153113126754761, -0.601870596408844, 1.2589703798294067] [-1.2332940101623535, 0.021434038877487183, -0.006177961826324463, 0.8820919990539551, 1.3698201179504395, 0.9979999661445618, -1.2992560863494873, -1.3039419651031494]
[-0.05230046808719635, -0.01549624279141426, 0.5120880007743835, 0.3168797492980957, -0.599721372127533, 1.2549892663955688] [-1.2332940101623535, 0.021434038877487183, -0.00771196186542511, 0.8820919990539551, 1.3698201179504395, 0.9979999661445618, -1.2992560863494873, -1.3039419651031494]
[-0.05205971375107765, -0.015368834137916565, 0.51176917552948, 0.31615275144577026, -0.5973936319351196, 1.2532635927200317] [-1.2348281145095825, 0.021434038877487183, -0.010779961943626404, 0.8820919990539551, 1.3698201179504395, 0.9983999729156494, -1.2977221012115479, -1.3039419651031494]
