[0.07495767623186111, -0.08272522687911987, 0.2961663007736206, 1.3869565725326538, 0.38970571756362915, 0.2908138632774353] [0.10281995683908463, -0.09054796397686005, -0.5354079604148865, 0.41728997230529785, 1.8545640707015991, 0.9979999661445618, -1.2992560863494873, -1.299340009689331]
[0.07512906938791275, -0.0831911638379097, 0.2961651384830475, 1.386288046836853, 0.389517217874527, 0.28776130080223083] [0.10281995683908463, -0.09054796397686005, -0.5354079604148865, 0.41728997230529785, 1.8545640707015991, 0.9979999661445618, -1.2992560863494873, -1.299340009689331]
[0.07477247714996338, -0.08272872120141983, 0.2963160574436188, 1.3866699934005737, 0.3887023329734802, 0.29069557785987854] [0.10281995683908463, -0.09054796397686005, -0.5354079604148865, 0.41728997230529785, 1.8545640707015991, 0.9979999661445618, -1.2977221012115479, -1.299340009689331]
[0.07490179687738419, -0.0826687142252922, 0.29645290970802307, 1.386529564857483, 0.3886907398700714, 0.2908763289451599] [0.10281995683908463, -0.09054796397686005, -0.5354079604148865, 0.41728997230529785, 1.8545640707015991, 0.9979999661445618, -1.2977221012115479, -1.299340009689331]
[0.07498303800821304, -0.08270995318889618, 0.2963806688785553, 1.3850748538970947, 0.38962608575820923, 0.2905867397785187] [0.10435395687818527, -0.09054796397686005, -0.5354079604148865, 0.41728997230529785, 1.8545640707015991, 0.9979999661445618, -1.2977221012115479, -1.299340009689331]
[0.07502102106809616, -0.08297979831695557, 0.2964370548725128, 1.3847020864486694, 0.389485239982605, 0.2891598045825958] [0.10281995683908463, -0.0920819640159607, -0.5369420051574707, 0.41728997230529785, 1.8545640707015991, 0.9979999661445618, -1.2961881160736084, -1.299340009689331]
[0.0748603343963623, -0.08262581378221512, 0.2966657280921936, 1.3847624063491821, 0.388079434633255, 0.29095473885536194] [0.10281995683908463, -0.0920819640159607, -0.5369420051574707, 0.4157559871673584, 1.8545640707015991, 0.9979999661445618, -1.2961881160736084, -1.299340009689331]
[0.07491669058799744, -0.08287705481052399, 0.2971583306789398, 1.3836065530776978, 0.38592666387557983, 0.28924810886383057] [0.10128595679998398, -0.09361596405506134, -0.5384759902954102, 0.41728997230529785, 1.8545640707015991, 0.9979999661445618, -1.294654130935669, -1.299340009689331]
[0.07497573643922806, -0.08307109028100967, 0.29809293150901794, 1.3802224397659302, 0.38176387548446655, 0.28748661279678345] [0.09514996409416199, -0.09361596405506134, -0.5400099754333496, 0.41728997230529785, 1.8545640707015991, 0.9979999661445618, -1.294654130935669, -1.299340009689331]
[0.07319744676351547, -0.07937035709619522, 0.29848238825798035, 1.3909661769866943, 0.39023303985595703, 0.329476922750473] [0.0890139639377594, -0.09361596405506134, -0.5415439605712891, 0.4801839590072632, 1.8514961004257202, 0.9983999729156494, -1.29312002658844, -1.2978060245513916]
[0.07014179974794388, -0.07496604323387146, 0.2966272532939911, 1.4097967147827148, 0.4111378490924835, 0.3808894157409668] [0.08747996389865875, -0.0920819640159607, -0.5415439605712891, 0.5415439605712891, 1.8499621152877808, 0.9979999661445618, -1.29312002658844, -1.2978060245513916]
[0.06647779792547226, -0.07000921666622162, 0.29526105523109436, 1.4337599277496338, 0.43003568053245544, 0.44130924344062805] [0.08134396374225616, -0.09361596405506134, -0.5430779457092285, 0.6029039621353149, 1.8468940258026123, 0.9979999661445618, -1.29312002658844, -1.2978060245513916]
[0.06286270916461945, -0.06567618995904922, 0.2949548661708832, 1.4544988870620728, 0.4421018064022064, 0.49676641821861267] [0.07520796358585358, -0.09514996409416199, -0.5430779457092285, 0.6473900079727173, 1.7195720672607422, 0.9979999661445618, -1.2915860414505005, -1.299340009689331]
[0.05998452007770538, -0.06326146423816681, 0.2934718728065491, 1.3138995170593262, 0.4499744772911072, 0.5372280478477478] [0.0629359632730484, -0.09821796417236328, -0.5415439605712891, 0.6949439644813538, 1.6674160957336426, 0.9979999661445618, -1.29312002658844, -1.2978060245513916]
[0.05733022838830948, -0.06322682648897171, 0.29390275478363037, 1.325423240661621, 0.4590737819671631, 0.5646524429321289] [0.05679996311664581, -0.1181599572300911, -0.5415439605712891, 0.7409639954566956, 1.6674160957336426, 0.9979999661445618, -1.29312002658844, -1.299340009689331]
[0.05499258264899254, -0.060921214520931244, 0.2947532534599304, 1.3377385139465332, 0.4617120921611786, 0.5985631346702576] [0.04452796280384064, -0.12122795730829239, -0.5400099754333496, 0.7762459516525269, 1.6674160957336426, 0.9979999661445618, -1.29312002658844, -1.299340009689331]
[0.052164413034915924, -0.05869046598672867, 0.29532957077026367, 1.3527730703353882, 0.4674476981163025, 0.6332514882087708] [0.0368579626083374, -0.12429595738649368, -0.5384759902954102, 0.8191980123519897, 1.6674160957336426, 0.9979999661445618, -1.29312002658844, -1.299340009689331]
[0.04926300421357155, -0.05575859174132347, 0.29542240500450134, 1.3644534349441528, 0.47630518674850464, 0.6674487590789795] [0.03225596249103546, -0.12429595738649368, -0.5384759902954102, 0.8483439683914185, 1.6674160957336426, 0.9979999661445618, -1.29312002658844, -1.299340009689331]
[0.04582061618566513, -0.05277903750538826, 0.29617753624916077, 1.3784061670303345, 0.48242059350013733, 0.7104357481002808] [0.021517962217330933, -0.12736396491527557, -0.5369420051574707, 0.8958979845046997, 1.6674160957336426, 0.9979999661445618, -1.2915860414505005, -1.299340009689331]
[0.04379352554678917, -0.051280658692121506, 0.2969572842121124, 1.3877513408660889, 0.48425641655921936, 0.7360198497772217] [0.01231396198272705, -0.13196596503257751, -0.5369420051574707, 0.923509955406189, 1.6674160957336426, 0.9983999729156494, -1.29312002658844, -1.2978060245513916]
[0.041273877024650574, -0.05073052644729614, 0.2980542778968811, 1.3981760740280151, 0.48743295669555664, 0.7636817693710327] [0.003109961748123169, -0.14577196538448334, -0.5369420051574707, 0.9664620161056519, 1.6674160957336426, 0.9979999661445618, -1.29312002658844, -1.299340009689331]
[0.03787346929311752, -0.050605788826942444, 0.2982915937900543, 1.4153316020965576, 0.4961356222629547, 0.7980536222457886] [-0.009162038564682007, -0.16264596581459045, -0.5369420051574707, 1.0216859579086304, 1.6674160957336426, 0.9979999661445618, -1.29312002658844, -1.2978060245513916]
[0.034787967801094055, -0.05067598819732666, 0.2988704741001129, 1.4310818910598755, 0.5016817450523376, 0.8278831839561462] [-0.01836603879928589, -0.18258796632289886, -0.5384759902954102, 1.1045219898223877, 1.6674160957336426, 0.9983999729156494, -1.29312002658844, -1.2978060245513916]
[0.02331717498600483, -0.04959382861852646, 0.29957905411720276, 1.491837739944458, 0.5222861170768738, 0.9404229521751404] [-0.0383080393075943, -0.22707396745681763, -0.5400099754333496, 1.2379800081253052, 1.6674160957336426, 0.9979999661445618, -1.29312002658844, -1.299340009689331]
[0.019858792424201965, -0.05090083181858063, 0.2997199296951294, 1.5123463869094849, 0.5283588171005249, 0.9675474166870117] [-0.039842039346694946, -0.24701596796512604, -0.5400099754333496, 1.245650053024292, 1.6674160957336426, 0.9979999661445618, -1.29312002658844, -1.2978060245513916]
[0.019250357523560524, -0.05207278952002525, 0.2998574674129486, 1.5190160274505615, 0.5297683477401733, 0.9683618545532227] [-0.04137603938579559, -0.25928795337677, -0.5400099754333496, 1.2655919790267944, 1.6658821105957031, 0.9979999661445618, -1.29312002658844, -1.2978060245513916]
[0.016621926799416542, -0.0516124926507473, 0.2997961938381195, 1.5330843925476074, 0.5331745147705078, 0.9949932098388672] [-0.04444403946399689, -0.26082196831703186, -0.5400099754333496, 1.3008739948272705, 1.6658821105957031, 0.9983999729156494, -1.29312002658844, -1.2978060245513916]
[0.014090918004512787, -0.05050200596451759, 0.3008919954299927, 1.5406140089035034, 0.5320037007331848, 1.022181510925293] [-0.05364803969860077, -0.26388996839523315, -0.5400099754333496, 1.3269519805908203, 1.6658821105957031, 0.9983999729156494, -1.29312002658844, -1.2978060245513916]
[0.011661314405500889, -0.05081883445382118, 0.3014838993549347, 1.5535271167755127, 0.5330852270126343, 1.044010877609253] [-0.05978403985500336, -0.2792299687862396, -0.5400099754333496, 1.3622339963912964, 1.6658821105957031, 0.9979999661445618, -1.294654130935669, -1.2978060245513916]
[0.00849523488432169, -0.05120962858200073, 0.30185598134994507, 1.572885513305664, 0.5357165932655334, 1.0726747512817383] [-0.06285203993320465, -0.29303598403930664, -0.5400099754333496, 1.3975160121917725, 1.6658821105957031, 0.9979999661445618, -1.294654130935669, -1.2978060245513916]
[0.005620719399303198, -0.05151849240064621, 0.3021272122859955, 1.589873194694519, 0.5373529195785522, 1.0979870557785034] [-0.06592004001140594, -0.30684196949005127, -0.5400099754333496, 1.431264042854309, 1.6658821105957031, 0.9979999661445618, -1.294654130935669, -1.2978060245513916]
[0.0038485194090753794, -0.052042048424482346, 0.30246245861053467, 1.6006006002426147, 0.5378230810165405, 1.112452745437622] [-0.07205604016780853, -0.3206479549407959, -0.5400099754333496, 1.4680800437927246, 1.6658821105957031, 0.9979999661445618, -1.294654130935669, -1.2978060245513916]
[0.0010907045798376203, -0.053547315299510956, 0.3037114143371582, 1.6162294149398804, 0.535036027431488, 1.1314079761505127] [-0.07819204032421112, -0.34519195556640625, -0.5384759902954102, 1.5064300298690796, 1.6658821105957031, 0.9979999661445618, -1.2961881160736084, -1.2978060245513916]
[-0.0026239147409796715, -0.05420404672622681, 0.3046163320541382, 1.639513373374939, 0.5321648716926575, 1.1628893613815308] [-0.08279404044151306, -0.3574639558792114, -0.5354079604148865, 1.5401780605316162, 1.6658821105957031, 0.9979999661445618, -1.2961881160736084, -1.2978060245513916]
[-0.004449216648936272, -0.05347094312310219, 0.3049629032611847, 1.6493661403656006, 0.5294824838638306, 1.182288646697998] [-0.08432804048061371, -0.3574639558792114, -0.5323399901390076, 1.5601199865341187, 1.6658821105957031, 0.9979999661445618, -1.2961881160736084, -1.2962720394134521]
[-0.003766577923670411, -0.05317196622490883, 0.30664336681365967, 1.6401365995407104, 0.5198810696601868, 1.177677035331726] [-0.09506604075431824, -0.3574639558792114, -0.5231359601020813, 1.5708580017089844, 1.6658821105957031, 0.9979999661445618, -1.2992560863494873, -1.2978060245513916]
[-0.002437297021970153, -0.052596695721149445, 0.30972322821617126, 1.62592613697052, 0.5008051991462708, 1.1693878173828125] [-0.10733804106712341, -0.35899797081947327, -0.5093299746513367, 1.5708580017089844, 1.6658821105957031, 0.9979999661445618, -1.2992560863494873, -1.2978060245513916]
[-0.0014266259968280792, -0.05189073830842972, 0.3127881586551666, 1.609351396560669, 0.4835994243621826, 1.1633766889572144] [-0.12881404161453247, -0.35899797081947327, -0.4909219741821289, 1.5647220611572266, 1.6643481254577637, 0.9979999661445618, -1.2992560863494873, -1.2978060245513916]
[0.0002515391097404063, -0.05022183433175087, 0.3197270929813385, 1.5834077596664429, 0.43726593255996704, 1.1535741090774536] [-0.15796004235744476, -0.35899797081947327, -0.4587079882621765, 1.5570520162582397, 1.6658821105957031, 0.9979999661445618, -1.2992560863494873, -1.2978060245513916]
[0.0013514480087906122, -0.04915273189544678, 0.3249381184577942, 1.562121868133545, 0.40512898564338684, 1.1465269327163696] [-0.17943604290485382, -0.35899797081947327, -0.4356979727745056, 1.5447800159454346, 1.6643481254577637, 0.9979999661445618, -1.2992560863494873, -1.2978060245513916]
[0.0023526279255747795, -0.04817432165145874, 0.33000046014785767, 1.5416359901428223, 0.37470534443855286, 1.140738844871521] [-0.20704804360866547, -0.3574639558792114, -0.40655195713043213, 1.5447800159454346, 1.6658821105957031, 0.9979999661445618, -1.3007900714874268, -1.2978060245513916]
[0.003157993545755744, -0.04703506454825401, 0.3363800346851349, 1.5137706995010376, 0.3369921147823334, 1.1346548795700073] [-0.23312604427337646, -0.3574639558792114, -0.3866099715232849, 1.5417120456695557, 1.6658821105957031, 0.9979999661445618, -1.3007900714874268, -1.2978060245513916]
[0.004556129686534405, -0.046332791447639465, 0.34544557332992554, 1.471152663230896, 0.28824394941329956, 1.1195863485336304] [-0.27761203050613403, -0.3574639558792114, -0.36513397097587585, 1.5401780605316162, 1.6658821105957031, 0.9979999661445618, -1.3007900714874268, -1.2978060245513916]
[0.004798822104930878, -0.04518195614218712, 0.35216253995895386, 1.4451054334640503, 0.2499104142189026, 1.1190643310546875] [-0.31136006116867065, -0.3574639558792114, -0.3283179700374603, 1.5401780605316162, 1.6643481254577637, 0.9979999661445618, -1.3007900714874268, -1.2978060245513916]
[0.0046349773183465, -0.044262439012527466, 0.358987420797348, 1.4209847450256348, 0.20885828137397766, 1.1198670864105225] [-0.3451080322265625, -0.3574639558792114, -0.30223995447158813, 1.5386439561843872, 1.6658821105957031, 0.9983999729156494, -1.3007900714874268, -1.2962720394134521]
[0.004444922786206007, -0.04365584999322891, 0.3668181896209717, 1.3858942985534668, 0.16680392622947693, 1.116432785987854] [-0.381924033164978, -0.35899797081947327, -0.28076398372650146, 1.5340420007705688, 1.6643481254577637, 0.9979999661445618, -1.3007900714874268, -1.2978060245513916]
[0.004627716727554798, -0.04324682429432869, 0.37294644117355347, 1.356940507888794, 0.1340997964143753, 1.1102215051651] [-0.41260403394699097, -0.3574639558792114, -0.26082196831703186, 1.5248379707336426, 1.6643481254577637, 0.9983999729156494, -1.3007900714874268, -1.2978060245513916]
[0.004905367735773325, -0.04339403659105301, 0.378251314163208, 1.334183931350708, 0.10528309643268585, 1.1013559103012085] [-0.44175004959106445, -0.35899797081947327, -0.251617968082428, 1.5064300298690796, 1.6658821105957031, 0.9983999729156494, -1.3007900714874268, -1.2978060245513916]
[0.006517279893159866, -0.04385436698794365, 0.3855191171169281, 1.2972477674484253, 0.06813225895166397, 1.0773427486419678] [-0.48010003566741943, -0.3574639558792114, -0.24087996780872345, 1.4772839546203613, 1.6658821105957031, 0.9979999661445618, -1.3007900714874268, -1.299340009689331]
[0.008756770752370358, -0.04491623118519783, 0.3925226032733917, 1.2674721479415894, 0.028856609016656876, 1.0471398830413818] [-0.5153820514678955, -0.35899797081947327, -0.23167596757411957, 1.434332013130188, 1.6658821105957031, 0.9983999729156494, -1.3007900714874268, -1.299340009689331]
[0.011720793321728706, -0.04653764143586159, 0.3982422351837158, 1.2443962097167969, -0.003631789004430175, 1.0114550590515137] [-0.5414600372314453, -0.3574639558792114, -0.23167596757411957, 1.3944480419158936, 1.6658821105957031, 0.9979999661445618, -1.3023240566253662, -1.299340009689331]
[0.014207961037755013, -0.04847915098071098, 0.4049836993217468, 1.2159078121185303, -0.04020069167017937, 0.9745057225227356] [-0.5752080678939819, -0.3574639558792114, -0.23014196753501892, 1.360700011253357, 1.6658821105957031, 0.9979999661445618, -1.3023240566253662, -1.2978060245513916]
[0.014970879070460796, -0.04967130348086357, 0.4101766049861908, 1.1928882598876953, -0.06829727441072464, 0.9543840289115906] [-0.610490083694458, -0.3574639558792114, -0.22860796749591827, 1.3453600406646729, 1.6643481254577637, 0.9979999661445618, -1.3023240566253662, -1.2978060245513916]
[0.013665838167071342, -0.0503278411924839, 0.4170932471752167, 1.159475326538086, -0.10134793817996979, 0.9472070932388306] [-0.6503740549087524, -0.3574639558792114, -0.22400596737861633, 1.3300199508666992, 1.6658821105957031, 0.9979999661445618, -1.3007900714874268, -1.2978060245513916]
[0.012665229849517345, -0.05122804641723633, 0.42418646812438965, 1.1360456943511963, -0.1424616426229477, 0.9377382397651672] [-0.6825880408287048, -0.3574639558792114, -0.2101999670267105, 1.3039419651031494, 1.6643481254577637, 0.9979999661445618, -1.3007900714874268, -1.299340009689331]
[0.011776958592236042, -0.05237429961562157, 0.4319804310798645, 1.1157532930374146, -0.19039185345172882, 0.9267101883888245] [-0.7209380865097046, -0.3574639558792114, -0.1933259665966034, 1.2717280387878418, 1.6643481254577637, 0.9979999661445618, -1.3023240566253662, -1.2978060245513916]
[0.010508975945413113, -0.0541093610227108, 0.44091498851776123, 1.0944998264312744, -0.2476343959569931, 0.912929117679596] [-0.7577540874481201, -0.3574639558792114, -0.17184996604919434, 1.241047978401184, 1.6643481254577637, 0.9979999661445618, -1.3023240566253662, -1.299340009689331]
[0.008921481668949127, -0.055951498448848724, 0.4490372836589813, 1.071181297302246, -0.2970596253871918, 0.8986576199531555] [-0.799172043800354, -0.3574639558792114, -0.1641799658536911, 1.2042319774627686, 1.6658821105957031, 0.9979999661445618, -1.3007900714874268, -1.2978060245513916]
[0.005762303713709116, -0.05772074684500694, 0.45807787775993347, 1.0435307025909424, -0.3517799377441406, 0.8918735980987549] [-0.8359880447387695, -0.355929970741272, -0.15650996565818787, 1.1888920068740845, 1.6658821105957031, 0.9979999661445618, -1.3023240566253662, -1.2978060245513916]
[0.003505482105538249, -0.058640625327825546, 0.46331724524497986, 1.0215001106262207, -0.3827819228172302, 0.8895643353462219] [-0.8743380308151245, -0.355929970741272, -0.15344196557998657, 1.1658819913864136, 1.6658821105957031, 0.9979999661445618, -1.3023240566253662, -1.2978060245513916]
[-0.000767302408348769, -0.059765033423900604, 0.47086527943611145, 0.9916653037071228, -0.42821577191352844, 0.8936861753463745] [-0.9172900915145874, -0.355929970741272, -0.14730596542358398, 1.1551439762115479, 1.6643481254577637, 0.9979999661445618, -1.3023240566253662, -1.2978060245513916]
[-0.005005435086786747, -0.0603863000869751, 0.4765697717666626, 0.9578326344490051, -0.4609256088733673, 0.9022080302238464] [-0.9571740627288818, -0.355929970741272, -0.14730596542358398, 1.1444059610366821, 1.6643481254577637, 0.9979999661445618, -1.3023240566253662, -1.2978060245513916]
[-0.009306889958679676, -0.060981471091508865, 0.48204123973846436, 0.931459367275238, -0.4946863055229187, 0.9144285321235657] [-0.9939900636672974, -0.355929970741272, -0.13043196499347687, 1.1352019309997559, 1.6658821105957031, 0.9979999661445618, -1.3023240566253662, -1.2978060245513916]
[-0.01466875895857811, -0.06027636677026749, 0.48749375343322754, 0.9066499471664429, -0.530842661857605, 0.9426868557929993] [-1.027738094329834, -0.3467259705066681, -0.10435395687818527, 1.1259980201721191, 1.6643481254577637, 0.9979999661445618, -1.3007900714874268, -1.2978060245513916]
[-0.020681262016296387, -0.059967849403619766, 0.4929216504096985, 0.8757608532905579, -0.5668941736221313, 0.9731625914573669] [-1.0522820949554443, -0.34519195556640625, -0.0859459638595581, 1.1229300498962402, 1.6643481254577637, 0.9979999661445618, -1.3007900714874268, -1.2978060245513916]
[-0.025952782481908798, -0.0597408302128315, 0.4967495799064636, 0.8509330749511719, -0.5939087867736816, 1.0034998655319214] [-1.0783600807189941, -0.34519195556640625, -0.06753796339035034, 1.1229300498962402, 1.6643481254577637, 0.9979999661445618, -1.3007900714874268, -1.2978060245513916]
[-0.029508648440241814, -0.058148182928562164, 0.4988374412059784, 0.8272536993026733, -0.6044244766235352, 1.031898021697998] [-1.0967680215835571, -0.3283179700374603, -0.05373196303844452, 1.1229300498962402, 1.6643481254577637, 0.9979999661445618, -1.3023240566253662, -1.299340009689331]
[-0.0332832969725132, -0.05554093047976494, 0.5005099177360535, 0.8024829030036926, -0.6090885400772095, 1.0651992559432983] [-1.1105740070343018, -0.3206479549407959, -0.04299396276473999, 1.1229300498962402, 1.6643481254577637, 0.9979999661445618, -1.3023240566253662, -1.299340009689331]
[-0.03590076416730881, -0.05547060817480087, 0.5022154450416565, 0.7893655300140381, -0.6216446161270142, 1.0827323198318481] [-1.1228461265563965, -0.3206479549407959, -0.026119962334632874, 1.1244640350341797, 1.6643481254577637, 0.9979999661445618, -1.3007900714874268, -1.2978060245513916]
[-0.03933851793408394, -0.05543868616223335, 0.5042117834091187, 0.7729755640029907, -0.6367573738098145, 1.1049180030822754] [-1.13972008228302, -0.31604596972465515, -0.006177961826324463, 1.1229300498962402, 1.6643481254577637, 0.9979999661445618, -1.3023240566253662, -1.2978060245513916]
[-0.043337903916835785, -0.052437134087085724, 0.5056184530258179, 0.7474774718284607, -0.6385118365287781, 1.1444079875946045] [-1.1489241123199463, -0.29303598403930664, 0.004560038447380066, 1.1229300498962402, 1.6643481254577637, 0.9979999661445618, -1.3007900714874268, -1.2978060245513916]
[-0.044918473809957504, -0.049928851425647736, 0.5055068731307983, 0.7346428632736206, -0.6303161978721619, 1.165359616279602] [-1.1519920825958252, -0.28689998388290405, 0.006094038486480713, 1.1229300498962402, 1.6643481254577637, 0.9979999661445618, -1.3023240566253662, -1.2978060245513916]
[-0.04492036625742912, -0.049905747175216675, 0.505443274974823, 0.7343345880508423, -0.6296130418777466, 1.1642483472824097] [-1.1519920825958252, -0.28689998388290405, 0.00762803852558136, 1.1244640350341797, 1.6643481254577637, 0.9979999661445618, -1.3007900714874268, -1.2978060245513916]
[-0.045064445585012436, -0.049643732607364655, 0.5054689049720764, 0.7323430776596069, -0.6288388967514038, 1.1661508083343506] [-1.1519920825958252, -0.28689998388290405, 0.006094038486480713, 1.1244640350341797, 1.6643481254577637, 0.9983999729156494, -1.3007900714874268, -1.299340009689331]
[-0.04457077756524086, -0.049835801124572754, 0.5054128766059875, 0.7353526949882507, -0.6290863156318665, 1.1636512279510498] [-1.1519920825958252, -0.28689998388290405, 0.006094038486480713, 1.1244640350341797, 1.6643481254577637, 0.9979999661445618, -1.3023240566253662, -1.299340009689331]
[-0.04470166936516762, -0.049653060734272, 0.5053383111953735, 0.7345080375671387, -0.6280642747879028, 1.164899230003357] [-1.1519920825958252, -0.2853659689426422, 0.004560038447380066, 1.1244640350341797, 1.6643481254577637, 0.9979999661445618, -1.3007900714874268, -1.299340009689331]
[-0.04459047690033913, -0.04961200803518295, 0.5053486227989197, 0.7347335815429688, -0.6279146671295166, 1.1647553443908691] [-1.1519920825958252, -0.28689998388290405, 0.004560038447380066, 1.1244640350341797, 1.6643481254577637, 0.9979999661445618, -1.3023240566253662, -1.299340009689331]
[-0.044394321739673615, -0.04958607256412506, 0.5052178502082825, 0.7351778745651245, -0.626931369304657, 1.1632074117660522] [-1.1519920825958252, -0.28689998388290405, 0.004560038447380066, 1.1244640350341797, 1.6643481254577637, 0.9979999661445618, -1.3023240566253662, -1.3008739948272705]
[-0.04453416168689728, -0.04958491772413254, 0.505115807056427, 0.735051155090332, -0.6269859671592712, 1.1632745265960693] [-1.1519920825958252, -0.28689998388290405, 0.004560038447380066, 1.1244640350341797, 1.6643481254577637, 0.9979999661445618, -1.3023240566253662, -1.3008739948272705]
[-0.0447116382420063, -0.04953815042972565, 0.5051869750022888, 0.7348020672798157, -0.6276987791061401, 1.1647236347198486] [-1.1519920825958252, -0.2853659689426422, 0.004560038447380066, 1.1244640350341797, 1.6643481254577637, 0.9979999661445618, -1.3023240566253662, -1.3008739948272705]
[-0.044539399445056915, -0.04980504885315895, 0.5051557421684265, 0.7356758713722229, -0.6281363368034363, 1.1621718406677246] [-1.1519920825958252, -0.2853659689426422, 0.004560038447380066, 1.1244640350341797, 1.6643481254577637, 0.9979999661445618, -1.3023240566253662, -1.3008739948272705]
[-0.04456605762243271, -0.049825843423604965, 0.5051405429840088, 0.7356297969818115, -0.6282211542129517, 1.1621897220611572] [-1.1519920825958252, -0.2853659689426422, 0.004560038447380066, 1.1244640350341797, 1.6643481254577637, 0.9979999661445618, -1.3023240566253662, -1.3008739948272705]
[-0.04460090398788452, -0.04978245496749878, 0.5051528215408325, 0.735437273979187, -0.6281519532203674, 1.1623181104660034] [-1.1519920825958252, -0.28689998388290405, 0.004560038447380066, 1.1244640350341797, 1.6643481254577637, 0.9983999729156494, -1.3023240566253662, -1.3008739948272705]
