[0.0757681280374527, -0.08803681284189224, 0.29304030537605286, 1.4670462608337402, 0.3863318860530853, 0.25697261095046997] [0.14730596542358398, -0.11048995703458786, -0.44950395822525024, 0.38507598638534546, 1.8560980558395386, 0.9979999661445618, -1.2992560863494873, -1.299340009689331]
[0.07569611072540283, -0.08766508102416992, 0.29287487268447876, 1.4693548679351807, 0.38704603910446167, 0.2590174674987793] [0.14730596542358398, -0.11048995703458786, -0.44950395822525024, 0.38507598638534546, 1.8560980558395386, 0.9979999661445618, -1.2977221012115479, -1.299340009689331]
[0.07584422826766968, -0.08808416873216629, 0.293120801448822, 1.4688018560409546, 0.3859444558620453, 0.25705838203430176] [0.14730596542358398, -0.11048995703458786, -0.44950395822525024, 0.3835419714450836, 1.8560980558395386, 0.9979999661445618, -1.2977221012115479, -1.299340009689331]
[0.07582136243581772, -0.08763059973716736, 0.29328665137290955, 1.4685649871826172, 0.38552990555763245, 0.2587784230709076] [0.14730596542358398, -0.11048995703458786, -0.44950395822525024, 0.3835419714450836, 1.8560980558395386, 0.9979999661445618, -1.2977221012115479, -1.3008739948272705]
[0.07589636743068695, -0.08778199553489685, 0.29330331087112427, 1.4679447412490845, 0.38514167070388794, 0.2570982277393341] [0.14730596542358398, -0.11048995703458786, -0.44950395822525024, 0.3835419714450836, 1.8560980558395386, 0.9979999661445618, -1.2977221012115479, -1.3008739948272705]
[0.07581733167171478, -0.08788846433162689, 0.29334789514541626, 1.4678044319152832, 0.38553595542907715, 0.25703927874565125] [0.14730596542358398, -0.11048995703458786, -0.44950395822525024, 0.38507598638534546, 1.8560980558395386, 0.9979999661445618, -1.2992560863494873, -1.3008739948272705]
[0.07583098113536835, -0.08757469058036804, 0.29335835576057434, 1.4683945178985596, 0.38530734181404114, 0.2589876055717468] [0.14730596542358398, -0.11048995703458786, -0.44950395822525024, 0.3835419714450836, 1.8560980558395386, 0.9979999661445618, -1.2977221012115479, -1.3008739948272705]
[0.07591535151004791, -0.08769847452640533, 0.29339879751205444, 1.4675525426864624, 0.38510823249816895, 0.2571240961551666] [0.14730596542358398, -0.11048995703458786, -0.44950395822525024, 0.3835419714450836, 1.8560980558395386, 0.9979999661445618, -1.2977221012115479, -1.3008739948272705]
[0.07593140006065369, -0.08803361654281616, 0.293342649936676, 1.467463731765747, 0.3851783573627472, 0.25568681955337524] [0.14730596542358398, -0.11048995703458786, -0.44950395822525024, 0.38507598638534546, 1.8560980558395386, 0.9983999729156494, -1.2977221012115479, -1.3008739948272705]
[0.07590088248252869, -0.08753269165754318, 0.29328057169914246, 1.4683846235275269, 0.3858725130558014, 0.2590090036392212] [0.14730596542358398, -0.11048995703458786, -0.44950395822525024, 0.3835419714450836, 1.8560980558395386, 0.9979999661445618, -1.2992560863494873, -1.3008739948272705]
[0.07591912895441055, -0.08791910111904144, 0.29320311546325684, 1.4684956073760986, 0.3859784007072449, 0.25757139921188354] [0.14730596542358398, -0.11202395707368851, -0.44950395822525024, 0.3835419714450836, 1.8560980558395386, 0.9979999661445618, -1.2977221012115479, -1.3008739948272705]
[0.07596538215875626, -0.08792083710432053, 0.2931991517543793, 1.4683208465576172, 0.3864011764526367, 0.2573823928833008] [0.14730596542358398, -0.11048995703458786, -0.44950395822525024, 0.38507598638534546, 1.857632040977478, 0.9979999661445618, -1.2977221012115479, -1.3008739948272705]
[0.07598284631967545, -0.08753235638141632, 0.2932327091693878, 1.468266248703003, 0.3866298198699951, 0.2587878406047821] [0.14730596542358398, -0.11048995703458786, -0.4510379731655121, 0.38507598638534546, 1.8560980558395386, 0.9979999661445618, -1.2977221012115479, -1.3008739948272705]
[0.0760052427649498, -0.08756712824106216, 0.293059378862381, 1.4687031507492065, 0.38700219988822937, 0.25905606150627136] [0.14730596542358398, -0.11048995703458786, -0.44950395822525024, 0.3835419714450836, 1.8560980558395386, 0.9979999661445618, -1.2977221012115479, -1.3008739948272705]
[0.07600864768028259, -0.08795810490846634, 0.2932782769203186, 1.4672657251358032, 0.3858964145183563, 0.2558339834213257] [0.14730596542358398, -0.11048995703458786, -0.44950395822525024, 0.3835419714450836, 1.8560980558395386, 0.9979999661445618, -1.2992560863494873, -1.3008739948272705]
[0.0761110782623291, -0.08798260986804962, 0.29317256808280945, 1.4675328731536865, 0.38638994097709656, 0.2559604048728943] [0.14730596542358398, -0.11048995703458786, -0.44950395822525024, 0.3835419714450836, 1.8560980558395386, 0.9979999661445618, -1.2977221012115479, -1.3008739948272705]
[0.0759073793888092, -0.08785111457109451, 0.2932526767253876, 1.4679166078567505, 0.3862375020980835, 0.25737571716308594] [0.14730596542358398, -0.11048995703458786, -0.44950395822525024, 0.3835419714450836, 1.8560980558395386, 0.9983999729156494, -1.2977221012115479, -1.3008739948272705]
[0.07590282708406448, -0.08788959681987762, 0.29302510619163513, 1.4666776657104492, 0.38721609115600586, 0.2572135627269745] [0.14577196538448334, -0.11202395707368851, -0.4525719881057739, 0.38507598638534546, 1.8560980558395386, 0.9979999661445618, -1.2992560863494873, -1.3008739948272705]
[0.07594985514879227, -0.08786549419164658, 0.29370853304862976, 1.4638503789901733, 0.3840716481208801, 0.2565666735172272] [0.1442379653453827, -0.11202395707368851, -0.4541059732437134, 0.3835419714450836, 1.8560980558395386, 0.9983999729156494, -1.2977221012115479, -1.3008739948272705]
[0.07656584680080414, -0.0879434198141098, 0.2954745292663574, 1.4617794752120972, 0.3751178979873657, 0.2557258903980255] [0.12582996487617493, -0.11202395707368851, -0.4525719881057739, 0.38507598638534546, 1.8560980558395386, 0.9979999661445618, -1.2977221012115479, -1.3008739948272705]
[0.07918264716863632, -0.08814079314470291, 0.3039117157459259, 1.4501551389694214, 0.3342421054840088, 0.2501002252101898] [0.08287796378135681, -0.11202395707368851, -0.4525719881057739, 0.3835419714450836, 1.8560980558395386, 0.9979999661445618, -1.2977221012115479, -1.3008739948272705]
[0.081992007791996, -0.08809293806552887, 0.31539544463157654, 1.4361745119094849, 0.27958881855010986, 0.24685430526733398] [0.030721962451934814, -0.11202395707368851, -0.4525719881057739, 0.38507598638534546, 1.8560980558395386, 0.9979999661445618, -1.2977221012115479, -1.30240797996521]
[0.08400677144527435, -0.08811279386281967, 0.3248482048511505, 1.4245543479919434, 0.23544541001319885, 0.24363836646080017] [-0.013764038681983948, -0.11202395707368851, -0.4525719881057739, 0.38507598638534546, 1.8560980558395386, 0.9979999661445618, -1.2961881160736084, -1.3008739948272705]
[0.08528440445661545, -0.08809859305620193, 0.3338863253593445, 1.4137930870056152, 0.19314178824424744, 0.2413153052330017] [-0.05671603977680206, -0.11202395707368851, -0.4525719881057739, 0.38507598638534546, 1.8545640707015991, 0.9979999661445618, -1.2961881160736084, -1.30240797996521]
[0.08620508760213852, -0.0875706672668457, 0.342764288187027, 1.4034745693206787, 0.15273329615592957, 0.2390936315059662] [-0.09813404083251953, -0.11355795711278915, -0.4525719881057739, 0.38507598638534546, 1.8545640707015991, 0.9979999661445618, -1.2961881160736084, -1.30240797996521]
[0.0868559330701828, -0.08739911764860153, 0.34944209456443787, 1.3926024436950684, 0.1233353391289711, 0.2353883981704712] [-0.13034804165363312, -0.11355795711278915, -0.4510379731655121, 0.38507598638534546, 1.8545640707015991, 0.9979999661445618, -1.2961881160736084, -1.30240797996521]
[0.08731091767549515, -0.08719759434461594, 0.35548916459083557, 1.3852262496948242, 0.09598860144615173, 0.23430277407169342] [-0.16409604251384735, -0.11202395707368851, -0.4510379731655121, 0.38507598638534546, 1.8530300855636597, 0.9979999661445618, -1.2961881160736084, -1.30240797996521]
[0.08730525523424149, -0.08673757314682007, 0.3639764189720154, 1.3767480850219727, 0.056642454117536545, 0.23520341515541077] [-0.1947760432958603, -0.11202395707368851, -0.4510379731655121, 0.38507598638534546, 1.8530300855636597, 0.9979999661445618, -1.2961881160736084, -1.30240797996521]
[0.08693744242191315, -0.08697689324617386, 0.37376776337623596, 1.367428183555603, 0.01110180001705885, 0.23349976539611816] [-0.24539804458618164, -0.11202395707368851, -0.4479699730873108, 0.38507598638534546, 1.8530300855636597, 0.9979999661445618, -1.2961881160736084, -1.30240797996521]
[0.08648394048213959, -0.08660810440778732, 0.3794097602367401, 1.3639709949493408, -0.015440357849001884, 0.23549167811870575] [-0.2791460454463959, -0.11355795711278915, -0.4449019730091095, 0.38507598638534546, 1.8530300855636597, 0.9979999661445618, -1.2961881160736084, -1.30240797996521]
[0.08553145080804825, -0.08682627975940704, 0.3885708153247833, 1.3569355010986328, -0.058371562510728836, 0.2348371297121048] [-0.322098046541214, -0.11355795711278915, -0.43723195791244507, 0.38814395666122437, 1.8530300855636597, 0.9979999661445618, -1.294654130935669, -1.30240797996521]
[0.0833350270986557, -0.08632085472345352, 0.4002366364002228, 1.3550989627838135, -0.11410084366798401, 0.2407444417476654] [-0.37578803300857544, -0.11355795711278915, -0.42649397253990173, 0.3866099715232849, 1.8530300855636597, 0.9979999661445618, -1.2961881160736084, -1.30240797996521]
[0.08074383437633514, -0.08583484590053558, 0.4117896258831024, 1.3528543710708618, -0.17034050822257996, 0.2461490035057068] [-0.426410049200058, -0.11355795711278915, -0.4126879572868347, 0.38814395666122437, 1.8530300855636597, 0.9979999661445618, -1.294654130935669, -1.30240797996521]
[0.0769893229007721, -0.08583607524633408, 0.42521533370018005, 1.3511602878570557, -0.23641268908977509, 0.25048425793647766] [-0.4923720359802246, -0.11355795711278915, -0.40041595697402954, 0.38814395666122437, 1.8530300855636597, 0.9979999661445618, -1.2961881160736084, -1.30240797996521]
[0.07269833981990814, -0.08572548627853394, 0.4376402497291565, 1.343630075454712, -0.298374205827713, 0.2561979293823242] [-0.5568000674247742, -0.11355795711278915, -0.38814395666122437, 0.38814395666122437, 1.8530300855636597, 0.9983999729156494, -1.294654130935669, -1.30240797996521]
[0.06774511188268661, -0.08558746427297592, 0.44919508695602417, 1.3404613733291626, -0.35794296860694885, 0.26355308294296265] [-0.621228039264679, -0.11202395707368851, -0.3758719563484192, 0.38814395666122437, 1.8530300855636597, 0.9979999661445618, -1.294654130935669, -1.30240797996521]
[0.058439601212739944, -0.08498972654342651, 0.4670758545398712, 1.3225476741790771, -0.45164602994918823, 0.27836859226226807] [-0.6979280710220337, -0.11202395707368851, -0.36820197105407715, 0.3866099715232849, 1.8530300855636597, 0.9979999661445618, -1.2961881160736084, -1.3008739948272705]
[0.05245921388268471, -0.0850968062877655, 0.4766194820404053, 1.3079131841659546, -0.5036233067512512, 0.28477969765663147] [-0.7516180276870728, -0.11202395707368851, -0.3666679859161377, 0.3866099715232849, 1.8545640707015991, 0.9979999661445618, -1.294654130935669, -1.3008739948272705]
[0.049378249794244766, -0.08612953126430511, 0.48092493414878845, 1.304745078086853, -0.528394341468811, 0.2836628258228302] [-0.7684920430183411, -0.1181599572300911, -0.36513397097587585, 0.3866099715232849, 1.8545640707015991, 0.9979999661445618, -1.294654130935669, -1.3008739948272705]
[0.048328984528779984, -0.08670515567064285, 0.48234450817108154, 1.3027201890945435, -0.5364267230033875, 0.2813507914543152] [-0.7761620283126831, -0.12736396491527557, -0.3666679859161377, 0.3866099715232849, 1.8545640707015991, 0.9979999661445618, -1.2961881160736084, -1.3008739948272705]
[0.04545638710260391, -0.08877375721931458, 0.486491322517395, 1.3032360076904297, -0.5612865090370178, 0.2750152051448822] [-0.8053080439567566, -0.13043196499347687, -0.36513397097587585, 0.39427995681762695, 1.8530300855636597, 0.9979999661445618, -1.294654130935669, -1.3008739948272705]
[0.04146530106663704, -0.08651605993509293, 0.4903481602668762, 1.2851635217666626, -0.5803495645523071, 0.3034365475177765] [-0.837522029876709, -0.13043196499347687, -0.3543959856033325, 0.4356979727745056, 1.8530300855636597, 0.9979999661445618, -1.294654130935669, -1.3008739948272705]
[0.0316535048186779, -0.07731941342353821, 0.4957767128944397, 1.244960904121399, -0.5999505519866943, 0.4170941114425659] [-0.8866100311279297, -0.13043196499347687, -0.3053079843521118, 0.5246700048446655, 1.8530300855636597, 0.9979999661445618, -1.294654130935669, -1.3008739948272705]
[0.02244444750249386, -0.06963018327951431, 0.4999080300331116, 1.20716392993927, -0.6157878637313843, 0.5176287293434143] [-0.9326300621032715, -0.12889796495437622, -0.2546859681606293, 0.6136419773101807, 1.8530300855636597, 0.9979999661445618, -1.294654130935669, -1.3008739948272705]
[0.011124186217784882, -0.06057087332010269, 0.503212034702301, 1.1634992361068726, -0.6257464289665222, 0.6474044919013977] [-0.9709800481796265, -0.12889796495437622, -0.20252996683120728, 0.6780699491500854, 1.8530300855636597, 0.9979999661445618, -1.29312002658844, -1.3008739948272705]
[0.003087890800088644, -0.05540318414568901, 0.5052014589309692, 1.1317976713180542, -0.6324332356452942, 0.7308204770088196] [-1.0001261234283447, -0.12889796495437622, -0.15190796554088593, 0.7470999956130981, 1.8530300855636597, 0.9979999661445618, -1.294654130935669, -1.3008739948272705]
[-0.00675220089033246, -0.049873657524585724, 0.507381021976471, 1.0875943899154663, -0.6384389400482178, 0.8274820446968079] [-1.030806064605713, -0.12889796495437622, -0.10895595699548721, 0.7946540117263794, 1.8530300855636597, 0.9979999661445618, -1.294654130935669, -1.3008739948272705]
[-0.015161251649260521, -0.046532969921827316, 0.5100453495979309, 1.0528144836425781, -0.651681661605835, 0.900959312915802] [-1.061486005783081, -0.12889796495437622, -0.07520796358585358, 0.8253339529037476, 1.8530300855636597, 0.9979999661445618, -1.294654130935669, -1.3008739948272705]
[-0.023210318759083748, -0.04360169172286987, 0.5120998620986938, 1.0176557302474976, -0.6610698699951172, 0.9724966883659363] [-1.0860300064086914, -0.12889796495437622, -0.04452796280384064, 0.8560140132904053, 1.8530300855636597, 0.9979999661445618, -1.294654130935669, -1.3008739948272705]
[-0.030517837032675743, -0.03888540342450142, 0.5109310746192932, 0.9719238877296448, -0.6408653855323792, 1.0520962476730347] [-1.0998361110687256, -0.12736396491527557, -0.030721962451934814, 0.9189079999923706, 1.8530300855636597, 0.9979999661445618, -1.294654130935669, -1.3008739948272705]
[-0.032656580209732056, -0.03527313470840454, 0.5078475475311279, 0.9515075087547302, -0.6094720363616943, 1.087973713874817] [-1.0998361110687256, -0.12122795730829239, -0.030721962451934814, 0.9388499855995178, 1.8530300855636597, 0.9979999661445618, -1.294654130935669, -1.299340009689331]
[-0.033243052661418915, -0.034828316420316696, 0.5075522065162659, 0.9467918276786804, -0.6055238246917725, 1.0939103364944458] [-1.0998361110687256, -0.12122795730829239, -0.029187962412834167, 0.943452000617981, 1.8530300855636597, 0.9979999661445618, -1.294654130935669, -1.299340009689331]
[-0.03380618616938591, -0.03488095849752426, 0.5077200531959534, 0.9488460421562195, -0.6080933213233948, 1.100013017654419] [-1.0998361110687256, -0.12122795730829239, -0.019983962178230286, 0.943452000617981, 1.8530300855636597, 0.9979999661445618, -1.294654130935669, -1.299340009689331]
[-0.03440345451235771, -0.034801185131073, 0.5079018473625183, 0.949139416217804, -0.6101438999176025, 1.1058329343795776] [-1.0998361110687256, -0.12122795730829239, -0.015381962060928345, 0.9480539560317993, 1.8530300855636597, 0.9979999661445618, -1.294654130935669, -1.299340009689331]
[-0.035236865282058716, -0.03404834121465683, 0.5073151588439941, 0.9451351761817932, -0.6041833758354187, 1.117645263671875] [-1.0998361110687256, -0.12122795730829239, -0.010779961943626404, 0.9618600010871887, 1.8530300855636597, 0.9979999661445618, -1.294654130935669, -1.299340009689331]
[-0.035751502960920334, -0.033224791288375854, 0.5059691071510315, 0.9409843683242798, -0.5923529267311096, 1.1293519735336304] [-1.0983021259307861, -0.12276195734739304, -0.009245961904525757, 0.9771999716758728, 1.8530300855636597, 0.9979999661445618, -1.294654130935669, -1.299340009689331]
[-0.03615404665470123, -0.032618600875139236, 0.5053013563156128, 0.9378021359443665, -0.585831880569458, 1.1372636556625366] [-1.0998361110687256, -0.12276195734739304, -0.009245961904525757, 0.9833359718322754, 1.8530300855636597, 0.9979999661445618, -1.294654130935669, -1.299340009689331]
[-0.036529164761304855, -0.03251831233501434, 0.505305826663971, 0.9352943897247314, -0.5853603482246399, 1.1394537687301636] [-1.0998361110687256, -0.12276195734739304, -0.009245961904525757, 0.9848699569702148, 1.8530300855636597, 0.9983999729156494, -1.294654130935669, -1.299340009689331]
[-0.036756888031959534, -0.03222174569964409, 0.5050698518753052, 0.9338674545288086, -0.583177387714386, 1.1418524980545044] [-1.0998361110687256, -0.12276195734739304, -0.009245961904525757, 0.9848699569702148, 1.8530300855636597, 0.9979999661445618, -1.294654130935669, -1.299340009689331]
[-0.036638129502534866, -0.032455120235681534, 0.5051814317703247, 0.9345738291740417, -0.5842901468276978, 1.1406577825546265] [-1.0998361110687256, -0.12276195734739304, -0.009245961904525757, 0.9848699569702148, 1.8530300855636597, 0.9979999661445618, -1.294654130935669, -1.299340009689331]
[-0.03662484511733055, -0.03249526768922806, 0.5051426291465759, 0.9347758889198303, -0.58430415391922, 1.1405476331710815] [-1.0998361110687256, -0.12122795730829239, -0.009245961904525757, 0.9848699569702148, 1.8530300855636597, 0.9979999661445618, -1.294654130935669, -1.299340009689331]
[-0.036472387611866, -0.0323585607111454, 0.5051594376564026, 0.9350499510765076, -0.583874523639679, 1.1403974294662476] [-1.0998361110687256, -0.12276195734739304, -0.009245961904525757, 0.9848699569702148, 1.8530300855636597, 0.9979999661445618, -1.294654130935669, -1.299340009689331]
[-0.03669886291027069, -0.03223216161131859, 0.5050344467163086, 0.934154748916626, -0.5830921530723572, 1.1416960954666138] [-1.0998361110687256, -0.12122795730829239, -0.009245961904525757, 0.9848699569702148, 1.8530300855636597, 0.9979999661445618, -1.294654130935669, -1.299340009689331]
[-0.03665658459067345, -0.03237111493945122, 0.5051450133323669, 0.9346470236778259, -0.5840600728988647, 1.1406199932098389] [-1.0998361110687256, -0.12122795730829239, -0.009245961904525757, 0.9848699569702148, 1.8530300855636597, 0.9979999661445618, -1.2961881160736084, -1.299340009689331]
[-0.03657832369208336, -0.0320226214826107, 0.5050343871116638, 0.9343641996383667, -0.5825130343437195, 1.1415810585021973] [-1.0998361110687256, -0.12276195734739304, -0.009245961904525757, 0.9848699569702148, 1.8530300855636597, 0.9979999661445618, -1.2961881160736084, -1.299340009689331]
[-0.03637982904911041, -0.03231183812022209, 0.5050767660140991, 0.9355388879776001, -0.5836161375045776, 1.1401129961013794] [-1.0998361110687256, -0.12276195734739304, -0.009245961904525757, 0.9848699569702148, 1.8530300855636597, 0.9979999661445618, -1.2961881160736084, -1.299340009689331]
[-0.036359723657369614, -0.032440703362226486, 0.5050353407859802, 0.93576979637146, -0.5838178992271423, 1.1399939060211182] [-1.0998361110687256, -0.12276195734739304, -0.009245961904525757, 0.9848699569702148, 1.8530300855636597, 0.9979999661445618, -1.2961881160736084, -1.299340009689331]
[-0.036386869847774506, -0.032238006591796875, 0.5049147009849548, 0.9353198409080505, -0.5826767683029175, 1.1410512924194336] [-1.0998361110687256, -0.12276195734739304, -0.009245961904525757, 0.9848699569702148, 1.8530300855636597, 0.9979999661445618, -1.2961881160736084, -1.299340009689331]
[-0.03643890842795372, -0.03246498480439186, 0.5049951076507568, 0.9356986284255981, -0.5838937163352966, 1.140037178993225] [-1.0998361110687256, -0.12122795730829239, -0.009245961904525757, 0.9848699569702148, 1.8530300855636597, 0.9979999661445618, -1.2961881160736084, -1.299340009689331]
[-0.036396682262420654, -0.032419733703136444, 0.5049352645874023, 0.9359835386276245, -0.5836746692657471, 1.1398817300796509] [-1.0998361110687256, -0.12276195734739304, -0.009245961904525757, 0.9848699569702148, 1.8530300855636597, 0.9979999661445618, -1.2961881160736084, -1.299340009689331]
