[0.06325242668390274, -0.026489291340112686, 0.2961040139198303, 1.4144692420959473, 0.2900490164756775, 0.5666413903236389] [0.20406396687030792, 0.18710604310035706, -0.12122795730829239, 0.355929970741272, 1.3682861328125, 0.9983999729156494, -1.3007900714874268, -1.299340009689331]
[0.06322793662548065, -0.026457231491804123, 0.2961401045322418, 1.4142709970474243, 0.28999215364456177, 0.5665850639343262] [0.20406396687030792, 0.18710604310035706, -0.12122795730829239, 0.355929970741272, 1.3682861328125, 0.9979999661445618, -1.3007900714874268, -1.299340009689331]
[0.06306895613670349, -0.026513008400797844, 0.29615458846092224, 1.4125385284423828, 0.28977054357528687, 0.5665240287780762] [0.20406396687030792, 0.18710604310035706, -0.12276195734739304, 0.355929970741272, 1.3682861328125, 0.9979999661445618, -1.2992560863494873, -1.299340009689331]
[0.0628642588853836, -0.026386816054582596, 0.29621177911758423, 1.4127715826034546, 0.28928041458129883, 0.5680593252182007] [0.20406396687030792, 0.1855720430612564, -0.12276195734739304, 0.355929970741272, 1.3682861328125, 0.9979999661445618, -1.3007900714874268, -1.299340009689331]
[0.063099205493927, -0.02654113993048668, 0.29615646600723267, 1.4126808643341064, 0.2897793650627136, 0.566564679145813] [0.20406396687030792, 0.18710604310035706, -0.12276195734739304, 0.355929970741272, 1.366752028465271, 0.9979999661445618, -1.3007900714874268, -1.299340009689331]
[0.06308324635028839, -0.026410570368170738, 0.2961580157279968, 1.4133245944976807, 0.28993749618530273, 0.5682172179222107] [0.20406396687030792, 0.18710604310035706, -0.12276195734739304, 0.355929970741272, 1.3682861328125, 0.9979999661445618, -1.3007900714874268, -1.3008739948272705]
[0.06299645453691483, -0.026408616453409195, 0.2962466776371002, 1.4130134582519531, 0.2894994020462036, 0.5681283473968506] [0.20406396687030792, 0.18710604310035706, -0.12276195734739304, 0.355929970741272, 1.3682861328125, 0.9979999661445618, -1.2992560863494873, -1.299340009689331]
[0.06296959519386292, -0.026705946773290634, 0.29632243514060974, 1.4122130870819092, 0.2891680598258972, 0.566430926322937] [0.20406396687030792, 0.1855720430612564, -0.12429595738649368, 0.3574639558792114, 1.3682861328125, 0.9979999661445618, -1.2992560863494873, -1.299340009689331]
[0.06308852136135101, -0.026500757783651352, 0.29670026898384094, 1.4094500541687012, 0.28763094544410706, 0.5660751461982727] [0.20252996683120728, 0.1855720430612564, -0.12276195734739304, 0.355929970741272, 1.3682861328125, 0.9979999661445618, -1.2977221012115479, -1.299340009689331]
[0.06314457952976227, -0.02652130462229252, 0.2974850833415985, 1.408720850944519, 0.2840871214866638, 0.5654242038726807] [0.19946196675300598, 0.1855720430612564, -0.12276195734739304, 0.355929970741272, 1.366752028465271, 0.9979999661445618, -1.2977221012115479, -1.299340009689331]
[0.06355520337820053, -0.02647528238594532, 0.2987176775932312, 1.4050209522247314, 0.27889153361320496, 0.5643710494041443] [0.19179196655750275, 0.18710604310035706, -0.12276195734739304, 0.355929970741272, 1.366752028465271, 0.9979999661445618, -1.2977221012115479, -1.299340009689331]
[0.06379126012325287, -0.026539234444499016, 0.29953116178512573, 1.3994827270507812, 0.2752307057380676, 0.5636681914329529] [0.1902579665184021, 0.18710604310035706, -0.12276195734739304, 0.3574639558792114, 1.366752028465271, 0.9979999661445618, -1.2961881160736084, -1.299340009689331]
[0.06373698264360428, -0.02636278234422207, 0.2997162938117981, 1.4013164043426514, 0.2744519114494324, 0.5654491782188416] [0.1871899664402008, 0.1855720430612564, -0.12276195734739304, 0.3574639558792114, 1.366752028465271, 0.9979999661445618, -1.2961881160736084, -1.299340009689331]
[0.06402274966239929, -0.026297397911548615, 0.3010788857936859, 1.397361159324646, 0.2683734893798828, 0.564760684967041] [0.17798596620559692, 0.18710604310035706, -0.12276195734739304, 0.3574639558792114, 1.366752028465271, 0.9979999661445618, -1.294654130935669, -1.299340009689331]
[0.0653761774301529, -0.02625751495361328, 0.3062526285648346, 1.3822038173675537, 0.2451697736978531, 0.5611099004745483] [0.15037396550178528, 0.18710604310035706, -0.12276195734739304, 0.3574639558792114, 1.366752028465271, 0.9979999661445618, -1.294654130935669, -1.299340009689331]
[0.0668996050953865, -0.02626565285027027, 0.3119202256202698, 1.3661003112792969, 0.22014981508255005, 0.5573606491088867] [0.1150919571518898, 0.18710604310035706, -0.12122795730829239, 0.3574639558792114, 1.366752028465271, 0.9979999661445618, -1.294654130935669, -1.299340009689331]
[0.06864361464977264, -0.026153452694416046, 0.31955280900001526, 1.3464891910552979, 0.18629160523414612, 0.5536283254623413] [0.0859459638595581, 0.18710604310035706, -0.12122795730829239, 0.3574639558792114, 1.366752028465271, 0.9983999729156494, -1.294654130935669, -1.3008739948272705]
[0.06942789256572723, -0.026127023622393608, 0.32314586639404297, 1.3366835117340088, 0.1705804467201233, 0.5520323514938354] [0.05986796319484711, 0.18710604310035706, -0.11969395726919174, 0.3574639558792114, 1.366752028465271, 0.9983999729156494, -1.294654130935669, -1.299340009689331]
[0.07061798125505447, -0.0261426642537117, 0.3294529318809509, 1.321199655532837, 0.14275895059108734, 0.5492720603942871] [0.02765396237373352, 0.18710604310035706, -0.1181599572300911, 0.3574639558792114, 1.366752028465271, 0.9979999661445618, -1.294654130935669, -1.3008739948272705]
[0.07181311398744583, -0.026138855144381523, 0.3379524350166321, 1.3000426292419434, 0.10539086163043976, 0.5464543700218201] [-0.009162038564682007, 0.18710604310035706, -0.1181599572300911, 0.3574639558792114, 1.366752028465271, 0.9979999661445618, -1.294654130935669, -1.3008739948272705]
[0.07249278575181961, -0.026157818734645844, 0.3442791700363159, 1.2832882404327393, 0.07784707099199295, 0.544826090335846] [-0.05211403965950012, 0.18710604310035706, -0.1181599572300911, 0.3574639558792114, 1.366752028465271, 0.9979999661445618, -1.294654130935669, -1.299340009689331]
[0.07302921265363693, -0.026185626164078712, 0.3518494963645935, 1.2633869647979736, 0.044953539967536926, 0.5434644222259521] [-0.08126004040241241, 0.18710604310035706, -0.1181599572300911, 0.3574639558792114, 1.366752028465271, 0.9979999661445618, -1.2961881160736084, -1.299340009689331]
[0.07332327216863632, -0.02621026150882244, 0.356912225484848, 1.2501875162124634, 0.02301834523677826, 0.5429123640060425] [-0.10887204110622406, 0.18710604310035706, -0.1181599572300911, 0.355929970741272, 1.366752028465271, 0.9979999661445618, -1.294654130935669, -1.3008739948272705]
[0.07341383397579193, -0.026286138221621513, 0.3626696765422821, 1.2353068590164185, -0.002007455099374056, 0.5426291823387146] [-0.1334160417318344, 0.18710604310035706, -0.1181599572300911, 0.3574639558792114, 1.366752028465271, 0.9979999661445618, -1.294654130935669, -1.3008739948272705]
[0.07327710092067719, -0.02626662142574787, 0.36700499057769775, 1.2240747213363647, -0.020951364189386368, 0.5430468916893005] [-0.15796004235744476, 0.1855720430612564, -0.11662595719099045, 0.3574639558792114, 1.366752028465271, 0.9979999661445618, -1.29312002658844, -1.299340009689331]
[0.07306540012359619, -0.026267992332577705, 0.3722270429134369, 1.2138094902038574, -0.04387322813272476, 0.5424069166183472] [-0.18097004294395447, 0.1855720430612564, -0.1150919571518898, 0.3574639558792114, 1.366752028465271, 0.9979999661445618, -1.294654130935669, -1.299340009689331]
[0.07273341715335846, -0.02636665478348732, 0.3761032521724701, 1.2069087028503418, -0.060969866812229156, 0.5431563258171082] [-0.19784404337406158, 0.1855720430612564, -0.10895595699548721, 0.3574639558792114, 1.366752028465271, 0.9979999661445618, -1.294654130935669, -1.3008739948272705]
[0.07227161526679993, -0.02578190341591835, 0.3796774744987488, 1.2083544731140137, -0.0775890052318573, 0.5484979748725891] [-0.2116500437259674, 0.18710604310035706, -0.09821796417236328, 0.3605319857597351, 1.366752028465271, 0.9979999661445618, -1.294654130935669, -1.3008739948272705]
[0.07213890552520752, -0.02571147494018078, 0.3809816837310791, 1.2146148681640625, -0.08458301424980164, 0.5492081642150879] [-0.21932004392147064, 0.1855720430612564, -0.0890139639377594, 0.36206597089767456, 1.366752028465271, 0.9979999661445618, -1.294654130935669, -1.3008739948272705]
[0.07187243551015854, -0.025822250172495842, 0.38333868980407715, 1.2166142463684082, -0.0958966538310051, 0.5516462326049805] [-0.23005804419517517, 0.18710604310035706, -0.08441196382045746, 0.363599956035614, 1.366752028465271, 0.9979999661445618, -1.294654130935669, -1.3008739948272705]
[0.07118969410657883, -0.02548038586974144, 0.38788366317749023, 1.2055320739746094, -0.11574170738458633, 0.5542708039283752] [-0.2546020448207855, 0.18710604310035706, -0.07674196362495422, 0.363599956035614, 1.366752028465271, 0.9979999661445618, -1.294654130935669, -1.3008739948272705]
[0.07085143774747849, -0.02549995854496956, 0.39164018630981445, 1.210196614265442, -0.13401873409748077, 0.5558441281318665] [-0.26840806007385254, 0.1855720430612564, -0.0660039633512497, 0.37126997113227844, 1.366752028465271, 0.9979999661445618, -1.2961881160736084, -1.3008739948272705]
[0.06918775290250778, -0.02406560629606247, 0.3945174217224121, 1.2102959156036377, -0.14661629498004913, 0.5741758942604065] [-0.28528204560279846, 0.1855720430612564, -0.055265963077545166, 0.39734798669815063, 1.366752028465271, 0.9979999661445618, -1.294654130935669, -1.299340009689331]
[0.06573406606912613, -0.02083784155547619, 0.39695805311203003, 1.2050564289093018, -0.1562417596578598, 0.6139515042304993] [-0.29755404591560364, 0.1855720430612564, -0.046061962842941284, 0.44029998779296875, 1.366752028465271, 0.9983999729156494, -1.2961881160736084, -1.3008739948272705]
[0.06304644048213959, -0.018100762739777565, 0.39869827032089233, 1.204309105873108, -0.16312038898468018, 0.6464490294456482] [-0.30522406101226807, 0.1855720430612564, -0.02765396237373352, 0.4648439884185791, 1.366752028465271, 0.9979999661445618, -1.2961881160736084, -1.3008739948272705]
[0.0606234036386013, -0.015773123130202293, 0.40023109316825867, 1.216351866722107, -0.1720639169216156, 0.674360454082489] [-0.3098260462284088, 0.1855720430612564, -0.010779961943626404, 0.48938798904418945, 1.366752028465271, 0.9979999661445618, -1.2961881160736084, -1.3008739948272705]
[0.0577380433678627, -0.013391010463237762, 0.40259990096092224, 1.2224370241165161, -0.1837686449289322, 0.706132173538208] [-0.3190300464630127, 0.1855720430612564, 0.0122300386428833, 0.5169999599456787, 1.366752028465271, 0.9979999661445618, -1.2961881160736084, -1.3008739948272705]
[0.05487903207540512, -0.011303349398076534, 0.4051434397697449, 1.2245508432388306, -0.19633787870407104, 0.7348085045814514] [-0.33437004685401917, 0.1855720430612564, 0.03217203915119171, 0.5492140054702759, 1.366752028465271, 0.9979999661445618, -1.2961881160736084, -1.3008739948272705]
[0.05082133039832115, -0.008960243314504623, 0.4096820056438446, 1.2228727340698242, -0.21843655407428741, 0.7721921801567078] [-0.34971004724502563, 0.18403804302215576, 0.05211403965950012, 0.5814279913902283, 1.366752028465271, 0.9979999661445618, -1.2961881160736084, -1.3008739948272705]
[0.047723978757858276, -0.007284531835466623, 0.4133892059326172, 1.2225823402404785, -0.23755352199077606, 0.7998479008674622] [-0.3711860477924347, 0.18403804302215576, 0.07665804028511047, 0.599835991859436, 1.3652180433273315, 0.9979999661445618, -1.2961881160736084, -1.3008739948272705]
[0.04516234248876572, -0.006398338824510574, 0.41794171929359436, 1.2306495904922485, -0.26235872507095337, 0.8191524147987366] [-0.3880600333213806, 0.18403804302215576, 0.10733804106712341, 0.6090399622917175, 1.366752028465271, 0.9979999661445618, -1.2961881160736084, -1.3008739948272705]
[0.04245489835739136, -0.005787605885416269, 0.42295750975608826, 1.23665452003479, -0.2900996804237366, 0.8365120887756348] [-0.4034000635147095, 0.18403804302215576, 0.13801804184913635, 0.6228460073471069, 1.366752028465271, 0.9979999661445618, -1.2961881160736084, -1.3008739948272705]
[0.03921198472380638, -0.005071325693279505, 0.4281248450279236, 1.2430241107940674, -0.3194444179534912, 0.8579221367835999] [-0.4202740490436554, 0.18403804302215576, 0.1686980426311493, 0.6335839629173279, 1.366752028465271, 0.9979999661445618, -1.2961881160736084, -1.3008739948272705]
[0.0362740196287632, -0.004885748494416475, 0.433266818523407, 1.2484577894210815, -0.34884586930274963, 0.8753047585487366] [-0.4432840347290039, 0.18250404298305511, 0.1947760432958603, 0.6412539482116699, 1.366752028465271, 0.9979999661445618, -1.2961881160736084, -1.3008739948272705]
[0.03388359025120735, -0.004816546104848385, 0.43755602836608887, 1.2501330375671387, -0.3729064464569092, 0.888816773891449] [-0.4570900499820709, 0.18250404298305511, 0.22238804399967194, 0.6443219780921936, 1.366752028465271, 0.9979999661445618, -1.2961881160736084, -1.3008739948272705]
[0.03204048424959183, -0.005194409750401974, 0.4414684772491455, 1.26399827003479, -0.39813289046287537, 0.8962417840957642] [-0.4693620502948761, 0.18097004294395447, 0.2546020448207855, 0.6504579782485962, 1.366752028465271, 0.9979999661445618, -1.2961881160736084, -1.3008739948272705]
[0.0290610883384943, -0.00518189137801528, 0.44587910175323486, 1.2731631994247437, -0.4260852336883545, 0.914933443069458] [-0.48010003566741943, 0.18097004294395447, 0.28221404552459717, 0.6673319935798645, 1.366752028465271, 0.9983999729156494, -1.2961881160736084, -1.3008739948272705]
[0.025838693603873253, -0.0047725168988108635, 0.448908269405365, 1.2835347652435303, -0.44837626814842224, 0.9394618272781372] [-0.48470205068588257, 0.18097004294395447, 0.32056403160095215, 0.6842060089111328, 1.366752028465271, 0.9979999661445618, -1.2961881160736084, -1.3008739948272705]
[0.02380787581205368, -0.005452628247439861, 0.4517788290977478, 1.304659366607666, -0.4725952744483948, 0.9524238109588623] [-0.48470205068588257, 0.17636804282665253, 0.3512440323829651, 0.6903419494628906, 1.366752028465271, 0.9979999661445618, -1.2961881160736084, -1.3008739948272705]
[0.022931311279535294, -0.0061888620257377625, 0.4538125991821289, 1.3207229375839233, -0.48935163021087646, 0.9557980895042419] [-0.486236035823822, 0.17483404278755188, 0.36965203285217285, 0.6918759942054749, 1.366752028465271, 0.9979999661445618, -1.2961881160736084, -1.3008739948272705]
[0.02223941683769226, -0.006777885835617781, 0.45563632249832153, 1.3314464092254639, -0.502963662147522, 0.9577817916870117] [-0.49083805084228516, 0.17483404278755188, 0.3941960334777832, 0.6934099793434143, 1.3652180433273315, 0.9979999661445618, -1.2961881160736084, -1.3008739948272705]
[0.0194576196372509, -0.007530718110501766, 0.45978161692619324, 1.338231086730957, -0.5308049917221069, 0.9718661308288574] [-0.5061780214309692, 0.17483404278755188, 0.42180806398391724, 0.70414799451828, 1.3652180433273315, 0.9979999661445618, -1.2961881160736084, -1.3008739948272705]
[0.01626986637711525, -0.0074064284563064575, 0.4631050229072571, 1.3291069269180298, -0.5500968098640442, 0.9928197264671326] [-0.5230520367622375, 0.17483404278755188, 0.440216064453125, 0.7179539799690247, 1.3652180433273315, 0.9979999661445618, -1.2961881160736084, -1.3008739948272705]
[0.012872397899627686, -0.008490974083542824, 0.4673093259334564, 1.3232181072235107, -0.5768935680389404, 1.0128552913665771] [-0.5399260520935059, 0.16409604251384735, 0.4662940502166748, 0.7286919951438904, 1.366752028465271, 0.9979999661445618, -1.2961881160736084, -1.3008739948272705]
[0.00990348495543003, -0.009675158187747002, 0.47147318720817566, 1.3144073486328125, -0.6026010513305664, 1.0283639430999756] [-0.5552660226821899, 0.16409604251384735, 0.48470205068588257, 0.7332940101623535, 1.366752028465271, 0.9983999729156494, -1.2961881160736084, -1.3008739948272705]
[0.00732453865930438, -0.009824356064200401, 0.4741825759410858, 1.308334469795227, -0.6194818615913391, 1.045738935470581] [-0.5675380229949951, 0.1625620424747467, 0.4985080361366272, 0.7409639954566956, 1.3652180433273315, 0.9979999661445618, -1.2961881160736084, -1.3008739948272705]
[0.004776669200509787, -0.011347834952175617, 0.47728854417800903, 1.2960494756698608, -0.6387150287628174, 1.0579092502593994] [-0.5859460830688477, 0.15335804224014282, 0.513848066329956, 0.7486339807510376, 1.3652180433273315, 0.9979999661445618, -1.2961881160736084, -1.3008739948272705]
[0.0032992390915751457, -0.013050886802375317, 0.4801905155181885, 1.3000229597091675, -0.6595780253410339, 1.0606828927993774] [-0.5936160683631897, 0.15029004216194153, 0.5337900519371033, 0.750167965888977, 1.3652180433273315, 0.9983999729156494, -1.2961881160736084, -1.3008739948272705]
[0.0013029180699959397, -0.013657842762768269, 0.4824764132499695, 1.301743507385254, -0.6765462160110474, 1.0729875564575195] [-0.6043540239334106, 0.15029004216194153, 0.5568000674247742, 0.7609059810638428, 1.3652180433273315, 0.9979999661445618, -1.294654130935669, -1.3008739948272705]
[-0.002544489223510027, -0.014309513382613659, 0.4854801297187805, 1.2957834005355835, -0.7000069618225098, 1.1020400524139404] [-0.610490083694458, 0.15029004216194153, 0.5782760381698608, 0.7762459516525269, 1.3652180433273315, 0.9979999661445618, -1.2961881160736084, -1.3008739948272705]
[-0.0046449340879917145, -0.013868849724531174, 0.4860641360282898, 1.2896833419799805, -0.7067481875419617, 1.124922752380371] [-0.610490083694458, 0.15029004216194153, 0.590548038482666, 0.788517951965332, 1.3652180433273315, 0.9979999661445618, -1.2961881160736084, -1.3008739948272705]
[-0.006379348691552877, -0.014251003041863441, 0.4871530830860138, 1.2915704250335693, -0.7188509106636047, 1.1421312093734741] [-0.610490083694458, 0.15029004216194153, 0.6135580539703369, 0.8053919672966003, 1.3652180433273315, 0.9979999661445618, -1.2961881160736084, -1.3008739948272705]
[-0.008517563343048096, -0.014740332961082458, 0.48827216029167175, 1.2913404703140259, -0.7322720885276794, 1.1636848449707031] [-0.610490083694458, 0.15182404220104218, 0.6381020545959473, 0.8253339529037476, 1.3652180433273315, 0.9979999661445618, -1.2961881160736084, -1.3008739948272705]
[-0.011508950963616371, -0.015349131077528, 0.4897862672805786, 1.2903145551681519, -0.7501362562179565, 1.190944790840149] [-0.610490083694458, 0.15029004216194153, 0.656510055065155, 0.8406739830970764, 1.3652180433273315, 0.9979999661445618, -1.294654130935669, -1.3008739948272705]
[-0.013672063127160072, -0.015165170654654503, 0.4904230833053589, 1.2818371057510376, -0.7574692964553833, 1.215143084526062] [-0.610490083694458, 0.15182404220104218, 0.6641800403594971, 0.854479968547821, 1.3652180433273315, 0.9979999661445618, -1.2961881160736084, -1.3008739948272705]
[-0.01539879571646452, -0.014660051092505455, 0.4903317093849182, 1.268385648727417, -0.7578875422477722, 1.2379121780395508] [-0.610490083694458, 0.15182404220104218, 0.6657140254974365, 0.8728879690170288, 1.3652180433273315, 0.9979999661445618, -1.2961881160736084, -1.3008739948272705]
[-0.01707202009856701, -0.014109093695878983, 0.49013352394104004, 1.2559095621109009, -0.7571619749069214, 1.2586793899536133] [-0.610490083694458, 0.15182404220104218, 0.6718500852584839, 0.8866939544677734, 1.3652180433273315, 0.9979999661445618, -1.2961881160736084, -1.3008739948272705]
[-0.018543275073170662, -0.014286982826888561, 0.49043038487434387, 1.2515994310379028, -0.7618968486785889, 1.2737541198730469] [-0.6089560389518738, 0.15182404220104218, 0.6764520406723022, 0.8912959694862366, 1.3652180433273315, 0.9979999661445618, -1.2961881160736084, -1.3008739948272705]
[-0.018961172550916672, -0.01431798655539751, 0.49065881967544556, 1.2488365173339844, -0.7645926475524902, 1.2801461219787598] [-0.610490083694458, 0.15182404220104218, 0.6795200705528259, 0.8943639993667603, 1.3652180433273315, 0.9979999661445618, -1.2961881160736084, -1.3008739948272705]
[-0.018977342173457146, -0.014481907710433006, 0.490588515996933, 1.2512041330337524, -0.7655405402183533, 1.2790330648422241] [-0.6089560389518738, 0.15182404220104218, 0.6810540556907654, 0.8958979845046997, 1.3652180433273315, 0.9979999661445618, -1.2961881160736084, -1.3008739948272705]
[-0.01901525817811489, -0.014684032648801804, 0.4906218945980072, 1.2514235973358154, -0.7667672634124756, 1.2806224822998047] [-0.6089560389518738, 0.15335804224014282, 0.6825880408287048, 0.8958979845046997, 1.3652180433273315, 0.9979999661445618, -1.2961881160736084, -1.3008739948272705]
[-0.018695510923862457, -0.014570068567991257, 0.4906192719936371, 1.2523255348205566, -0.7663497924804688, 1.2802156209945679] [-0.6089560389518738, 0.15182404220104218, 0.6825880408287048, 0.8958979845046997, 1.3652180433273315, 0.9983999729156494, -1.2961881160736084, -1.3008739948272705]
[-0.01889590360224247, -0.014296324923634529, 0.49057185649871826, 1.2516837120056152, -0.7655373811721802, 1.2818293571472168] [-0.6089560389518738, 0.15335804224014282, 0.6825880408287048, 0.8958979845046997, 1.3652180433273315, 0.9979999661445618, -1.2961881160736084, -1.3008739948272705]
[-0.018614407628774643, -0.014365274459123611, 0.4905359745025635, 1.2527062892913818, -0.7654575109481812, 1.2810561656951904] [-0.6089560389518738, 0.15335804224014282, 0.6825880408287048, 0.8943639993667603, 1.3652180433273315, 0.9979999661445618, -1.2961881160736084, -1.299340009689331]
[-0.018610039725899696, -0.014342033304274082, 0.4904678761959076, 1.2528971433639526, -0.7653598785400391, 1.2809020280838013] [-0.6089560389518738, 0.15335804224014282, 0.6825880408287048, 0.8958979845046997, 1.3652180433273315, 0.9979999661445618, -1.2977221012115479, -1.3008739948272705]
[-0.018713589757680893, -0.014418493956327438, 0.4905005097389221, 1.253782033920288, -0.7665093541145325, 1.2810359001159668] [-0.610490083694458, 0.15335804224014282, 0.6825880408287048, 0.8943639993667603, 1.3652180433273315, 0.9983999729156494, -1.2992560863494873, -1.3008739948272705]
[-0.018218645825982094, -0.014364010654389858, 0.4903464913368225, 1.2555038928985596, -0.7652261853218079, 1.2779780626296997] [-0.6089560389518738, 0.15335804224014282, 0.6841220855712891, 0.8958979845046997, 1.3652180433273315, 0.9979999661445618, -1.2992560863494873, -1.299340009689331]
[-0.018247894942760468, -0.01441824808716774, 0.4903671145439148, 1.2554118633270264, -0.7653709650039673, 1.2780396938323975] [-0.6089560389518738, 0.15335804224014282, 0.6825880408287048, 0.8958979845046997, 1.3652180433273315, 0.9979999661445618, -1.2977221012115479, -1.299340009689331]
[-0.01819070428609848, -0.01308077946305275, 0.49045512080192566, 1.2554066181182861, -0.7633089423179626, 1.2775770425796509] [-0.6089560389518738, 0.15335804224014282, 0.6841220855712891, 0.8943639993667603, 1.3652180433273315, 0.9979999661445618, -1.2977221012115479, -1.299340009689331]
[-0.018196579068899155, -0.012564703822135925, 0.49026554822921753, 1.253328561782837, -0.7610259652137756, 1.2789257764816284] [-0.6089560389518738, 0.15335804224014282, 0.6841220855712891, 0.8958979845046997, 1.3652180433273315, 0.9979999661445618, -1.2977221012115479, -1.299340009689331]
[-0.018070098012685776, -0.012421904131770134, 0.49040016531944275, 1.2554523944854736, -0.7617221474647522, 1.276867151260376] [-0.6089560389518738, 0.15335804224014282, 0.6841220855712891, 0.8943639993667603, 1.3652180433273315, 0.9979999661445618, -1.2977221012115479, -1.299340009689331]
[-0.01809033937752247, -0.012380505912005901, 0.4903619587421417, 1.2554419040679932, -0.7617085576057434, 1.2767268419265747] [-0.6089560389518738, 0.15335804224014282, 0.6841220855712891, 0.8943639993667603, 1.3652180433273315, 0.9979999661445618, -1.2977221012115479, -1.299340009689331]
