[-0.2898840308189392, -0.6489239931106567, -0.5752919912338257, 0.6473900079727173, 1.2102841138839722, 0.2240000069141388, -1.4772000312805176, -1.4895559549331665] [0.18497079610824585, -0.17391641438007355, 0.10722185671329498, 0.7568269371986389, 0.045391831547021866, -0.07904455810785294] [0.5108100771903992, 0.14583447575569153, 0.20361937582492828]
[-0.28835004568099976, -0.6489239931106567, -0.5752919912338257, 0.6473900079727173, 1.2102841138839722, 0.22360000014305115, -1.4772000312805176, -1.4895559549331665] [0.18496198952198029, -0.17375846207141876, 0.10714635252952576, 0.756890058517456, 0.04606379196047783, -0.07766412943601608] [0.5108100771903992, 0.14583447575569153, 0.20361937582492828]
[-0.2898840308189392, -0.6489239931106567, -0.5752919912338257, 0.6473900079727173, 1.2102841138839722, 0.22360000014305115, -1.4772000312805176, -1.4895559549331665] [0.1849839687347412, -0.1738603115081787, 0.10732650756835938, 0.7580687999725342, 0.04455992579460144, -0.07863937318325043] [0.5108100771903992, 0.14583447575569153, 0.20361937582492828]
[-0.2898840308189392, -0.6489239931106567, -0.5752919912338257, 0.6473900079727173, 1.2118180990219116, 0.2231999933719635, -1.4772000312805176, -1.4895559549331665] [0.18497079610824585, -0.17391641438007355, 0.10722185671329498, 0.7568269371986389, 0.045391831547021866, -0.07904455810785294] [0.5108100771903992, 0.14583447575569153, 0.20361937582492828]
[-0.2898840308189392, -0.6489239931106567, -0.5752919912338257, 0.6473900079727173, 1.2102841138839722, 0.2231999933719635, -1.4772000312805176, -1.4895559549331665] [0.18497079610824585, -0.17391641438007355, 0.10722185671329498, 0.7568269371986389, 0.045391831547021866, -0.07904455810785294] [0.5108100771903992, 0.14583447575569153, 0.20361937582492828]
[-0.2898840308189392, -0.6489239931106567, -0.5752919912338257, 0.6473900079727173, 1.2102841138839722, 0.2231999933719635, -1.4772000312805176, -1.4895559549331665] [0.18497079610824585, -0.17391641438007355, 0.10722185671329498, 0.7568269371986389, 0.045391831547021866, -0.07904455810785294] [0.5108100771903992, 0.14583447575569153, 0.20361937582492828]
[-0.2898840308189392, -0.6489239931106567, -0.5752919912338257, 0.6473900079727173, 1.2118180990219116, 0.2231999933719635, -1.4772000312805176, -1.4895559549331665] [0.18497079610824585, -0.17391641438007355, 0.10722185671329498, 0.7568269371986389, 0.045391831547021866, -0.07904455810785294] [0.5108100771903992, 0.14583447575569153, 0.20361937582492828]
[-0.2898840308189392, -0.6489239931106567, -0.5752919912338257, 0.6473900079727173, 1.2102841138839722, 0.2231999933719635, -1.4772000312805176, -1.4895559549331665] [0.18497079610824585, -0.17391641438007355, 0.10722185671329498, 0.7568269371986389, 0.045391831547021866, -0.07904455810785294] [0.5108100771903992, 0.14583447575569153, 0.20361937582492828]
[-0.2898840308189392, -0.6489239931106567, -0.5752919912338257, 0.6473900079727173, 1.2102841138839722, 0.2231999933719635, -1.4772000312805176, -1.4895559549331665] [0.1849839687347412, -0.1738603115081787, 0.10732650756835938, 0.7580687999725342, 0.04455992579460144, -0.07863937318325043] [0.5108100771903992, 0.14583447575569153, 0.20361937582492828]
[-0.2898840308189392, -0.6489239931106567, -0.5752919912338257, 0.6473900079727173, 1.2102841138839722, 0.2231999933719635, -1.4772000312805176, -1.4895559549331665] [0.18497079610824585, -0.17391641438007355, 0.10722185671329498, 0.7568269371986389, 0.045391831547021866, -0.07904455810785294] [0.5108100771903992, 0.14583447575569153, 0.20361937582492828]
[-0.2898840308189392, -0.6489239931106567, -0.5752919912338257, 0.6473900079727173, 1.2102841138839722, 0.2231999933719635, -1.4772000312805176, -1.4895559549331665] [0.18497079610824585, -0.17391641438007355, 0.10722185671329498, 0.7568269371986389, 0.045391831547021866, -0.07904455810785294] [0.5108100771903992, 0.14583447575569153, 0.20361937582492828]
[-0.2898840308189392, -0.6489239931106567, -0.5752919912338257, 0.6473900079727173, 1.2102841138839722, 0.2231999933719635, -1.4772000312805176, -1.4895559549331665] [0.18497246503829956, -0.17390277981758118, 0.10723482072353363, 0.7583609819412231, 0.045391831547021866, -0.07904455810785294] [0.5108100771903992, 0.14583447575569153, 0.20361937582492828]
[-0.2898840308189392, -0.6489239931106567, -0.5752919912338257, 0.6473900079727173, 1.2102841138839722, 0.2231999933719635, -1.4772000312805176, -1.4895559549331665] [0.1849636435508728, -0.1737448275089264, 0.10715930908918381, 0.7584240436553955, 0.04606379196047783, -0.07766412943601608] [0.5108100771903992, 0.14583447575569153, 0.20361937582492828]
[-0.2898840308189392, -0.6489239931106567, -0.5737580060958862, 0.6489239931106567, 1.2102841138839722, 0.2231999933719635, -1.4772000312805176, -1.4895559549331665] [0.18497079610824585, -0.17391641438007355, 0.10722185671329498, 0.7568269371986389, 0.045391831547021866, -0.07904455810785294] [0.5108100771903992, 0.14583447575569153, 0.20361937582492828]
[-0.2898840308189392, -0.6489239931106567, -0.5752919912338257, 0.6473900079727173, 1.2102841138839722, 0.2231999933719635, -1.4772000312805176, -1.4895559549331665] [0.18497246503829956, -0.17390277981758118, 0.10723482072353363, 0.7583609819412231, 0.045391831547021866, -0.07904455810785294] [0.5108100771903992, 0.14583447575569153, 0.20361937582492828]
[-0.2898840308189392, -0.6489239931106567, -0.5752919912338257, 0.6473900079727173, 1.2102841138839722, 0.2231999933719635, -1.4772000312805176, -1.4895559549331665] [0.18497079610824585, -0.17391641438007355, 0.10722185671329498, 0.7568269371986389, 0.045391831547021866, -0.07904455810785294] [0.5108100771903992, 0.14583447575569153, 0.20361937582492828]
[-0.2898840308189392, -0.6489239931106567, -0.5752919912338257, 0.6473900079727173, 1.2102841138839722, 0.2231999933719635, -1.4772000312805176, -1.4895559549331665] [0.18497440218925476, -0.1737448275089264, 0.10687556117773056, 0.7583048939704895, 0.04759315773844719, -0.07766970992088318] [0.5108100771903992, 0.14583447575569153, 0.20361937582492828]
[-0.28835004568099976, -0.6489239931106567, -0.5737580060958862, 0.6473900079727173, 1.2102841138839722, 0.2231999933719635, -1.4772000312805176, -1.4895559549331665] [0.18497246503829956, -0.17390277981758118, 0.10723482072353363, 0.7583609819412231, 0.045391831547021866, -0.07904455810785294] [0.5108100771903992, 0.14583447575569153, 0.20361937582492828]
[-0.29755404591560364, -0.6473900079727173, -0.5752919912338257, 0.6489239931106567, 1.2118180990219116, 0.22280000150203705, -1.4772000312805176, -1.4895559549331665] [0.18494267761707306, -0.1734696924686432, 0.11003054678440094, 0.7591549754142761, 0.030734552070498466, -0.0761694461107254] [0.5108100771903992, 0.14583447575569153, 0.20361937582492828]
[-0.3297680616378784, -0.6351180076599121, -0.5691559910774231, 0.6489239931106567, 1.2118180990219116, 0.22280000150203705, -1.4772000312805176, -1.488021969795227] [0.18557220697402954, -0.17048197984695435, 0.11734834313392639, 0.7616065740585327, -0.00813256949186325, -0.060029417276382446] [0.5108100771903992, 0.14583447575569153, 0.20361937582492828]
[-0.37272006273269653, -0.6197779774665833, -0.561486005783081, 0.6489239931106567, 1.2118180990219116, 0.2223999947309494, -1.4772000312805176, -1.488021969795227] [0.18596689403057098, -0.16652260720729828, 0.126459538936615, 0.7639273405075073, -0.056389857083559036, -0.0387997142970562] [0.5108100771903992, 0.14583447575569153, 0.20361937582492828]
[-0.4233420491218567, -0.5844959616661072, -0.5384759902954102, 0.6489239931106567, 1.2102841138839722, 0.2223999947309494, -1.4772000312805176, -1.488021969795227] [0.1865491271018982, -0.15881028771400452, 0.1380438655614853, 0.7687954306602478, -0.11841771751642227, 0.0030263534281402826] [0.5108100771903992, 0.14583447575569153, 0.20361937582492828]
[-0.44788604974746704, -0.5400099754333496, -0.5246700048446655, 0.6504579782485962, 1.2118180990219116, 0.2223999947309494, -1.4772000312805176, -1.4895559549331665] [0.18820077180862427, -0.14801396429538727, 0.1448085755109787, 0.7550155520439148, -0.14888375997543335, 0.05945471674203873] [0.5108100771903992, 0.14583447575569153, 0.20361937582492828]
[-0.4693620502948761, -0.481717973947525, -0.5185339450836182, 0.6719340085983276, 1.2102841138839722, 0.2223999947309494, -1.4772000312805176, -1.4895559549331665] [0.1898053139448166, -0.1289161890745163, 0.15011613070964813, 0.7112841606140137, -0.16074135899543762, 0.16605807840824127] [0.5108100771903992, 0.14583447575569153, 0.20361937582492828]
[-0.5015760660171509, -0.25928795337677, -0.5139319896697998, 0.6719340085983276, 1.2102841138839722, 0.2223999947309494, -1.4772000312805176, -1.4895559549331665] [0.18980643153190613, -0.08078794926404953, 0.15628065168857574, 0.5918806791305542, -0.1547398567199707, 0.4048509895801544] [0.5108100771903992, 0.14583447575569153, 0.20361937582492828]
[-0.513848066329956, -0.05986796319484711, -0.5154659748077393, 0.6719340085983276, 1.2102841138839722, 0.2223999947309494, -1.4772000312805176, -1.4895559549331665] [0.18389372527599335, -0.04543686285614967, 0.15396034717559814, 0.5076297521591187, -0.11604087799787521, 0.578127920627594] [0.5108100771903992, 0.14583447575569153, 0.20361937582492828]
[-0.5107800364494324, 0.10427004098892212, -0.5154659748077393, 0.6796039938926697, 1.2102841138839722, 0.2223999947309494, -1.4772000312805176, -1.4895559549331665] [0.17674723267555237, -0.023145461454987526, 0.14944691956043243, 0.46008816361427307, -0.07452848553657532, 0.6936285495758057] [0.5108100771903992, 0.14583447575569153, 0.20361937582492828]
[-0.516916036605835, 0.12114404141902924, -0.5185339450836182, 0.6980119943618774, 1.2102841138839722, 0.2223999947309494, -1.4772000312805176, -1.4895559549331665] [0.17445775866508484, -0.020388590171933174, 0.14828026294708252, 0.44868290424346924, -0.0585891455411911, 0.7184891104698181] [0.5108100771903992, 0.14583447575569153, 0.20361937582492828]
[-0.5291880369186401, 0.1426200419664383, -0.526203989982605, 0.7869839668273926, 1.2102841138839722, 0.2223999947309494, -1.4772000312805176, -1.4895559549331665] [0.16656513512134552, -0.012659138068556786, 0.1420527696609497, 0.42359817028045654, 0.008546844124794006, 0.8011206388473511] [0.5108100771903992, 0.14583447575569153, 0.20361937582492828]
[-0.5475960373878479, 0.14415404200553894, -0.5783599615097046, 0.9449859857559204, 1.2102841138839722, 0.2223999947309494, -1.4756660461425781, -1.4895559549331665] [0.1583397090435028, -0.009880715981125832, 0.12902699410915375, 0.37897223234176636, 0.13602498173713684, 0.8703975677490234] [0.5108100771903992, 0.14583447575569153, 0.20361937582492828]
[-0.5660040378570557, 0.15335804224014282, -0.5921659469604492, 0.9940739870071411, 1.2102841138839722, 0.2223999947309494, -1.4772000312805176, -1.4895559549331665] [0.15390324592590332, -0.006285302806645632, 0.1270662099123001, 0.3578181564807892, 0.166462242603302, 0.9052969813346863] [0.5108100771903992, 0.14583447575569153, 0.20361937582492828]
[-0.5706060528755188, 0.20244604349136353, -0.5906319618225098, 1.014016032218933, 1.2102841138839722, 0.2223999947309494, -1.4772000312805176, -1.4895559549331665] [0.1479223072528839, 0.001670107594691217, 0.12130808085203171, 0.3512517511844635, 0.21122810244560242, 0.9646845459938049] [0.5108100771903992, 0.14583447575569153, 0.20361937582492828]
[-0.5568000674247742, 0.22699004411697388, -0.5860300064086914, 1.0370259284973145, 1.2102841138839722, 0.2223999947309494, -1.4772000312805176, -1.4910900592803955] [0.14409463107585907, 0.005103543866425753, 0.11612887680530548, 0.3715915381908417, 0.24381579458713531, 1.0064380168914795] [0.5108100771903992, 0.14583447575569153, 0.20361937582492828]
[-0.5337900519371033, 0.2469320446252823, -0.572223961353302, 1.058501958847046, 1.2102841138839722, 0.2223999947309494, -1.4756660461425781, -1.4910900592803955] [0.13940785825252533, 0.009673507884144783, 0.11132389307022095, 0.40211203694343567, 0.26915228366851807, 1.0582610368728638] [0.5108100771903992, 0.14583447575569153, 0.20361937582492828]
[-0.5061780214309692, 0.2760780453681946, -0.5492140054702759, 1.078444004058838, 1.2102841138839722, 0.2223999947309494, -1.4756660461425781, -1.4910900592803955] [0.1346510499715805, 0.014439619146287441, 0.10538966953754425, 0.4412895143032074, 0.29575595259666443, 1.1126165390014648] [0.5108100771903992, 0.14583447575569153, 0.20361937582492828]
[-0.4724300503730774, 0.3098260462284088, -0.5308059453964233, 1.0799779891967773, 1.2102841138839722, 0.2223999947309494, -1.4772000312805176, -1.4910900592803955] [0.13109585642814636, 0.018544131889939308, 0.10148146748542786, 0.4758368730545044, 0.30690014362335205, 1.1538597345352173] [0.5108100771903992, 0.14583447575569153, 0.20361937582492828]
[-0.44481804966926575, 0.33437004685401917, -0.5216019749641418, 1.0799779891967773, 1.2102841138839722, 0.2223999947309494, -1.4772000312805176, -1.492624044418335] [0.13092346489429474, 0.018709203228354454, 0.098088338971138, 0.5044382810592651, 0.3159218728542328, 1.1638795137405396] [0.5108100771903992, 0.14583447575569153, 0.20361937582492828]
[-0.42487603425979614, 0.33437004685401917, -0.5231359601020813, 1.0799779891967773, 1.2102841138839722, 0.2223999947309494, -1.4772000312805176, -1.492624044418335] [0.1307518184185028, 0.018713919445872307, 0.09658214449882507, 0.5152184963226318, 0.3211383819580078, 1.1683694124221802] [0.5108100771903992, 0.14583447575569153, 0.20361937582492828]
[-0.41260403394699097, 0.335904061794281, -0.5231359601020813, 1.0830459594726562, 1.2102841138839722, 0.2223999947309494, -1.4756660461425781, -1.492624044418335] [0.13072627782821655, 0.018631430342793465, 0.09365901350975037, 0.5350914001464844, 0.33054119348526, 1.1741501092910767] [0.5108100771903992, 0.14583447575569153, 0.20361937582492828]
[-0.3788560628890991, 0.335904061794281, -0.5292719602584839, 1.0815119743347168, 1.2087500095367432, 0.2223999947309494, -1.4772000312805176, -1.4941580295562744] [0.1308889538049698, 0.018206756561994553, 0.08945401012897491, 0.5555093288421631, 0.3464822769165039, 1.1787008047103882] [0.5108100771903992, 0.14583447575569153, 0.20361937582492828]
[-0.36658406257629395, 0.335904061794281, -0.5292719602584839, 1.0815119743347168, 1.2072160243988037, 0.2223999947309494, -1.478734016418457, -1.4941580295562744] [0.1308925747871399, 0.01827654056251049, 0.08865151554346085, 0.5620917677879333, 0.34740012884140015, 1.1808353662490845] [0.5108100771903992, 0.14583447575569153, 0.20361937582492828]
[-0.35431206226348877, 0.33437004685401917, -0.5308059453964233, 1.0769100189208984, 1.2041480541229248, 0.2223999947309494, -1.478734016418457, -1.4941580295562744] [0.13129188120365143, 0.018159758299589157, 0.08718112856149673, 0.5687381625175476, 0.35040345788002014, 1.180177927017212] [0.5108100771903992, 0.14583447575569153, 0.20361937582492828]
[-0.3451080322265625, 0.33437004685401917, -0.5323399901390076, 1.0661720037460327, 1.2041480541229248, 0.22200000286102295, -1.4818021059036255, -1.4956920146942139] [0.13231128454208374, 0.01803380623459816, 0.08668889850378036, 0.5720966458320618, 0.34807613492012024, 1.1726996898651123] [0.5108100771903992, 0.14583447575569153, 0.20361937582492828]
[-0.34050604701042175, 0.33437004685401917, -0.5308059453964233, 1.055433988571167, 1.2041480541229248, 0.22200000286102295, -1.483336091041565, -1.4956920146942139] [0.1335468590259552, 0.018045121803879738, 0.08721873909235, 0.5721390843391418, 0.3400448262691498, 1.1627172231674194] [0.5108100771903992, 0.14583447575569153, 0.20361937582492828]
[-0.34050604701042175, 0.33437004685401917, -0.5323399901390076, 1.0477639436721802, 1.2041480541229248, 0.22200000286102295, -1.483336091041565, -1.4941580295562744] [0.13406486809253693, 0.01793433167040348, 0.08737535029649734, 0.5697871446609497, 0.33839350938796997, 1.1579488515853882] [0.5108100771903992, 0.14583447575569153, 0.20361937582492828]
[-0.3389720320701599, 0.3328360319137573, -0.5323399901390076, 1.0293560028076172, 1.2041480541229248, 0.22200000286102295, -1.483336091041565, -1.4941580295562744] [0.13597892224788666, 0.017788372933864594, 0.08836696296930313, 0.5657249689102173, 0.32716891169548035, 1.1414636373519897] [0.5108100771903992, 0.14583447575569153, 0.20361937582492828]
[-0.33130204677581787, 0.33130204677581787, -0.5246700048446655, 1.0063459873199463, 1.2041480541229248, 0.22200000286102295, -1.483336091041565, -1.4941580295562744] [0.1377381533384323, 0.017973866313695908, 0.08886782079935074, 0.5751641988754272, 0.3128233850002289, 1.1292200088500977] [0.5108100771903992, 0.14583447575569153, 0.20361937582492828]
[-0.32363206148147583, 0.33130204677581787, -0.5246700048446655, 0.9695299863815308, 1.2041480541229248, 0.22200000286102295, -1.483336091041565, -1.4941580295562744] [0.14142435789108276, 0.017542466521263123, 0.09032675623893738, 0.573409378528595, 0.291681170463562, 1.0983937978744507] [0.5108100771903992, 0.14583447575569153, 0.20361937582492828]
[-0.3128940463066101, 0.33130204677581787, -0.5216019749641418, 0.9189079999923706, 1.2041480541229248, 0.22200000286102295, -1.483336091041565, -1.4941580295562744] [0.14648741483688354, 0.01664932817220688, 0.09206163138151169, 0.5730493664741516, 0.26391908526420593, 1.0558645725250244] [0.5108100771903992, 0.14583447575569153, 0.20361937582492828]
[-0.3036900460720062, 0.33130204677581787, -0.5200679898262024, 0.8744219541549683, 1.2041480541229248, 0.22200000286102295, -1.4848700761795044, -1.4941580295562744] [0.15079307556152344, 0.015645472332835197, 0.09375887364149094, 0.5725128650665283, 0.23956948518753052, 1.018991470336914] [0.5108100771903992, 0.14583447575569153, 0.20361937582492828]
[-0.2898840308189392, 0.33130204677581787, -0.5154659748077393, 0.8176639676094055, 1.2041480541229248, 0.22200000286102295, -1.483336091041565, -1.4941580295562744] [0.1550564169883728, 0.014512263238430023, 0.09551586955785751, 0.5761931538581848, 0.21369047462940216, 0.9824301600456238] [0.5108100771903992, 0.14583447575569153, 0.20361937582492828]
[-0.2837480306625366, 0.33130204677581787, -0.5139319896697998, 0.7716439962387085, 1.2041480541229248, 0.22200000286102295, -1.4848700761795044, -1.492624044418335] [0.15924006700515747, 0.013048121705651283, 0.09766251593828201, 0.5747116208076477, 0.18834291398525238, 0.9448590874671936] [0.5108100771903992, 0.14583447575569153, 0.20361937582492828]
[-0.2791460454463959, 0.3328360319137573, -0.5123980045318604, 0.7317599654197693, 1.2041480541229248, 0.22200000286102295, -1.4879380464553833, -1.492624044418335] [0.16306711733341217, 0.011483549140393734, 0.10011632740497589, 0.5720645785331726, 0.16310857236385345, 0.9094288349151611] [0.5108100771903992, 0.14583447575569153, 0.20361937582492828]
[-0.2791460454463959, 0.33437004685401917, -0.5108639597892761, 0.7010799646377563, 1.2041480541229248, 0.22200000286102295, -1.4910061359405518, -1.4910900592803955] [0.16459140181541443, 0.010818097740411758, 0.10140302032232285, 0.5709673166275024, 0.1514175534248352, 0.8949966430664062] [0.5108100771903992, 0.14583447575569153, 0.20361937582492828]
[-0.2791460454463959, 0.33437004685401917, -0.5077959895133972, 0.6995459794998169, 1.2041480541229248, 0.2215999960899353, -1.4910061359405518, -1.4910900592803955] [0.164443239569664, 0.01100998092442751, 0.10169365257024765, 0.5747491121292114, 0.1490211933851242, 0.8967685699462891] [0.5108100771903992, 0.14583447575569153, 0.20361937582492828]
[-0.27761203050613403, 0.33437004685401917, -0.5016599893569946, 0.696478009223938, 1.2056820392608643, 0.2215999960899353, -1.4925401210784912, -1.4895559549331665] [0.1654871553182602, 0.010697824880480766, 0.10317490249872208, 0.5808123350143433, 0.13604971766471863, 0.8871268630027771] [0.5108100771903992, 0.14583447575569153, 0.20361937582492828]
[-0.27761203050613403, 0.33437004685401917, -0.49859195947647095, 0.6565939784049988, 1.2056820392608643, 0.2215999960899353, -1.4940741062164307, -1.4864879846572876] [0.1693090796470642, 0.008659630082547665, 0.1056489571928978, 0.5800746083259583, 0.11106506735086441, 0.8498388528823853] [0.5108100771903992, 0.14583447575569153, 0.20361937582492828]
[-0.2730100452899933, 0.33437004685401917, -0.49859195947647095, 0.6029039621353149, 1.2072160243988037, 0.2215999960899353, -1.4956080913543701, -1.4864879846572876] [0.17367388308048248, 0.005970812868326902, 0.1082819476723671, 0.5779388546943665, 0.0833343118429184, 0.8060043454170227] [0.5108100771903992, 0.14583447575569153, 0.20361937582492828]
[-0.2607380449771881, 0.33437004685401917, -0.5001260042190552, 0.44643598794937134, 1.2072160243988037, 0.22200000286102295, -1.4971420764923096, -1.4864879846572876] [0.18934012949466705, -0.006989916320890188, 0.11628279834985733, 0.5944429636001587, -0.016460008919239044, 0.6320814490318298] [0.5108100771903992, 0.14583447575569153, 0.20361937582492828]
[-0.22852404415607452, 0.33437004685401917, -0.5001260042190552, 0.33905595541000366, 1.2072160243988037, 0.22200000286102295, -1.4971420764923096, -1.4864879846572876] [0.1914287954568863, -0.009138102643191814, 0.1162419393658638, 0.6012044548988342, -0.02527763694524765, 0.6067882776260376] [0.5108100771903992, 0.14583447575569153, 0.20361937582492828]
[-0.22852404415607452, 0.335904061794281, -0.5139319896697998, 0.34212398529052734, 1.2072160243988037, 0.22200000286102295, -1.4971420764923096, -1.4864879846572876] [0.19156290590763092, -0.009406562894582748, 0.1153467670083046, 0.5838863253593445, -0.018463196232914925, 0.6057329773902893] [0.5108100771903992, 0.14583447575569153, 0.20361937582492828]
[-0.22699004411697388, 0.335904061794281, -0.5354079604148865, 0.3528619706630707, 1.2072160243988037, 0.22200000286102295, -1.4971420764923096, -1.4864879846572876] [0.19104285538196564, -0.009028149768710136, 0.11367648094892502, 0.5598809123039246, -0.0038197720423340797, 0.6130765080451965] [0.5108100771903992, 0.14583447575569153, 0.20361937582492828]
[-0.22852404415607452, 0.3328360319137573, -0.5507479906082153, 0.3666679859161377, 1.2072160243988037, 0.22200000286102295, -1.4956080913543701, -1.4864879846572876] [0.19050286710262299, -0.008529133163392544, 0.11293522268533707, 0.5518265962600708, 0.0036124312318861485, 0.6199588179588318] [0.5108100771903992, 0.14583447575569153, 0.20361937582492828]
[-0.23005804419517517, 0.32670003175735474, -0.5584179759025574, 0.38814395666122437, 1.2072160243988037, 0.22200000286102295, -1.4971420764923096, -1.4864879846572876] [0.18949197232723236, -0.007597147487103939, 0.11187580972909927, 0.5415935516357422, 0.01510893739759922, 0.6323897838592529] [0.5108100771903992, 0.14583447575569153, 0.20361937582492828]
[-0.24233004450798035, 0.31136006116867065, -0.5752919912338257, 0.4310959577560425, 1.2072160243988037, 0.2223999947309494, -1.4956080913543701, -1.4864879846572876] [0.18760094046592712, -0.007147540338337421, 0.11057685315608978, 0.5192885398864746, 0.038099389523267746, 0.6545189619064331] [0.5108100771903992, 0.14583447575569153, 0.20361937582492828]
[-0.2546020448207855, 0.29141804575920105, -0.5906319618225098, 0.47251397371292114, 1.2072160243988037, 0.22200000286102295, -1.4956080913543701, -1.4864879846572876] [0.186777725815773, -0.009061555378139019, 0.10943902283906937, 0.4986651837825775, 0.06023068726062775, 0.6631309986114502] [0.5108100771903992, 0.14583447575569153, 0.20361937582492828]
[-0.2730100452899933, 0.26840806007385254, -0.6167099475860596, 0.5139319896697998, 1.2072160243988037, 0.22200000286102295, -1.4956080913543701, -1.488021969795227] [0.18651577830314636, -0.012270933017134666, 0.10952959954738617, 0.47342416644096375, 0.07691382616758347, 0.6625245809555054] [0.5108100771903992, 0.14583447575569153, 0.20361937582492828]
[-0.2960200309753418, 0.22238804399967194, -0.6458559632301331, 0.572223961353302, 1.2072160243988037, 0.22200000286102295, -1.4956080913543701, -1.488021969795227] [0.18704985082149506, -0.020347123965620995, 0.10965131223201752, 0.44136232137680054, 0.10324093699455261, 0.6456342935562134] [0.5108100771903992, 0.14583447575569153, 0.20361937582492828]
[-0.3282340466976166, 0.165630042552948, -0.6811379790306091, 0.6351180076599121, 1.2072160243988037, 0.22200000286102295, -1.4940741062164307, -1.488021969795227] [0.18761508166790009, -0.02797362394630909, 0.10987135022878647, 0.41512012481689453, 0.12401867657899857, 0.6239797472953796] [0.5108100771903992, 0.14583447575569153, 0.20361937582492828]
[-0.36044806241989136, 0.12421204149723053, -0.7256239652633667, 0.6949439644813538, 1.2072160243988037, 0.2223999947309494, -1.4956080913543701, -1.488021969795227] [0.18691109120845795, -0.03371595963835716, 0.11022412776947021, 0.36241522431373596, 0.15288643538951874, 0.608437180519104] [0.5108100771903992, 0.14583447575569153, 0.20361937582492828]
[-0.39573004841804504, 0.09813404083251953, -0.7762459516525269, 0.7563039660453796, 1.2072160243988037, 0.22200000286102295, -1.4956080913543701, -1.488021969795227] [0.1864793598651886, -0.04084338992834091, 0.11043422669172287, 0.3253672122955322, 0.17892993986606598, 0.5849102735519409] [0.5108100771903992, 0.14583447575569153, 0.20361937582492828]
[-0.43561404943466187, 0.03217203915119171, -0.8330039978027344, 0.8498779535293579, 1.2072160243988037, 0.22200000286102295, -1.4940741062164307, -1.488021969795227] [0.18352191150188446, -0.052806105464696884, 0.10750500112771988, 0.2629953622817993, 0.25267061591148376, 0.5503305792808533] [0.5108100771903992, 0.14583447575569153, 0.20361937582492828]
[-0.5261200666427612, -0.01691596210002899, -0.951121985912323, 1.0278220176696777, 1.2072160243988037, 0.22200000286102295, -1.4956080913543701, -1.488021969795227] [0.177019402384758, -0.06408616900444031, 0.10819563269615173, 0.17932333052158356, 0.3286862075328827, 0.5143781900405884] [0.5108100771903992, 0.14583447575569153, 0.20361937582492828]
[-0.6150920391082764, -0.061401963233947754, -1.020151972770691, 1.1582119464874268, 1.2072160243988037, 0.22200000286102295, -1.4940741062164307, -1.488021969795227] [0.17063672840595245, -0.06840647757053375, 0.10548187792301178, 0.15284712612628937, 0.39627715945243835, 0.5153351426124573] [0.5108100771903992, 0.14583447575569153, 0.20361937582492828]
[-0.6242960691452026, -0.05986796319484711, -1.020151972770691, 1.1612800359725952, 1.2072160243988037, 0.2215999960899353, -1.4956080913543701, -1.488021969795227] [0.1705946922302246, -0.06811723113059998, 0.10561902821063995, 0.1492142677307129, 0.3965180218219757, 0.5155290365219116] [0.5108100771903992, 0.14583447575569153, 0.20361937582492828]
[-0.6258300542831421, -0.04759596288204193, -1.0216859579086304, 1.167415976524353, 1.2072160243988037, 0.2215999960899353, -1.4956080913543701, -1.488021969795227] [0.168488547205925, -0.06327680498361588, 0.10443432629108429, 0.14038121700286865, 0.41404685378074646, 0.5455646514892578] [0.5108100771903992, 0.14583447575569153, 0.20361937582492828]
[-0.6319660544395447, -0.019983962178230286, -1.014016032218933, 1.210368037223816, 1.2072160243988037, 0.2215999960899353, -1.4956080913543701, -1.488021969795227] [0.1636953055858612, -0.05961351841688156, 0.10183490812778473, 0.14954596757888794, 0.4510638117790222, 0.5897297859191895] [0.5108100771903992, 0.14583447575569153, 0.20361937582492828]
[-0.6442380547523499, -0.019983962178230286, -0.9925400018692017, 1.2809319496154785, 1.2072160243988037, 0.2215999960899353, -1.4940741062164307, -1.488021969795227] [0.15819017589092255, -0.057181116193532944, 0.09945054352283478, 0.16800852119922638, 0.48831063508987427, 0.6359651684761047] [0.5108100771903992, 0.14583447575569153, 0.20361937582492828]
[-0.6611120700836182, -0.019983962178230286, -0.9818019866943359, 1.3499619960784912, 1.2072160243988037, 0.2215999960899353, -1.4940741062164307, -1.488021969795227] [0.1509818285703659, -0.05497538670897484, 0.0963979959487915, 0.18872813880443573, 0.5378564596176147, 0.6918244957923889] [0.5108100771903992, 0.14583447575569153, 0.20361937582492828]
[-0.6902580261230469, -0.02305196225643158, -0.9419180154800415, 1.5401780605316162, 1.2072160243988037, 0.2215999960899353, -1.4940741062164307, -1.488021969795227] [0.1352771818637848, -0.050726596266031265, 0.09169506281614304, 0.248825803399086, 0.6244480013847351, 0.8249871134757996] [0.5108100771903992, 0.14583447575569153, 0.20361937582492828]
[-0.7117340564727783, -0.021517962217330933, -0.9281119704246521, 1.600003957748413, 1.2072160243988037, 0.2215999960899353, -1.4940741062164307, -1.488021969795227] [0.1351677030324936, -0.05028878152370453, 0.09304673969745636, 0.2415631264448166, 0.617179274559021, 0.8239253759384155] [0.5108100771903992, 0.14583447575569153, 0.20361937582492828]
[-0.7132680416107178, -0.021517962217330933, -0.9281119704246521, 1.6015379428863525, 1.2072160243988037, 0.22120000422000885, -1.4940741062164307, -1.488021969795227] [0.13493481278419495, -0.049857672303915024, 0.09245070070028305, 0.24990932643413544, 0.6186971068382263, 0.8317659497261047] [0.5108100771903992, 0.14583447575569153, 0.20361937582492828]
[-0.7071320414543152, -0.021517962217330933, -0.9158399701118469, 1.6061400175094604, 1.2072160243988037, 0.2207999974489212, -1.4940741062164307, -1.488021969795227] [0.13460156321525574, -0.04914931580424309, 0.09276389330625534, 0.25767752528190613, 0.6136583685874939, 0.8410732746124268] [0.5108100771903992, 0.14583447575569153, 0.20361937582492828]
[-0.7071320414543152, -0.019983962178230286, -0.9081699848175049, 1.6061400175094604, 1.2072160243988037, 0.2207999974489212, -1.4940741062164307, -1.4895559549331665] [0.1342204213142395, -0.04828106611967087, 0.0927773267030716, 0.26113057136535645, 0.6125872135162354, 0.8493759632110596] [0.5108100771903992, 0.14583447575569153, 0.20361937582492828]
[-0.7009960412979126, -0.00771196186542511, -0.8958979845046997, 1.6030720472335815, 1.2072160243988037, 0.2207999974489212, -1.4940741062164307, -1.4895559549331665] [0.13222616910934448, -0.04376216232776642, 0.09180247783660889, 0.26127755641937256, 0.6218008995056152, 0.8837794661521912] [0.5108100771903992, 0.14583447575569153, 0.20361937582492828]
[-0.6963940858840942, 0.04291003942489624, -0.8774899840354919, 1.5969359874725342, 1.2072160243988037, 0.22120000422000885, -1.4956080913543701, -1.4895559549331665] [0.1296587884426117, -0.038456328213214874, 0.09074131399393082, 0.25823789834976196, 0.633246898651123, 0.9232103228569031] [0.5108100771903992, 0.14583447575569153, 0.20361937582492828]
[-0.6856560707092285, 0.0643860399723053, -0.8422079682350159, 1.587731957435608, 1.2072160243988037, 0.2207999974489212, -1.4940741062164307, -1.4895559549331665] [0.1262030303478241, -0.032529331743717194, 0.08947412669658661, 0.2975527048110962, 0.6300994753837585, 0.9911381006240845] [0.5108100771903992, 0.14583447575569153, 0.20361937582492828]
[-0.648840069770813, 0.09199804067611694, -0.7823820114135742, 1.566256046295166, 1.2072160243988037, 0.22120000422000885, -1.4940741062164307, -1.4910900592803955] [0.12018229067325592, -0.02378316968679428, 0.08566829562187195, 0.37558937072753906, 0.6305932998657227, 1.1049885749816895] [0.5108100771903992, 0.14583447575569153, 0.20361937582492828]
[-0.5982180833816528, 0.12881404161453247, -0.7225559949874878, 1.5202360153198242, 1.2072160243988037, 0.2207999974489212, -1.4956080913543701, -1.492624044418335] [0.1179264485836029, -0.015506098978221416, 0.0838892012834549, 0.43295708298683167, 0.6028919816017151, 1.1757184267044067] [0.5108100771903992, 0.14583447575569153, 0.20361937582492828]
[-0.5537320375442505, 0.15642604231834412, -0.6842060089111328, 1.472681999206543, 1.2072160243988037, 0.2207999974489212, -1.4971420764923096, -1.492624044418335] [0.11762232333421707, -0.010402108542621136, 0.0834280326962471, 0.46062973141670227, 0.5780813097953796, 1.204549789428711] [0.5108100771903992, 0.14583447575569153, 0.20361937582492828]
[-0.5245860815048218, 0.17943604290485382, -0.6519919633865356, 1.434332013130188, 1.2072160243988037, 0.2207999974489212, -1.4971420764923096, -1.492624044418335] [0.11765699833631516, -0.004359617829322815, 0.08332602679729462, 0.4874875247478485, 0.545769989490509, 1.2298771142959595] [0.5108100771903992, 0.14583447575569153, 0.20361937582492828]
[-0.4893040657043457, 0.22238804399967194, -0.6059719920158386, 1.3254179954528809, 1.2072160243988037, 0.2207999974489212, -1.4971420764923096, -1.492624044418335] [0.1213589683175087, 0.006389516405761242, 0.0867551937699318, 0.5168307423591614, 0.45746248960494995, 1.2312932014465332] [0.5108100771903992, 0.14583447575569153, 0.20361937582492828]
[-0.41874003410339355, 0.2806800603866577, -0.5415439605712891, 1.210368037223816, 1.2072160243988037, 0.2207999974489212, -1.498676061630249, -1.492624044418335] [0.12227143347263336, 0.014507572166621685, 0.08658874034881592, 0.5574897527694702, 0.40847542881965637, 1.245745062828064] [0.5108100771903992, 0.14583447575569153, 0.20361937582492828]
[-0.40186604857444763, 0.2868160605430603, -0.5369420051574707, 1.202697992324829, 1.2072160243988037, 0.22120000422000885, -1.4971420764923096, -1.492624044418335] [0.12283212691545486, 0.014832993037998676, 0.08654677867889404, 0.5650079846382141, 0.4019632935523987, 1.2436771392822266] [0.5108100771903992, 0.14583447575569153, 0.20361937582492828]
[-0.38959404826164246, 0.29448604583740234, -0.5292719602584839, 1.172018051147461, 1.2072160243988037, 0.2207999974489212, -1.498676061630249, -1.492624044418335] [0.12439371645450592, 0.017133599147200584, 0.08713234961032867, 0.5726832151412964, 0.381091445684433, 1.2348121404647827] [0.5108100771903992, 0.14583447575569153, 0.20361937582492828]
[-0.36658406257629395, 0.3159620463848114, -0.5108639597892761, 1.1106579303741455, 1.2072160243988037, 0.2207999974489212, -1.498676061630249, -1.492624044418335] [0.12807029485702515, 0.019548779353499413, 0.0886525958776474, 0.588063657283783, 0.3431732952594757, 1.2101558446884155] [0.5108100771903992, 0.14583447575569153, 0.20361937582492828]
[-0.34971004724502563, 0.322098046541214, -0.49245595932006836, 1.070773959159851, 1.2072160243988037, 0.2207999974489212, -1.4971420764923096, -1.492624044418335] [0.13083426654338837, 0.020348424091935158, 0.09055683761835098, 0.6028626561164856, 0.31286707520484924, 1.1912121772766113] [0.5108100771903992, 0.14583447575569153, 0.20361937582492828]
[-0.3420400619506836, 0.3128940463066101, -0.4740479588508606, 1.0109479427337646, 1.2087500095367432, 0.22120000422000885, -1.4971420764923096, -1.4910900592803955] [0.14371734857559204, 0.012451335787773132, 0.10052605718374252, 0.6130594611167908, 0.22753360867500305, 1.083131194114685] [0.5108100771903992, 0.14583447575569153, 0.20361937582492828]
[-0.3481760621070862, 0.2116500437259674, -0.4418339729309082, 0.951121985912323, 1.2087500095367432, 0.22120000422000885, -1.4971420764923096, -1.492624044418335] [0.1552814245223999, 0.0004476929607335478, 0.1076270118355751, 0.6321538090705872, 0.16570276021957397, 0.9789676070213318] [0.5108100771903992, 0.14583447575569153, 0.20361937582492828]
[-0.3481760621070862, 0.12114404141902924, -0.43416398763656616, 0.9173740148544312, 1.2087500095367432, 0.22120000422000885, -1.4971420764923096, -1.492624044418335] [0.16581843793392181, -0.015776922926306725, 0.11323399841785431, 0.6514038443565369, 0.1184646487236023, 0.8683160543441772] [0.5108100771903992, 0.14583447575569153, 0.20361937582492828]
[-0.35277804732322693, -0.021517962217330933, -0.4326299726963043, 0.9112379550933838, 1.2087500095367432, 0.22120000422000885, -1.4971420764923096, -1.492624044418335] [0.1794593632221222, -0.05439910665154457, 0.1189906969666481, 0.704456090927124, 0.060856595635414124, 0.6566811203956604] [0.5108100771903992, 0.14583447575569153, 0.20361937582492828]
[-0.3558460474014282, -0.2915019690990448, -0.43416398763656616, 0.9097039699554443, 1.2087500095367432, 0.22120000422000885, -1.4971420764923096, -1.492624044418335] [0.18421655893325806, -0.09283342212438583, 0.12219631671905518, 0.773193359375, 0.011526963673532009, 0.45809563994407654] [0.5108100771903992, 0.14583447575569153, 0.20361937582492828]
[-0.3589140474796295, -0.4019499719142914, -0.4096199870109558, 0.9112379550933838, 1.2087500095367432, 0.22120000422000885, -1.4956080913543701, -1.4956920146942139] [0.1840866655111313, -0.09864817559719086, 0.1234273836016655, 0.7928628921508789, -0.003731396049261093, 0.42961087822914124] [0.5108100771903992, 0.14583447575569153, 0.20361937582492828]
[-0.3650500476360321, -0.4280279874801636, -0.4280279874801636, 0.912771999835968, 1.2087500095367432, 0.22120000422000885, -1.4956080913543701, -1.4941580295562744] [0.1840001940727234, -0.10576740652322769, 0.12208019196987152, 0.7859184145927429, 0.005753169301897287, 0.391024649143219] [0.5108100771903992, 0.14583447575569153, 0.20361937582492828]
[-0.36351603269577026, -0.4648439884185791, -0.44950395822525024, 0.9143059849739075, 1.2087500095367432, 0.22120000422000885, -1.4971420764923096, -1.4941580295562744] [0.18394090235233307, -0.11067438870668411, 0.12063554674386978, 0.7870855331420898, 0.012822417542338371, 0.3641877770423889] [0.5108100771903992, 0.14583447575569153, 0.20361937582492828]
[-0.36044806241989136, -0.48325198888778687, -0.44950395822525024, 0.9143059849739075, 1.2087500095367432, 0.2207999974489212, -1.4971420764923096, -1.4956920146942139] [0.1838870644569397, -0.11232373118400574, 0.1200273334980011, 0.7912169694900513, 0.014545834623277187, 0.35563674569129944] [0.5108100771903992, 0.14583447575569153, 0.20361937582492828]
[-0.36044806241989136, -0.47864997386932373, -0.4510379731655121, 0.9143059849739075, 1.2087500095367432, 0.22120000422000885, -1.4956080913543701, -1.4941580295562744] [0.18397338688373566, -0.11183691024780273, 0.11962603777647018, 0.789796769618988, 0.0174708291888237, 0.35800719261169434] [0.5108100771903992, 0.14583447575569153, 0.20361937582492828]
[-0.3573800325393677, -0.47864997386932373, -0.44950395822525024, 0.9143059849739075, 1.2087500095367432, 0.22120000422000885, -1.4971420764923096, -1.4941580295562744] [0.18388427793979645, -0.11163148283958435, 0.11968985199928284, 0.7907647490501404, 0.01698322966694832, 0.35990315675735474] [0.5108100771903992, 0.14583447575569153, 0.20361937582492828]
[-0.3573800325393677, -0.47864997386932373, -0.44950395822525024, 0.9143059849739075, 1.2087500095367432, 0.22120000422000885, -1.4971420764923096, -1.4941580295562744] [0.18394900858402252, -0.1114196926355362, 0.11928053200244904, 0.7898590564727783, 0.019719954580068588, 0.36084607243537903] [0.5108100771903992, 0.14583447575569153, 0.20361937582492828]
[-0.3589140474796295, -0.4801839590072632, -0.44950395822525024, 0.9143059849739075, 1.2087500095367432, 0.22120000422000885, -1.4956080913543701, -1.4941580295562744] [0.18400327861309052, -0.11183691024780273, 0.11934377998113632, 0.7903344035148621, 0.01890760287642479, 0.3580169677734375] [0.5108100771903992, 0.14583447575569153, 0.20361937582492828]
