[0.03839196264743805, -0.2822979688644409, -0.6826719641685486, 0.2132679671049118, 0.5767420530319214, 0.5295999646186829, -1.3744220733642578, -1.3468940258026123] [0.20561647415161133, -0.15570423007011414, 0.06473030149936676, -0.10231077671051025, 0.17231281101703644, -0.11671797186136246]
[0.03839196264743805, -0.2822979688644409, -0.6842060089111328, 0.2132679671049118, 0.5767420530319214, 0.21199999749660492, -1.3744220733642578, -1.3468940258026123] [0.20572558045387268, -0.15568554401397705, 0.06535941362380981, -0.10041434317827225, 0.16926570236682892, -0.11665637046098709]
[0.035323962569236755, -0.2822979688644409, -0.6842060089111328, 0.2132679671049118, 0.5767420530319214, 0.21279999613761902, -1.3774900436401367, -1.3499619960784912] [0.205765962600708, -0.15554720163345337, 0.06556905806064606, -0.10003017634153366, 0.16870293021202087, -0.11541309207677841]
[0.03225596249103546, -0.2822979688644409, -0.6842060089111328, 0.2132679671049118, 0.5767420530319214, 0.21240000426769257, -1.3774900436401367, -1.3514959812164307] [0.2058308869600296, -0.15568554401397705, 0.06599074602127075, -0.10005225241184235, 0.16621853411197662, -0.11659591645002365]
[0.03225596249103546, -0.2822979688644409, -0.6842060089111328, 0.2132679671049118, 0.5767420530319214, 0.21240000426769257, -1.3774900436401367, -1.3514959812164307] [0.21481499075889587, -0.09951379150152206, 0.07709592580795288, -0.10450570285320282, 0.12019254267215729, 0.15619628131389618]
[-0.02757003903388977, 0.045978039503097534, -0.6949439644813538, 0.23320996761322021, 0.5767420530319214, 0.21240000426769257, -1.406636118888855, -1.3745059967041016] [0.21379463374614716, -0.07706236839294434, 0.07695322483778, -0.113459013402462, 0.12189505249261856, 0.2607521712779999]
[-0.026036038994789124, 0.09813404083251953, -0.6949439644813538, 0.23320996761322021, 0.5752080678939819, 0.21240000426769257, -1.4189081192016602, -1.3745059967041016] [0.2131849229335785, -0.07216541469097137, 0.07628423720598221, -0.11320903152227402, 0.1250109225511551, 0.2837851941585541]
[-0.021434038877487183, 0.12267804145812988, -0.6949439644813538, 0.23320996761322021, 0.5736740827560425, 0.21240000426769257, -1.4189081192016602, -1.3745059967041016] [0.2121313512325287, -0.06533323973417282, 0.07528465986251831, -0.11252717673778534, 0.12961818277835846, 0.31607791781425476]
[-0.01836603879928589, 0.16409604251384735, -0.6934099793434143, 0.23320996761322021, 0.5736740827560425, 0.21240000426769257, -1.421976089477539, -1.376039981842041] [0.2105025351047516, -0.056486453860998154, 0.07469553500413895, -0.109195776283741, 0.131941020488739, 0.35820692777633667]
[-0.01683203876018524, 0.21011604368686676, -0.6888079643249512, 0.23474396765232086, 0.5736740827560425, 0.21240000426769257, -1.4281120300292969, -1.3837100267410278] [0.20779280364513397, -0.04475582391023636, 0.07460124045610428, -0.10686154663562775, 0.1327057033777237, 0.41496238112449646]
[-0.015298038721084595, 0.269942045211792, -0.6811379790306091, 0.23474396765232086, 0.5736740827560425, 0.21240000426769257, -1.4311801195144653, -1.3867779970169067] [0.20449362695217133, -0.0334940068423748, 0.07406540215015411, -0.09867586940526962, 0.13443772494792938, 0.46984973549842834]
[-0.015298038721084595, 0.3389720320701599, -0.6780699491500854, 0.24087996780872345, 0.5736740827560425, 0.21279999613761902, -1.4357820749282837, -1.391379952430725] [0.20227642357349396, -0.0274212546646595, 0.07367519289255142, -0.09530996531248093, 0.13786093890666962, 0.5024500489234924]
[-0.013764038681983948, 0.34050604701042175, -0.6780699491500854, 0.2424139678478241, 0.5736740827560425, 0.21279999613761902, -1.4388500452041626, -1.3898459672927856] [0.2023308277130127, -0.027463741600513458, 0.0739554911851883, -0.09757660329341888, 0.13680320978164673, 0.5021185278892517]
[-0.015298038721084595, 0.34050604701042175, -0.676535964012146, 0.2424139678478241, 0.5736740827560425, 0.21240000426769257, -1.4388500452041626, -1.391379952430725] [0.2020263522863388, -0.027141230180859566, 0.07332754880189896, -0.09632451087236404, 0.14100651443004608, 0.5058625340461731]
[-0.013764038681983948, 0.3420400619506836, -0.676535964012146, 0.25775396823883057, 0.5736740827560425, 0.21240000426769257, -1.4388500452041626, -1.3898459672927856] [0.20111589133739471, -0.0260307677090168, 0.07230464369058609, -0.09303886443376541, 0.15021122992038727, 0.5182713270187378]
[-0.013764038681983948, 0.3420400619506836, -0.676535964012146, 0.27002596855163574, 0.5736740827560425, 0.21279999613761902, -1.4373160600662231, -1.3898459672927856] [0.20061077177524567, -0.025397012010216713, 0.07198257744312286, -0.09270155429840088, 0.1545720398426056, 0.5254727602005005]
[-0.013764038681983948, 0.3420400619506836, -0.676535964012146, 0.27002596855163574, 0.5736740827560425, 0.21279999613761902, -1.4357820749282837, -1.391379952430725] [0.2005675584077835, -0.025397012010216713, 0.0716748759150505, -0.09192261099815369, 0.1558990329504013, 0.5255931615829468]
[-0.0122300386428833, 0.34050604701042175, -0.676535964012146, 0.27002596855163574, 0.5736740827560425, 0.21279999613761902, -1.4373160600662231, -1.3898459672927856] [0.20061595737934113, -0.0255022831261158, 0.0714719295501709, -0.09133413434028625, 0.15627948939800262, 0.5244925022125244]
[-0.0122300386428833, 0.33743804693222046, -0.6750019788742065, 0.2684919834136963, 0.5736740827560425, 0.21279999613761902, -1.4357820749282837, -1.3898459672927856] [0.20062561333179474, -0.025518424808979034, 0.07147364318370819, -0.09286818653345108, 0.15627948939800262, 0.5244925022125244]
[-0.0122300386428833, 0.31442803144454956, -0.6826719641685486, 0.26695796847343445, 0.5721400380134583, 0.21279999613761902, -1.4357820749282837, -1.3898459672927856] [0.2016274780035019, -0.02805769257247448, 0.07152695953845978, -0.10073015093803406, 0.155900776386261, 0.5103349089622498]
[-0.013764038681983948, 0.29141804575920105, -0.6842060089111328, 0.2654239535331726, 0.5721400380134583, 0.21279999613761902, -1.4327141046524048, -1.3898459672927856] [0.2029149979352951, -0.03175778314471245, 0.07185166329145432, -0.09972955286502838, 0.1544405072927475, 0.4918459951877594]
[-0.0122300386428833, 0.27147603034973145, -0.6826719641685486, 0.2654239535331726, 0.5721400380134583, 0.21279999613761902, -1.4296460151672363, -1.3883119821548462] [0.2042432725429535, -0.03609262406826019, 0.0715920627117157, -0.09877506643533707, 0.15535607933998108, 0.47077494859695435]
[-0.010696038603782654, 0.2407960444688797, -0.6811379790306091, 0.2654239535331726, 0.5736740827560425, 0.21279999613761902, -1.4265780448913574, -1.3867779970169067] [0.20615746080875397, -0.04347998648881912, 0.07059694826602936, -0.0946909487247467, 0.15996721386909485, 0.43580520153045654]
[-0.006094038486480713, 0.2085820436477661, -0.6811379790306091, 0.26695796847343445, 0.5736740827560425, 0.21279999613761902, -1.4204421043395996, -1.3852440118789673] [0.2076394259929657, -0.04960225149989128, 0.07007435709238052, -0.09191902726888657, 0.1617467701435089, 0.4056675434112549]
[4.1961669921875e-05, 0.17790204286575317, -0.6734679937362671, 0.26695796847343445, 0.5736740827560425, 0.21279999613761902, -1.4158400297164917, -1.3806419372558594] [0.20839206874370575, -0.05403893440961838, 0.06886319816112518, -0.08168444037437439, 0.16674302518367767, 0.3855372667312622]
[0.003109961748123169, 0.15182404220104218, -0.6734679937362671, 0.26695796847343445, 0.5736740827560425, 0.21279999613761902, -1.4127720594406128, -1.3775739669799805] [0.20962023735046387, -0.06057365611195564, 0.0683211162686348, -0.08085653930902481, 0.16870351135730743, 0.3537960350513458]
[0.006177961826324463, 0.12267804145812988, -0.6734679937362671, 0.2654239535331726, 0.5736740827560425, 0.21279999613761902, -1.4081701040267944, -1.372972011566162] [0.21063366532325745, -0.06748992949724197, 0.06756909936666489, -0.08458442986011505, 0.17262037098407745, 0.32097768783569336]
[0.013847962021827698, 0.08126004040241241, -0.6842060089111328, 0.26388996839523315, 0.5736740827560425, 0.21240000426769257, -1.3974320888519287, -1.3637679815292358] [0.21148863434791565, -0.07883888483047485, 0.0642819032073021, -0.08716857433319092, 0.18785765767097473, 0.2672644853591919]
[0.02765396237373352, 0.05364803969860077, -0.6857399940490723, 0.26388996839523315, 0.5736740827560425, 0.21279999613761902, -1.3912960290908813, -1.3591660261154175] [0.21132618188858032, -0.08029592037200928, 0.062401629984378815, -0.08512204885482788, 0.19616158306598663, 0.2600818872451782]
[0.03378996253013611, 0.05671603977680206, -0.6857399940490723, 0.2623559832572937, 0.5736740827560425, 0.21240000426769257, -1.3912960290908813, -1.3591660261154175] [0.21118980646133423, -0.07933659106492996, 0.06208190694451332, -0.08610054850578308, 0.19760364294052124, 0.26479005813598633]
[0.035323962569236755, 0.08279404044151306, -0.6857399940490723, 0.26388996839523315, 0.5736740827560425, 0.21240000426769257, -1.386694073677063, -1.3545639514923096] [0.2099304497241974, -0.06958743929862976, 0.06115199998021126, -0.0831427276134491, 0.20154307782649994, 0.31136661767959595]
[0.04452796280384064, 0.1364840418100357, -0.6857399940490723, 0.26388996839523315, 0.5736740827560425, 0.21240000426769257, -1.3805580139160156, -1.3499619960784912] [0.20809313654899597, -0.06022023409605026, 0.0592915341258049, -0.07821550220251083, 0.20960912108421326, 0.3568178117275238]
[0.04759596288204193, 0.17636804282665253, -0.6857399940490723, 0.2623559832572937, 0.5736740827560425, 0.21240000426769257, -1.3805580139160156, -1.3499619960784912] [0.20635086297988892, -0.051565855741500854, 0.059374529868364334, -0.07634303718805313, 0.20888245105743408, 0.39857786893844604]
[0.04912996292114258, 0.2208540439605713, -0.6857399940490723, 0.2623559832572937, 0.5736740827560425, 0.21279999613761902, -1.3805580139160156, -1.3499619960784912] [0.20426464080810547, -0.04326119273900986, 0.059190232306718826, -0.07237238436937332, 0.20918217301368713, 0.43916669487953186]
[0.050663962960243225, 0.269942045211792, -0.6842060089111328, 0.27002596855163574, 0.5736740827560425, 0.21279999613761902, -1.348344087600708, -1.3392239809036255] [0.2010280191898346, -0.03877050429582596, 0.051621213555336, -0.018775535747408867, 0.24165835976600647, 0.46975061297416687]
[0.09514996409416199, 0.19937804341316223, -0.6519919633865356, 0.2715599536895752, 0.5736740827560425, 0.21279999613761902, -1.3299360275268555, -1.3269519805908203] [0.20379963517189026, -0.05251449719071388, 0.04828021675348282, -0.01980663649737835, 0.2573433816432953, 0.4029769003391266]
[0.11969395726919174, 0.09506604075431824, -0.6519919633865356, 0.2715599536895752, 0.5752080678939819, 0.21279999613761902, -1.309994101524353, -1.2978060245513916] [0.20621469616889954, -0.0794951394200325, 0.041729770600795746, -0.024177340790629387, 0.2906501293182373, 0.27503153681755066]
[0.1350339651107788, 0.05364803969860077, -0.6550599932670593, 0.27002596855163574, 0.5736740827560425, 0.21279999613761902, -1.3007900714874268, -1.2962720394134521] [0.20561236143112183, -0.07549036294221878, 0.04085732623934746, -0.023629359900951385, 0.29413264989852905, 0.29414770007133484]
[0.13656796514987946, 0.09966804087162018, -0.6565939784049988, 0.27002596855163574, 0.5736740827560425, 0.21279999613761902, -1.3007900714874268, -1.2947380542755127] [0.2038331776857376, -0.06339159607887268, 0.040674950927495956, -0.015038774348795414, 0.29396921396255493, 0.3540789484977722]
[0.13963596522808075, 0.16409604251384735, -0.6565939784049988, 0.2715599536895752, 0.5752080678939819, 0.21279999613761902, -1.3007900714874268, -1.2947380542755127] [0.20148085057735443, -0.051359955221414566, 0.04074525460600853, -0.007022727746516466, 0.29186776280403137, 0.4126674234867096]
[0.14883996546268463, 0.27761203050613403, -0.6550599932670593, 0.26695796847343445, 0.5736740827560425, 0.21279999613761902, -1.3007900714874268, -1.2962720394134521] [0.19295750558376312, -0.024981921538710594, 0.03877750039100647, 0.018106047064065933, 0.29596078395843506, 0.5464051365852356]
[0.1611119657754898, 0.3451080322265625, -0.6550599932670593, 0.2776959538459778, 0.5736740827560425, 0.21240000426769257, -1.3023240566253662, -1.2932039499282837] [0.19190779328346252, -0.02423243783414364, 0.03730078414082527, 0.023465145379304886, 0.3055194318294525, 0.5567206144332886]
[0.1611119657754898, 0.3451080322265625, -0.6565939784049988, 0.2822979688644409, 0.5736740827560425, 0.21279999613761902, -1.3023240566253662, -1.2932039499282837] [0.1915852427482605, -0.023959234356880188, 0.03701096400618553, 0.02316371165215969, 0.3082875907421112, 0.5606027841567993]
[0.1611119657754898, 0.3481760621070862, -0.6581279635429382, 0.2945699691772461, 0.5736740827560425, 0.21279999613761902, -1.3038580417633057, -1.2901359796524048] [0.19050002098083496, -0.0231058057397604, 0.03588724881410599, 0.02474946714937687, 0.31754088401794434, 0.5727615356445312]
[0.16264596581459045, 0.3481760621070862, -0.6581279635429382, 0.2976379692554474, 0.5752080678939819, 0.21240000426769257, -1.3053920269012451, -1.282465934753418] [0.19037823379039764, -0.022954093292355537, 0.035844504833221436, 0.026723938062787056, 0.31795695424079895, 0.5743860602378845]
[0.16264596581459045, 0.3481760621070862, -0.6596620082855225, 0.2976379692554474, 0.5736740827560425, 0.21279999613761902, -1.3069260120391846, -1.282465934753418] [0.19038720428943634, -0.02300150878727436, 0.03580404072999954, 0.025180155411362648, 0.3183410167694092, 0.574139416217804]
[0.16264596581459045, 0.34971004724502563, -0.6596620082855225, 0.2976379692554474, 0.5736740827560425, 0.21279999613761902, -1.3069260120391846, -1.282465934753418] [0.1902652084827423, -0.0228497926145792, 0.03576159104704857, 0.02715582214295864, 0.3187544643878937, 0.57576584815979]
[0.16264596581459045, 0.3481760621070862, -0.6581279635429382, 0.29917198419570923, 0.5752080678939819, 0.21279999613761902, -1.3069260120391846, -1.282465934753418] [0.19037823379039764, -0.022954093292355537, 0.035844504833221436, 0.026723938062787056, 0.31795695424079895, 0.5743860602378845]
[0.16264596581459045, 0.34664204716682434, -0.6565939784049988, 0.29610395431518555, 0.5736740827560425, 0.21279999613761902, -1.3053920269012451, -1.2809319496154785] [0.19100229442119598, -0.02329159900546074, 0.03671186789870262, 0.029891135171055794, 0.31116870045661926, 0.568189799785614]
[0.1641799658536911, 0.33130204677581787, -0.6473900079727173, 0.27309396862983704, 0.5736740827560425, 0.21279999613761902, -1.3038580417633057, -1.2855340242385864] [0.19199368357658386, -0.024284103885293007, 0.03718886151909828, 0.03318999707698822, 0.30359911918640137, 0.5544659495353699]
[0.1641799658536911, 0.31442803144454956, -0.6458559632301331, 0.27309396862983704, 0.5736740827560425, 0.21279999613761902, -1.294654130935669, -1.282465934753418] [0.19229872524738312, -0.02510538138449192, 0.03717474639415741, 0.0341019406914711, 0.30361586809158325, 0.5502250790596008]
[0.1672479659318924, 0.29448604583740234, -0.6397199630737305, 0.27309396862983704, 0.5752080678939819, 0.21279999613761902, -1.290052056312561, -1.2778639793395996] [0.19419701397418976, -0.031139234080910683, 0.036341678351163864, 0.03580921143293381, 0.3077695369720459, 0.5197526216506958]
[0.1672479659318924, 0.2576700448989868, -0.6397199630737305, 0.27309396862983704, 0.5736740827560425, 0.21279999613761902, -1.2869840860366821, -1.2763299942016602] [0.1962977796792984, -0.037905462086200714, 0.03606057167053223, 0.0337313711643219, 0.3097652494907379, 0.4853508770465851]
[0.1672479659318924, 0.20091204345226288, -0.6243799924850464, 0.27309396862983704, 0.5752080678939819, 0.21279999613761902, -1.2823820114135742, -1.2732620239257812] [0.19938187301158905, -0.04940400645136833, 0.03594956919550896, 0.04157949239015579, 0.3101288676261902, 0.42752310633659363]
[0.1672479659318924, 0.16102804243564606, -0.6151759624481201, 0.27309396862983704, 0.5752080678939819, 0.21279999613761902, -1.2777800559997559, -1.2686599493026733] [0.20165270566940308, -0.060442518442869186, 0.03567899763584137, 0.039101503789424896, 0.31254109740257263, 0.3725968897342682]
[0.1672479659318924, 0.1165420413017273, -0.6151759624481201, 0.27309396862983704, 0.5752080678939819, 0.21279999613761902, -1.2731781005859375, -1.2655919790267944] [0.20253945887088776, -0.06721117347478867, 0.03487402945756912, 0.03489212319254875, 0.3173025846481323, 0.3395366668701172]
[0.1703159660100937, 0.08279404044151306, -0.6151759624481201, 0.27309396862983704, 0.5767420530319214, 0.21279999613761902, -1.2701101303100586, -1.264057993888855] [0.20315410196781158, -0.0726962611079216, 0.03443893790245056, 0.03251471370458603, 0.32017776370048523, 0.3126136362552643]
[0.1703159660100937, 0.07512404024600983, -0.6213119626045227, 0.27309396862983704, 0.5767420530319214, 0.21240000426769257, -1.2701101303100586, -1.264057993888855] [0.20309558510780334, -0.0722656100988388, 0.034209202975034714, 0.018924688920378685, 0.3222959041595459, 0.3139706254005432]
[0.17184996604919434, 0.087396040558815, -0.630515992641449, 0.27002596855163574, 0.5752080678939819, 0.21240000426769257, -1.271644115447998, -1.264057993888855] [0.2021510899066925, -0.06628977507352829, 0.03377937898039818, 0.02300008200109005, 0.3231167197227478, 0.34299975633621216]
[0.17491796612739563, 0.13034804165363312, -0.630515992641449, 0.26695796847343445, 0.5767420530319214, 0.21240000426769257, -1.2731781005859375, -1.2655919790267944] [0.20068588852882385, -0.05689962953329086, 0.03423711284995079, 0.028478233143687248, 0.31865009665489197, 0.3880477249622345]
[0.17491796612739563, 0.18403804302215576, -0.630515992641449, 0.26388996839523315, 0.5752080678939819, 0.21240000426769257, -1.2823820114135742, -1.2701940536499023] [0.19866541028022766, -0.045504577457904816, 0.03551189973950386, 0.03499511629343033, 0.3084240257740021, 0.4399745762348175]
[0.17184996604919434, 0.2377280443906784, -0.630515992641449, 0.2500839829444885, 0.5767420530319214, 0.21240000426769257, -1.29312002658844, -1.2778639793395996] [0.19632399082183838, -0.034779392182826996, 0.03703663498163223, 0.04012114927172661, 0.2964082658290863, 0.4873538911342621]
[0.1703159660100937, 0.3328360319137573, -0.630515992641449, 0.23014196753501892, 0.5752080678939819, 0.21279999613761902, -1.3145960569381714, -1.2932039499282837] [0.19442613422870636, -0.02679530344903469, 0.03873111307621002, 0.03917696699500084, 0.284464955329895, 0.5210473537445068]
[0.1641799658536911, 0.3451080322265625, -0.6228460073471069, 0.23320996761322021, 0.5767420530319214, 0.21279999613761902, -1.328402042388916, -1.1106579303741455] [0.1918124556541443, -0.07217385619878769, 0.006725199520587921, 0.10141243040561676, 0.4537334144115448, 0.33381810784339905]
[0.31297796964645386, 0.07512404024600983, -0.6182439923286438, 0.27616196870803833, 0.5966840386390686, 0.21279999613761902, -1.1305160522460938, -1.109123945236206] [0.19168634712696075, -0.072145476937294, 0.006366081535816193, 0.09704822301864624, 0.455764502286911, 0.33335497975349426]
[0.3145119547843933, 0.0904640406370163, -0.6213119626045227, 0.27616196870803833, 0.5966840386390686, 0.21279999613761902, -1.1289820671081543, -1.1075899600982666] [0.19034257531166077, -0.06499882787466049, 0.005943113937973976, 0.10665685683488846, 0.4565008878707886, 0.3718370795249939]
[0.317579984664917, 0.12728004157543182, -0.6243799924850464, 0.27616196870803833, 0.5966840386390686, 0.21279999613761902, -1.124380111694336, -1.1014540195465088] [0.18822865188121796, -0.0560515858232975, 0.005248937290161848, 0.121574766933918, 0.4573374390602112, 0.41968008875846863]
[0.32524996995925903, 0.19784404337406158, -0.6259139776229858, 0.27616196870803833, 0.5966840386390686, 0.21279999613761902, -1.1228461265563965, -1.0983860492706299] [0.184658944606781, -0.04212715104222298, 0.005405339878052473, 0.14376062154769897, 0.4523495137691498, 0.4938838481903076]
[0.3283179700374603, 0.26227205991744995, -0.6274479627609253, 0.27616196870803833, 0.5966840386390686, 0.21279999613761902, -1.124380111694336, -1.0999200344085693] [0.1797676533460617, -0.027531443163752556, 0.00572370458394289, 0.16797898709774017, 0.4461338520050049, 0.5730968117713928]
[0.3375219702720642, 0.34664204716682434, -0.6320499777793884, 0.29303598403930664, 0.5966840386390686, 0.21240000426769257, -1.1289820671081543, -1.0922499895095825] [0.17651864886283875, -0.022191563621163368, 0.004675146657973528, 0.18158049881458282, 0.45374324917793274, 0.6138644814491272]
[0.33905595541000366, 0.3451080322265625, -0.6320499777793884, 0.29610395431518555, 0.5966840386390686, 0.21279999613761902, -1.1289820671081543, -1.0922499895095825] [0.17612265050411224, -0.022023696452379227, 0.004245199728757143, 0.18238526582717896, 0.4566394090652466, 0.617224395275116]
[0.33905595541000366, 0.34664204716682434, -0.6351180076599121, 0.3053079843521118, 0.5966840386390686, 0.21279999613761902, -1.1289820671081543, -1.0891820192337036] [0.17536833882331848, -0.021480150520801544, 0.0038095666095614433, 0.18343819677829742, 0.4611721336841583, 0.6262167096138]
[0.33905595541000366, 0.3481760621070862, -0.6351180076599121, 0.30684196949005127, 0.5966840386390686, 0.21279999613761902, -1.1289820671081543, -1.0876480340957642] [0.17511485517024994, -0.02126927860081196, 0.0036938132252544165, 0.1848369687795639, 0.46240222454071045, 0.6293561458587646]
[0.33905595541000366, 0.3481760621070862, -0.6351180076599121, 0.3083759546279907, 0.5966840386390686, 0.21279999613761902, -1.1305160522460938, -1.0876480340957642] [0.17435060441493988, -0.020688705146312714, 0.0033040938433259726, 0.18751126527786255, 0.4665084481239319, 0.6385846138000488]
[0.33905595541000366, 0.34971004724502563, -0.6366519927978516, 0.3267839550971985, 0.5966840386390686, 0.21279999613761902, -1.135118007659912, -1.0876480340957642] [0.17322008311748505, -0.019669758155941963, 0.0030007443856447935, 0.19208122789859772, 0.47134387493133545, 0.6539140939712524]
[0.3375219702720642, 0.34971004724502563, -0.6366519927978516, 0.33598798513412476, 0.5951500535011292, 0.21279999613761902, -1.135118007659912, -1.0891820192337036] [0.17296025156974792, -0.019464658573269844, 0.0028887055814266205, 0.193522110581398, 0.4725452959537506, 0.6570835709571838]
[0.3375219702720642, 0.34971004724502563, -0.6366519927978516, 0.33905595541000366, 0.5951500535011292, 0.21279999613761902, -1.135118007659912, -1.0876480340957642] [0.17243847250938416, -0.019056323915719986, 0.002666158601641655, 0.1964193731546402, 0.47493577003479004, 0.6634341478347778]
[0.33598798513412476, 0.34664204716682434, -0.6366519927978516, 0.3467259705066681, 0.5951500535011292, 0.21279999613761902, -1.1289820671081543, -1.0861139297485352] [0.17219427227973938, -0.018700649961829185, 0.002813906641677022, 0.19908320903778076, 0.475032776594162, 0.6679440140724182]
[0.3375219702720642, 0.3451080322265625, -0.6351180076599121, 0.34825998544692993, 0.5951500535011292, 0.21279999613761902, -1.1213120222091675, -1.078444004058838] [0.17191338539123535, -0.01854814775288105, 0.0025447080843150616, 0.2024288922548294, 0.4763431251049042, 0.6702530980110168]
[0.3375219702720642, 0.3451080322265625, -0.630515992641449, 0.34825998544692993, 0.5951500535011292, 0.21279999613761902, -1.1167100667953491, -1.0769100189208984] [0.17191322147846222, -0.018497077748179436, 0.002594335936009884, 0.20397387444972992, 0.4758593440055847, 0.6704780459403992]
[0.3375219702720642, 0.34357404708862305, -0.630515992641449, 0.34825998544692993, 0.5951500535011292, 0.21279999613761902, -1.1167100667953491, -1.0769100189208984] [0.17206242680549622, -0.018497077748179436, 0.002858162624761462, 0.20290227234363556, 0.47465720772743225, 0.6699877381324768]
[0.33598798513412476, 0.322098046541214, -0.6320499777793884, 0.34825998544692993, 0.5951500535011292, 0.21279999613761902, -1.1151760816574097, -1.0769100189208984] [0.17242074012756348, -0.019041750580072403, 0.0030494206584990025, 0.20102132856845856, 0.474023699760437, 0.6664851903915405]
[0.3344539701938629, 0.2960200309753418, -0.630515992641449, 0.34825998544692993, 0.5951500535011292, 0.21279999613761902, -1.1090400218963623, -1.0769100189208984] [0.17386160790920258, -0.0229239072650671, 0.0025485693477094173, 0.1967180222272873, 0.4780150353908539, 0.6449731588363647]
[0.3344539701938629, 0.2745440602302551, -0.630515992641449, 0.34825998544692993, 0.6012860536575317, 0.21279999613761902, -1.0998361110687256, -1.0723079442977905] [0.17618606984615326, -0.029726946726441383, 0.0017905246932059526, 0.19841830432415009, 0.48431897163391113, 0.6069782972335815]
[0.33598798513412476, 0.23312604427337646, -0.6167099475860596, 0.34825998544692993, 0.6150920391082764, 0.21279999613761902, -1.0952340364456177, -1.070773959159851] [0.17890402674674988, -0.03859211504459381, 0.0010753320530056953, 0.20933297276496887, 0.4889189302921295, 0.5581870079040527]
[0.33598798513412476, 0.19017404317855835, -0.5983020067214966, 0.34825998544692993, 0.6150920391082764, 0.21279999613761902, -1.0921660661697388, -1.0723079442977905] [0.18109793961048126, -0.045953232795000076, 0.0010315959807485342, 0.21825270354747772, 0.48890990018844604, 0.5177680850028992]
[0.33598798513412476, 0.12114404141902924, -0.5860300064086914, 0.34825998544692993, 0.6150920391082764, 0.21279999613761902, -1.0875641107559204, -1.0723079442977905] [0.18418456614017487, -0.060549646615982056, 0.0001631031627766788, 0.20051077008247375, 0.4979300796985626, 0.43929052352905273]
[0.33598798513412476, 0.06592004001140594, -0.5860300064086914, 0.34825998544692993, 0.6150920391082764, 0.21279999613761902, -1.084496021270752, -1.070773959159851] [0.18587584793567657, -0.07234133780002594, -0.0004275414103176445, 0.18092042207717896, 0.5053507089614868, 0.3762839734554291]
[0.33598798513412476, 0.029104039072990417, -0.5860300064086914, 0.34825998544692993, 0.6135580539703369, 0.21279999613761902, -1.0798940658569336, -1.070773959159851] [0.18609046936035156, -0.07426229864358902, -0.0005024863639846444, 0.17768752574920654, 0.5064513087272644, 0.36602795124053955]
[0.3375219702720642, 0.035240039229393005, -0.599835991859436, 0.35132795572280884, 0.6150920391082764, 0.21240000426769257, -1.0768260955810547, -1.0661720037460327] [0.18525753915309906, -0.07211748510599136, -0.0013074679300189018, 0.1688072830438614, 0.5128374695777893, 0.38077041506767273]
[0.33905595541000366, 0.05978403985500336, -0.599835991859436, 0.36206597089767456, 0.6150920391082764, 0.21240000426769257, -1.0676220655441284, -1.0569679737091064] [0.1830853968858719, -0.06478273868560791, -0.0023707991931587458, 0.1864379346370697, 0.5187119841575623, 0.42857956886291504]
[0.34519195556640625, 0.10120204091072083, -0.6013699769973755, 0.37893998622894287, 0.6135580539703369, 0.21279999613761902, -1.0584180355072021, -1.0477639436721802] [0.17950691282749176, -0.054164912551641464, -0.003566195722669363, 0.2148270457983017, 0.5248511433601379, 0.49921008944511414]
[0.3497939705848694, 0.14722204208374023, -0.6013699769973755, 0.3988819718360901, 0.6135580539703369, 0.21279999613761902, -1.0522820949554443, -1.0416280031204224] [0.17536111176013947, -0.042630720883607864, -0.00408206507563591, 0.24388831853866577, 0.5262357592582703, 0.5748677253723145]
[0.39427995681762695, -0.08441196382045746, -0.7010799646377563, 0.4019499719142914, 0.6135580539703369, 0.21240000426769257, -0.9709800481796265, -0.9679960012435913] [0.1770237684249878, -0.09793951362371445, -0.015711138024926186, 0.05982931703329086, 0.6296543478965759, 0.27699702978134155]
[0.3804739713668823, -0.08441196382045746, -0.7010799646377563, 0.4019499719142914, 0.6150920391082764, 0.21240000426769257, -0.9755820631980896, -0.9679960012435913] [0.17800650000572205, -0.09806489199399948, -0.01428121980279684, 0.05631543695926666, 0.6214625239372253, 0.2738839089870453]
[0.3605319857597351, -0.08441196382045746, -0.6995459794998169, 0.39121198654174805, 0.6181600689888, 0.21240000426769257, -0.9832520484924316, -0.9756659865379333] [0.18358422815799713, -0.09971973299980164, -0.006417092401534319, 0.04121912643313408, 0.5720078945159912, 0.24516063928604126]
[0.30377396941185, -0.0859459638595581, -0.6934099793434143, 0.37433797121047974, 0.621228039264679, 0.21199999749660492, -1.0031940937042236, -0.9940739870071411] [0.19233918190002441, -0.10054586082696915, 0.010107957758009434, 0.021094227209687233, 0.484722763299942, 0.22664298117160797]
[0.22400596737861633, -0.0920819640159607, -0.6934099793434143, 0.3697359561920166, 0.621228039264679, 0.21240000426769257, -1.0292720794677734, -1.014016032218933] [0.19827966392040253, -0.1031731516122818, 0.023860661312937737, 0.000362412043614313, 0.4151453971862793, 0.20373882353305817]
[0.13963596522808075, -0.12276195734739304, -0.6934099793434143, 0.3697359561920166, 0.621228039264679, 0.21199999749660492, -1.061486005783081, -1.0446959733963013] [0.20411039888858795, -0.11661384254693985, 0.04404236003756523, -0.026583224534988403, 0.3183159828186035, 0.13015063107013702]
[0.04145996272563934, -0.19946196675300598, -0.6934099793434143, 0.3697359561920166, 0.621228039264679, 0.21240000426769257, -1.1443220376968384, -1.1259980201721191] [0.20618371665477753, -0.13282553851604462, 0.06239353120326996, -0.03818530589342117, 0.23005619645118713, 0.04876192286610603]
[-0.05671603977680206, -0.31911396980285645, -0.6934099793434143, 0.3697359561920166, 0.621228039264679, 0.21199999749660492, -1.2486340999603271, -1.245650053024292] [0.20316343009471893, -0.15773418545722961, 0.08286881446838379, -0.02880830690264702, 0.12864644825458527, -0.07218674570322037]
[-0.14108604192733765, -0.40041595697402954, -0.6934099793434143, 0.3697359561920166, 0.621228039264679, 0.21199999749660492, -1.402034044265747, -1.3745059967041016] [0.1995735615491867, -0.17080537974834442, 0.09739334881305695, -0.011659909971058369, 0.054894570261240005, -0.135960191488266]
[-0.2116500437259674, -0.44643598794937134, -0.6826719641685486, 0.3697359561920166, 0.621228039264679, 0.21240000426769257, -1.5002100467681885, -1.4834200143814087] [0.19837887585163116, -0.17378473281860352, 0.10538730770349503, 0.005989016965031624, 0.013196890242397785, -0.15025176107883453]
[-0.20398004353046417, -0.4418339729309082, -0.6842060089111328, 0.3697359561920166, 0.6181600689888, 0.21199999749660492, -1.5094140768051147, -1.4941580295562744] [0.19875141978263855, -0.17301137745380402, 0.10170186311006546, -0.002091511618345976, 0.032164037227630615, -0.14647704362869263]
[-0.20091204345226288, -0.4418339729309082, -0.6826719641685486, 0.37126997113227844, 0.6196940541267395, 0.21199999749660492, -1.5078800916671753, -1.4941580295562744] [0.1987922340631485, -0.17276349663734436, 0.10109332948923111, 0.00038694037357345223, 0.035187870264053345, -0.14459699392318726]
[-0.19937804341316223, -0.4418339729309082, -0.6811379790306091, 0.37126997113227844, 0.6181600689888, 0.21240000426769257, -1.5094140768051147, -1.4941580295562744] [0.19877435266971588, -0.17283491790294647, 0.10104210674762726, -0.0025880057364702225, 0.03564079478383064, -0.14492058753967285]
[-0.19784404337406158, -0.4418339729309082, -0.6842060089111328, 0.3728039860725403, 0.6181600689888, 0.21240000426769257, -1.5078800916671753, -1.4941580295562744] [0.1987786442041397, -0.1726924180984497, 0.10124605149030685, -0.0023231995292007923, 0.035014808177948, -0.14366403222084045]
[-0.19937804341316223, -0.4418339729309082, -0.6842060089111328, 0.37126997113227844, 0.6196940541267395, 0.21240000426769257, -1.5094140768051147, -1.4941580295562744] [0.19877251982688904, -0.17283491790294647, 0.10134702920913696, -0.002366346074268222, 0.03412285074591637, -0.14491285383701324]
[-0.19937804341316223, -0.4418339729309082, -0.6842060089111328, 0.37126997113227844, 0.6196940541267395, 0.21199999749660492, -1.5078800916671753, -1.4941580295562744] [0.1987752467393875, -0.1728162318468094, 0.10134699940681458, -0.0008323624497279525, 0.03412285074591637, -0.14491285383701324]
[-0.19937804341316223, -0.4418339729309082, -0.6842060089111328, 0.37126997113227844, 0.6196940541267395, 0.21240000426769257, -1.5094140768051147, -1.4941580295562744] [0.1987752467393875, -0.1728162318468094, 0.10134699940681458, -0.0008323624497279525, 0.03412285074591637, -0.14491285383701324]
[-0.19784404337406158, -0.4418339729309082, -0.6842060089111328, 0.37126997113227844, 0.6196940541267395, 0.21240000426769257, -1.5094140768051147, -1.4941580295562744] [0.19889509677886963, -0.17237438261508942, 0.10096356272697449, -0.0013076243922114372, 0.036490075290203094, -0.1421787440776825]
