[-0.38959404826164246, -0.630515992641449, -0.467911958694458, 1.0186179876327515, 0.969446063041687, 0.49959999322891235, -1.4971420764923096, -1.4987599849700928] [0.17628103494644165, -0.13074098527431488, 0.11586528271436691, 0.5841481685638428, 0.02432539314031601, 0.31092768907546997] [0.5108100771903992, 0.14583447575569153, 0.20361937582492828]
[-0.38959404826164246, -0.630515992641449, -0.467911958694458, 1.0186179876327515, 0.9679120779037476, 0.25920000672340393, -1.4971420764923096, -1.4987599849700928] [0.17628103494644165, -0.13074098527431488, 0.11586528271436691, 0.5841481685638428, 0.02432539314031601, 0.31092768907546997] [0.5108100771903992, 0.14583447575569153, 0.20361937582492828]
[-0.38959404826164246, -0.6289819478988647, -0.467911958694458, 1.0186179876327515, 0.969446063041687, 0.23479999601840973, -1.4971420764923096, -1.4987599849700928] [0.17628103494644165, -0.13074098527431488, 0.11586528271436691, 0.5841481685638428, 0.02432539314031601, 0.31092768907546997] [0.5108100771903992, 0.14583447575569153, 0.20361937582492828]
[-0.38959404826164246, -0.6289819478988647, -0.46637797355651855, 1.0186179876327515, 0.969446063041687, 0.23440000414848328, -1.4971420764923096, -1.4987599849700928] [0.1762343794107437, -0.1310003697872162, 0.11584612727165222, 0.5847031474113464, 0.024147536605596542, 0.30952203273773193] [0.5108100771903992, 0.14583447575569153, 0.20361937582492828]
[-0.38959404826164246, -0.6289819478988647, -0.467911958694458, 1.0186179876327515, 0.969446063041687, 0.23479999601840973, -1.4971420764923096, -1.4987599849700928] [0.17623893916606903, -0.13101544976234436, 0.11583571881055832, 0.583169162273407, 0.024147536605596542, 0.30952203273773193] [0.5108100771903992, 0.14583447575569153, 0.20361937582492828]
[-0.38959404826164246, -0.6289819478988647, -0.467911958694458, 1.0186179876327515, 0.969446063041687, 0.23440000414848328, -1.4971420764923096, -1.4987599849700928] [0.1762343794107437, -0.1310003697872162, 0.11584612727165222, 0.5847031474113464, 0.024147536605596542, 0.30952203273773193] [0.5108100771903992, 0.14583447575569153, 0.20361937582492828]
[-0.38959404826164246, -0.6289819478988647, -0.46637797355651855, 1.0186179876327515, 0.9679120779037476, 0.23440000414848328, -1.4971420764923096, -1.4987599849700928] [0.17627792060375214, -0.1306912899017334, 0.11599770188331604, 0.5834304690361023, 0.023114940151572227, 0.3114181458950043] [0.5108100771903992, 0.14583447575569153, 0.20361937582492828]
[-0.38959404826164246, -0.6289819478988647, -0.467911958694458, 1.0186179876327515, 0.969446063041687, 0.23440000414848328, -1.4971420764923096, -1.4987599849700928] [0.17622677981853485, -0.1309356689453125, 0.11598900705575943, 0.5855193138122559, 0.022936807945370674, 0.3100118637084961] [0.5108100771903992, 0.14583447575569153, 0.20361937582492828]
[-0.38959404826164246, -0.6289819478988647, -0.46637797355651855, 1.0186179876327515, 0.969446063041687, 0.23440000414848328, -1.4971420764923096, -1.4987599849700928] [0.17622677981853485, -0.1309356689453125, 0.11598900705575943, 0.5855193138122559, 0.022936807945370674, 0.3100118637084961] [0.5108100771903992, 0.14583447575569153, 0.20361937582492828]
[-0.38959404826164246, -0.630515992641449, -0.467911958694458, 1.0186179876327515, 0.969446063041687, 0.23440000414848328, -1.4971420764923096, -1.4987599849700928] [0.17628103494644165, -0.13074098527431488, 0.11586528271436691, 0.5841481685638428, 0.02432539314031601, 0.31092768907546997] [0.5108100771903992, 0.14583447575569153, 0.20361937582492828]
[-0.38959404826164246, -0.630515992641449, -0.467911958694458, 1.0186179876327515, 0.9679120779037476, 0.23399999737739563, -1.4971420764923096, -1.4987599849700928] [0.17628562450408936, -0.13075606524944305, 0.11585486680269241, 0.5826141834259033, 0.02432539314031601, 0.31092768907546997] [0.5108100771903992, 0.14583447575569153, 0.20361937582492828]
[-0.38959404826164246, -0.630515992641449, -0.467911958694458, 1.0186179876327515, 0.969446063041687, 0.23399999737739563, -1.4971420764923096, -1.4987599849700928] [0.17622677981853485, -0.1309356689453125, 0.11598900705575943, 0.5855193138122559, 0.022936807945370674, 0.3100118637084961] [0.5108100771903992, 0.14583447575569153, 0.20361937582492828]
[-0.38959404826164246, -0.630515992641449, -0.467911958694458, 1.0186179876327515, 0.969446063041687, 0.23399999737739563, -1.4971420764923096, -1.4987599849700928] [0.17622677981853485, -0.1309356689453125, 0.11598900705575943, 0.5855193138122559, 0.022936807945370674, 0.3100118637084961] [0.5108100771903992, 0.14583447575569153, 0.20361937582492828]
[-0.38959404826164246, -0.6289819478988647, -0.467911958694458, 1.0186179876327515, 0.969446063041687, 0.23399999737739563, -1.4971420764923096, -1.4987599849700928] [0.17627333104610443, -0.13067622482776642, 0.11600811779499054, 0.5849644541740417, 0.023114940151572227, 0.3114181458950043] [0.5108100771903992, 0.14583447575569153, 0.20361937582492828]
[-0.38959404826164246, -0.6289819478988647, -0.467911958694458, 1.0186179876327515, 0.969446063041687, 0.23399999737739563, -1.4971420764923096, -1.5002939701080322] [0.17628103494644165, -0.13074098527431488, 0.11586528271436691, 0.5841481685638428, 0.02432539314031601, 0.31092768907546997] [0.5108100771903992, 0.14583447575569153, 0.20361937582492828]
[-0.38959404826164246, -0.6289819478988647, -0.46637797355651855, 1.0186179876327515, 0.969446063041687, 0.23399999737739563, -1.4971420764923096, -1.4987599849700928] [0.17628562450408936, -0.13075606524944305, 0.11585486680269241, 0.5826141834259033, 0.02432539314031601, 0.31092768907546997] [0.5108100771903992, 0.14583447575569153, 0.20361937582492828]
[-0.38959404826164246, -0.6289819478988647, -0.467911958694458, 1.0186179876327515, 0.969446063041687, 0.23399999737739563, -1.4971420764923096, -1.4987599849700928] [0.17622677981853485, -0.1309356689453125, 0.11598900705575943, 0.5855193138122559, 0.022936807945370674, 0.3100118637084961] [0.5108100771903992, 0.14583447575569153, 0.20361937582492828]
[-0.38959404826164246, -0.6289819478988647, -0.46637797355651855, 1.0186179876327515, 0.969446063041687, 0.23360000550746918, -1.4971420764923096, -1.4987599849700928] [0.17624856531620026, -0.13067622482776642, 0.1162784993648529, 0.5844942927360535, 0.021654723212122917, 0.3114076256752014] [0.5108100771903992, 0.14583447575569153, 0.20361937582492828]
[-0.38959404826164246, -0.6289819478988647, -0.46637797355651855, 1.0186179876327515, 0.969446063041687, 0.23360000550746918, -1.4971420764923096, -1.4987599849700928] [0.17627333104610443, -0.13067622482776642, 0.11600811779499054, 0.5849644541740417, 0.023114940151572227, 0.3114181458950043] [0.5108100771903992, 0.14583447575569153, 0.20361937582492828]
[-0.38959404826164246, -0.6243799924850464, -0.46637797355651855, 1.0186179876327515, 0.969446063041687, 0.23319999873638153, -1.4971420764923096, -1.4987599849700928] [0.17665070295333862, -0.12833799421787262, 0.11644432693719864, 0.5794932246208191, 0.02329905331134796, 0.3240586221218109] [0.5108100771903992, 0.14583447575569153, 0.20361937582492828]
[-0.3941960334777832, -0.5983020067214966, -0.467911958694458, 1.0186179876327515, 0.9679120779037476, 0.23279999196529388, -1.4971420764923096, -1.4987599849700928] [0.17702451348304749, -0.124509796500206, 0.11898695677518845, 0.5641884207725525, 0.014388736337423325, 0.34452149271965027] [0.5108100771903992, 0.14583447575569153, 0.20361937582492828]
[-0.43101203441619873, -0.5860300064086914, -0.467911958694458, 1.0278220176696777, 0.9679120779037476, 0.23240000009536743, -1.4971420764923096, -1.4987599849700928] [0.17522595822811127, -0.12081336230039597, 0.12683111429214478, 0.5427057147026062, -0.02197948843240738, 0.37262773513793945] [0.5108100771903992, 0.14583447575569153, 0.20361937582492828]
[-0.4954400658607483, -0.5507479906082153, -0.4648439884185791, 1.0446959733963013, 0.9679120779037476, 0.23160000145435333, -1.4971420764923096, -1.4987599849700928] [0.17340818047523499, -0.11104755103588104, 0.13847170770168304, 0.4996640980243683, -0.07262349873781204, 0.4308010935783386] [0.5108100771903992, 0.14583447575569153, 0.20361937582492828]
[-0.5460620522499084, -0.4771159887313843, -0.4479699730873108, 1.0508320331573486, 0.9679120779037476, 0.23160000145435333, -1.4971420764923096, -1.4987599849700928] [0.17053237557411194, -0.08798371255397797, 0.14930172264575958, 0.4286250174045563, -0.10302803665399551, 0.5601627230644226] [0.5108100771903992, 0.14583447575569153, 0.20361937582492828]
[-0.5752080678939819, -0.28689998388290405, -0.4249599575996399, 1.0492980480194092, 0.9679120779037476, 0.23160000145435333, -1.4971420764923096, -1.5002939701080322] [0.165257528424263, -0.05528809130191803, 0.1498165726661682, 0.35237348079681396, -0.06405077129602432, 0.7351386547088623] [0.5108100771903992, 0.14583447575569153, 0.20361937582492828]
[-0.5736740827560425, -0.10128595679998398, -0.3927459716796875, 1.0492980480194092, 0.9679120779037476, 0.23160000145435333, -1.4956080913543701, -1.5018279552459717] [0.15704964101314545, -0.029203761368989944, 0.14662067592144012, 0.3165191411972046, -0.021916450932621956, 0.8817189931869507] [0.5108100771903992, 0.14583447575569153, 0.20361937582492828]
[-0.5660040378570557, 0.029104039072990417, -0.3574639558792114, 1.0492980480194092, 0.9633100628852844, 0.23119999468326569, -1.4956080913543701, -1.5002939701080322] [0.14602553844451904, -0.006595481187105179, 0.1428627073764801, 0.2763952910900116, 0.015605052933096886, 1.0201424360275269] [0.5108100771903992, 0.14583447575569153, 0.20361937582492828]
[-0.5629360675811768, 0.09506604075431824, -0.3436579704284668, 1.0539000034332275, 0.9418340921401978, 0.23119999468326569, -1.4971420764923096, -1.5018279552459717] [0.1430526226758957, -0.0017246401403099298, 0.14068086445331573, 0.25912871956825256, 0.03395572304725647, 1.0528415441513062] [0.5108100771903992, 0.14583447575569153, 0.20361937582492828]
[-0.5614020824432373, 0.12881404161453247, -0.34212398529052734, 1.0738420486450195, 0.9249600768089294, 0.23119999468326569, -1.4956080913543701, -1.5018279552459717] [0.1386055052280426, 0.0037456017453223467, 0.13715240359306335, 0.24003535509109497, 0.06375259160995483, 1.0978596210479736] [0.5108100771903992, 0.14583447575569153, 0.20361937582492828]
[-0.5537320375442505, 0.15489204227924347, -0.34212398529052734, 1.0815119743347168, 0.9249600768089294, 0.23119999468326569, -1.4956080913543701, -1.5033619403839111] [0.13731129467487335, 0.005785882007330656, 0.13427947461605072, 0.24811795353889465, 0.07960271835327148, 1.1149373054504395] [0.5108100771903992, 0.14583447575569153, 0.20361937582492828]
[-0.516916036605835, 0.16409604251384735, -0.3436579704284668, 1.1045219898223877, 0.9218920469284058, 0.23119999468326569, -1.4971420764923096, -1.5033619403839111] [0.13607759773731232, 0.007437897380441427, 0.1259089708328247, 0.28577184677124023, 0.11764077097177505, 1.1430914402008057] [0.5108100771903992, 0.14583447575569153, 0.20361937582492828]
[-0.4294780492782593, 0.2085820436477661, -0.34825998544692993, 1.1121920347213745, 0.892746090888977, 0.2680000066757202, -1.4956080913543701, -1.5048960447311401] [0.13074181973934174, 0.015999747440218925, 0.10783475637435913, 0.33227837085723877, 0.19654539227485657, 1.2213988304138184] [0.5108100771903992, 0.14583447575569153, 0.20361937582492828]
[-0.3880600333213806, 0.25153404474258423, -0.3543959856033325, 1.1121920347213745, 0.8881440758705139, 0.21240000426769257, -1.4971420764923096, -1.5048960447311401] [0.1288009136915207, 0.018584372475743294, 0.10357578843832016, 0.3497636020183563, 0.2120988368988037, 1.2444617748260498] [0.5108100771903992, 0.14583447575569153, 0.20361937582492828]
[-0.3558460474014282, 0.25920403003692627, -0.36513397097587585, 1.113726019859314, 0.8881440758705139, 0.21240000426769257, -1.4971420764923096, -1.5048960447311401] [0.12893947958946228, 0.01837329939007759, 0.0970342755317688, 0.380997896194458, 0.23727987706661224, 1.2509233951568604] [0.5108100771903992, 0.14583447575569153, 0.20361937582492828]
[-0.3098260462284088, 0.25613605976104736, -0.35132795572280884, 1.109123945236206, 0.8835420608520508, 0.21240000426769257, -1.4971420764923096, -1.5033619403839111] [0.12939204275608063, 0.018445033580064774, 0.09415780752897263, 0.4275054633617401, 0.2277708798646927, 1.256724238395691] [0.5108100771903992, 0.14583447575569153, 0.20361937582492828]
[-0.28221404552459717, 0.24846604466438293, -0.31911396980285645, 1.1029880046844482, 0.8835420608520508, 0.21240000426769257, -1.4971420764923096, -1.5033619403839111] [0.12943130731582642, 0.018569324165582657, 0.09541110694408417, 0.46685078740119934, 0.1998935341835022, 1.2621241807937622] [0.5108100771903992, 0.14583447575569153, 0.20361937582492828]
[-0.2745440602302551, 0.243864044547081, -0.3053079843521118, 1.1029880046844482, 0.8835420608520508, 0.21240000426769257, -1.4971420764923096, -1.5018279552459717] [0.12925907969474792, 0.018745586276054382, 0.09563674032688141, 0.47074955701828003, 0.1965988129377365, 1.264106035232544] [0.5108100771903992, 0.14583447575569153, 0.20361937582492828]
[-0.27761203050613403, 0.2469320446252823, -0.3083759546279907, 1.1029880046844482, 0.8835420608520508, 0.21240000426769257, -1.4971420764923096, -1.5018279552459717] [0.12903805077075958, 0.019005924463272095, 0.09565255790948868, 0.46590423583984375, 0.19897738099098206, 1.2652945518493652] [0.5108100771903992, 0.14583447575569153, 0.20361937582492828]
[-0.27761203050613403, 0.25153404474258423, -0.31604596972465515, 1.1029880046844482, 0.799172043800354, 0.33320000767707825, -1.4971420764923096, -1.5018279552459717] [0.1300162822008133, 0.018931403756141663, 0.09358704835176468, 0.3042120039463043, 0.20956628024578094, 1.2708587646484375] [0.5108100771903992, 0.14583447575569153, 0.20361937582492828]
[-0.2760780453681946, 0.25613605976104736, -0.317579984664917, 1.1029880046844482, 0.6381020545959473, 0.38040000200271606, -1.4971420764923096, -1.5002939701080322] [0.13099254667758942, 0.018569128587841988, 0.0933159738779068, 0.21677395701408386, 0.20956628024578094, 1.2708587646484375] [0.5108100771903992, 0.14583447575569153, 0.20361937582492828]
[-0.2760780453681946, 0.2546020448207855, -0.317579984664917, 1.1029880046844482, 0.6381020545959473, 0.2176000028848648, -1.498676061630249, -1.5002939701080322] [0.1311521977186203, 0.01854666694998741, 0.09338342398405075, 0.2164766937494278, 0.20893873274326324, 1.26942777633667] [0.5108100771903992, 0.14583447575569153, 0.20361937582492828]
[-0.2760780453681946, 0.2546020448207855, -0.3145119547843933, 1.1045219898223877, 0.6381020545959473, 0.2176000028848648, -1.498676061630249, -1.5002939701080322] [0.130656898021698, 0.01894049346446991, 0.09414613246917725, 0.2216099202632904, 0.2020556926727295, 1.2742750644683838] [0.5108100771903992, 0.14583447575569153, 0.20361937582492828]
[-0.2760780453681946, 0.2546020448207855, -0.3083759546279907, 1.1045219898223877, 0.6381020545959473, 0.2176000028848648, -1.4971420764923096, -1.5002939701080322] [0.1308167576789856, 0.018917841836810112, 0.09421303123235703, 0.22132304310798645, 0.2014349102973938, 1.2728432416915894] [0.5108100771903992, 0.14583447575569153, 0.20361937582492828]
[-0.2760780453681946, 0.2546020448207855, -0.3083759546279907, 1.1045219898223877, 0.6381020545959473, 0.2176000028848648, -1.4971420764923096, -1.5002939701080322] [0.130656898021698, 0.01894049346446991, 0.09414613246917725, 0.2216099202632904, 0.2020556926727295, 1.2742750644683838] [0.5108100771903992, 0.14583447575569153, 0.20361937582492828]
[-0.2730100452899933, 0.2530680298805237, -0.3053079843521118, 1.1029880046844482, 0.6381020545959473, 0.21719999611377716, -1.4971420764923096, -1.5002939701080322] [0.13086040318012238, 0.01884906180202961, 0.09413782507181168, 0.22604785859584808, 0.19943106174468994, 1.2731125354766846] [0.5108100771903992, 0.14583447575569153, 0.20361937582492828]
[-0.2730100452899933, 0.2530680298805237, -0.30684196949005127, 1.1014540195465088, 0.6381020545959473, 0.21719999611377716, -1.498676061630249, -1.5002939701080322] [0.13267576694488525, 0.01853196881711483, 0.09380684047937393, 0.21541008353233337, 0.2021186798810959, 1.2563283443450928] [0.5108100771903992, 0.14583447575569153, 0.20361937582492828]
[-0.2730100452899933, 0.25613605976104736, -0.32218196988105774, 1.0845799446105957, 0.6365680694580078, 0.2176000028848648, -1.498676061630249, -1.5018279552459717] [0.13376173377037048, 0.018096692860126495, 0.09341849386692047, 0.20415563881397247, 0.2082383632659912, 1.2454582452774048] [0.5108100771903992, 0.14583447575569153, 0.20361937582492828]
[-0.27761203050613403, 0.26227205991744995, -0.3344539701938629, 1.0723079442977905, 0.6365680694580078, 0.21719999611377716, -1.498676061630249, -1.5002939701080322] [0.13421320915222168, 0.01836274564266205, 0.0929689109325409, 0.19551609456539154, 0.2134222388267517, 1.2403255701065063] [0.5108100771903992, 0.14583447575569153, 0.20361937582492828]
[-0.27761203050613403, 0.269942045211792, -0.3436579704284668, 1.058501958847046, 0.6350340843200684, 0.21719999611377716, -1.498676061630249, -1.5018279552459717] [0.1354520171880722, 0.01909836195409298, 0.09263961017131805, 0.18249180912971497, 0.21576575934886932, 1.227920651435852] [0.5108100771903992, 0.14583447575569153, 0.20361937582492828]
[-0.2760780453681946, 0.3067580461502075, -0.35899797081947327, 0.9112379550933838, 0.6350340843200684, 0.21719999611377716, -1.498676061630249, -1.5033619403839111] [0.15600982308387756, 0.016694074496626854, 0.1007995530962944, 0.13870733976364136, 0.129366934299469, 1.035854697227478] [0.5108100771903992, 0.14583447575569153, 0.20361937582492828]
[-0.2668740451335907, 0.3328360319137573, -0.3728039860725403, 0.7670419812202454, 0.6350340843200684, 0.21719999611377716, -1.5002100467681885, -1.5033619403839111] [0.15952353179454803, 0.014968298375606537, 0.1021452471613884, 0.12759146094322205, 0.11711824685335159, 1.0020699501037598] [0.5108100771903992, 0.14583447575569153, 0.20361937582492828]
[-0.2668740451335907, 0.3328360319137573, -0.37433797121047974, 0.7670419812202454, 0.6350340843200684, 0.21719999611377716, -1.5002100467681885, -1.5033619403839111] [0.15965084731578827, 0.014914147555828094, 0.1019856333732605, 0.13026858866214752, 0.11720052361488342, 1.0008716583251953] [0.5108100771903992, 0.14583447575569153, 0.20361937582492828]
[-0.26534003019332886, 0.3328360319137573, -0.37893998622894287, 0.7547699809074402, 0.6350340843200684, 0.21719999611377716, -1.501744031906128, -1.5033619403839111] [0.16347788274288177, 0.012769066728651524, 0.10325615108013153, 0.11706040054559708, 0.10564108192920685, 0.963134229183197] [0.5108100771903992, 0.14583447575569153, 0.20361937582492828]
[-0.26534003019332886, 0.3328360319137573, -0.3958139717578888, 0.6811379790306091, 0.6365680694580078, 0.21719999611377716, -1.5032780170440674, -1.5033619403839111] [0.1696605533361435, 0.008992685936391354, 0.10548736155033112, 0.10035046935081482, 0.08276648819446564, 0.9011474847793579] [0.5108100771903992, 0.14583447575569153, 0.20361937582492828]
[-0.25920403003692627, 0.3328360319137573, -0.4096199870109558, 0.6090399622917175, 0.6365680694580078, 0.21719999611377716, -1.5032780170440674, -1.5033619403839111] [0.1748538613319397, 0.005493150092661381, 0.10689078271389008, 0.09734106808900833, 0.0619950070977211, 0.8477769494056702] [0.5108100771903992, 0.14583447575569153, 0.20361937582492828]
[-0.25153404474258423, 0.3328360319137573, -0.41115397214889526, 0.5936999917030334, 0.6350340843200684, 0.21719999611377716, -1.5048121213912964, -1.5033619403839111] [0.17674918472766876, 0.004117907956242561, 0.10759543627500534, 0.0971873551607132, 0.052994295954704285, 0.827675461769104] [0.5108100771903992, 0.14583447575569153, 0.20361937582492828]
[-0.2469320446252823, 0.3328360319137573, -0.4096199870109558, 0.561486005783081, 0.6365680694580078, 0.2168000042438507, -1.5048121213912964, -1.5033619403839111] [0.17813880741596222, 0.00314448238350451, 0.10800424218177795, 0.10393799841403961, 0.04532180726528168, 0.8128327131271362] [0.5108100771903992, 0.14583447575569153, 0.20361937582492828]
[-0.243864044547081, 0.3328360319137573, -0.40808597207069397, 0.5415439605712891, 0.6350340843200684, 0.2168000042438507, -1.5048121213912964, -1.5033619403839111] [0.1822405457496643, -0.00012309466546867043, 0.10984387248754501, 0.10896118730306625, 0.02225802093744278, 0.7674379348754883] [0.5108100771903992, 0.14583447575569153, 0.20361937582492828]
[-0.22545604407787323, 0.3328360319137573, -0.4034839868545532, 0.3728039860725403, 0.6350340843200684, 0.2168000042438507, -1.5048121213912964, -1.5033619403839111] [0.19230666756629944, -0.010104814544320107, 0.11427909135818481, 0.12546612322330475, -0.0343671515583992, 0.6440591216087341] [0.5108100771903992, 0.14583447575569153, 0.20361937582492828]
[-0.21778604388237, 0.33437004685401917, -0.4019499719142914, 0.363599956035614, 0.6365680694580078, 0.2168000042438507, -1.5048121213912964, -1.5033619403839111] [0.19230666756629944, -0.010104814544320107, 0.11427909135818481, 0.12546612322330475, -0.0343671515583992, 0.6440591216087341] [0.5108100771903992, 0.14583447575569153, 0.20361937582492828]
[-0.21778604388237, 0.33437004685401917, -0.4096199870109558, 0.3666679859161377, 0.6350340843200684, 0.2168000042438507, -1.5048121213912964, -1.5033619403839111] [0.19192619621753693, -0.009736685082316399, 0.11330658942461014, 0.1138404831290245, -0.025987455621361732, 0.6498929858207703] [0.5108100771903992, 0.14583447575569153, 0.20361937582492828]
[-0.21932004392147064, 0.335904061794281, -0.42342597246170044, 0.3820079565048218, 0.6350340843200684, 0.21719999611377716, -1.5048121213912964, -1.5018279552459717] [0.191589817404747, -0.00951839704066515, 0.11273305118083954, 0.09618451446294785, -0.018407588824629784, 0.6547328233718872] [0.5108100771903992, 0.14583447575569153, 0.20361937582492828]
[-0.22699004411697388, 0.33130204677581787, -0.44643598794937134, 0.3896779716014862, 0.6365680694580078, 0.21719999611377716, -1.5032780170440674, -1.5018279552459717] [0.191126748919487, -0.009219353087246418, 0.11263352632522583, 0.07671976089477539, -0.012225227430462837, 0.6606289148330688] [0.5108100771903992, 0.14583447575569153, 0.20361937582492828]
[-0.23159204423427582, 0.32363206148147583, -0.4510379731655121, 0.4019499719142914, 0.6350340843200684, 0.21719999611377716, -1.5032780170440674, -1.5033619403839111] [0.190531387925148, -0.008649720810353756, 0.11283709853887558, 0.07097421586513519, -0.009945384226739407, 0.6678212881088257] [0.5108100771903992, 0.14583447575569153, 0.20361937582492828]
[-0.23312604427337646, 0.322098046541214, -0.46024197340011597, 0.4096199870109558, 0.6350340843200684, 0.2168000042438507, -1.5032780170440674, -1.5018279552459717] [0.1899595856666565, -0.008560149930417538, 0.11310484260320663, 0.051623549312353134, -0.004102813545614481, 0.6747040152549744] [0.5108100771903992, 0.14583447575569153, 0.20361937582492828]
[-0.25153404474258423, 0.2929520606994629, -0.48325198888778687, 0.44950395822525024, 0.6350340843200684, 0.2168000042438507, -1.501744031906128, -1.5018279552459717] [0.18967530131340027, -0.011244835332036018, 0.1129119023680687, 0.026295877993106842, 0.012126486748456955, 0.6794618964195251] [0.5108100771903992, 0.14583447575569153, 0.20361937582492828]
[-0.26227205991744995, 0.2760780453681946, -0.5001260042190552, 0.4939899742603302, 0.6350340843200684, 0.2168000042438507, -1.5002100467681885, -1.5018279552459717] [0.18837134540081024, -0.012667223811149597, 0.11289563775062561, -0.00022531254217028618, 0.030765969306230545, 0.6938698887825012] [0.5108100771903992, 0.14583447575569153, 0.20361937582492828]
[-0.2806800603866577, 0.243864044547081, -0.5216019749641418, 0.5384759902954102, 0.6350340843200684, 0.2168000042438507, -1.498676061630249, -1.5018279552459717] [0.18858429789543152, -0.016872689127922058, 0.11294818669557571, -0.01111338660120964, 0.04358944669365883, 0.6891975402832031] [0.5108100771903992, 0.14583447575569153, 0.20361937582492828]
[-0.30062204599380493, 0.20551404356956482, -0.5384759902954102, 0.5860300064086914, 0.6350340843200684, 0.2168000042438507, -1.498676061630249, -1.5018279552459717] [0.1886385977268219, -0.021272215992212296, 0.11346230655908585, -0.030776793137192726, 0.05622241646051407, 0.6835033297538757] [0.5108100771903992, 0.14583447575569153, 0.20361937582492828]
[-0.32363206148147583, 0.17176604270935059, -0.56455397605896, 0.6289819478988647, 0.6350340843200684, 0.2168000042438507, -1.498676061630249, -1.5018279552459717] [0.18889401853084564, -0.026027755811810493, 0.11385893076658249, -0.053358763456344604, 0.0696130245923996, 0.6725786328315735] [0.5108100771903992, 0.14583447575569153, 0.20361937582492828]
[-0.3389720320701599, 0.1364840418100357, -0.579893946647644, 0.6581279635429382, 0.6350340843200684, 0.2168000042438507, -1.498676061630249, -1.5018279552459717] [0.18918228149414062, -0.031101150438189507, 0.11442454159259796, -0.06323365867137909, 0.07835885137319565, 0.6599231362342834] [0.5108100771903992, 0.14583447575569153, 0.20361937582492828]
[-0.3512440323829651, 0.11040604114532471, -0.5936999917030334, 0.6934099793434143, 0.6365680694580078, 0.2168000042438507, -1.4971420764923096, -1.5018279552459717] [0.18863540887832642, -0.034485675394535065, 0.11432716250419617, -0.07531992346048355, 0.09271088242530823, 0.6564521193504333] [0.5108100771903992, 0.14583447575569153, 0.20361937582492828]
[-0.37578803300857544, 0.08126004040241241, -0.6213119626045227, 0.7440319657325745, 0.6365680694580078, 0.2168000042438507, -1.4971420764923096, -1.5018279552459717] [0.18726684153079987, -0.039796341210603714, 0.11404936760663986, -0.10469316691160202, 0.120394766330719, 0.6520276665687561] [0.5108100771903992, 0.14583447575569153, 0.20361937582492828]
[-0.3972640633583069, 0.04137603938579559, -0.6473900079727173, 0.8053919672966003, 0.6350340843200684, 0.21639999747276306, -1.4940741062164307, -1.5018279552459717] [0.18576721847057343, -0.043428417295217514, 0.11315052211284637, -0.1204518973827362, 0.14516262710094452, 0.652090311050415] [0.5108100771903992, 0.14583447575569153, 0.20361937582492828]
[-0.4172060489654541, 0.02296803891658783, -0.676535964012146, 0.8560140132904053, 0.6350340843200684, 0.21639999747276306, -1.4910061359405518, -1.5002939701080322] [0.1835412085056305, -0.04568905383348465, 0.11157020926475525, -0.1461227685213089, 0.17912593483924866, 0.658329963684082] [0.5108100771903992, 0.14583447575569153, 0.20361937582492828]
[-0.45095404982566833, 0.004560038447380066, -0.7225559949874878, 0.9633939862251282, 0.6350340843200684, 0.21639999747276306, -1.4925401210784912, -1.5018279552459717] [0.1779625117778778, -0.0472431480884552, 0.10872835665941238, -0.1856750249862671, 0.24357843399047852, 0.6854581832885742] [0.5108100771903992, 0.14583447575569153, 0.20361937582492828]
[-0.5123140811920166, -0.021517962217330933, -0.7517019510269165, 1.0661720037460327, 0.6350340843200684, 0.21639999747276306, -1.4925401210784912, -1.5018279552459717] [0.17266912758350372, -0.047801196575164795, 0.10863880813121796, -0.20481537282466888, 0.2807163596153259, 0.7138780355453491] [0.5108100771903992, 0.14583447575569153, 0.20361937582492828]
[-0.5230520367622375, -0.02765396237373352, -0.7547699809074402, 1.0968519449234009, 0.6350340843200684, 0.21639999747276306, -1.4925401210784912, -1.5018279552459717] [0.17042435705661774, -0.04803809896111488, 0.10809201002120972, -0.20368966460227966, 0.29562628269195557, 0.728054404258728] [0.5108100771903992, 0.14583447575569153, 0.20361937582492828]
[-0.5353240370750427, -0.03378996253013611, -0.7547699809074402, 1.1474740505218506, 0.6350340843200684, 0.2160000056028366, -1.4910061359405518, -1.5018279552459717] [0.16677190363407135, -0.0468255877494812, 0.10614363849163055, -0.19959630072116852, 0.3231072723865509, 0.7579835057258606] [0.5108100771903992, 0.14583447575569153, 0.20361937582492828]
[-0.5460620522499084, -0.03839196264743805, -0.7547699809074402, 1.202697992324829, 0.6350340843200684, 0.21639999747276306, -1.4910061359405518, -1.5018279552459717] [0.16205357015132904, -0.046959880739450455, 0.10415113717317581, -0.18997201323509216, 0.35525768995285034, 0.7910552620887756] [0.5108100771903992, 0.14583447575569153, 0.20361937582492828]
[-0.5614020824432373, -0.05679996311664581, -0.7532359957695007, 1.248718023300171, 0.6350340843200684, 0.21639999747276306, -1.4894720315933228, -1.5018279552459717] [0.15982860326766968, -0.047709397971630096, 0.10293251276016235, -0.18106184899806976, 0.37099581956863403, 0.8053305149078369] [0.5108100771903992, 0.14583447575569153, 0.20361937582492828]
[-0.5660040378570557, -0.07520796358585358, -0.7486339807510376, 1.299340009689331, 0.6365680694580078, 0.2160000056028366, -1.4879380464553833, -1.5018279552459717] [0.1552041918039322, -0.047865401953458786, 0.100267693400383, -0.1585577130317688, 0.4003344178199768, 0.842243492603302] [0.5108100771903992, 0.14583447575569153, 0.20361937582492828]
[-0.5752080678939819, -0.08747996389865875, -0.7486339807510376, 1.434332013130188, 0.6350340843200684, 0.2160000056028366, -1.4864040613174438, -1.5018279552459717] [0.14330904185771942, -0.047296423465013504, 0.09470843523740768, -0.125562846660614, 0.4772094190120697, 0.9338935613632202] [0.5108100771903992, 0.14583447575569153, 0.20361937582492828]
[-0.6166260242462158, -0.11048995703458786, -0.7532359957695007, 1.569324016571045, 0.6350340843200684, 0.21639999747276306, -1.4864040613174438, -1.5018279552459717] [0.13646768033504486, -0.04836445674300194, 0.09322206676006317, -0.11427006125450134, 0.5151700973510742, 0.9779933094978333] [0.5108100771903992, 0.14583447575569153, 0.20361937582492828]
[-0.6242960691452026, -0.11355795711278915, -0.750167965888977, 1.5708580017089844, 0.6350340843200684, 0.2160000056028366, -1.4864040613174438, -1.5033619403839111] [0.13632822036743164, -0.048095766454935074, 0.09321850538253784, -0.11001364141702652, 0.5137767791748047, 0.9811093211174011] [0.5108100771903992, 0.14583447575569153, 0.20361937582492828]
[-0.621228039264679, -0.11048995703458786, -0.7486339807510376, 1.5739259719848633, 0.6350340843200684, 0.2160000056028366, -1.4894720315933228, -1.5033619403839111] [0.1357795149087906, -0.04677021875977516, 0.09299381077289581, -0.10891930758953094, 0.5146768093109131, 0.9921888113021851] [0.5108100771903992, 0.14583447575569153, 0.20361937582492828]
[-0.6166260242462158, -0.0890139639377594, -0.7363619804382324, 1.5769939422607422, 0.6350340843200684, 0.2160000056028366, -1.4910061359405518, -1.5033619403839111] [0.1340777724981308, -0.04288823530077934, 0.09245447814464569, -0.10536059737205505, 0.5186259746551514, 1.0228062868118286] [0.5108100771903992, 0.14583447575569153, 0.20361937582492828]
[-0.610490083694458, -0.07827596366405487, -0.714885950088501, 1.5769939422607422, 0.6350340843200684, 0.2160000056028366, -1.4956080913543701, -1.5048960447311401] [0.13294973969459534, -0.040603335946798325, 0.09280476719141006, -0.09329532086849213, 0.5099828243255615, 1.0451483726501465] [0.5108100771903992, 0.14583447575569153, 0.20361937582492828]
[-0.6058880686759949, -0.0660039633512497, -0.6995459794998169, 1.5769939422607422, 0.6350340843200684, 0.2160000056028366, -1.4956080913543701, -1.5048960447311401] [0.1313215047121048, -0.037313029170036316, 0.0927504226565361, -0.08786933124065399, 0.5087268948554993, 1.0725071430206299] [0.5108100771903992, 0.14583447575569153, 0.20361937582492828]
[-0.5936160683631897, -0.03839196264743805, -0.6719340085983276, 1.5754599571228027, 0.6365680694580078, 0.2160000056028366, -1.4971420764923096, -1.5064300298690796] [0.1283237785100937, -0.0318794883787632, 0.09168321639299393, -0.06718440353870392, 0.5076996684074402, 1.1238731145858765] [0.5108100771903992, 0.14583447575569153, 0.20361937582492828]
[-0.5782760381698608, -0.010779961943626404, -0.6443219780921936, 1.569324016571045, 0.6365680694580078, 0.2160000056028366, -1.498676061630249, -1.5064300298690796] [0.1259308159351349, -0.027890129014849663, 0.09080106019973755, -0.052168186753988266, 0.5077407956123352, 1.162179946899414] [0.5108100771903992, 0.14583447575569153, 0.20361937582492828]
[-0.5614020824432373, 0.01836603879928589, -0.6213119626045227, 1.5524499416351318, 0.6365680694580078, 0.2160000056028366, -1.498676061630249, -1.5064300298690796] [0.12241753190755844, -0.02253197692334652, 0.08910983800888062, -0.031510863453149796, 0.5124128460884094, 1.2144540548324585] [0.5108100771903992, 0.14583447575569153, 0.20361937582492828]
[-0.5429940223693848, 0.061318039894104004, -0.5936999917030334, 1.5355759859085083, 0.6365680694580078, 0.2160000056028366, -1.5002100467681885, -1.507964015007019] [0.11944188177585602, -0.017123861238360405, 0.08770176768302917, -0.011022981256246567, 0.5100660920143127, 1.261914610862732] [0.5108100771903992, 0.14583447575569153, 0.20361937582492828]
[-0.5261200666427612, 0.08279404044151306, -0.5752919912338257, 1.5233039855957031, 0.6350340843200684, 0.21559999883174896, -1.5002100467681885, -1.507964015007019] [0.11870387941598892, -0.014269078150391579, 0.08746036887168884, -0.0024237518664449453, 0.5012887716293335, 1.279441475868225] [0.5108100771903992, 0.14583447575569153, 0.20361937582492828]
[-0.516916036605835, 0.0904640406370163, -0.56455397605896, 1.5064300298690796, 0.6350340843200684, 0.21559999883174896, -1.501744031906128, -1.507964015007019] [0.11875362694263458, -0.012315357103943825, 0.08740314841270447, 0.004923422820866108, 0.49170824885368347, 1.2866965532302856] [0.5108100771903992, 0.14583447575569153, 0.20361937582492828]
[-0.49390605092048645, 0.10887204110622406, -0.5446119904518127, 1.4803520441055298, 0.6350340843200684, 0.21559999883174896, -1.501744031906128, -1.507964015007019] [0.11839918792247772, -0.007687739562243223, 0.08654560148715973, 0.03254489600658417, 0.46966761350631714, 1.3097057342529297] [0.5108100771903992, 0.14583447575569153, 0.20361937582492828]
[-0.4632260501384735, 0.1426200419664383, -0.5169999599456787, 1.437399983406067, 0.6365680694580078, 0.2160000056028366, -1.501744031906128, -1.507964015007019] [0.11806661635637283, -0.0026527177542448044, 0.08601543307304382, 0.05395624041557312, 0.4482647776603699, 1.3283318281173706] [0.5108100771903992, 0.14583447575569153, 0.20361937582492828]
[-0.4340800642967224, 0.17330004274845123, -0.48938798904418945, 1.395982027053833, 0.6350340843200684, 0.2160000056028366, -1.501744031906128, -1.507964015007019] [0.11809477210044861, 0.0037843333557248116, 0.08597005903720856, 0.07375961542129517, 0.4168015122413635, 1.3440440893173218] [0.5108100771903992, 0.14583447575569153, 0.20361937582492828]
[-0.4049340486526489, 0.21011604368686676, -0.4648439884185791, 1.3392239809036255, 0.6365680694580078, 0.2160000056028366, -1.501744031906128, -1.507964015007019] [0.11832685023546219, 0.008472942747175694, 0.08577603101730347, 0.0892655998468399, 0.3941379487514496, 1.351293683052063] [0.5108100771903992, 0.14583447575569153, 0.20361937582492828]
[-0.3803900480270386, 0.2407960444688797, -0.4449019730091095, 1.2962720394134521, 0.6365680694580078, 0.2160000056028366, -1.501744031906128, -1.507964015007019] [0.1193515881896019, 0.012816106900572777, 0.08602141588926315, 0.1058829203248024, 0.36709147691726685, 1.3494054079055786] [0.5108100771903992, 0.14583447575569153, 0.20361937582492828]
[-0.3619820475578308, 0.2607380449771881, -0.429561972618103, 1.2471840381622314, 0.6365680694580078, 0.2160000056028366, -1.501744031906128, -1.507964015007019] [0.12102767825126648, 0.015454627573490143, 0.08684685826301575, 0.1113896369934082, 0.34508854150772095, 1.337786078453064] [0.5108100771903992, 0.14583447575569153, 0.20361937582492828]
[-0.3481760621070862, 0.2745440602302551, -0.4157559871673584, 1.205765962600708, 0.6365680694580078, 0.2160000056028366, -1.501744031906128, -1.507964015007019] [0.1231168583035469, 0.017704322934150696, 0.08806215971708298, 0.12505650520324707, 0.3154853284358978, 1.3240556716918945] [0.5108100771903992, 0.14583447575569153, 0.20361937582492828]
[-0.33130204677581787, 0.2760780453681946, -0.39121198654174805, 1.1796879768371582, 0.6365680694580078, 0.2160000056028366, -1.501744031906128, -1.507964015007019] [0.1254817098379135, 0.018201466649770737, 0.09067065268754959, 0.14352047443389893, 0.281053364276886, 1.3070257902145386] [0.5108100771903992, 0.14583447575569153, 0.20361937582492828]
[-0.3297680616378784, 0.24233004450798035, -0.3728039860725403, 1.1536099910736084, 0.6350340843200684, 0.2160000056028366, -1.501744031906128, -1.507964015007019] [0.1316753327846527, 0.013316375203430653, 0.09529705345630646, 0.14216935634613037, 0.24632489681243896, 1.2528445720672607] [0.5108100771903992, 0.14583447575569153, 0.20361937582492828]
[-0.33743804693222046, 0.19017404317855835, -0.363599956035614, 1.1336679458618164, 0.6396360397338867, 0.2160000056028366, -1.501744031906128, -1.5064300298690796] [0.14006178081035614, 0.0055624013766646385, 0.10016479343175888, 0.1498211920261383, 0.20529907941818237, 1.1770535707473755] [0.5108100771903992, 0.14583447575569153, 0.20361937582492828]
[-0.3389720320701599, 0.12574604153633118, -0.35132795572280884, 1.1183279752731323, 0.6396360397338867, 0.2160000056028366, -1.501744031906128, -1.507964015007019] [0.1482526659965515, -0.005851335357874632, 0.10534674674272537, 0.1668391227722168, 0.16049537062644958, 1.0966300964355469] [0.5108100771903992, 0.14583447575569153, 0.20361937582492828]
[-0.34971004724502563, -4.1961669921875e-05, -0.32218196988105774, 1.1183279752731323, 0.6427040696144104, 0.2160000056028366, -1.5002100467681885, -1.5064300298690796] [0.15919475257396698, -0.02844543755054474, 0.11641237139701843, 0.19618003070354462, 0.07292560487985611, 0.9593989253044128] [0.5108100771903992, 0.14583447575569153, 0.20361937582492828]
[-0.37272006273269653, -0.18258796632289886, -0.27616196870803833, 1.1183279752731323, 0.6411700248718262, 0.2160000056028366, -1.5002100467681885, -1.5064300298690796] [0.16746337711811066, -0.058412957936525345, 0.12784205377101898, 0.25625067949295044, -0.0367446169257164, 0.7941005825996399] [0.5108100771903992, 0.14583447575569153, 0.20361937582492828]
[-0.3711860477924347, -0.40041595697402954, -0.15344196557998657, 1.1183279752731323, 0.6411700248718262, 0.2160000056028366, -1.5002100467681885, -1.507964015007019] [0.16774125397205353, -0.09057696908712387, 0.14531640708446503, 0.3914288878440857, -0.22916759550571442, 0.634343147277832] [0.5108100771903992, 0.14583447575569153, 0.20361937582492828]
[-0.36658406257629395, -0.6090399622917175, -0.006177961826324463, 1.1183279752731323, 0.6411700248718262, 0.2160000056028366, -1.5002100467681885, -1.507964015007019] [0.16505780816078186, -0.11278077214956284, 0.15245340764522552, 0.4629395008087158, -0.3199545741081238, 0.5131124258041382] [0.5108100771903992, 0.14583447575569153, 0.20361937582492828]
[-0.3589140474796295, -0.6473900079727173, -0.006177961826324463, 1.1198619604110718, 0.6411700248718262, 0.2160000056028366, -1.498676061630249, -1.5125659704208374] [0.16589312255382538, -0.1151362732052803, 0.14866498112678528, 0.468593567609787, -0.29771965742111206, 0.49601316452026367] [0.5108100771903992, 0.14583447575569153, 0.20361937582492828]
[-0.3328360319137573, -0.6458559632301331, -0.02305196225643158, 1.1213959455490112, 0.6411700248718262, 0.2160000056028366, -1.5002100467681885, -1.5125659704208374] [0.16846579313278198, -0.11499214917421341, 0.13895557820796967, 0.48812487721443176, -0.2419794797897339, 0.48910555243492126] [0.5108100771903992, 0.14583447575569153, 0.20361937582492828]
[-0.2730100452899933, -0.6458559632301331, -0.039925962686538696, 1.1213959455490112, 0.6411700248718262, 0.2160000056028366, -1.5002100467681885, -1.5125659704208374] [0.17065463960170746, -0.11502858251333237, 0.12729531526565552, 0.5087418556213379, -0.1751728355884552, 0.482684850692749] [0.5108100771903992, 0.14583447575569153, 0.20361937582492828]
[-0.22699004411697388, -0.6427879929542542, -0.04912996292114258, 1.1213959455490112, 0.6396360397338867, 0.2160000056028366, -1.5002100467681885, -1.511031985282898] [0.17129112780094147, -0.11456920206546783, 0.12340880185365677, 0.5140500068664551, -0.15307272970676422, 0.48369863629341125] [0.5108100771903992, 0.14583447575569153, 0.20361937582492828]
[-0.22238804399967194, -0.6412539482116699, -0.050663962960243225, 1.1229300498962402, 0.6396360397338867, 0.2160000056028366, -1.5002100467681885, -1.511031985282898] [0.1712636500597, -0.11415562778711319, 0.12312831729650497, 0.5142365097999573, -0.15136541426181793, 0.4866708517074585] [0.5108100771903992, 0.14583447575569153, 0.20361937582492828]
[-0.2208540439605713, -0.6412539482116699, -0.05219796299934387, 1.1229300498962402, 0.6396360397338867, 0.2160000056028366, -1.5002100467681885, -1.5094980001449585] [0.1712636500597, -0.11415562778711319, 0.12312831729650497, 0.5142365097999573, -0.15136541426181793, 0.4866708517074585] [0.5108100771903992, 0.14583447575569153, 0.20361937582492828]
[-0.22238804399967194, -0.6412539482116699, -0.050663962960243225, 1.1229300498962402, 0.6396360397338867, 0.2160000056028366, -1.5002100467681885, -1.5094980001449585] [0.17129892110824585, -0.11415562778711319, 0.12286557257175446, 0.5149620771408081, -0.15000948309898376, 0.48656195402145386] [0.5108100771903992, 0.14583447575569153, 0.20361937582492828]
[-0.2208540439605713, -0.6412539482116699, -0.050663962960243225, 1.1229300498962402, 0.6396360397338867, 0.2160000056028366, -1.5002100467681885, -1.511031985282898] [0.1712636500597, -0.11415562778711319, 0.12312831729650497, 0.5142365097999573, -0.15136541426181793, 0.4866708517074585] [0.5108100771903992, 0.14583447575569153, 0.20361937582492828]
[-0.2208540439605713, -0.6412539482116699, -0.050663962960243225, 1.1229300498962402, 0.6396360397338867, 0.2160000056028366, -1.5002100467681885, -1.511031985282898] [0.17129892110824585, -0.11415562778711319, 0.12286557257175446, 0.5149620771408081, -0.15000948309898376, 0.48656195402145386] [0.5108100771903992, 0.14583447575569153, 0.20361937582492828]
[-0.22238804399967194, -0.6412539482116699, -0.050663962960243225, 1.1229300498962402, 0.6396360397338867, 0.2160000056028366, -1.5002100467681885, -1.511031985282898] [0.1712636500597, -0.11415562778711319, 0.12312831729650497, 0.5142365097999573, -0.15136541426181793, 0.4866708517074585] [0.5108100771903992, 0.14583447575569153, 0.20361937582492828]
