[-0.02757003903388977, -0.7256239652633667, -0.1350339651107788, 0.6565939784049988, 0.21778604388237, 0.5591999888420105, -1.4587920904159546, -1.4466040134429932] [0.1810905486345291, -0.18608178198337555, 0.0834466814994812, 0.11112066358327866, 0.054777540266513824, -0.07483875006437302] 
[-0.02757003903388977, -0.7256239652633667, -0.13349996507167816, 0.6565939784049988, 0.21778604388237, 0.2152000069618225, -1.4587920904159546, -1.4481379985809326] [0.18135464191436768, -0.18573109805583954, 0.08460532128810883, 0.11507516354322433, 0.04739050194621086, -0.07300076633691788] 
[-0.03217203915119171, -0.7256239652633667, -0.13043196499347687, 0.6565939784049988, 0.21625204384326935, 0.2152000069618225, -1.460326075553894, -1.449671983718872] [0.18135464191436768, -0.18573109805583954, 0.08460532128810883, 0.11507516354322433, 0.04739050194621086, -0.07300076633691788] 
[-0.03217203915119171, -0.7256239652633667, -0.12889796495437622, 0.6565939784049988, 0.21625204384326935, 0.2152000069618225, -1.460326075553894, -1.449671983718872] [0.1813742220401764, -0.1856881082057953, 0.08471453934907913, 0.1178286224603653, 0.04645885154604912, -0.07290662825107574] 
[-0.03217203915119171, -0.7256239652633667, -0.12736396491527557, 0.6565939784049988, 0.21625204384326935, 0.21480000019073486, -1.460326075553894, -1.449671983718872] [0.18139222264289856, -0.18566393852233887, 0.08482161164283752, 0.11904793977737427, 0.04552707448601723, -0.07281369715929031] 
[-0.03217203915119171, -0.7256239652633667, -0.12736396491527557, 0.6565939784049988, 0.21625204384326935, 0.21480000019073486, -1.4618600606918335, -1.449671983718872] [0.18139076232910156, -0.18568263947963715, 0.08481938391923904, 0.11751393973827362, 0.04552707448601723, -0.07281369715929031] 
[-0.03217203915119171, -0.7256239652633667, -0.12582996487617493, 0.6565939784049988, 0.21778604388237, 0.21480000019073486, -1.460326075553894, -1.449671983718872] [0.18141010403633118, -0.1856399029493332, 0.0849287360906601, 0.1202671229839325, 0.04459518939256668, -0.07272183150053024] 
[-0.03217203915119171, -0.7256239652633667, -0.12582996487617493, 0.6565939784049988, 0.21625204384326935, 0.21480000019073486, -1.4618600606918335, -1.449671983718872] [0.18141010403633118, -0.1856399029493332, 0.0849287360906601, 0.1202671229839325, 0.04459518939256668, -0.07272183150053024] 
[-0.03217203915119171, -0.7256239652633667, -0.12736396491527557, 0.6565939784049988, 0.21625204384326935, 0.21480000019073486, -1.4618600606918335, -1.449671983718872] [0.18139076232910156, -0.18568263947963715, 0.08481938391923904, 0.11751393973827362, 0.04552707448601723, -0.07281369715929031] 
[-0.030638039112091064, -0.7271579504013062, -0.12582996487617493, 0.6565939784049988, 0.21625204384326935, 0.21480000019073486, -1.4618600606918335, -1.449671983718872] [0.18140864372253418, -0.18565858900547028, 0.08492648601531982, 0.11873312294483185, 0.04459518939256668, -0.07272183150053024] 
[-0.03217203915119171, -0.7256239652633667, -0.12582996487617493, 0.6565939784049988, 0.21625204384326935, 0.21480000019073486, -1.4618600606918335, -1.449671983718872] [0.18138530850410461, -0.18565858900547028, 0.08464822918176651, 0.11862154304981232, 0.046125128865242004, -0.07272688299417496] 
[-0.03217203915119171, -0.7256239652633667, -0.12582996487617493, 0.6565939784049988, 0.21625204384326935, 0.21480000019073486, -1.4618600606918335, -1.449671983718872] [0.18139076232910156, -0.18568263947963715, 0.08481938391923904, 0.11751393973827362, 0.04552707448601723, -0.07281369715929031] 
[-0.03217203915119171, -0.7256239652633667, -0.12582996487617493, 0.6565939784049988, 0.21625204384326935, 0.21480000019073486, -1.4618600606918335, -1.449671983718872] [0.18140864372253418, -0.18565858900547028, 0.08492648601531982, 0.11873312294483185, 0.04459518939256668, -0.07272183150053024] 
[-0.03217203915119171, -0.7256239652633667, -0.12582996487617493, 0.6565939784049988, 0.21625204384326935, 0.21480000019073486, -1.4618600606918335, -1.449671983718872] [0.18140864372253418, -0.18565858900547028, 0.08492648601531982, 0.11873312294483185, 0.04459518939256668, -0.07272183150053024] 
[-0.03217203915119171, -0.7256239652633667, -0.12582996487617493, 0.6565939784049988, 0.21778604388237, 0.21480000019073486, -1.460326075553894, -1.449671983718872] [0.18140864372253418, -0.18565858900547028, 0.08492648601531982, 0.11873312294483185, 0.04459518939256668, -0.07272183150053024] 
[-0.03217203915119171, -0.7256239652633667, -0.12582996487617493, 0.6565939784049988, 0.21625204384326935, 0.21480000019073486, -1.4618600606918335, -1.449671983718872] [0.18141010403633118, -0.1856399029493332, 0.0849287360906601, 0.1202671229839325, 0.04459518939256668, -0.07272183150053024] 
[-0.03217203915119171, -0.7256239652633667, -0.12582996487617493, 0.6565939784049988, 0.21625204384326935, 0.21480000019073486, -1.4618600606918335, -1.449671983718872] [0.18140864372253418, -0.18565858900547028, 0.08492648601531982, 0.11873312294483185, 0.04459518939256668, -0.07272183150053024] 
[-0.03217203915119171, -0.7256239652633667, -0.12582996487617493, 0.6565939784049988, 0.21625204384326935, 0.21480000019073486, -1.4618600606918335, -1.449671983718872] [0.18140864372253418, -0.18565858900547028, 0.08492648601531982, 0.11873312294483185, 0.04459518939256668, -0.07272183150053024] 
[-0.03217203915119171, -0.7256239652633667, -0.12582996487617493, 0.6565939784049988, 0.21625204384326935, 0.21480000019073486, -1.4618600606918335, -1.4512059688568115] [0.18138530850410461, -0.18565858900547028, 0.08464822918176651, 0.11862154304981232, 0.046125128865242004, -0.07272688299417496] 
[-0.03217203915119171, -0.7256239652633667, -0.12736396491527557, 0.6565939784049988, 0.2147180438041687, 0.21480000019073486, -1.463394045829773, -1.4512059688568115] [0.18210195004940033, -0.18431197106838226, 0.08539727330207825, 0.11593350768089294, 0.04244857653975487, -0.06515007466077805] 
[-0.04137603938579559, -0.6918759942054749, -0.12582996487617493, 0.6611959934234619, 0.2147180438041687, 0.21480000019073486, -1.4649280309677124, -1.4512059688568115] [0.1851350963115692, -0.17603108286857605, 0.08852220326662064, 0.11696050316095352, 0.02639468014240265, -0.01303732767701149] 
[-0.06898804008960724, -0.6550599932670593, -0.12582996487617493, 0.6780699491500854, 0.2116500437259674, 0.21480000019073486, -1.4649280309677124, -1.4512059688568115] [0.18927612900733948, -0.16554704308509827, 0.09447357803583145, 0.1098349317908287, -0.0037540621124207973, 0.04507032781839371] 
[-0.10120204091072083, -0.5952339768409729, -0.11969395726919174, 0.6826719641685486, 0.2116500437259674, 0.21480000019073486, -1.4649280309677124, -1.4512059688568115] [0.19221876561641693, -0.15634046494960785, 0.10260453820228577, 0.10835494101047516, -0.04616408422589302, 0.09459135681390762] 
[-0.15029004216194153, -0.5446119904518127, -0.10588795691728592, 0.6888079643249512, 0.2116500437259674, 0.21480000019073486, -1.463394045829773, -1.4512059688568115] [0.1949642449617386, -0.1422552913427353, 0.11248096078634262, 0.10559249669313431, -0.09687700122594833, 0.17280305922031403] 
[-0.17790204286575317, -0.47864997386932373, -0.09821796417236328, 0.7194879651069641, 0.2116500437259674, 0.21480000019073486, -1.463394045829773, -1.449671983718872] [0.1969461739063263, -0.12036558240652084, 0.1171964481472969, 0.08478563278913498, -0.1134723573923111, 0.2981574833393097] 
[-0.1886400431394577, -0.31911396980285645, -0.09361596405506134, 0.7317599654197693, 0.2116500437259674, 0.21480000019073486, -1.4572581052780151, -1.449671983718872] [0.19726935029029846, -0.08479416370391846, 0.11784812062978745, 0.05649033933877945, -0.10430624336004257, 0.48295775055885315] 
[-0.18710604310035706, -0.12889796495437622, -0.08747996389865875, 0.742497980594635, 0.21318404376506805, 0.21439999341964722, -1.4557241201400757, -1.4512059688568115] [0.19065538048744202, -0.04712201654911041, 0.11701119691133499, 0.03221127763390541, -0.08757005631923676, 0.6809948682785034] 
[-0.18710604310035706, 0.035240039229393005, -0.0859459638595581, 0.7532359957695007, 0.21625204384326935, 0.21480000019073486, -1.460326075553894, -1.4542739391326904] [0.17980316281318665, -0.018144849687814713, 0.11384598910808563, 0.019667314365506172, -0.06220345199108124, 0.8452670574188232] 
[-0.17790204286575317, 0.12421204149723053, -0.08441196382045746, 0.788517951965332, 0.21625204384326935, 0.21480000019073486, -1.463394045829773, -1.4573420286178589] [0.17196343839168549, -0.005756479687988758, 0.11137081682682037, 0.01504870317876339, -0.04449554905295372, 0.9359062314033508] 
[-0.17636804282665253, 0.15642604231834412, -0.08441196382045746, 0.8330039978027344, 0.21625204384326935, 0.21480000019073486, -1.463394045829773, -1.4573420286178589] [0.16570837795734406, -0.00045656607835553586, 0.10963284969329834, 0.013159885071218014, -0.030681367963552475, 1.0021127462387085] 
[-0.17483404278755188, 0.14722204208374023, -0.0890139639377594, 0.9419180154800415, 0.21625204384326935, 0.21480000019073486, -1.463394045829773, -1.4573420286178589] [0.14891520142555237, 0.005806228145956993, 0.10432440042495728, 0.0030756036285310984, 0.017389386892318726, 1.16750168800354] 
[-0.17636804282665253, 0.12728004157543182, -0.12736396491527557, 1.1781539916992188, 0.2147180438041687, 0.21480000019073486, -1.463394045829773, -1.4573420286178589] [0.135707288980484, 0.007223824504762888, 0.09592065215110779, -0.014163674786686897, 0.09326977282762527, 1.288887619972229] 
[-0.18097004294395447, 0.113474041223526, -0.22400596737861633, 1.2272419929504395, 0.2147180438041687, 0.21480000019073486, -1.4618600606918335, -1.4573420286178589] [0.13330551981925964, 0.005097637418657541, 0.08526872843503952, -0.03937903046607971, 0.185092955827713, 1.3085178136825562] 
[-0.16716404259204865, 0.1364840418100357, -0.2424139678478241, 1.2471840381622314, 0.21318404376506805, 0.21480000019073486, -1.4618600606918335, -1.4573420286178589] [0.12751173973083496, 0.00964883528649807, 0.08278290182352066, -0.028407027944922447, 0.1990348845720291, 1.362607479095459] 
[-0.16102804243564606, 0.15489204227924347, -0.24701596796512604, 1.2686599493026733, 0.21318404376506805, 0.21480000019073486, -1.4649280309677124, -1.4604099988937378] [0.1252477914094925, 0.009490586817264557, 0.07800524681806564, -0.02344311587512493, 0.222281813621521, 1.3850358724594116] 
[-0.13188204169273376, 0.15335804224014282, -0.2715599536895752, 1.279397964477539, 0.165630042552948, 0.2476000040769577, -1.4649280309677124, -1.4604099988937378] [0.1250268518924713, 0.008413596078753471, 0.07193503528833389, -0.03842339664697647, 0.24873346090316772, 1.3910093307495117] 
[-0.087396040558815, 0.1456880420446396, -0.27002596855163574, 1.2778639793395996, 0.15029004216194153, 0.2215999960899353, -1.4649280309677124, -1.4604099988937378] [0.1252465546131134, 0.007861252874135971, 0.0695125013589859, -0.013589917682111263, 0.24257037043571472, 1.3893845081329346] 
[-0.08279404044151306, 0.14415404200553894, -0.26695796847343445, 1.2717280387878418, 0.15029004216194153, 0.2215999960899353, -1.4710640907287598, -1.4604099988937378] [0.12587738037109375, 0.007729843724519014, 0.06991779804229736, -0.01366568636149168, 0.23880009353160858, 1.3836793899536133] 
[-0.08432804048061371, 0.139552041888237, -0.26388996839523315, 1.2717280387878418, 0.15029004216194153, 0.2215999960899353, -1.4695301055908203, -1.4604099988937378] [0.12622424960136414, 0.007413339335471392, 0.07029370963573456, -0.014656509272754192, 0.2368147224187851, 1.380515456199646] 
[-0.08279404044151306, 0.139552041888237, -0.26388996839523315, 1.2717280387878418, 0.15029004216194153, 0.2215999960899353, -1.4695301055908203, -1.4604099988937378] [0.12600773572921753, 0.0074364617466926575, 0.07007323950529099, -0.012740891426801682, 0.23735380172729492, 1.3824363946914673] 
[-0.08279404044151306, 0.14108604192733765, -0.27309396862983704, 1.2732620239257812, 0.15029004216194153, 0.2215999960899353, -1.4695301055908203, -1.4604099988937378] [0.125790536403656, 0.007379013113677502, 0.06867445260286331, -0.019471701234579086, 0.25190865993499756, 1.3841246366500854] 
[-0.08586204051971436, 0.14415404200553894, -0.28383195400238037, 1.2732620239257812, 0.14875604212284088, 0.2215999960899353, -1.4695301055908203, -1.4604099988937378] [0.12583519518375397, 0.007308007217943668, 0.06842953711748123, -0.02620665356516838, 0.25724753737449646, 1.3838225603103638] 
[-0.08586204051971436, 0.1456880420446396, -0.2884339690208435, 1.2747960090637207, 0.14875604212284088, 0.2215999960899353, -1.4695301055908203, -1.4619439840316772] [0.1256614476442337, 0.007200237829238176, 0.06789994239807129, -0.025279104709625244, 0.26068729162216187, 1.3852577209472656] 
[-0.08586204051971436, 0.14875604212284088, -0.2915019690990448, 1.2732620239257812, 0.14722204208374023, 0.2215999960899353, -1.4710640907287598, -1.4619439840316772] [0.12559781968593597, 0.007355496287345886, 0.06743989139795303, -0.028821710497140884, 0.26501235365867615, 1.3859434127807617] 
[-0.0904640406370163, 0.15335804224014282, -0.3083759546279907, 1.2717280387878418, 0.14722204208374023, 0.2215999960899353, -1.4741320610046387, -1.4680800437927246] [0.1256074607372284, 0.00746856490150094, 0.06691157817840576, -0.046653617173433304, 0.2807372212409973, 1.385666012763977] 
[-0.09660004079341888, 0.16102804243564606, -0.31297796964645386, 1.2579219341278076, 0.14722204208374023, 0.2215999960899353, -1.4756660461425781, -1.469614028930664] [0.12699580192565918, 0.008238594979047775, 0.06692063808441162, -0.051866162568330765, 0.27913403511047363, 1.3729997873306274] 
[-0.09506604075431824, 0.17483404278755188, -0.3145119547843933, 1.2364460229873657, 0.14722204208374023, 0.2215999960899353, -1.4756660461425781, -1.469614028930664] [0.12723015248775482, 0.00989261269569397, 0.06712578237056732, -0.05688634514808655, 0.2771826386451721, 1.3709951639175415] 
[-0.09660004079341888, 0.19017404317855835, -0.3145119547843933, 1.2119020223617554, 0.14722204208374023, 0.2215999960899353, -1.478734016418457, -1.4711480140686035] [0.12903937697410583, 0.011274057440459728, 0.06769746541976929, -0.06785178929567337, 0.27332624793052673, 1.3542615175247192] 
[-0.09660004079341888, 0.20704804360866547, -0.3145119547843933, 1.1735520362854004, 0.14722204208374023, 0.2215999960899353, -1.478734016418457, -1.4711480140686035] [0.13090306520462036, 0.0130119314417243, 0.06832879781723022, -0.07780621200799942, 0.26735490560531616, 1.336744785308838] 
[-0.09660004079341888, 0.22699004411697388, -0.31297796964645386, 1.1367360353469849, 0.14722204208374023, 0.2215999960899353, -1.480268120765686, -1.472681999206543] [0.13367657363414764, 0.015113266184926033, 0.06943754851818085, -0.09046788513660431, 0.2568901777267456, 1.3103632926940918] 
[-0.09506604075431824, 0.24539804458618164, -0.31297796964645386, 1.093783974647522, 0.14722204208374023, 0.2215999960899353, -1.4818021059036255, -1.472681999206543] [0.13639189302921295, 0.01623835228383541, 0.07013904303312302, -0.09974127262830734, 0.24877788126468658, 1.28438401222229] 
[-0.09506604075431824, 0.2607380449771881, -0.31297796964645386, 1.0492980480194092, 0.14722204208374023, 0.2215999960899353, -1.480268120765686, -1.4742159843444824] [0.13927750289440155, 0.01708625629544258, 0.07111088186502457, -0.11013772338628769, 0.2396947741508484, 1.256696105003357] 
[-0.09353204071521759, 0.2730100452899933, -0.3083759546279907, 1.0002100467681885, 0.14722204208374023, 0.2215999960899353, -1.4818021059036255, -1.4742159843444824] [0.14215290546417236, 0.01754729077219963, 0.07240626215934753, -0.11417695134878159, 0.22612909972667694, 1.229417324066162] 
[-0.09199804067611694, 0.28528204560279846, -0.3053079843521118, 0.9679960012435913, 0.14722204208374023, 0.2215999960899353, -1.4818021059036255, -1.4742159843444824] [0.14450493454933167, 0.01838517375290394, 0.07304532080888748, -0.11908687651157379, 0.21714897453784943, 1.206104040145874] 
[-0.0904640406370163, 0.29141804575920105, -0.3053079843521118, 0.943452000617981, 0.14722204208374023, 0.2215999960899353, -1.4818021059036255, -1.4742159843444824] [0.14680568873882294, 0.018535742536187172, 0.0739881843328476, -0.12476591765880585, 0.2084374725818634, 1.1837676763534546] 
[-0.087396040558815, 0.29755404591560364, -0.29917198419570923, 0.9081699848175049, 0.14875604212284088, 0.2215999960899353, -1.4818021059036255, -1.4742159843444824] [0.14894002676010132, 0.018011029809713364, 0.07461325824260712, -0.12000346928834915, 0.19822143018245697, 1.163653016090393] 
[-0.08432804048061371, 0.29755404591560364, -0.28996795415878296, 0.8759559988975525, 0.14722204208374023, 0.2215999960899353, -1.480268120765686, -1.472681999206543] [0.15296442806720734, 0.016916878521442413, 0.07635890692472458, -0.11884765326976776, 0.18076007068157196, 1.125173807144165] 
[-0.08432804048061371, 0.29755404591560364, -0.2853659689426422, 0.8437420129776001, 0.14875604212284088, 0.2215999960899353, -1.4818021059036255, -1.4742159843444824] [0.15654517710208893, 0.015291282907128334, 0.07749266922473907, -0.12502390146255493, 0.17053812742233276, 1.0909321308135986] 
[-0.08432804048061371, 0.29755404591560364, -0.28076398372650146, 0.7977219820022583, 0.14875604212284088, 0.2215999960899353, -1.4818021059036255, -1.472681999206543] [0.16048362851142883, 0.013629376888275146, 0.07906414568424225, -0.1231263130903244, 0.15480120480060577, 1.0522351264953613] 
[-0.08279404044151306, 0.29755404591560364, -0.27002596855163574, 0.7563039660453796, 0.15029004216194153, 0.2215999960899353, -1.4818021059036255, -1.4742159843444824] [0.16445006430149078, 0.011844426393508911, 0.08123523741960526, -0.11845395714044571, 0.13513405621051788, 1.0127002000808716] 
[-0.08279404044151306, 0.29755404591560364, -0.26082196831703186, 0.7118179798126221, 0.15029004216194153, 0.2215999960899353, -1.4818021059036255, -1.4742159843444824] [0.16853761672973633, 0.0096278116106987, 0.08308909088373184, -0.1164582297205925, 0.11844304949045181, 0.9708174467086792] 
[-0.08279404044151306, 0.29755404591560364, -0.2562199831008911, 0.6780699491500854, 0.15182404220104218, 0.2215999960899353, -1.480268120765686, -1.4742159843444824] [0.1717396080493927, 0.007641807198524475, 0.08434350043535233, -0.11633791774511337, 0.10720132291316986, 0.9371039271354675] 
[-0.08279404044151306, 0.2960200309753418, -0.25315195322036743, 0.6427879929542542, 0.15335804224014282, 0.2215999960899353, -1.4818021059036255, -1.472681999206543] [0.17560116946697235, 0.004654827993363142, 0.0853981301188469, -0.11763525754213333, 0.09639467298984528, 0.8957984447479248] 
[-0.08126004040241241, 0.2929520606994629, -0.25315195322036743, 0.6105740070343018, 0.15335804224014282, 0.2215999960899353, -1.480268120765686, -1.4711480140686035] [0.17758947610855103, 0.0024070970248430967, 0.08587788790464401, -0.11849740147590637, 0.09221121668815613, 0.8748310208320618] 
[-0.08279404044151306, 0.2806800603866577, -0.25315195322036743, 0.6090399622917175, 0.15489204227924347, 0.2215999960899353, -1.480268120765686, -1.469614028930664] [0.17937232553958893, -0.0006249300204217434, 0.08642558753490448, -0.11609212309122086, 0.08890654146671295, 0.8567416667938232] 
[-0.08126004040241241, 0.2607380449771881, -0.251617968082428, 0.6090399622917175, 0.1686980426311493, 0.2215999960899353, -1.478734016418457, -1.4680800437927246] [0.18027657270431519, -0.0024271809961646795, 0.0864928662776947, -0.10169869661331177, 0.08823855966329575, 0.8460923433303833] 
[-0.08279404044151306, 0.25153404474258423, -0.251617968082428, 0.6090399622917175, 0.17330004274845123, 0.2215999960899353, -1.4772000312805176, -1.4665460586547852] [0.1817690134048462, -0.005234987940639257, 0.08637215942144394, -0.09370461106300354, 0.08792248368263245, 0.8294944763183594] 
[-0.08126004040241241, 0.23005804419517517, -0.25315195322036743, 0.6075059771537781, 0.18403804302215576, 0.2215999960899353, -1.4741320610046387, -1.4650119543075562] [0.18364815413951874, -0.009088248014450073, 0.08642715215682983, -0.08458510041236877, 0.08749372512102127, 0.8079608678817749] 
[-0.07972604036331177, 0.19631004333496094, -0.25315195322036743, 0.6090399622917175, 0.18710604310035706, 0.2215999960899353, -1.4710640907287598, -1.4650119543075562] [0.18674004077911377, -0.01581849530339241, 0.08639327436685562, -0.07833188027143478, 0.086471326649189, 0.7715407013893127] 
[-0.07819204032421112, 0.1594940423965454, -0.25315195322036743, 0.6090399622917175, 0.1886400431394577, 0.2215999960899353, -1.4695301055908203, -1.4634779691696167] [0.18985870480537415, -0.02369212545454502, 0.08544781804084778, -0.06851717829704285, 0.08910771459341049, 0.7307820320129395] 
[-0.06898804008960724, 0.12881404161453247, -0.251617968082428, 0.6090399622917175, 0.19631004333496094, 0.2215999960899353, -1.4664621353149414, -1.4573420286178589] [0.1913483589887619, -0.02798662893474102, 0.08409693837165833, -0.05609400197863579, 0.0938187688589096, 0.7084020376205444] 
[-0.0643860399723053, 0.11194004118442535, -0.25315195322036743, 0.6090399622917175, 0.19784404337406158, 0.2215999960899353, -1.4649280309677124, -1.4542739391326904] [0.19223728775978088, -0.03138222545385361, 0.08287608623504639, -0.04765785485506058, 0.0988374724984169, 0.6934543251991272] 
[-0.055182039737701416, 0.0904640406370163, -0.25315195322036743, 0.6136419773101807, 0.20551404356956482, 0.2215999960899353, -1.4572581052780151, -1.4450700283050537] [0.1933799386024475, -0.03543756157159805, 0.08087807893753052, -0.03379762917757034, 0.10642816871404648, 0.67280113697052] 
[-0.04444403946399689, 0.06745404005050659, -0.25315195322036743, 0.6136419773101807, 0.20704804360866547, 0.2215999960899353, -1.4434521198272705, -1.4327980279922485] [0.19431675970554352, -0.03956460952758789, 0.0776592418551445, -0.02112451009452343, 0.11919347941875458, 0.6525960564613342] 
[-0.024502038955688477, 0.04444403946399689, -0.25315195322036743, 0.6136419773101807, 0.2085820436477661, 0.2215999960899353, -1.4265780448913574, -1.411321997642517] [0.1951567828655243, -0.044315680861473083, 0.07350614666938782, -0.006215629633516073, 0.13608849048614502, 0.6297589540481567] 
[-0.001492038369178772, 0.026036038994789124, -0.25315195322036743, 0.6136419773101807, 0.21011604368686676, 0.2215999960899353, -1.406636118888855, -1.391379952430725] [0.19530130922794342, -0.046995580196380615, 0.06961329281330109, 0.007095276843756437, 0.15226982533931732, 0.6176444292068481] 
[0.019983962178230286, 0.00762803852558136, -0.25315195322036743, 0.6136419773101807, 0.21011604368686676, 0.2215999960899353, -1.389762043952942, -1.3745059967041016] [0.19538582861423492, -0.050259027630090714, 0.06519670784473419, 0.021447833627462387, 0.17045916616916656, 0.6030471920967102] 
[0.04145996272563934, -0.004643961787223816, -0.24394796788692474, 0.6136419773101807, 0.21011604368686676, 0.2215999960899353, -1.3728880882263184, -1.357632040977478] [0.19494833052158356, -0.05211124196648598, 0.06065946817398071, 0.04368454962968826, 0.1870478391647339, 0.5958566069602966] 
[0.06753796339035034, -0.01231396198272705, -0.2424139678478241, 0.6136419773101807, 0.21011604368686676, 0.2215999960899353, -1.3544800281524658, -1.3361560106277466] [0.1943962424993515, -0.05271558463573456, 0.057365164160728455, 0.05315412953495979, 0.2011346071958542, 0.5946217775344849] 
[0.08747996389865875, -0.013847962021827698, -0.2424139678478241, 0.6136419773101807, 0.21011604368686676, 0.2215999960899353, -1.3376060724258423, -1.3208160400390625] [0.19350476562976837, -0.053017910569906235, 0.05319378152489662, 0.06535288691520691, 0.21899239718914032, 0.5956372618675232] 
[0.10128595679998398, -0.013847962021827698, -0.2424139678478241, 0.6136419773101807, 0.21011604368686676, 0.2215999960899353, -1.3299360275268555, -1.319282054901123] [0.19314008951187134, -0.053017910569906235, 0.05171098932623863, 0.06976762413978577, 0.22533948719501495, 0.5966100096702576] 
[0.10742195695638657, -0.013847962021827698, -0.2424139678478241, 0.6136419773101807, 0.21011604368686676, 0.2215999960899353, -1.325334072113037, -1.317747950553894] [0.19257017970085144, -0.052468542009592056, 0.05102882906794548, 0.07294928282499313, 0.22872045636177063, 0.6032472252845764] 
[0.10742195695638657, -0.013847962021827698, -0.2424139678478241, 0.6243799924850464, 0.21011604368686676, 0.2215999960899353, -1.3222661018371582, -1.3131459951400757] [0.19225232303142548, -0.05205811560153961, 0.05096210166811943, 0.07401211559772491, 0.22934730350971222, 0.6079286336898804] 
[0.11355795711278915, -0.013847962021827698, -0.2424139678478241, 0.6259139776229858, 0.21011604368686676, 0.2215999960899353, -1.313062071800232, -1.30240797996521] [0.19171467423439026, -0.05205811560153961, 0.04890055954456329, 0.08032338321208954, 0.23815695941448212, 0.6093904972076416] 
[0.13043196499347687, -0.013847962021827698, -0.2424139678478241, 0.6259139776229858, 0.21011604368686676, 0.2215999960899353, -1.294654130935669, -1.284000039100647] [0.1903170943260193, -0.05205811560153961, 0.04391896724700928, 0.09576556831598282, 0.25951284170150757, 0.6131938099861145] 
[0.15344196557998657, -0.013847962021827698, -0.2424139678478241, 0.6243799924850464, 0.21011604368686676, 0.2215999960899353, -1.271644115447998, -1.2579219341278076] [0.18849435448646545, -0.05192161723971367, 0.03838152810931206, 0.11367803812026978, 0.2834582030773163, 0.6194674372673035] 
[0.18105396628379822, -0.013847962021827698, -0.2424139678478241, 0.6259139776229858, 0.21011604368686676, 0.2215999960899353, -1.2471001148223877, -1.2349120378494263] [0.18723554909229279, -0.05205811560153961, 0.03436069190502167, 0.12625879049301147, 0.3007923364639282, 0.6216276288032532] 
[0.20406396687030792, -0.013847962021827698, -0.2424139678478241, 0.6259139776229858, 0.21011604368686676, 0.2215999960899353, -1.2271580696105957, -1.2134360074996948] [0.18556828796863556, -0.05205811560153961, 0.029785411432385445, 0.14131921529769897, 0.3207123577594757, 0.6262330412864685] 
[0.22553996741771698, -0.013847962021827698, -0.2424139678478241, 0.6243799924850464, 0.21011604368686676, 0.2215999960899353, -1.2072160243988037, -1.1934939622879028] [0.18446940183639526, -0.05205811560153961, 0.02694716863334179, 0.15083277225494385, 0.33312779664993286, 0.6292881965637207] 
[0.24701596796512604, -0.013847962021827698, -0.2424139678478241, 0.6243799924850464, 0.21011604368686676, 0.2215999960899353, -1.1842060089111328, -1.172018051147461] [0.18250180780887604, -0.05205811560153961, 0.022161956876516342, 0.16719600558280945, 0.3541685938835144, 0.6348018050193787] 
[0.26695796847343445, -0.013847962021827698, -0.2424139678478241, 0.6243799924850464, 0.21011604368686676, 0.2215999960899353, -1.1642640829086304, -1.14900803565979] [0.18105389177799225, -0.05192161723971367, 0.019089877605438232, 0.178509920835495, 0.36778542399406433, 0.6402320265769958] 
[0.2884339690208435, -0.013847962021827698, -0.2424139678478241, 0.6259139776229858, 0.21011604368686676, 0.2215999960899353, -1.1443220376968384, -1.1305999755859375] [0.1793832629919052, -0.05205811560153961, 0.015221953392028809, 0.19173046946525574, 0.384948194026947, 0.6436651945114136] 
[0.3053079843521118, -0.01231396198272705, -0.2424139678478241, 0.6243799924850464, 0.21011604368686676, 0.2215999960899353, -1.1274480819702148, -1.1152600049972534] [0.1785954087972641, -0.05205811560153961, 0.013574534095823765, 0.19770807027816772, 0.3923041820526123, 0.6459301710128784] 
[0.31604596972465515, -0.013847962021827698, -0.2424139678478241, 0.6243799924850464, 0.21011604368686676, 0.2215999960899353, -1.1182440519332886, -1.1045219898223877] [0.1772765815258026, -0.05192161723971367, 0.011118216440081596, 0.20739786326885223, 0.40331903100013733, 0.6510983109474182] 
[0.32218196988105774, -0.013847962021827698, -0.2424139678478241, 0.6259139776229858, 0.21011604368686676, 0.2215999960899353, -1.1121081113815308, -1.1014540195465088] [0.17710834741592407, -0.051964908838272095, 0.010753829032182693, 0.20716510713100433, 0.4054376780986786, 0.651493489742279] 
[0.3267839550971985, -0.01231396198272705, -0.24394796788692474, 0.6259139776229858, 0.21011604368686676, 0.2215999960899353, -1.104438066482544, -1.093783974647522] [0.17646051943302155, -0.051800135523080826, 0.009419162757694721, 0.2120027393102646, 0.4112316966056824, 0.6534590125083923] 
[0.34212398529052734, -0.01231396198272705, -0.24394796788692474, 0.6335839629173279, 0.21011604368686676, 0.2215999960899353, -1.084496021270752, -1.075376033782959] [0.17428439855575562, -0.050849344581365585, 0.006750528234988451, 0.22706905007362366, 0.4232361316680908, 0.6693812608718872] 
[0.36206597089767456, -0.009245961904525757, -0.24394796788692474, 0.6351180076599121, 0.21011604368686676, 0.2215999960899353, -1.0599520206451416, -1.0492980480194092] [0.17184662818908691, -0.050114575773477554, 0.002824938390403986, 0.24453610181808472, 0.44048649072647095, 0.6809589266777039] 
[0.3820079565048218, -0.004643961787223816, -0.24394796788692474, 0.6351180076599121, 0.21011604368686676, 0.2215999960899353, -1.0415440797805786, -1.0339579582214355] [0.16975343227386475, -0.04891682416200638, -0.0002091737842420116, 0.2594285011291504, 0.4532788097858429, 0.6930959224700928] 
[0.39121198654174805, -4.1961669921875e-05, -0.24394796788692474, 0.6366519927978516, 0.21011604368686676, 0.2215999960899353, -1.0400100946426392, -1.032423973083496] [0.16923445463180542, -0.048019714653491974, -0.0006425943574868143, 0.26311004161834717, 0.45451226830482483, 0.6989672183990479] 
[0.39121198654174805, 0.00762803852558136, -0.24394796788692474, 0.6366519927978516, 0.21011604368686676, 0.2215999960899353, -1.0415440797805786, -1.032423973083496] [0.1678924560546875, -0.04325348883867264, -0.00041017058538272977, 0.27211326360702515, 0.44954541325569153, 0.7255823612213135] 
[0.39734798669815063, 0.045978039503097534, -0.24394796788692474, 0.6366519927978516, 0.21011604368686676, 0.2215999960899353, -1.0400100946426392, -1.032423973083496] [0.16567406058311462, -0.03709203377366066, -0.0005529946065507829, 0.28448715806007385, 0.4454520642757416, 0.7612598538398743] 
[0.39734798669815063, 0.0643860399723053, -0.2454819679260254, 0.6366519927978516, 0.21011604368686676, 0.2215999960899353, -1.043078064918518, -1.0339579582214355] [0.16548097133636475, -0.0360000915825367, -0.000328240217640996, 0.2868601083755493, 0.4430173933506012, 0.7659639716148376] 
[0.39734798669815063, 0.06592004001140594, -0.2454819679260254, 0.6351180076599121, 0.21011604368686676, 0.2215999960899353, -1.043078064918518, -1.0339579582214355] [0.16539306938648224, -0.035706523805856705, -0.0002913425269071013, 0.28733325004577637, 0.44260549545288086, 0.7675812244415283] 
[0.39734798669815063, 0.06745404005050659, -0.2454819679260254, 0.6351180076599121, 0.21011604368686676, 0.2215999960899353, -1.043078064918518, -1.0339579582214355] [0.1652691513299942, -0.03545678034424782, -0.0003467047354206443, 0.2866038680076599, 0.44310033321380615, 0.769275426864624] 
[0.39734798669815063, 0.06898804008960724, -0.2454819679260254, 0.6351180076599121, 0.21011604368686676, 0.2215999960899353, -1.0446120500564575, -1.035491943359375] [0.16427096724510193, -0.03223911300301552, 7.220378756755963e-05, 0.29174596071243286, 0.4385167062282562, 0.7870287895202637] 
[0.3988819718360901, 0.10733804106712341, -0.2454819679260254, 0.6351180076599121, 0.21011604368686676, 0.2215999960899353, -1.0492141246795654, -1.0385600328445435] [0.16160984337329865, -0.024422453716397285, 0.0011890098685398698, 0.303935170173645, 0.42692315578460693, 0.8303323984146118] 
[0.39734798669815063, 0.14108604192733765, -0.2454819679260254, 0.6274479627609253, 0.21011604368686676, 0.2215999960899353, -1.0568840503692627, -1.0462299585342407] [0.159774050116539, -0.017979517579078674, 0.0021464205347001553, 0.30848386883735657, 0.4174615740776062, 0.8584178686141968] 
[0.3958139717578888, 0.18710604310035706, -0.24701596796512604, 0.6151759624481201, 0.2085820436477661, 0.2215999960899353, -1.0676220655441284, -1.058501958847046] [0.15714779496192932, -0.010208659805357456, 0.0037740624975413084, 0.315610408782959, 0.40375301241874695, 0.8953165411949158] 
[0.3927459716796875, 0.26227205991744995, -0.251617968082428, 0.6105740070343018, 0.21011604368686676, 0.2215999960899353, -1.0952340364456177, -1.0815119743347168] [0.15289214253425598, 0.0006353592034429312, 0.00716639868915081, 0.31306132674217224, 0.38288813829421997, 0.9531059861183167] 
[0.3835419714450836, 0.28221404552459717, -0.25315195322036743, 0.6090399622917175, 0.2085820436477661, 0.2215999960899353, -1.124380111694336, -1.113726019859314] [0.1510363221168518, 0.005989560857415199, 0.009887085296213627, 0.3137264549732208, 0.3666965663433075, 0.9793246388435364] 
[0.3728039860725403, 0.3159620463848114, -0.24854996800422668, 0.6090399622917175, 0.2085820436477661, 0.2215999960899353, -1.1473901271820068, -1.1352019309997559] [0.1515670120716095, 0.007618809584528208, 0.012732359580695629, 0.3044614791870117, 0.3537490963935852, 0.9833434820175171] 
[0.34212398529052734, 0.3389720320701599, -0.24087996780872345, 0.6090399622917175, 0.2085820436477661, 0.2215999960899353, -1.1903420686721802, -1.1781539916992188] [0.15394227206707, 0.00794335175305605, 0.01747073046863079, 0.2913194000720978, 0.33221083879470825, 0.9749487042427063] 
[0.3237159848213196, 0.3389720320701599, -0.21786996722221375, 0.6105740070343018, 0.2085820436477661, 0.2215999960899353, -1.2118180990219116, -1.2011640071868896] [0.15600024163722992, 0.009251264855265617, 0.02364245057106018, 0.3138938248157501, 0.29283320903778076, 0.9684581756591797] 
[0.3145119547843933, 0.3389720320701599, -0.17338396608829498, 0.6105740070343018, 0.21011604368686676, 0.22120000422000885, -1.2302260398864746, -1.2072999477386475] [0.15607506036758423, 0.00973326712846756, 0.024729816243052483, 0.32784175872802734, 0.2830372452735901, 0.968916118144989] 
[0.31297796964645386, 0.3389720320701599, -0.1672479659318924, 0.6136419773101807, 0.2085820436477661, 0.2215999960899353, -1.2271580696105957, -1.2042319774627686] [0.15699502825737, 0.009900640696287155, 0.027106530964374542, 0.3189017176628113, 0.2732807695865631, 0.9670431613922119] 
[0.2884339690208435, 0.33743804693222046, -0.1641799658536911, 0.6151759624481201, 0.21011604368686676, 0.22120000422000885, -1.2271580696105957, -1.205765962600708] [0.15932904183864594, 0.010090297088027, 0.032912515103816986, 0.2948344349861145, 0.2512471675872803, 0.9606667160987854] 
[0.2362779676914215, 0.31749606132507324, -0.16264596581459045, 0.6105740070343018, 0.2116500437259674, 0.22120000422000885, -1.2471001148223877, -1.2364460229873657] [0.17622625827789307, -0.00384701625443995, 0.0584653802216053, 0.15915487706661224, 0.1623634397983551, 0.850806474685669] 
[0.07367396354675293, 0.17790204286575317, -0.16264596581459045, 0.6105740070343018, 0.21318404376506805, 0.22120000422000885, -1.2762460708618164, -1.317747950553894] [0.20327027142047882, -0.08135763555765152, 0.09298355132341385, 0.04498138278722763, 0.023064302280545235, 0.4381030201911926] 
[-0.08126004040241241, -0.6443219780921936, -0.16571396589279175, 0.6121079921722412, 0.21318404376506805, 0.22120000422000885, -1.425044059753418, -1.418992042541504] [0.1834718883037567, -0.18681620061397552, 0.09021163731813431, 0.08386518061161041, 0.022987591102719307, -0.09503225982189178] 
[-0.06898804008960724, -0.7332940101623535, -0.1580439656972885, 0.6105740070343018, 0.22392204403877258, 0.2215999960899353, -1.4664621353149414, -1.4650119543075562] [0.18060699105262756, -0.19238127768039703, 0.09023656696081161, 0.10301057249307632, 0.020402569323778152, -0.1265697479248047] 
[-0.07052204012870789, -0.7317599654197693, -0.15190796554088593, 0.6105740070343018, 0.22392204403877258, 0.22120000422000885, -1.4725980758666992, -1.469614028930664] [0.1806831657886505, -0.1922731101512909, 0.0907382071018219, 0.1077701672911644, 0.01603553257882595, -0.12605300545692444] 
[-0.07052204012870789, -0.7317599654197693, -0.15190796554088593, 0.6121079921722412, 0.22238804399967194, 0.22120000422000885, -1.4725980758666992, -1.469614028930664] [0.18082720041275024, -0.19199752807617188, 0.0907483771443367, 0.10766292363405228, 0.016022028401494026, -0.1245245710015297] 
[-0.07052204012870789, -0.7302259802818298, -0.15037396550178528, 0.6105740070343018, 0.22392204403877258, 0.22120000422000885, -1.4725980758666992, -1.469614028930664] [0.18082955479621887, -0.19197890162467957, 0.09075042605400085, 0.10919692367315292, 0.016022028401494026, -0.1245245710015297] 
[-0.07052204012870789, -0.7302259802818298, -0.15037396550178528, 0.6105740070343018, 0.22392204403877258, 0.22120000422000885, -1.4725980758666992, -1.469614028930664] [0.18079954385757446, -0.19200406968593597, 0.0903722420334816, 0.10774768888950348, 0.018417788669466972, -0.1246291771531105] 
