[-0.21778604388237, -0.6443219780921936, -0.04452796280384064, 0.7823820114135742, 0.6381020545959473, 0.462799996137619, -1.5002100467681885, -1.511031985282898] [0.18472912907600403, -0.15088839828968048, 0.12672725319862366, 0.5740904808044434, -0.18329119682312012, 0.13825370371341705] [0.5108100771903992, 0.14583447575569153, 0.20361937582492828]
[-0.21778604388237, -0.6443219780921936, -0.04759596288204193, 0.7823820114135742, 0.6381020545959473, 0.25600001215934753, -1.5002100467681885, -1.5094980001449585] [0.18481969833374023, -0.15060438215732574, 0.12662504613399506, 0.574215292930603, -0.1821659803390503, 0.13974261283874512] [0.5108100771903992, 0.14583447575569153, 0.20361937582492828]
[-0.21778604388237, -0.6443219780921936, -0.04759596288204193, 0.7823820114135742, 0.6365680694580078, 0.23319999873638153, -1.5002100467681885, -1.5094980001449585] [0.18485678732395172, -0.1507909595966339, 0.12662793695926666, 0.5729634165763855, -0.18226371705532074, 0.13818593323230743] [0.5108100771903992, 0.14583447575569153, 0.20361937582492828]
[-0.21778604388237, -0.6443219780921936, -0.04759596288204193, 0.7823820114135742, 0.6381020545959473, 0.23319999873638153, -1.5002100467681885, -1.5094980001449585] [0.1848643720149994, -0.15061983466148376, 0.1263314187526703, 0.5728985071182251, -0.18064695596694946, 0.1397034227848053] [0.5108100771903992, 0.14583447575569153, 0.20361937582492828]
[-0.21778604388237, -0.6443219780921936, -0.04759596288204193, 0.7823820114135742, 0.6365680694580078, 0.23279999196529388, -1.5002100467681885, -1.5094980001449585] [0.18482375144958496, -0.15061983466148376, 0.12661497294902802, 0.5726813077926636, -0.1821659803390503, 0.13974261283874512] [0.5108100771903992, 0.14583447575569153, 0.20361937582492828]
[-0.21625204384326935, -0.6443219780921936, -0.04759596288204193, 0.7823820114135742, 0.6381020545959473, 0.23279999196529388, -1.498676061630249, -1.5094980001449585] [0.18486033380031586, -0.15060438215732574, 0.12634149193763733, 0.5744324922561646, -0.18064695596694946, 0.1397034227848053] [0.5108100771903992, 0.14583447575569153, 0.20361937582492828]
[-0.21778604388237, -0.6443219780921936, -0.04759596288204193, 0.7823820114135742, 0.6381020545959473, 0.23279999196529388, -1.5002100467681885, -1.511031985282898] [0.18478530645370483, -0.15090541541576385, 0.12631405889987946, 0.5732299089431763, -0.18069253861904144, 0.13814567029476166] [0.5108100771903992, 0.14583447575569153, 0.20361937582492828]
[-0.21778604388237, -0.6443219780921936, -0.04759596288204193, 0.7823820114135742, 0.6365680694580078, 0.23240000009536743, -1.5002100467681885, -1.5094980001449585] [0.18482375144958496, -0.15061983466148376, 0.12661497294902802, 0.5726813077926636, -0.1821659803390503, 0.13974261283874512] [0.5108100771903992, 0.14583447575569153, 0.20361937582492828]
[-0.21778604388237, -0.6458559632301331, -0.04759596288204193, 0.7823820114135742, 0.6365680694580078, 0.23240000009536743, -1.498676061630249, -1.5094980001449585] [0.18482375144958496, -0.15061983466148376, 0.12661497294902802, 0.5726813077926636, -0.1821659803390503, 0.13974261283874512] [0.5108100771903992, 0.14583447575569153, 0.20361937582492828]
[-0.21778604388237, -0.6443219780921936, -0.04759596288204193, 0.7823820114135742, 0.6365680694580078, 0.23240000009536743, -1.5002100467681885, -1.511031985282898] [0.18478530645370483, -0.15090541541576385, 0.12631405889987946, 0.5732299089431763, -0.18069253861904144, 0.13814567029476166] [0.5108100771903992, 0.14583447575569153, 0.20361937582492828]
[-0.21778604388237, -0.6443219780921936, -0.04759596288204193, 0.7823820114135742, 0.6365680694580078, 0.23199999332427979, -1.498676061630249, -1.5094980001449585] [0.1848643720149994, -0.15061983466148376, 0.1263314187526703, 0.5728985071182251, -0.18064695596694946, 0.1397034227848053] [0.5108100771903992, 0.14583447575569153, 0.20361937582492828]
[-0.21778604388237, -0.6458559632301331, -0.04759596288204193, 0.7823820114135742, 0.6365680694580078, 0.23199999332427979, -1.5002100467681885, -1.5094980001449585] [0.18482375144958496, -0.15061983466148376, 0.12661497294902802, 0.5726813077926636, -0.1821659803390503, 0.13974261283874512] [0.5108100771903992, 0.14583447575569153, 0.20361937582492828]
[-0.21625204384326935, -0.6443219780921936, -0.04759596288204193, 0.7823820114135742, 0.6365680694580078, 0.23160000145435333, -1.5002100467681885, -1.511031985282898] [0.1848643720149994, -0.15061983466148376, 0.1263314187526703, 0.5728985071182251, -0.18064695596694946, 0.1397034227848053] [0.5108100771903992, 0.14583447575569153, 0.20361937582492828]
[-0.21625204384326935, -0.6458559632301331, -0.04759596288204193, 0.7823820114135742, 0.6381020545959473, 0.23160000145435333, -1.5002100467681885, -1.5094980001449585] [0.18478530645370483, -0.15090541541576385, 0.12631405889987946, 0.5732299089431763, -0.18069253861904144, 0.13814567029476166] [0.5108100771903992, 0.14583447575569153, 0.20361937582492828]
[-0.21625204384326935, -0.6458559632301331, -0.04759596288204193, 0.7823820114135742, 0.6365680694580078, 0.23160000145435333, -1.5002100467681885, -1.511031985282898] [0.18478530645370483, -0.15090541541576385, 0.12631405889987946, 0.5732299089431763, -0.18069253861904144, 0.13814567029476166] [0.5108100771903992, 0.14583447575569153, 0.20361937582492828]
[-0.21625204384326935, -0.6443219780921936, -0.04759596288204193, 0.7823820114135742, 0.6365680694580078, 0.23119999468326569, -1.5002100467681885, -1.5094980001449585] [0.18490050733089447, -0.15060438215732574, 0.12605790793895721, 0.5746495723724365, -0.17912790179252625, 0.13966459035873413] [0.5108100771903992, 0.14583447575569153, 0.20361937582492828]
[-0.2147180438041687, -0.6443219780921936, -0.04912996292114258, 0.7823820114135742, 0.6381020545959473, 0.23119999468326569, -1.5002100467681885, -1.5094980001449585] [0.18519864976406097, -0.14920935034751892, 0.12673570215702057, 0.5701688528060913, -0.18128807842731476, 0.14742812514305115] [0.5108100771903992, 0.14583447575569153, 0.20361937582492828]
[-0.2407960444688797, -0.6121079921722412, -0.050663962960243225, 0.8069260120391846, 0.6381020545959473, 0.23080000281333923, -1.5002100467681885, -1.507964015007019] [0.18526166677474976, -0.13930019736289978, 0.13328787684440613, 0.5511853098869324, -0.21207371354103088, 0.21272461116313934] [0.5108100771903992, 0.14583447575569153, 0.20361937582492828]
[-0.27147603034973145, -0.561486005783081, -0.04912996292114258, 0.8145959973335266, 0.6381020545959473, 0.2303999960422516, -1.5002100467681885, -1.507964015007019] [0.1856066882610321, -0.12873660027980804, 0.13858945667743683, 0.527653694152832, -0.23340104520320892, 0.2768506109714508] [0.5108100771903992, 0.14583447575569153, 0.20361937582492828]
[-0.29755404591560364, -0.5077959895133972, -0.050663962960243225, 0.8222659826278687, 0.6365680694580078, 0.22759999334812164, -1.5002100467681885, -1.507964015007019] [0.1854860782623291, -0.11162911355495453, 0.1469006985425949, 0.48693200945854187, -0.26481759548187256, 0.3748561143875122] [0.5108100771903992, 0.14583447575569153, 0.20361937582492828]
[-0.34971004724502563, -0.36206597089767456, -0.05219796299934387, 0.8222659826278687, 0.6365680694580078, 0.2272000014781952, -1.5002100467681885, -1.507964015007019] [0.182416632771492, -0.07930964231491089, 0.1565607339143753, 0.4046495258808136, -0.28488776087760925, 0.5543572902679443] [0.5108100771903992, 0.14583447575569153, 0.20361937582492828]
[-0.4003320336341858, -0.13656796514987946, -0.055265963077545166, 0.8237999677658081, 0.6381020545959473, 0.2272000014781952, -1.5002100467681885, -1.507964015007019] [0.17388197779655457, -0.04140659421682358, 0.1581767350435257, 0.32558441162109375, -0.2572283446788788, 0.7627426981925964] [0.5108100771903992, 0.14583447575569153, 0.20361937582492828]
[-0.40186604857444763, 0.0383080393075943, -0.05986796319484711, 0.8253339529037476, 0.6365680694580078, 0.2272000014781952, -1.5002100467681885, -1.507964015007019] [0.16352133452892303, -0.012707516551017761, 0.15243496000766754, 0.2810642123222351, -0.2030877321958542, 0.9219204187393188] [0.5108100771903992, 0.14583447575569153, 0.20361937582492828]
[-0.39879804849624634, 0.15029004216194153, -0.05986796319484711, 0.8268679976463318, 0.6335000395774841, 0.2272000014781952, -1.5002100467681885, -1.507964015007019] [0.15391799807548523, 0.003947018645703793, 0.14867040514945984, 0.2490876317024231, -0.16754089295864105, 1.0280342102050781] [0.5108100771903992, 0.14583447575569153, 0.20361937582492828]
[-0.40186604857444763, 0.16716404259204865, -0.0629359632730484, 0.8897619843482971, 0.628898024559021, 0.2272000014781952, -1.5002100467681885, -1.507964015007019] [0.1481277495622635, 0.007667648606002331, 0.1456073522567749, 0.23466962575912476, -0.14112892746925354, 1.0875385999679565] [0.5108100771903992, 0.14583447575569153, 0.20361937582492828]
[-0.4034000635147095, 0.18250404298305511, -0.0660039633512497, 0.9603259563446045, 0.628898024559021, 0.2272000014781952, -1.5002100467681885, -1.507964015007019] [0.13939973711967468, 0.012867105193436146, 0.14132067561149597, 0.22119417786598206, -0.10280487686395645, 1.1717498302459717] [0.5108100771903992, 0.14583447575569153, 0.20361937582492828]
[-0.4064680337905884, 0.18250404298305511, -0.2132679671049118, 1.1014540195465088, 0.6304320693016052, 0.2272000014781952, -1.5002100467681885, -1.507964015007019] [0.13175581395626068, 0.01071478333324194, 0.110255166888237, 0.11066923290491104, 0.1691371649503708, 1.2422319650650024] [0.5108100771903992, 0.14583447575569153, 0.20361937582492828]
[-0.40186604857444763, 0.18403804302215576, -0.3405899703502655, 1.210368037223816, 0.6304320693016052, 0.2272000014781952, -1.5002100467681885, -1.5094980001449585] [0.12831799685955048, 0.01087564043700695, 0.10496118664741516, 0.10100585967302322, 0.21736931800842285, 1.2711331844329834] [0.5108100771903992, 0.14583447575569153, 0.20361937582492828]
[-0.40186604857444763, 0.20704804360866547, -0.33905595541000366, 1.2134360074996948, 0.628898024559021, 0.2272000014781952, -1.5002100467681885, -1.511031985282898] [0.12514428794384003, 0.01428037416189909, 0.10224702954292297, 0.10672502964735031, 0.23355649411678314, 1.3012949228286743] [0.5108100771903992, 0.14583447575569153, 0.20361937582492828]
[-0.381924033164978, 0.22852404415607452, -0.33905595541000366, 1.2134360074996948, 0.628898024559021, 0.2272000014781952, -1.498676061630249, -1.511031985282898] [0.12341857701539993, 0.01603100635111332, 0.09724269062280655, 0.13384723663330078, 0.25192663073539734, 1.323151707649231] [0.5108100771903992, 0.14583447575569153, 0.20361937582492828]
[-0.3512440323829651, 0.24233004450798035, -0.34519195556640625, 1.2134360074996948, 0.6227620840072632, 0.2272000014781952, -1.498676061630249, -1.511031985282898] [0.1227155327796936, 0.016879139468073845, 0.09398641437292099, 0.15133756399154663, 0.2596406936645508, 1.3350216150283813] [0.5108100771903992, 0.14583447575569153, 0.20361937582492828]
[-0.3297680616378784, 0.2407960444688797, -0.3467259705066681, 1.2119020223617554, 0.621228039264679, 0.22679999470710754, -1.5002100467681885, -1.5125659704208374] [0.12304112315177917, 0.016623659059405327, 0.09246738255023956, 0.16119857132434845, 0.2626189887523651, 1.3347042798995972] [0.5108100771903992, 0.14583447575569153, 0.20361937582492828]
[-0.3159620463848114, 0.2407960444688797, -0.3467259705066681, 1.1965620517730713, 0.6196940541267395, 0.22679999470710754, -1.501744031906128, -1.511031985282898] [0.12470170110464096, 0.01652940921485424, 0.0915379747748375, 0.16949522495269775, 0.25851210951805115, 1.322591781616211] [0.5108100771903992, 0.14583447575569153, 0.20361937582492828]
[-0.30522406101226807, 0.2407960444688797, -0.3467259705066681, 1.187358021736145, 0.6196940541267395, 0.225600004196167, -1.501744031906128, -1.511031985282898] [0.1255752593278885, 0.016473406925797462, 0.09100237488746643, 0.17652620375156403, 0.2564387321472168, 1.3159672021865845] [0.5108100771903992, 0.14583447575569153, 0.20361937582492828]
[-0.3021560311317444, 0.23926204442977905, -0.3436579704284668, 1.1750860214233398, 0.6196940541267395, 0.225600004196167, -1.501744031906128, -1.511031985282898] [0.12682998180389404, 0.016394419595599174, 0.0916382297873497, 0.17754478752613068, 0.24767790734767914, 1.305734634399414] [0.5108100771903992, 0.14583447575569153, 0.20361937582492828]
[-0.29448604583740234, 0.23926204442977905, -0.3329199552536011, 1.1566779613494873, 0.6196940541267395, 0.22519999742507935, -1.501744031906128, -1.511031985282898] [0.12839104235172272, 0.016845811158418655, 0.0926232859492302, 0.1909937709569931, 0.22872400283813477, 1.2943215370178223] [0.5108100771903992, 0.14583447575569153, 0.20361937582492828]
[-0.28528204560279846, 0.23926204442977905, -0.317579984664917, 1.129065990447998, 0.6196940541267395, 0.22519999742507935, -1.501744031906128, -1.511031985282898] [0.13058216869831085, 0.017033400014042854, 0.0938999354839325, 0.20093004405498505, 0.2099861055612564, 1.2763193845748901] [0.5108100771903992, 0.14583447575569153, 0.20361937582492828]
[-0.27761203050613403, 0.2407960444688797, -0.3053079843521118, 1.1014540195465088, 0.6196940541267395, 0.22519999742507935, -1.5032780170440674, -1.511031985282898] [0.13315430283546448, 0.01705995574593544, 0.09547284245491028, 0.20631079375743866, 0.18997056782245636, 1.254858374595642] [0.5108100771903992, 0.14583447575569153, 0.20361937582492828]
[-0.2730100452899933, 0.23926204442977905, -0.2915019690990448, 1.0646380186080933, 0.6196940541267395, 0.22519999742507935, -1.5032780170440674, -1.511031985282898] [0.13646811246871948, 0.01687304489314556, 0.09790278971195221, 0.21060431003570557, 0.16509494185447693, 1.2260363101959229] [0.5108100771903992, 0.14583447575569153, 0.20361937582492828]
[-0.269942045211792, 0.23926204442977905, -0.2776959538459778, 1.0247540473937988, 0.6196940541267395, 0.22519999742507935, -1.5063461065292358, -1.511031985282898] [0.14066272974014282, 0.01632235012948513, 0.10062245279550552, 0.2171316146850586, 0.13642479479312897, 1.1891988515853882] [0.5108100771903992, 0.14583447575569153, 0.20361937582492828]
[-0.26534003019332886, 0.23926204442977905, -0.26082196831703186, 0.9956079721450806, 0.6196940541267395, 0.22519999742507935, -1.5063461065292358, -1.511031985282898] [0.14230673015117645, 0.01630665920674801, 0.10215646028518677, 0.2301008105278015, 0.11733583360910416, 1.17548406124115] [0.5108100771903992, 0.14583447575569153, 0.20361937582492828]
[-0.25613605976104736, 0.2407960444688797, -0.2424139678478241, 0.9710639715194702, 0.6196940541267395, 0.22519999742507935, -1.5078800916671753, -1.511031985282898] [0.14399001002311707, 0.016469523310661316, 0.10347311198711395, 0.2501102089881897, 0.0962335541844368, 1.16173255443573] [0.5108100771903992, 0.14583447575569153, 0.20361937582492828]
[-0.2469320446252823, 0.2407960444688797, -0.22093796730041504, 0.951121985912323, 0.6196940541267395, 0.22519999742507935, -1.5078800916671753, -1.511031985282898] [0.14534077048301697, 0.016422979533672333, 0.10470534861087799, 0.26669052243232727, 0.07872277498245239, 1.1504095792770386] [0.5108100771903992, 0.14583447575569153, 0.20361937582492828]
[-0.2377280443906784, 0.243864044547081, -0.20559796690940857, 0.923509955406189, 0.6196940541267395, 0.22519999742507935, -1.5078800916671753, -1.511031985282898] [0.14751501381397247, 0.016602925956249237, 0.10575497150421143, 0.2832987308502197, 0.061372965574264526, 1.1307164430618286] [0.5108100771903992, 0.14583447575569153, 0.20361937582492828]
[-0.23005804419517517, 0.2469320446252823, -0.18872396647930145, 0.9097039699554443, 0.6196940541267395, 0.22519999742507935, -1.5078800916671753, -1.511031985282898] [0.14770382642745972, 0.01699361391365528, 0.10632512718439102, 0.30024316906929016, 0.04983995482325554, 1.1296474933624268] [0.5108100771903992, 0.14583447575569153, 0.20361937582492828]
[-0.22238804399967194, 0.24846604466438293, -0.17645196616649628, 0.9097039699554443, 0.6196940541267395, 0.22519999742507935, -1.5078800916671753, -1.5094980001449585] [0.14752332866191864, 0.017223581671714783, 0.1059892475605011, 0.3114163279533386, 0.04619758948683739, 1.1322318315505981] [0.5108100771903992, 0.14583447575569153, 0.20361937582492828]
[-0.21932004392147064, 0.25153404474258423, -0.18258796632289886, 0.9097039699554443, 0.6196940541267395, 0.22519999742507935, -1.5078800916671753, -1.5094980001449585] [0.14744269847869873, 0.017555397003889084, 0.10499083995819092, 0.3041863739490509, 0.05469544976949692, 1.1326377391815186] [0.5108100771903992, 0.14583447575569153, 0.20361937582492828]
[-0.21932004392147064, 0.2638060450553894, -0.1871899664402008, 0.8790239691734314, 0.6196940541267395, 0.2248000055551529, -1.5078800916671753, -1.511031985282898] [0.14993613958358765, 0.018433935940265656, 0.10582967847585678, 0.29831746220588684, 0.04662827029824257, 1.1074678897857666] [0.5108100771903992, 0.14583447575569153, 0.20361937582492828]
[-0.21932004392147064, 0.2806800603866577, -0.1871899664402008, 0.8345379829406738, 0.6196940541267395, 0.22519999742507935, -1.5078800916671753, -1.511031985282898] [0.15232253074645996, 0.018991906195878983, 0.1069212406873703, 0.29515522718429565, 0.03644935041666031, 1.0830665826797485] [0.5108100771903992, 0.14583447575569153, 0.20361937582492828]
[-0.21778604388237, 0.29448604583740234, -0.18872396647930145, 0.7747119665145874, 0.6196940541267395, 0.22519999742507935, -1.5094140768051147, -1.511031985282898] [0.15720650553703308, 0.018087411299347878, 0.10896074771881104, 0.29198166728019714, 0.017929259687662125, 1.0339945554733276] [0.5108100771903992, 0.14583447575569153, 0.20361937582492828]
[-0.21932004392147064, 0.30062204599380493, -0.18872396647930145, 0.7240899801254272, 0.6196940541267395, 0.22519999742507935, -1.5094140768051147, -1.511031985282898] [0.16129158437252045, 0.016082579270005226, 0.11030116677284241, 0.2926311790943146, 0.004715376533567905, 0.9933792352676392] [0.5108100771903992, 0.14583447575569153, 0.20361937582492828]
[-0.21932004392147064, 0.3021560311317444, -0.18872396647930145, 0.6842060089111328, 0.6181600689888, 0.22519999742507935, -1.5094140768051147, -1.511031985282898] [0.16455306112766266, 0.014328420162200928, 0.11160913854837418, 0.2924826443195343, -0.006841316353529692, 0.9600139260292053] [0.5108100771903992, 0.14583447575569153, 0.20361937582492828]
[-0.21778604388237, 0.308292031288147, -0.1871899664402008, 0.6412539482116699, 0.6196940541267395, 0.22519999742507935, -1.5094140768051147, -1.511031985282898] [0.16835881769657135, 0.012476333416998386, 0.11325524002313614, 0.29082629084587097, -0.02155330777168274, 0.9195293188095093] [0.5108100771903992, 0.14583447575569153, 0.20361937582492828]
[-0.21778604388237, 0.31442803144454956, -0.18872396647930145, 0.6044379472732544, 0.6196940541267395, 0.22519999742507935, -1.5094140768051147, -1.511031985282898] [0.17067791521549225, 0.011269111186265945, 0.11469978839159012, 0.2926538288593292, -0.03294498100876808, 0.8935744762420654] [0.5108100771903992, 0.14583447575569153, 0.20361937582492828]
[-0.21932004392147064, 0.32363206148147583, -0.18872396647930145, 0.5584179759025574, 0.6196940541267395, 0.22519999742507935, -1.5094140768051147, -1.511031985282898] [0.17378376424312592, 0.00896220188587904, 0.11563590914011002, 0.29381856322288513, -0.042487625032663345, 0.8598195910453796] [0.5108100771903992, 0.14583447575569153, 0.20361937582492828]
[-0.21778604388237, 0.32363206148147583, -0.18872396647930145, 0.5185339450836182, 0.6181600689888, 0.22519999742507935, -1.5094140768051147, -1.511031985282898] [0.17738153040409088, 0.006042487919330597, 0.11720815300941467, 0.29582902789115906, -0.056199196726083755, 0.8190650343894958] [0.5108100771903992, 0.14583447575569153, 0.20361937582492828]
[-0.21778604388237, 0.3251660466194153, -0.18872396647930145, 0.5077959895133972, 0.6196940541267395, 0.22519999742507935, -1.5094140768051147, -1.511031985282898] [0.17801007628440857, 0.0055039385333657265, 0.11748819053173065, 0.29624703526496887, -0.05863853543996811, 0.8117812871932983] [0.5108100771903992, 0.14583447575569153, 0.20361937582492828]
[-0.21778604388237, 0.32363206148147583, -0.18872396647930145, 0.5093299746513367, 0.6181600689888, 0.22519999742507935, -1.5094140768051147, -1.511031985282898] [0.17785775661468506, 0.005612059962004423, 0.11770506203174591, 0.2950456142425537, -0.05920498073101044, 0.8133036494255066] [0.5108100771903992, 0.14583447575569153, 0.20361937582492828]
[-0.22392204403877258, 0.2990880608558655, -0.19485996663570404, 0.5108639597892761, 0.6196940541267395, 0.22519999742507935, -1.5094140768051147, -1.5094980001449585] [0.18013377487659454, 0.0008961522253230214, 0.11964379996061325, 0.2846766412258148, -0.0660066157579422, 0.7900091409683228] [0.5108100771903992, 0.14583447575569153, 0.20361937582492828]
[-0.2346600443124771, 0.28528204560279846, -0.20099596679210663, 0.5185339450836182, 0.6196940541267395, 0.22519999742507935, -1.5094140768051147, -1.507964015007019] [0.17994514107704163, 0.0008215437992475927, 0.11998716741800308, 0.2760910093784332, -0.06510573625564575, 0.7920535206794739] [0.5108100771903992, 0.14583447575569153, 0.20361937582492828]
[-0.23926204442977905, 0.28221404552459717, -0.20713196694850922, 0.5354079604148865, 0.621228039264679, 0.22519999742507935, -1.5094140768051147, -1.507964015007019] [0.17952747642993927, 2.103206134052016e-05, 0.12037289887666702, 0.2649713158607483, -0.06162344664335251, 0.7975888848304749] [0.5108100771903992, 0.14583447575569153, 0.20361937582492828]
[-0.24233004450798035, 0.2730100452899933, -0.2163359671831131, 0.5384759902954102, 0.621228039264679, 0.22519999742507935, -1.5094140768051147, -1.507964015007019] [0.1796477735042572, -0.0002838121145032346, 0.12027007341384888, 0.2588403820991516, -0.059478215873241425, 0.7964823842048645] [0.5108100771903992, 0.14583447575569153, 0.20361937582492828]
[-0.2469320446252823, 0.2730100452899933, -0.22093796730041504, 0.5400099754333496, 0.621228039264679, 0.22519999742507935, -1.5094140768051147, -1.507964015007019] [0.17962795495986938, -0.0006724309641867876, 0.12054398655891418, 0.2508576214313507, -0.05789317190647125, 0.796552300453186] [0.5108100771903992, 0.14583447575569153, 0.20361937582492828]
[-0.2500000596046448, 0.26227205991744995, -0.22860796749591827, 0.5492140054702759, 0.6227620840072632, 0.22519999742507935, -1.5078800916671753, -1.507964015007019] [0.18024612963199615, -0.0026311324909329414, 0.12068848311901093, 0.24693962931632996, -0.05613812431693077, 0.7905721664428711] [0.5108100771903992, 0.14583447575569153, 0.20361937582492828]
[-0.2530680298805237, 0.2469320446252823, -0.23474396765232086, 0.5691559910774231, 0.6242960691452026, 0.22519999742507935, -1.5078800916671753, -1.507964015007019] [0.18036457896232605, -0.005071958061307669, 0.12031307816505432, 0.24241244792938232, -0.0496746301651001, 0.7912312746047974] [0.5108100771903992, 0.14583447575569153, 0.20361937582492828]
[-0.25613605976104736, 0.21932004392147064, -0.24394796788692474, 0.5967679619789124, 0.6242960691452026, 0.22519999742507935, -1.5078800916671753, -1.507964015007019] [0.18060673773288727, -0.00758736114948988, 0.1199941337108612, 0.23317821323871613, -0.04258379712700844, 0.7895148396492004] [0.5108100771903992, 0.14583447575569153, 0.20361937582492828]
[-0.2638060450553894, 0.19631004333496094, -0.25315195322036743, 0.6182439923286438, 0.6242960691452026, 0.22519999742507935, -1.5078800916671753, -1.5064300298690796] [0.18101294338703156, -0.010844445787370205, 0.12022467702627182, 0.2229396402835846, -0.03762325271964073, 0.7846312522888184] [0.5108100771903992, 0.14583447575569153, 0.20361937582492828]
[-0.27147603034973145, 0.16409604251384735, -0.27002596855163574, 0.6581279635429382, 0.6258300542831421, 0.22519999742507935, -1.5078800916671753, -1.5064300298690796] [0.1814282238483429, -0.016023829579353333, 0.12010681629180908, 0.20404550433158875, -0.025795472785830498, 0.7775877118110657] [0.5108100771903992, 0.14583447575569153, 0.20361937582492828]
[-0.2837480306625366, 0.1334160417318344, -0.29303598403930664, 0.6888079643249512, 0.6242960691452026, 0.22519999742507935, -1.5063461065292358, -1.5064300298690796] [0.181112140417099, -0.01848255842924118, 0.12038064002990723, 0.18771547079086304, -0.017628313973546028, 0.7777630686759949] [0.5108100771903992, 0.14583447575569153, 0.20361937582492828]
[-0.2960200309753418, 0.10887204110622406, -0.30990996956825256, 0.7133519649505615, 0.6242960691452026, 0.22519999742507935, -1.5063461065292358, -1.5064300298690796] [0.18133406341075897, -0.022161053493618965, 0.12005413323640823, 0.171282097697258, -0.007128026802092791, 0.7711130380630493] [0.5108100771903992, 0.14583447575569153, 0.20361937582492828]
[-0.308292031288147, 0.06285203993320465, -0.32985198497772217, 0.7547699809074402, 0.6258300542831421, 0.22519999742507935, -1.5063461065292358, -1.5064300298690796] [0.18201977014541626, -0.030703941360116005, 0.12013646215200424, 0.16026227176189423, 0.004144074860960245, 0.750075101852417] [0.5108100771903992, 0.14583447575569153, 0.20361937582492828]
[-0.32363206148147583, 0.010696038603782654, -0.3497939705848694, 0.7992559671401978, 0.6258300542831421, 0.22519999742507935, -1.5063461065292358, -1.5064300298690796] [0.1818077266216278, -0.03511897474527359, 0.1199740469455719, 0.14704939723014832, 0.014877654612064362, 0.742164671421051] [0.5108100771903992, 0.14583447575569153, 0.20361937582492828]
[-0.335904061794281, -0.019983962178230286, -0.3697359561920166, 0.839139997959137, 0.6258300542831421, 0.22519999742507935, -1.5063461065292358, -1.5064300298690796] [0.18110185861587524, -0.0386369526386261, 0.11954207718372345, 0.13385751843452454, 0.02778349071741104, 0.739511251449585] [0.5108100771903992, 0.14583447575569153, 0.20361937582492828]
[-0.34971004724502563, -0.055265963077545166, -0.39121198654174805, 0.8774899840354919, 0.6258300542831421, 0.22519999742507935, -1.5048121213912964, -1.5048960447311401] [0.17984235286712646, -0.04334652051329613, 0.11921607702970505, 0.11792419105768204, 0.04389846324920654, 0.7366493940353394] [0.5108100771903992, 0.14583447575569153, 0.20361937582492828]
[-0.3650500476360321, -0.08747996389865875, -0.4096199870109558, 0.9204419851303101, 0.6273640394210815, 0.22519999742507935, -1.5048121213912964, -1.5048960447311401] [0.17849060893058777, -0.04657571017742157, 0.1181061863899231, 0.10820139944553375, 0.06190204620361328, 0.7377607226371765] [0.5108100771903992, 0.14583447575569153, 0.20361937582492828]
[-0.381924033164978, -0.12122795730829239, -0.4310959577560425, 0.9756659865379333, 0.628898024559021, 0.22519999742507935, -1.5048121213912964, -1.5033619403839111] [0.17580632865428925, -0.04941556975245476, 0.11661384254693985, 0.09515748172998428, 0.08773732930421829, 0.7492886185646057] [0.5108100771903992, 0.14583447575569153, 0.20361937582492828]
[-0.40186604857444763, -0.1442379653453827, -0.4541059732437134, 1.032423973083496, 0.628898024559021, 0.22519999742507935, -1.5048121213912964, -1.5033619403839111] [0.17265990376472473, -0.05013464018702507, 0.11609286814928055, 0.07960891723632812, 0.10833528637886047, 0.7694993615150452] [0.5108100771903992, 0.14583447575569153, 0.20361937582492828]
[-0.4202740490436554, -0.16264596581459045, -0.47558197379112244, 1.093783974647522, 0.628898024559021, 0.22519999742507935, -1.5048121213912964, -1.5033619403839111] [0.16862879693508148, -0.050890035927295685, 0.11399546265602112, 0.06356942653656006, 0.14257389307022095, 0.7955913543701172] [0.5108100771903992, 0.14583447575569153, 0.20361937582492828]
[-0.44788604974746704, -0.1902579665184021, -0.5200679898262024, 1.2072999477386475, 0.6304320693016052, 0.22519999742507935, -1.5048121213912964, -1.5048960447311401] [0.15822896361351013, -0.052572570741176605, 0.10877486318349838, 0.03969206288456917, 0.22438962757587433, 0.860860288143158] [0.5108100771903992, 0.14583447575569153, 0.20361937582492828]
[-0.5046440362930298, -0.22860796749591827, -0.5676219463348389, 1.357632040977478, 0.6304320693016052, 0.22519999742507935, -1.5048121213912964, -1.5048960447311401] [0.15083031356334686, -0.05372283607721329, 0.10606054961681366, 0.02090308628976345, 0.2796105742454529, 0.9028023481369019] [0.5108100771903992, 0.14583447575569153, 0.20361937582492828]
[-0.5353240370750427, -0.23474396765232086, -0.5829619765281677, 1.3898459672927856, 0.628898024559021, 0.22519999742507935, -1.5048121213912964, -1.5048960447311401] [0.14983831346035004, -0.05376622825860977, 0.10703232884407043, 0.012927711941301823, 0.28122493624687195, 0.9062321186065674] [0.5108100771903992, 0.14583447575569153, 0.20361937582492828]
[-0.5383920669555664, -0.2362779676914215, -0.5829619765281677, 1.4082540273666382, 0.6304320693016052, 0.2248000055551529, -1.5048121213912964, -1.5048960447311401] [0.14777593314647675, -0.052931495010852814, 0.10585960000753403, 0.017213113605976105, 0.29357361793518066, 0.9254652261734009] [0.5108100771903992, 0.14583447575569153, 0.20361937582492828]
[-0.5414600372314453, -0.2362779676914215, -0.5829619765281677, 1.437399983406067, 0.6304320693016052, 0.2248000055551529, -1.5048121213912964, -1.5048960447311401] [0.14509917795658112, -0.05228080227971077, 0.10453744977712631, 0.023403562605381012, 0.3080654442310333, 0.9486830234527588] [0.5108100771903992, 0.14583447575569153, 0.20361937582492828]
[-0.5429940223693848, -0.2393459677696228, -0.5829619765281677, 1.4757499694824219, 0.6304320693016052, 0.2248000055551529, -1.5048121213912964, -1.5048960447311401] [0.14197899401187897, -0.05122490972280502, 0.10276597738265991, 0.03120298869907856, 0.3263334035873413, 0.9775221347808838] [0.5108100771903992, 0.14583447575569153, 0.20361937582492828]
[-0.544528067111969, -0.2393459677696228, -0.5829619765281677, 1.5064300298690796, 0.6319660544395447, 0.2248000055551529, -1.5048121213912964, -1.5048960447311401] [0.13798978924751282, -0.050213441252708435, 0.10054446011781693, 0.04279780760407448, 0.34885480999946594, 1.0136469602584839] [0.5108100771903992, 0.14583447575569153, 0.20361937582492828]
[-0.5460620522499084, -0.24087996780872345, -0.5814279913902283, 1.5401780605316162, 0.6304320693016052, 0.2248000055551529, -1.5048121213912964, -1.5048960447311401] [0.13560302555561066, -0.04950251430273056, 0.09951255470514297, 0.049299806356430054, 0.36023032665252686, 1.035746455192566] [0.5108100771903992, 0.14583447575569153, 0.20361937582492828]
[-0.5460620522499084, -0.24087996780872345, -0.579893946647644, 1.5800620317459106, 0.6304320693016052, 0.2248000055551529, -1.5048121213912964, -1.5048960447311401] [0.13555367290973663, -0.04939708113670349, 0.09964364767074585, 0.04965629428625107, 0.35894840955734253, 1.036645531654358] [0.5108100771903992, 0.14583447575569153, 0.20361937582492828]
[-0.5460620522499084, -0.24087996780872345, -0.5768259763717651, 1.6061400175094604, 0.6319660544395447, 0.2248000055551529, -1.5048121213912964, -1.5048960447311401] [0.13545458018779755, -0.04918685182929039, 0.09990616142749786, 0.050365149974823, 0.3563837707042694, 1.0384409427642822] [0.5108100771903992, 0.14583447575569153, 0.20361937582492828]
[-0.544528067111969, -0.24087996780872345, -0.5768259763717651, 1.6076740026474, 0.6319660544395447, 0.2248000055551529, -1.5048121213912964, -1.5048960447311401] [0.13539010286331177, -0.049009405076503754, 0.09965953975915909, 0.05134612321853638, 0.35784709453582764, 1.0400954484939575] [0.5108100771903992, 0.14583447575569153, 0.20361937582492828]
[-0.544528067111969, -0.2393459677696228, -0.5768259763717651, 1.6092079877853394, 0.6304320693016052, 0.22439999878406525, -1.5048121213912964, -1.5048960447311401] [0.13527588546276093, -0.04872720316052437, 0.09975186735391617, 0.05127124860882759, 0.3572494089603424, 1.0421534776687622] [0.5108100771903992, 0.14583447575569153, 0.20361937582492828]
[-0.5414600372314453, -0.22860796749591827, -0.5737580060958862, 1.6107419729232788, 0.6304320693016052, 0.22439999878406525, -1.5048121213912964, -1.5048960447311401] [0.13410374522209167, -0.04575635492801666, 0.09892340749502182, 0.051870208233594894, 0.3659956157207489, 1.0638465881347656] [0.5108100771903992, 0.14583447575569153, 0.20361937582492828]
[-0.5337900519371033, -0.20406396687030792, -0.561486005783081, 1.6107419729232788, 0.6304320693016052, 0.2231999933719635, -1.5048121213912964, -1.5064300298690796] [0.13258235156536102, -0.04234020411968231, 0.09818259626626968, 0.06227664276957512, 0.366580605506897, 1.0931475162506104] [0.5108100771903992, 0.14583447575569153, 0.20361937582492828]
[-0.5261200666427612, -0.1933259665966034, -0.5476799607276917, 1.6107419729232788, 0.6304320693016052, 0.22200000286102295, -1.5063461065292358, -1.507964015007019] [0.13205111026763916, -0.041276801377534866, 0.09841183573007584, 0.06838667392730713, 0.3609887361526489, 1.10326087474823] [0.5108100771903992, 0.14583447575569153, 0.20361937582492828]
[-0.513848066329956, -0.18105396628379822, -0.5277379751205444, 1.6092079877853394, 0.6304320693016052, 0.22200000286102295, -1.5063461065292358, -1.5094980001449585] [0.12965978682041168, -0.03639520704746246, 0.09768377244472504, 0.08053740113973618, 0.3597382605075836, 1.1453536748886108] [0.5108100771903992, 0.14583447575569153, 0.20361937582492828]
[-0.5031100511550903, -0.1442379653453827, -0.5108639597892761, 1.6076740026474, 0.628898024559021, 0.22200000286102295, -1.5063461065292358, -1.5094980001449585] [0.12775486707687378, -0.03266821429133415, 0.09666600823402405, 0.0807308629155159, 0.36856716871261597, 1.175149917602539] [0.5108100771903992, 0.14583447575569153, 0.20361937582492828]
[-0.5015760660171509, -0.1150919571518898, -0.5031939744949341, 1.604606032371521, 0.628898024559021, 0.22200000286102295, -1.5078800916671753, -1.511031985282898] [0.1256733536720276, -0.02889319136738777, 0.09632933139801025, 0.07878578454256058, 0.37427961826324463, 1.2043986320495605] [0.5108100771903992, 0.14583447575569153, 0.20361937582492828]
[-0.4985080361366272, -0.0890139639377594, -0.4970579743385315, 1.6030720472335815, 0.6273640394210815, 0.22200000286102295, -1.5078800916671753, -1.511031985282898] [0.12374751269817352, -0.02561105787754059, 0.0957261249423027, 0.07750000804662704, 0.3805026412010193, 1.2310463190078735] [0.5108100771903992, 0.14583447575569153, 0.20361937582492828]
[-0.4954400658607483, -0.061401963233947754, -0.4909219741821289, 1.587731957435608, 0.6273640394210815, 0.22200000286102295, -1.5078800916671753, -1.5125659704208374] [0.12193821370601654, -0.02272593230009079, 0.09469693154096603, 0.07924920320510864, 0.3890911340713501, 1.2554848194122314] [0.5108100771903992, 0.14583447575569153, 0.20361937582492828]
[-0.48470205068588257, -0.04145996272563934, -0.47864997386932373, 1.5769939422607422, 0.6273640394210815, 0.22200000286102295, -1.5078800916671753, -1.5125659704208374] [0.11993403732776642, -0.01980343461036682, 0.09350406378507614, 0.0922725722193718, 0.39023441076278687, 1.285089135169983] [0.5108100771903992, 0.14583447575569153, 0.20361937582492828]
[-0.47396403551101685, -0.03378996253013611, -0.467911958694458, 1.5677900314331055, 0.6258300542831421, 0.2215999960899353, -1.5094140768051147, -1.5125659704208374] [0.11886492371559143, -0.018362967297434807, 0.09288184344768524, 0.10489135980606079, 0.3872608244419098, 1.301590919494629] [0.5108100771903992, 0.14583447575569153, 0.20361937582492828]
[-0.46476006507873535, -0.010779961943626404, -0.4587079882621765, 1.5447800159454346, 0.6258300542831421, 0.2215999960899353, -1.5078800916671753, -1.5125659704208374] [0.11662767827510834, -0.013854275457561016, 0.09169074147939682, 0.1124020367860794, 0.3903181850910187, 1.3343610763549805] [0.5108100771903992, 0.14583447575569153, 0.20361937582492828]
[-0.4494200348854065, 0.02296803891658783, -0.44336795806884766, 1.5202360153198242, 0.6258300542831421, 0.2215999960899353, -1.5094140768051147, -1.5125659704208374] [0.11646254360675812, -0.011018075048923492, 0.09154411405324936, 0.12322673201560974, 0.37849926948547363, 1.3455027341842651] [0.5108100771903992, 0.14583447575569153, 0.20361937582492828]
[-0.426410049200058, 0.05211403965950012, -0.421891987323761, 1.4849539995193481, 0.6258300542831421, 0.2215999960899353, -1.5094140768051147, -1.5125659704208374] [0.11649640649557114, -0.00635876739397645, 0.09150635451078415, 0.13977782428264618, 0.35723263025283813, 1.3593037128448486] [0.5108100771903992, 0.14583447575569153, 0.20361937582492828]
[-0.3972640633583069, 0.07972604036331177, -0.39121198654174805, 1.4420020580291748, 0.6258300542831421, 0.2215999960899353, -1.5094140768051147, -1.5125659704208374] [0.1168053075671196, -0.0013198335655033588, 0.091638945043087, 0.16549178957939148, 0.32672786712646484, 1.3713816404342651] [0.5108100771903992, 0.14583447575569153, 0.20361937582492828]
[-0.36044806241989136, 0.113474041223526, -0.3528619706630707, 1.3837100267410278, 0.6258300542831421, 0.2215999960899353, -1.5094140768051147, -1.5125659704208374] [0.11808840930461884, 0.003684047842398286, 0.09239346534013748, 0.19065766036510468, 0.28997528553009033, 1.372270107269287] [0.5108100771903992, 0.14583447575569153, 0.20361937582492828]
[-0.3282340466976166, 0.14722204208374023, -0.3206479549407959, 1.3300199508666992, 0.6258300542831421, 0.2215999960899353, -1.5109480619430542, -1.5125659704208374] [0.11958827823400497, 0.009060520678758621, 0.09305420517921448, 0.22000709176063538, 0.25121933221817017, 1.3695645332336426] [0.5108100771903992, 0.14583447575569153, 0.20361937582492828]
[-0.3067580461502075, 0.16716404259204865, -0.29917198419570923, 1.2901359796524048, 0.6258300542831421, 0.22200000286102295, -1.5109480619430542, -1.511031985282898] [0.12039730697870255, 0.011667191982269287, 0.09372344613075256, 0.23587623238563538, 0.2294294238090515, 1.3665337562561035] [0.5108100771903992, 0.14583447575569153, 0.20361937582492828]
[-0.28835004568099976, 0.18250404298305511, -0.26695796847343445, 1.2502520084381104, 0.6258300542831421, 0.22200000286102295, -1.5094140768051147, -1.511031985282898] [0.12223830074071884, 0.013888098299503326, 0.09617547690868378, 0.2613070011138916, 0.1888480931520462, 1.354690432548523] [0.5108100771903992, 0.14583447575569153, 0.20361937582492828]
[-0.2745440602302551, 0.17790204286575317, -0.22707396745681763, 1.2211060523986816, 0.6258300542831421, 0.22200000286102295, -1.5094140768051147, -1.511031985282898] [0.12551608681678772, 0.013223961926996708, 0.10160514712333679, 0.27757444977760315, 0.1373734027147293, 1.3272148370742798] [0.5108100771903992, 0.14583447575569153, 0.20361937582492828]
[-0.2760780453681946, 0.139552041888237, -0.18258796632289886, 1.1950279474258423, 0.6242960691452026, 0.22200000286102295, -1.5078800916671753, -1.5125659704208374] [0.1308806985616684, 0.008846179582178593, 0.10784412175416946, 0.2889677584171295, 0.08470674604177475, 1.279098391532898] [0.5108100771903992, 0.14583447575569153, 0.20361937582492828]
[-0.2806800603866577, 0.10273604094982147, -0.15497596561908722, 1.1766200065612793, 0.6242960691452026, 0.2215999960899353, -1.5078800916671753, -1.511031985282898] [0.1355995237827301, 0.004167437553405762, 0.11253873258829117, 0.3022496700286865, 0.04450513422489166, 1.2346482276916504] [0.5108100771903992, 0.14583447575569153, 0.20361937582492828]
[-0.28221404552459717, -4.1961669921875e-05, -0.09821796417236328, 1.1689499616622925, 0.6242960691452026, 0.2215999960899353, -1.5078800916671753, -1.5125659704208374] [0.14759555459022522, -0.015969296917319298, 0.12454453110694885, 0.3464886248111725, -0.0632697343826294, 1.1018340587615967] [0.5108100771903992, 0.14583447575569153, 0.20361937582492828]
[-0.28221404552459717, -0.17491796612739563, -0.03839196264743805, 1.1689499616622925, 0.6242960691452026, 0.22200000286102295, -1.5078800916671753, -1.5125659704208374] [0.16040083765983582, -0.05165914073586464, 0.13438960909843445, 0.4004952907562256, -0.16645632684230804, 0.8879711031913757] [0.5108100771903992, 0.14583447575569153, 0.20361937582492828]
[-0.2806800603866577, -0.4310959577560425, 0.019900038838386536, 1.1689499616622925, 0.6242960691452026, 0.2215999960899353, -1.5078800916671753, -1.5125659704208374] [0.16492091119289398, -0.08950696140527725, 0.1420685052871704, 0.4683848023414612, -0.26236504316329956, 0.6686522364616394] [0.5108100771903992, 0.14583447575569153, 0.20361937582492828]
[-0.28221404552459717, -0.5829619765281677, 0.07205604016780853, 1.1689499616622925, 0.6242960691452026, 0.22200000286102295, -1.5078800916671753, -1.5125659704208374] [0.16378898918628693, -0.10167956352233887, 0.1468970775604248, 0.49995100498199463, -0.31620344519615173, 0.6007981896400452] [0.5108100771903992, 0.14583447575569153, 0.20361937582492828]
[-0.2806800603866577, -0.6044379472732544, 0.10427004098892212, 1.1689499616622925, 0.6242960691452026, 0.2215999960899353, -1.5078800916671753, -1.5125659704208374] [0.16347606480121613, -0.10272958129644394, 0.14788614213466644, 0.510142982006073, -0.328774631023407, 0.5955148339271545] [0.5108100771903992, 0.14583447575569153, 0.20361937582492828]
[-0.2745440602302551, -0.6044379472732544, 0.10887204110622406, 1.1628140211105347, 0.6258300542831421, 0.22200000286102295, -1.5078800916671753, -1.5140999555587769] [0.16488078236579895, -0.10397761315107346, 0.1454944759607315, 0.528056263923645, -0.31901711225509644, 0.5797034502029419] [0.5108100771903992, 0.14583447575569153, 0.20361937582492828]
[-0.21932004392147064, -0.6090399622917175, 0.10887204110622406, 1.1551439762115479, 0.6258300542831421, 0.22200000286102295, -1.5078800916671753, -1.5125659704208374] [0.16887113451957703, -0.10531797260046005, 0.1281570941209793, 0.5902776122093201, -0.2333884835243225, 0.5542677640914917] [0.5108100771903992, 0.14583447575569153, 0.20361937582492828]
[-0.13188204169273376, -0.6105740070343018, 0.12574604153633118, 1.1551439762115479, 0.6258300542831421, 0.22200000286102295, -1.5094140768051147, -1.5125659704208374] [0.1692311316728592, -0.10508670657873154, 0.125992089509964, 0.6071851253509521, -0.2276347130537033, 0.5535300374031067] [0.5108100771903992, 0.14583447575569153, 0.20361937582492828]
[-0.13188204169273376, -0.6105740070343018, 0.12574604153633118, 1.1566779613494873, 0.6258300542831421, 0.22200000286102295, -1.5078800916671753, -1.511031985282898] [0.1691799908876419, -0.10493527352809906, 0.12566052377223969, 0.6056079864501953, -0.22479769587516785, 0.5550479292869568] [0.5108100771903992, 0.14583447575569153, 0.20361937582492828]
[-0.1334160417318344, -0.6090399622917175, 0.12114404141902924, 1.1612800359725952, 0.6258300542831421, 0.22200000286102295, -1.5094140768051147, -1.511031985282898] [0.16904684901237488, -0.10411777347326279, 0.12532483041286469, 0.6033441424369812, -0.22170861065387726, 0.5612507462501526] [0.5108100771903992, 0.14583447575569153, 0.20361937582492828]
[-0.13188204169273376, -0.6075059771537781, 0.12114404141902924, 1.1597459316253662, 0.6258300542831421, 0.2215999960899353, -1.5094140768051147, -1.511031985282898] [0.16898329555988312, -0.10412147641181946, 0.12574726343154907, 0.603112518787384, -0.22441305220127106, 0.5614686012268066] [0.5108100771903992, 0.14583447575569153, 0.20361937582492828]
[-0.13188204169273376, -0.6075059771537781, 0.12114404141902924, 1.1597459316253662, 0.6258300542831421, 0.22200000286102295, -1.5094140768051147, -1.511031985282898] [0.1690225899219513, -0.10412147641181946, 0.1254880130290985, 0.603950023651123, -0.2231144905090332, 0.561282753944397] [0.5108100771903992, 0.14583447575569153, 0.20361937582492828]
[-0.1334160417318344, -0.6075059771537781, 0.12114404141902924, 1.1597459316253662, 0.6258300542831421, 0.22200000286102295, -1.5094140768051147, -1.511031985282898] [0.16903287172317505, -0.10413338989019394, 0.12547756731510162, 0.6024160385131836, -0.2231144905090332, 0.561282753944397] [0.5108100771903992, 0.14583447575569153, 0.20361937582492828]
[-0.13188204169273376, -0.6075059771537781, 0.12114404141902924, 1.1597459316253662, 0.6258300542831421, 0.22200000286102295, -1.5094140768051147, -1.511031985282898] [0.16903287172317505, -0.10413338989019394, 0.12547756731510162, 0.6024160385131836, -0.2231144905090332, 0.561282753944397] [0.5108100771903992, 0.14583447575569153, 0.20361937582492828]
