[0.2163359671831131, -0.5292719602584839, 0.28528204560279846, 0.9035679697990417, 0.7577540874481201, 0.9968000054359436, -1.4327141046524048, -1.4604099988937378] [0.18469378352165222, -0.11565299332141876, 0.0778530165553093, 1.01027512550354, -0.019571080803871155, 0.3450849950313568] [1.4317421913146973, -0.28045064210891724, 0.654930591583252]
[0.2163359671831131, -0.5292719602584839, 0.28528204560279846, 0.9020339846611023, 0.7562200427055359, 0.996399998664856, -1.4342480897903442, -1.4604099988937378] [0.1846766471862793, -0.11562924087047577, 0.07771031558513641, 1.0093201398849487, -0.018404599279165268, 0.3453873097896576] [1.4317421913146973, -0.28045064210891724, 0.654930591583252]
[0.2163359671831131, -0.5292719602584839, 0.28528204560279846, 0.9020339846611023, 0.7577540874481201, 0.9968000054359436, -1.4342480897903442, -1.4604099988937378] [0.18476375937461853, -0.11580724269151688, 0.07780944555997849, 1.0103038549423218, -0.01918553002178669, 0.34359997510910034] [1.4317421913146973, -0.28045064210891724, 0.654930591583252]
[0.2163359671831131, -0.5292719602584839, 0.28528204560279846, 0.9035679697990417, 0.7562200427055359, 0.9968000054359436, -1.4342480897903442, -1.4604099988937378] [0.18476375937461853, -0.11580724269151688, 0.07780944555997849, 1.0103038549423218, -0.01918553002178669, 0.34359997510910034] [1.4317421913146973, -0.28045064210891724, 0.654930591583252]
[0.2163359671831131, -0.5308059453964233, 0.28528204560279846, 0.9035679697990417, 0.7562200427055359, 0.9968000054359436, -1.4327141046524048, -1.4604099988937378] [0.18476375937461853, -0.11580724269151688, 0.07780944555997849, 1.0103038549423218, -0.01918553002178669, 0.34359997510910034] [1.4317421913146973, -0.28045064210891724, 0.654930591583252]
[0.2163359671831131, -0.5292719602584839, 0.28528204560279846, 0.9020339846611023, 0.7562200427055359, 0.9968000054359436, -1.4327141046524048, -1.4604099988937378] [0.18476375937461853, -0.11580724269151688, 0.07780944555997849, 1.0103038549423218, -0.01918553002178669, 0.34359997510910034] [1.4317421913146973, -0.28045064210891724, 0.654930591583252]
[0.2163359671831131, -0.5277379751205444, 0.28528204560279846, 0.9020339846611023, 0.7562200427055359, 0.996399998664856, -1.4327141046524048, -1.4604099988937378] [0.18506984412670135, -0.11237090826034546, 0.07788722962141037, 1.0125125646591187, -0.02082064375281334, 0.3618224561214447] [1.4317421913146973, -0.28045064210891724, 0.654930591583252]
[0.21480196714401245, -0.5077959895133972, 0.28528204560279846, 0.9020339846611023, 0.7562200427055359, 0.9968000054359436, -1.4342480897903442, -1.4619439840316772] [0.18512946367263794, -0.11182565987110138, 0.07802049815654755, 1.0140817165374756, -0.022216960787773132, 0.36450067162513733] [1.4317421913146973, -0.28045064210891724, 0.654930591583252]
[0.21480196714401245, -0.5077959895133972, 0.28528204560279846, 0.9020339846611023, 0.7577540874481201, 0.9968000054359436, -1.4342480897903442, -1.4619439840316772] [0.18519863486289978, -0.11196911334991455, 0.07799234986305237, 1.015648365020752, -0.021825751289725304, 0.3630170524120331] [1.4317421913146973, -0.28045064210891724, 0.654930591583252]
[0.1611119657754898, -0.5077959895133972, 0.2929520606994629, 0.9204419851303101, 0.7592880725860596, 0.996399998664856, -1.4357820749282837, -1.4604099988937378] [0.1852376013994217, -0.10795239359140396, 0.09445704519748688, 0.993225634098053, -0.10978425294160843, 0.3963826894760132] [1.4317421913146973, -0.28045064210891724, 0.654930591583252]
[0.10435395687818527, -0.47864997386932373, 0.29141804575920105, 0.9311800003051758, 0.760822057723999, 0.9968000054359436, -1.4357820749282837, -1.4604099988937378] [0.18503916263580322, -0.09786102175712585, 0.10583040118217468, 0.9703533053398132, -0.1682554930448532, 0.4574863910675049] [1.4317421913146973, -0.28045064210891724, 0.654930591583252]
[0.04145996272563934, -0.37433797121047974, 0.28221404552459717, 0.943452000617981, 0.760822057723999, 0.996399998664856, -1.4342480897903442, -1.4588760137557983] [0.18267115950584412, -0.07801061868667603, 0.11276829987764359, 0.9430808424949646, -0.2012365311384201, 0.577109694480896] [1.4317421913146973, -0.28045064210891724, 0.654930591583252]
[0.024585962295532227, -0.31297796964645386, 0.24233004450798035, 0.9879379868507385, 0.760822057723999, 0.9968000054359436, -1.4342480897903442, -1.4588760137557983] [0.1763661950826645, -0.05904990807175636, 0.10478339344263077, 0.861692488193512, -0.12676309049129486, 0.7193580865859985] [1.4317421913146973, -0.28045064210891724, 0.654930591583252]
[0.003109961748123169, -0.26695796847343445, 0.13495004177093506, 1.0032780170440674, 0.760822057723999, 0.9968000054359436, -1.4342480897903442, -1.4588760137557983] [0.17550969123840332, -0.0551450215280056, 0.10565392673015594, 0.8142333626747131, -0.11065275967121124, 0.7449744343757629] [1.4317421913146973, -0.28045064210891724, 0.654930591583252]
[-0.026036038994789124, -0.2454819679260254, 0.10273604094982147, 0.99714195728302, 0.760822057723999, 0.9968000054359436, -1.4388500452041626, -1.4588760137557983] [0.1754065304994583, -0.053844090551137924, 0.10761959105730057, 0.7852206230163574, -0.10894250869750977, 0.7521686553955078] [1.4317421913146973, -0.28045064210891724, 0.654930591583252]
[-0.04137603938579559, -0.24087996780872345, 0.07665804028511047, 0.99714195728302, 0.760822057723999, 0.9968000054359436, -1.4434521198272705, -1.4634779691696167] [0.1751766800880432, -0.05253158137202263, 0.10493461042642593, 0.7665451169013977, -0.0853675901889801, 0.7603462934494019] [1.4317421913146973, -0.28045064210891724, 0.654930591583252]
[-0.039842039346694946, -0.2362779676914215, 0.05671603977680206, 0.9802680015563965, 0.7592880725860596, 0.9968000054359436, -1.4557241201400757, -1.4757499694824219] [0.17640961706638336, -0.05262092128396034, 0.10359221696853638, 0.7644705772399902, -0.07497122883796692, 0.7495260834693909] [1.4317421913146973, -0.28045064210891724, 0.654930591583252]
[-0.0383080393075943, -0.22860796749591827, 0.055182039737701416, 0.9756659865379333, 0.760822057723999, 0.9968000054359436, -1.4618600606918335, -1.4788179397583008] [0.17668478190898895, -0.05286417528986931, 0.10262761265039444, 0.7669733166694641, -0.07031073421239853, 0.7462284564971924] [1.4317421913146973, -0.28045064210891724, 0.654930591583252]
[-0.03370603919029236, -0.23014196753501892, 0.05364803969860077, 0.9756659865379333, 0.760822057723999, 0.9968000054359436, -1.4618600606918335, -1.4788179397583008] [0.17670147120952606, -0.05286417528986931, 0.1010013073682785, 0.7732342481613159, -0.06355132907629013, 0.7458097338676453] [1.4317421913146973, -0.28045064210891724, 0.654930591583252]
[-0.026036038994789124, -0.23014196753501892, 0.05364803969860077, 0.9756659865379333, 0.760822057723999, 0.9968000054359436, -1.463394045829773, -1.4788179397583008] [0.1766967624425888, -0.05285891145467758, 0.10142459720373154, 0.7730521559715271, -0.0659482553601265, 0.7458615303039551] [1.4317421913146973, -0.28045064210891724, 0.654930591583252]
[-0.02757003903388977, -0.23014196753501892, 0.055182039737701416, 0.9756659865379333, 0.760822057723999, 0.9968000054359436, -1.4618600606918335, -1.4788179397583008] [0.17669375240802765, -0.05285387113690376, 0.10157682001590729, 0.7739132046699524, -0.06721842288970947, 0.7458454370498657] [1.4317421913146973, -0.28045064210891724, 0.654930591583252]
[-0.026036038994789124, -0.23014196753501892, 0.055182039737701416, 0.9756659865379333, 0.760822057723999, 0.9968000054359436, -1.4618600606918335, -1.4788179397583008] [0.1766987442970276, -0.05285891145467758, 0.10115355253219604, 0.7740952968597412, -0.06482148915529251, 0.7457934021949768] [1.4317421913146973, -0.28045064210891724, 0.654930591583252]
[-0.02757003903388977, -0.23014196753501892, 0.055182039737701416, 0.9756659865379333, 0.760822057723999, 0.9968000054359436, -1.4618600606918335, -1.4788179397583008] [0.1766967624425888, -0.05285891145467758, 0.10142459720373154, 0.7730521559715271, -0.0659482553601265, 0.7458615303039551] [1.4317421913146973, -0.28045064210891724, 0.654930591583252]
[-0.02757003903388977, -0.23014196753501892, 0.061318039894104004, 0.9771999716758728, 0.760822057723999, 0.07160000503063202, -1.4618600606918335, -1.4788179397583008] [0.17656612396240234, -0.05273033306002617, 0.10202216356992722, 0.7748538255691528, -0.07105278223752975, 0.7473281025886536] [0.3950454890727997, -0.05580804869532585, 0.317118376493454]
[-0.02757003903388977, -0.23014196753501892, 0.06285203993320465, 0.9771999716758728, 0.760822057723999, 0.028800005093216896, -1.4618600606918335, -1.4772839546203613] [0.1766909807920456, -0.05284526199102402, 0.1021726131439209, 0.7758244276046753, -0.07229894399642944, 0.7457699179649353] [0.3950454890727997, -0.05580804869532585, 0.317118376493454]
[-0.029104039072990417, -0.23014196753501892, 0.06285203993320465, 0.9756659865379333, 0.7592880725860596, 0.028800005093216896, -1.4618600606918335, -1.4772839546203613] [0.17654946446418762, -0.05271696671843529, 0.10245856642723083, 0.7762019038200378, -0.07344939559698105, 0.7473838329315186] [0.3950454890727997, -0.05580804869532585, 0.317118376493454]
[-0.02757003903388977, -0.23014196753501892, 0.06285203993320465, 0.9771999716758728, 0.760822057723999, 0.028800005093216896, -1.4618600606918335, -1.4772839546203613] [0.17668437957763672, -0.05284013971686363, 0.10203356295824051, 0.776496946811676, -0.07102882117033005, 0.7457904815673828] [0.3950454890727997, -0.05580804869532585, 0.317118376493454]
[-0.029104039072990417, -0.23167596757411957, 0.06285203993320465, 0.9771999716758728, 0.760822057723999, 0.028800005093216896, -1.4618600606918335, -1.4772839546203613] [0.1766147017478943, -0.05298784002661705, 0.10273151099681854, 0.7751908302307129, -0.07460641860961914, 0.7459253072738647] [0.4303230345249176, -0.06269149482250214, 0.3379690647125244]
[-0.035240039229393005, -0.23167596757411957, 0.0643860399723053, 0.9756659865379333, 0.760822057723999, 0.028800005093216896, -1.460326075553894, -1.4757499694824219] [0.1767817735671997, -0.053370703011751175, 0.1041213870048523, 0.7728990912437439, -0.08167523890733719, 0.7431425452232361] [0.4303230345249176, -0.06269149482250214, 0.3379690647125244]
[-0.039842039346694946, -0.23320996761322021, 0.07205604016780853, 0.9756659865379333, 0.760822057723999, 0.028400003910064697, -1.4541900157928467, -1.4711480140686035] [0.17676013708114624, -0.05362269654870033, 0.10681671649217606, 0.7727266550064087, -0.09739013761281967, 0.7420573234558105] [0.38711199164390564, -0.05855659022927284, 0.3196057379245758]
[-0.05364803969860077, -0.23320996761322021, 0.08279404044151306, 0.9756659865379333, 0.760822057723999, 0.028400003910064697, -1.4495880603790283, -1.4665460586547852] [0.1766117960214615, -0.053615015000104904, 0.1098979264497757, 0.7695512175559998, -0.11405356228351593, 0.7428587675094604] [0.38711199164390564, -0.05855659022927284, 0.3196057379245758]
[-0.06592004001140594, -0.23320996761322021, 0.09813404083251953, 0.9756659865379333, 0.760822057723999, 0.028400003910064697, -1.44498610496521, -1.4634779691696167] [0.17626574635505676, -0.05336032062768936, 0.11406843364238739, 0.7750752568244934, -0.1409410685300827, 0.7451103329658508] [0.8665614724159241, -0.09470940381288528, 0.4515548646450043]
[-0.06898804008960724, -0.23320996761322021, 0.11194004118442535, 0.9802680015563965, 0.760822057723999, 0.028800005093216896, -1.4373160600662231, -1.4588760137557983] [0.1752830445766449, -0.052688926458358765, 0.11438296735286713, 0.7751044631004333, -0.14373911917209625, 0.7559282183647156] [0.8665614724159241, -0.09470940381288528, 0.4515548646450043]
[-0.06898804008960724, -0.23320996761322021, 0.11194004118442535, 0.9879379868507385, 0.760822057723999, 0.028800005093216896, -1.421976089477539, -1.4435360431671143] [0.1752830445766449, -0.052688926458358765, 0.11438296735286713, 0.7751044631004333, -0.14373911917209625, 0.7559282183647156] [0.8665614724159241, -0.09470940381288528, 0.4515548646450043]
[-0.06898804008960724, -0.23474396765232086, 0.113474041223526, 0.9879379868507385, 0.7592880725860596, 0.028400003910064697, -1.3928301334381104, -1.411321997642517] [0.1752716302871704, -0.05269242450594902, 0.11453591287136078, 0.7759515047073364, -0.14501969516277313, 0.7559091448783875] [0.9731290936470032, -0.10173127800226212, 0.5714040994644165]
[-0.06898804008960724, -0.23474396765232086, 0.113474041223526, 0.9879379868507385, 0.760822057723999, 0.028800005093216896, -1.3728880882263184, -1.392914056777954] [0.1751643419265747, -0.05257472023367882, 0.11426793038845062, 0.7767925262451172, -0.14392808079719543, 0.7573059797286987] [0.9731290936470032, -0.10173127800226212, 0.5714040994644165]
[-0.06745404005050659, -0.23474396765232086, 0.113474041223526, 0.9879379868507385, 0.760822057723999, 0.028800005093216896, -1.3606160879135132, -1.3775739669799805] [0.17536285519599915, -0.05296223238110542, 0.11427169293165207, 0.777090847492218, -0.14397425949573517, 0.7542147040367126] [0.9731290936470032, -0.10173127800226212, 0.5714040994644165]
[-0.06592004001140594, -0.2362779676914215, 0.113474041223526, 0.9879379868507385, 0.760822057723999, 0.028800005093216896, -1.3406740427017212, -1.3591660261154175] [0.1753845363855362, -0.05296223238110542, 0.11400266736745834, 0.7781520485877991, -0.1428561955690384, 0.7540630102157593] [0.9731290936470032, -0.10173127800226212, 0.5714040994644165]
[-0.0643860399723053, -0.2362779676914215, 0.113474041223526, 0.9910060167312622, 0.760822057723999, 0.028400003910064697, -1.3161300420761108, -1.3330880403518677] [0.1751886010169983, -0.0527266301214695, 0.11319878697395325, 0.7809026837348938, -0.13956327736377716, 0.7567128539085388] [0.9731290936470032, -0.10173127800226212, 0.5714040994644165]
[-0.05978403985500336, -0.2362779676914215, 0.113474041223526, 0.9910060167312622, 0.760822057723999, 0.028800005093216896, -1.2655080556869507, -1.2809319496154785] [0.17531660199165344, -0.05299616977572441, 0.11239635944366455, 0.7841554880142212, -0.13627611100673676, 0.7547343373298645] [0.5962688326835632, -0.07213442772626877, 0.42918872833251953]
[-0.05671603977680206, -0.23781196773052216, 0.113474041223526, 0.9910060167312622, 0.760822057723999, 0.028800005093216896, -1.2394300699234009, -1.2579219341278076] [0.17524747550487518, -0.0527266301214695, 0.11239244043827057, 0.7840916514396667, -0.13621649146080017, 0.7562745213508606] [0.5962688326835632, -0.07213442772626877, 0.42918872833251953]
[-0.05671603977680206, -0.23781196773052216, 0.11194004118442535, 0.9910060167312622, 0.760822057723999, 0.028800005093216896, -1.2148860692977905, -1.2303099632263184] [0.1751968264579773, -0.05287492647767067, 0.11224515736103058, 0.783102810382843, -0.13502748310565948, 0.7563117146492004] [0.8363803625106812, -0.09244436025619507, 0.4855179786682129]
[-0.05671603977680206, -0.2362779676914215, 0.11194004118442535, 0.9925400018692017, 0.760822057723999, 0.028800005093216896, -1.1826720237731934, -1.202697992324829] [0.17521540820598602, -0.05287492647767067, 0.11197639256715775, 0.7841650247573853, -0.133911594748497, 0.7561692595481873] [0.8363803625106812, -0.09244436025619507, 0.4855179786682129]
[-0.05211403965950012, -0.23781196773052216, 0.113474041223526, 0.9940739870071411, 0.760822057723999, 0.028800005093216896, -1.1611961126327515, -1.1781539916992188] [0.17518873512744904, -0.05275740474462509, 0.11036668717861176, 0.790335476398468, -0.12725874781608582, 0.7568861842155457] [0.8363803625106812, -0.09244436025619507, 0.4855179786682129]
[-0.02757003903388977, -0.23781196773052216, 0.11194004118442535, 0.9940739870071411, 0.760822057723999, 0.028800005093216896, -1.1136420965194702, -1.1275320053100586] [0.17535695433616638, -0.05263518914580345, 0.0995146632194519, 0.835902214050293, -0.08282692730426788, 0.7538134455680847] [0.6767821311950684, -0.07838352024555206, 0.42220649123191833]
[0.02765396237373352, -0.23781196773052216, 0.113474041223526, 0.9956079721450806, 0.760822057723999, 0.028800005093216896, -1.0875641107559204, -1.1029880046844482] [0.17540240287780762, -0.05291267856955528, 0.0965394452214241, 0.8459077477455139, -0.07048369199037552, 0.7513961791992188] [0.6767821311950684, -0.07838352024555206, 0.42220649123191833]
[0.04299396276473999, -0.2393459677696228, 0.113474041223526, 0.9956079721450806, 0.760822057723999, 0.028400003910064697, -1.0722240209579468, -1.0876480340957642] [0.17544066905975342, -0.053026650100946426, 0.09341057389974594, 0.8566913604736328, -0.05672084540128708, 0.7492489218711853] [0.3844013512134552, -0.05687699094414711, 0.3181341290473938]
[0.050663962960243225, -0.2393459677696228, 0.11194004118442535, 0.9940739870071411, 0.760822057723999, 0.028800005093216896, -1.0691560506820679, -1.0861139297485352] [0.1753121018409729, -0.05290911719202995, 0.09342648833990097, 0.8566045165061951, -0.05686762183904648, 0.7507784366607666] [0.3844013512134552, -0.05687699094414711, 0.3181341290473938]
[0.050663962960243225, -0.2393459677696228, 0.11194004118442535, 0.9956079721450806, 0.760822057723999, 0.028800005093216896, -1.0691560506820679, -1.0861139297485352] [0.17544758319854736, -0.05303019657731056, 0.09356429427862167, 0.8575348854064941, -0.058000776916742325, 0.749125063419342] [0.642549455165863, -0.10138730704784393, 0.3816685676574707]
[0.05219796299934387, -0.2393459677696228, 0.113474041223526, 0.9956079721450806, 0.7623560428619385, 0.028800005093216896, -1.0691560506820679, -1.0861139297485352] [0.17544758319854736, -0.05303019657731056, 0.09356429427862167, 0.8575348854064941, -0.058000776916742325, 0.749125063419342] [0.642549455165863, -0.10138730704784393, 0.3816685676574707]
[0.050663962960243225, -0.2393459677696228, 0.113474041223526, 0.9940739870071411, 0.760822057723999, 0.028800005093216896, -1.0691560506820679, -1.0861139297485352] [0.17543034255504608, -0.053026650100946426, 0.09314145147800446, 0.8577377796173096, -0.05559762567281723, 0.7491902112960815] [0.4646858274936676, -0.06433167308568954, 0.3170402944087982]
[0.05219796299934387, -0.2393459677696228, 0.113474041223526, 0.9956079721450806, 0.760822057723999, 0.028800005093216896, -1.0691560506820679, -1.0861139297485352] [0.17542701959609985, -0.05303019657731056, 0.0930260419845581, 0.8596274852752686, -0.055754002183675766, 0.7490061521530151] [0.4646858274936676, -0.06433167308568954, 0.3170402944087982]
[0.06446996331214905, -0.2393459677696228, 0.113474041223526, 0.9940739870071411, 0.760822057723999, 0.028800005093216896, -1.0691560506820679, -1.0861139297485352] [0.17519186437129974, -0.053026650100946426, 0.08856943249702454, 0.8755088448524475, -0.03649448603391647, 0.7483721375465393] [0.6650082468986511, -0.07623498886823654, 0.35162943601608276]
[0.10588795691728592, -0.24087996780872345, 0.11194004118442535, 0.9940739870071411, 0.760822057723999, 0.028800005093216896, -1.0691560506820679, -1.0861139297485352] [0.17477476596832275, -0.05329599231481552, 0.08265699446201324, 0.8983460068702698, -0.011640061624348164, 0.7462952136993408] [0.6650082468986511, -0.07623498886823654, 0.35162943601608276]
[0.11355795711278915, -0.2393459677696228, 0.11194004118442535, 0.9940739870071411, 0.760822057723999, 0.028800005093216896, -1.0691560506820679, -1.0861139297485352] [0.17472074925899506, -0.05329599231481552, 0.0821208730340004, 0.9004290103912354, -0.009387495927512646, 0.7462732791900635] [0.6650082468986511, -0.07623498886823654, 0.35162943601608276]
[0.12889796495437622, -0.2424139678478241, 0.11194004118442535, 0.9940739870071411, 0.760822057723999, 0.028800005093216896, -1.0691560506820679, -1.0861139297485352] [0.1744312345981598, -0.05410465598106384, 0.07780995965003967, 0.9166204929351807, 0.009067545644938946, 0.7417056560516357] [0.4744834899902344, -0.06253105401992798, 0.29563477635383606]
[0.1580439656972885, -0.251617968082428, 0.11194004118442535, 0.9940739870071411, 0.760822057723999, 0.028800005093216896, -1.0691560506820679, -1.0861139297485352] [0.1740144044160843, -0.05518430843949318, 0.07295835018157959, 0.934525191783905, 0.03011162392795086, 0.7359919548034668] [0.4744834899902344, -0.06253105401992798, 0.29563477635383606]
[0.17951996624469757, -0.251617968082428, 0.11194004118442535, 0.9940739870071411, 0.760822057723999, 0.028800005093216896, -1.0691560506820679, -1.0861139297485352] [0.17334617674350739, -0.05518430843949318, 0.06896179169416428, 0.9499887228012085, 0.04716156795620918, 0.7365893125534058] [0.7643908262252808, -0.123722143471241, 0.36395981907844543]
[0.2101999670267105, -0.251617968082428, 0.11194004118442535, 0.9940739870071411, 0.7623560428619385, 0.028800005093216896, -1.0691560506820679, -1.0861139297485352] [0.17236804962158203, -0.05518430843949318, 0.06392334401607513, 0.9696128368377686, 0.06874141842126846, 0.7377259731292725] [0.7643908262252808, -0.123722143471241, 0.36395981907844543]
[0.23167596757411957, -0.25315195322036743, 0.11194004118442535, 0.9940739870071411, 0.760822057723999, 0.028800005093216896, -1.0691560506820679, -1.0861139297485352] [0.17197604477405548, -0.055454470217227936, 0.06179577857255936, 0.977630615234375, 0.07805713266134262, 0.7368188500404358] [0.6736547946929932, -0.1179971769452095, 0.3116258680820465]
[0.23167596757411957, -0.2546859681606293, 0.11194004118442535, 0.9940739870071411, 0.760822057723999, 0.028800005093216896, -1.0691560506820679, -1.0861139297485352] [0.17197604477405548, -0.055454470217227936, 0.06179577857255936, 0.977630615234375, 0.07805713266134262, 0.7368188500404358] [0.6736547946929932, -0.1179971769452095, 0.3116258680820465]
[0.23167596757411957, -0.25315195322036743, 0.11194004118442535, 0.9940739870071411, 0.760822057723999, 0.028800005093216896, -1.0691560506820679, -1.0861139297485352] [0.17203320562839508, -0.05571610853075981, 0.06179645657539368, 0.9789027571678162, 0.07829361408948898, 0.7353053092956543] [0.6736547946929932, -0.1179971769452095, 0.3116258680820465]
[0.23320996761322021, -0.25315195322036743, 0.11194004118442535, 0.9940739870071411, 0.760822057723999, 0.028400003910064697, -1.0706900358200073, -1.0876480340957642] [0.17191725969314575, -0.055454470217227936, 0.06153201684355736, 0.9786645770072937, 0.07919317483901978, 0.7369000315666199] [0.6736547946929932, -0.1179971769452095, 0.3116258680820465]
[0.24394796788692474, -0.2562199831008911, 0.113474041223526, 0.9940739870071411, 0.7623560428619385, 0.028800005093216896, -1.0691560506820679, -1.0861139297485352] [0.17117705941200256, -0.05599512532353401, 0.057816389948129654, 0.992586076259613, 0.09560781717300415, 0.735137939453125] [0.6736547946929932, -0.1179971769452095, 0.3116258680820465]
[0.27002596855163574, -0.25775396823883057, 0.11194004118442535, 0.9940739870071411, 0.760822057723999, 0.028800005093216896, -1.0691560506820679, -1.0861139297485352] [0.1704334318637848, -0.05626558139920235, 0.054655369371175766, 1.0046972036361694, 0.1095317006111145, 0.7348970770835876] [0.6736547946929932, -0.1179971769452095, 0.3116258680820465]
[0.27309396862983704, -0.25775396823883057, 0.11194004118442535, 0.9940739870071411, 0.760822057723999, 0.028800005093216896, -1.0706900358200073, -1.0876480340957642] [0.170363649725914, -0.05626558139920235, 0.05439397320151329, 1.0057321786880493, 0.11066974699497223, 0.7350108027458191] [0.6736547946929932, -0.1179971769452095, 0.3116258680820465]
[0.2746279835700989, -0.25775396823883057, 0.11194004118442535, 0.9940739870071411, 0.760822057723999, 0.028400003910064697, -1.0706900358200073, -1.0861139297485352] [0.17011210322380066, -0.05653967708349228, 0.053218916058540344, 1.0113906860351562, 0.11539862304925919, 0.733766496181488] [0.6736547946929932, -0.1179971769452095, 0.3116258680820465]
[0.2915019690990448, -0.25928795337677, 0.113474041223526, 0.9940739870071411, 0.760822057723999, 0.028400003910064697, -1.0691560506820679, -1.0861139297485352] [0.1691005378961563, -0.05653614550828934, 0.04968888685107231, 1.02406644821167, 0.13143935799598694, 0.7357541918754578] [0.6736547946929932, -0.1179971769452095, 0.3116258680820465]
[0.30377396941185, -0.25928795337677, 0.11194004118442535, 0.9940739870071411, 0.760822057723999, 0.028800005093216896, -1.0706900358200073, -1.0861139297485352] [0.16906827688217163, -0.05653967708349228, 0.04957665130496025, 1.0258969068527222, 0.13133539259433746, 0.735551655292511] [1.886457920074463, -0.24298706650733948, 0.2137090563774109]
[0.30377396941185, -0.25928795337677, 0.11194004118442535, 0.9940739870071411, 0.760822057723999, 0.028800005093216896, -1.0706900358200073, -1.0861139297485352] [0.16906827688217163, -0.05653967708349228, 0.04957665130496025, 1.0258969068527222, 0.13133539259433746, 0.735551655292511] [1.886457920074463, -0.24298706650733948, 0.2137090563774109]
[0.30377396941185, -0.25928795337677, 0.113474041223526, 0.9940739870071411, 0.760822057723999, 0.028400003910064697, -1.0691560506820679, -1.0861139297485352] [0.16912877559661865, -0.056810345500707626, 0.04955769330263138, 1.0255534648895264, 0.13164304196834564, 0.734042763710022] [1.886457920074463, -0.24298706650733948, 0.2137090563774109]
[0.30377396941185, -0.26082196831703186, 0.113474041223526, 0.9940739870071411, 0.760822057723999, 0.028400003910064697, -1.0691560506820679, -1.0876480340957642] [0.16912877559661865, -0.056810345500707626, 0.04955769330263138, 1.0255534648895264, 0.13164304196834564, 0.734042763710022] [1.886457920074463, -0.24298706650733948, 0.2137090563774109]
[0.30377396941185, -0.26082196831703186, 0.113474041223526, 0.9940739870071411, 0.760822057723999, 0.028800005093216896, -1.0691560506820679, -1.0861139297485352] [0.16912877559661865, -0.056810345500707626, 0.04955769330263138, 1.0255534648895264, 0.13164304196834564, 0.734042763710022] [1.886457920074463, -0.24298706650733948, 0.2137090563774109]
[0.30377396941185, -0.26082196831703186, 0.113474041223526, 0.9940739870071411, 0.760822057723999, 0.028400003910064697, -1.0691560506820679, -1.0876480340957642] [0.16905120015144348, -0.056810345500707626, 0.049298301339149475, 1.0265902280807495, 0.1327819526195526, 0.7341794371604919] [0.7472819685935974, -0.10883042216300964, 0.19461074471473694]
[0.3114439845085144, -0.2623559832572937, 0.113474041223526, 0.9940739870071411, 0.760822057723999, 0.028800005093216896, -1.0691560506820679, -1.0876480340957642] [0.16848936676979065, -0.057472798973321915, 0.046622760593891144, 1.036034107208252, 0.1452275812625885, 0.7311049699783325] [0.7472819685935974, -0.10883042216300964, 0.19461074471473694]
[0.3344539701938629, -0.2654239535331726, 0.11194004118442535, 0.9940739870071411, 0.760822057723999, 0.028800005093216896, -1.0691560506820679, -1.0861139297485352] [0.16736258566379547, -0.0573519691824913, 0.043581366539001465, 1.0487167835235596, 0.15848438441753387, 0.7344802618026733] [0.7423447370529175, -0.10819263756275177, 0.1893104910850525]
[0.33905595541000366, -0.2654239535331726, 0.113474041223526, 0.9940739870071411, 0.760822057723999, 0.028800005093216896, -1.0691560506820679, -1.0876480340957642] [0.16753675043582916, -0.057743944227695465, 0.043509818613529205, 1.0480971336364746, 0.1592608392238617, 0.7314831018447876] [0.7423447370529175, -0.10819263756275177, 0.1893104910850525]
[0.34212398529052734, -0.2654239535331726, 0.113474041223526, 0.9940739870071411, 0.7623560428619385, 0.028800005093216896, -1.0691560506820679, -1.0876480340957642] [0.16659364104270935, -0.05789395794272423, 0.04097776487469673, 1.0583460330963135, 0.17057448625564575, 0.7331719994544983] [0.7423447370529175, -0.10819263756275177, 0.1893104910850525]
[0.3697359561920166, -0.2654239535331726, 0.113474041223526, 0.9940739870071411, 0.760822057723999, 0.028800005093216896, -1.0706900358200073, -1.0861139297485352] [0.16519154608249664, -0.05789395794272423, 0.03716041147708893, 1.074019432067871, 0.18765102326869965, 0.7359644770622253] [0.8123913407325745, -0.12655267119407654, 0.17423582077026367]
[0.37740597128868103, -0.2654239535331726, 0.113474041223526, 0.9940739870071411, 0.760822057723999, 0.028800005093216896, -1.0691560506820679, -1.0861139297485352] [0.16519154608249664, -0.05789395794272423, 0.03716041147708893, 1.074019432067871, 0.18765102326869965, 0.7359644770622253] [0.8123913407325745, -0.12655267119407654, 0.17423582077026367]
[0.37740597128868103, -0.26695796847343445, 0.113474041223526, 0.9940739870071411, 0.760822057723999, 0.028400003910064697, -1.0691560506820679, -1.0861139297485352] [0.16513042151927948, -0.05761418864130974, 0.0371994823217392, 1.0759795904159546, 0.18727120757102966, 0.7374699711799622] [1.1537121534347534, -0.1761104166507721, 0.11148305237293243]
[0.3804739713668823, -0.2654239535331726, 0.113474041223526, 0.9925400018692017, 0.7623560428619385, 0.028800005093216896, -1.0706900358200073, -1.0876480340957642] [0.1636103093624115, -0.05760137736797333, 0.03335021436214447, 1.0866624116897583, 0.2068871408700943, 0.7417986989021301] [1.1537121534347534, -0.1761104166507721, 0.11148305237293243]
[0.42035797238349915, -0.26695796847343445, 0.10580404102802277, 0.9940739870071411, 0.760822057723999, 0.028800005093216896, -1.0706900358200073, -1.0876480340957642] [0.16092419624328613, -0.05799105390906334, 0.026652345433831215, 1.1128050088882446, 0.23838721215724945, 0.7453572750091553] [0.5638678669929504, -0.09520483762025833, 0.16740167140960693]
[0.43723195791244507, -0.26695796847343445, 0.10580404102802277, 0.9925400018692017, 0.760822057723999, 0.028400003910064697, -1.0722240209579468, -1.0891820192337036] [0.16081683337688446, -0.05787862092256546, 0.026697181165218353, 1.1116206645965576, 0.2378603219985962, 0.746839702129364] [0.5638678669929504, -0.09520483762025833, 0.16740167140960693]
[0.43723195791244507, -0.2654239535331726, 0.10580404102802277, 0.9925400018692017, 0.760822057723999, 0.028800005093216896, -1.0722240209579468, -1.0891820192337036] [0.16081683337688446, -0.05787862092256546, 0.026697181165218353, 1.1116206645965576, 0.2378603219985962, 0.746839702129364] [0.5638678669929504, -0.09520483762025833, 0.16740167140960693]
[0.43723195791244507, -0.26695796847343445, 0.10580404102802277, 0.9940739870071411, 0.760822057723999, 0.028800005093216896, -1.0722240209579468, -1.0891820192337036] [0.16087116301059723, -0.05772866681218147, 0.026661965996026993, 1.1117619276046753, 0.2379462867975235, 0.7468627691268921] [0.5387753248214722, -0.10126472264528275, 0.14229995012283325]
[0.43723195791244507, -0.2654239535331726, 0.10580404102802277, 0.9925400018692017, 0.760822057723999, 0.028800005093216896, -1.0722240209579468, -1.0891820192337036] [0.1609269380569458, -0.05799990892410278, 0.026635894551873207, 1.1112710237503052, 0.23838721215724945, 0.7453572750091553] [0.5387753248214722, -0.10126472264528275, 0.14229995012283325]
[0.43723195791244507, -0.2654239535331726, 0.10580404102802277, 0.9940739870071411, 0.760822057723999, 0.028800005093216896, -1.0722240209579468, -1.0891820192337036] [0.160589337348938, -0.057457517832517624, 0.02619517408311367, 1.11440110206604, 0.2397523820400238, 0.7488759160041809] [0.5142971277236938, -0.09605509042739868, 0.14386427402496338]
[0.44029998779296875, -0.26388996839523315, 0.10580404102802277, 0.9925400018692017, 0.760822057723999, 0.028800005093216896, -1.0722240209579468, -1.0891820192337036] [0.160589337348938, -0.057457517832517624, 0.02619517408311367, 1.11440110206604, 0.2397523820400238, 0.7488759160041809] [0.5142971277236938, -0.09605509042739868, 0.14386427402496338]
[0.44029998779296875, -0.26388996839523315, 0.10427004098892212, 0.9940739870071411, 0.760822057723999, 0.028800005093216896, -1.0722240209579468, -1.0891820192337036] [0.160589337348938, -0.057457517832517624, 0.02619517408311367, 1.11440110206604, 0.2397523820400238, 0.7488759160041809] [0.5142971277236938, -0.09605509042739868, 0.14386427402496338]
[0.4387659728527069, -0.26388996839523315, 0.10427004098892212, 0.9925400018692017, 0.760822057723999, 0.028800005093216896, -1.0722240209579468, -1.0891820192337036] [0.16041408479213715, -0.05733422935009003, 0.026117468252778053, 1.1140248775482178, 0.24042733013629913, 0.7508154511451721] [0.5142971277236938, -0.09605509042739868, 0.14386427402496338]
[0.44029998779296875, -0.26388996839523315, 0.10580404102802277, 0.9925400018692017, 0.760822057723999, 0.028800005093216896, -1.0722240209579468, -1.0891820192337036] [0.16041408479213715, -0.05733422935009003, 0.026117468252778053, 1.1140248775482178, 0.24042733013629913, 0.7508154511451721] [0.5142971277236938, -0.09605509042739868, 0.14386427402496338]
[0.44029998779296875, -0.26388996839523315, 0.10580404102802277, 0.9925400018692017, 0.760822057723999, 0.028800005093216896, -1.0722240209579468, -1.0891820192337036] [0.160589337348938, -0.057457517832517624, 0.02619517408311367, 1.11440110206604, 0.2397523820400238, 0.7488759160041809] [0.5548215508460999, -0.09799972176551819, 0.13463151454925537]
[0.44029998779296875, -0.26388996839523315, 0.10580404102802277, 0.9925400018692017, 0.7592880725860596, 0.028800005093216896, -1.0722240209579468, -1.0891820192337036] [0.160589337348938, -0.057457517832517624, 0.02619517408311367, 1.11440110206604, 0.2397523820400238, 0.7488759160041809] [0.5548215508460999, -0.09799972176551819, 0.13463151454925537]
[0.44029998779296875, -0.26082196831703186, 0.10427004098892212, 0.9956079721450806, 0.7592880725860596, 0.9968000054359436, -1.0645540952682495, -1.0830459594726562] [0.1602458655834198, -0.05653071776032448, 0.026181558147072792, 1.1139640808105469, 0.23908592760562897, 0.7553284764289856] [0.38327258825302124, -0.05169055983424187, 0.1587110161781311]
[0.43723195791244507, -0.25928795337677, 0.10427004098892212, 0.9940739870071411, 0.760822057723999, 0.9968000054359436, -1.06302011013031, -1.0799779891967773] [0.16046877205371857, -0.056521911174058914, 0.026690006256103516, 1.1133344173431396, 0.23685172200202942, 0.7548183798789978] [0.38327258825302124, -0.05169055983424187, 0.1587110161781311]
[0.4310959577560425, -0.25928795337677, 0.10580404102802277, 0.9986760020256042, 0.760822057723999, 0.9968000054359436, -1.0568840503692627, -1.0738420486450195] [0.16087228059768677, -0.05590588226914406, 0.028643503785133362, 1.1082663536071777, 0.22571724653244019, 0.758364200592041] [0.4012373387813568, -0.05435684323310852, 0.16121864318847656]
[0.429561972618103, -0.25775396823883057, 0.10733804106712341, 1.0002100467681885, 0.7592880725860596, 0.9971999526023865, -1.046146035194397, -1.0631040334701538] [0.1609308123588562, -0.056175872683525085, 0.028616787865757942, 1.107791781425476, 0.22615477442741394, 0.7568623423576355] [0.4012373387813568, -0.05435684323310852, 0.16121864318847656]
[0.429561972618103, -0.25928795337677, 0.10733804106712341, 0.9986760020256042, 0.7592880725860596, 0.9968000054359436, -1.0354080200195312, -1.052366018295288] [0.1609308123588562, -0.056175872683525085, 0.028616787865757942, 1.107791781425476, 0.22615477442741394, 0.7568623423576355] [0.40720412135124207, -0.05238931253552437, 0.16359756886959076]
[0.4280279874801636, -0.25928795337677, 0.10580404102802277, 0.9986760020256042, 0.7592880725860596, 0.9971999526023865, -1.0354080200195312, -1.052366018295288] [0.16080887615680695, -0.055903248488903046, 0.028502868488430977, 1.1075372695922852, 0.22692938148975372, 0.7588162422180176] [0.40720412135124207, -0.05238931253552437, 0.16359756886959076]
[0.4280279874801636, -0.25928795337677, 0.10733804106712341, 0.9986760020256042, 0.760822057723999, 0.9971999526023865, -1.0354080200195312, -1.052366018295288] [0.16063955426216125, -0.05581512674689293, 0.028905261307954788, 1.1069740056991577, 0.2246863842010498, 0.7615104913711548] [0.40720412135124207, -0.05238931253552437, 0.16359756886959076]
[0.421891987323761, -0.25928795337677, 0.10580404102802277, 1.012481927871704, 0.7592880725860596, 0.9971999526023865, -1.0338740348815918, -1.052366018295288] [0.1600354015827179, -0.05393784120678902, 0.03271886333823204, 1.1006611585617065, 0.2030758112668991, 0.7821445465087891] [0.4121851921081543, -0.0532398521900177, 0.1571696698665619]
[0.3988819718360901, -0.26082196831703186, 0.10887204110622406, 1.035491943359375, 0.7592880725860596, 0.9968000054359436, -1.0338740348815918, -1.0508320331573486] [0.16077886521816254, -0.053629256784915924, 0.036084484308958054, 1.089117407798767, 0.1866886019706726, 0.7850236892700195] [0.4121851921081543, -0.0532398521900177, 0.1571696698665619]
[0.3697359561920166, -0.2654239535331726, 0.10887204110622406, 1.0370259284973145, 0.7592880725860596, 0.9971999526023865, -1.0338740348815918, -1.052366018295288] [0.16312815248966217, -0.05484147369861603, 0.041732292622327805, 1.0621614456176758, 0.16309158504009247, 0.7746264934539795] [0.4121851921081543, -0.0532398521900177, 0.1571696698665619]
[0.3313859701156616, -0.27002596855163574, 0.10887204110622406, 1.0370259284973145, 0.7592880725860596, 0.9968000054359436, -1.0338740348815918, -1.052366018295288] [0.16512612998485565, -0.05537308007478714, 0.04722801223397255, 1.0376245975494385, 0.13960500061511993, 0.7680328488349915] [0.4092364013195038, -0.050361841917037964, 0.15823127329349518]
[0.3145119547843933, -0.2853659689426422, 0.10887204110622406, 1.0370259284973145, 0.7592880725860596, 0.9971999526023865, -1.0338740348815918, -1.0539000034332275] [0.16696614027023315, -0.059910792857408524, 0.04959952086210251, 1.0218209028244019, 0.1326788365840912, 0.7406327724456787] [0.4092364013195038, -0.050361841917037964, 0.15823127329349518]
[0.29610395431518555, -0.3267839550971985, 0.11807604134082794, 1.035491943359375, 0.7592880725860596, 0.9968000054359436, -1.0384761095046997, -1.055433988571167] [0.17193451523780823, -0.07572173327207565, 0.05620555952191353, 0.986722469329834, 0.10977587103843689, 0.64400714635849] [0.3893885314464569, -0.05791880190372467, 0.16091974079608917]
[0.26388996839523315, -0.4310959577560425, 0.13188204169273376, 1.0293560028076172, 0.7592880725860596, 0.9968000054359436, -1.046146035194397, -1.0646380186080933] [0.17389608919620514, -0.08901029825210571, 0.0580270029604435, 0.9706194400787354, 0.10761673003435135, 0.5660414695739746] [0.3893885314464569, -0.05791880190372467, 0.16091974079608917]
[0.26388996839523315, -0.481717973947525, 0.13495004177093506, 1.0109479427337646, 0.7592880725860596, 0.9968000054359436, -1.061486005783081, -1.0830459594726562] [0.17525379359722137, -0.10148382186889648, 0.05784676969051361, 0.9565683603286743, 0.11664249002933502, 0.488093763589859] [0.3893885314464569, -0.05791880190372467, 0.16091974079608917]
[0.26388996839523315, -0.56455397605896, 0.1456880420446396, 1.0032780170440674, 0.7577540874481201, 0.9968000054359436, -1.0983021259307861, -1.1198619604110718] [0.17541652917861938, -0.11154039204120636, 0.05886126682162285, 0.9475939273834229, 0.11493796110153198, 0.42850470542907715] [0.4044657051563263, -0.06844095885753632, 0.16989852488040924]
[0.26388996839523315, -0.599835991859436, 0.16102804243564606, 0.9910060167312622, 0.7592880725860596, 0.9968000054359436, -1.1274480819702148, -1.1459399461746216] [0.17609836161136627, -0.12182675302028656, 0.060563527047634125, 0.9465487599372864, 0.10701543092727661, 0.35998931527137756] [0.4044657051563263, -0.06844095885753632, 0.16989852488040924]
[0.26388996839523315, -0.6351180076599121, 0.1947760432958603, 0.9541900157928467, 0.7592880725860596, 0.9971999526023865, -1.155060052871704, -1.1750860214233398] [0.17725521326065063, -0.12991711497306824, 0.06273157149553299, 0.9523230195045471, 0.09270237386226654, 0.2995776832103729] [0.36040788888931274, -0.06663127988576889, 0.17399582266807556]
[0.26388996839523315, -0.6519919633865356, 0.21318404376506805, 0.9173740148544312, 0.7592880725860596, 0.9971999526023865, -1.1688660383224487, -1.187358021736145] [0.17838925123214722, -0.13604258000850677, 0.06337917596101761, 0.9585026502609253, 0.08768229931592941, 0.24964864552021027] [0.36040788888931274, -0.06663127988576889, 0.17399582266807556]
[0.2684919834136963, -0.6550599932670593, 0.23005804419517517, 0.8575479984283447, 0.7577540874481201, 0.9971999526023865, -1.1842060089111328, -1.202697992324829] [0.18011675775051117, -0.14637406170368195, 0.06236891821026802, 0.9576357007026672, 0.09587394446134567, 0.16278456151485443] [0.3557583689689636, -0.0703326091170311, 0.18556280434131622]
[0.27002596855163574, -0.6811379790306091, 0.24233004450798035, 0.8115279674530029, 0.7577540874481201, 0.9968000054359436, -1.193410038948059, -1.2072999477386475] [0.18024514615535736, -0.15678440034389496, 0.06338420510292053, 0.9584352374076843, 0.09239264577627182, 0.0844823345541954] [0.3557583689689636, -0.0703326091170311, 0.18556280434131622]
[0.2822979688644409, -0.6872739791870117, 0.2576700448989868, 0.7547699809074402, 0.7577540874481201, 0.9968000054359436, -1.1949440240859985, -1.208833932876587] [0.18046529591083527, -0.161675825715065, 0.06014842540025711, 0.9606112241744995, 0.1116887629032135, 0.039702385663986206] [0.3274114429950714, -0.06826946884393692, 0.18847151100635529]
[0.28383195400238037, -0.6872739791870117, 0.2576700448989868, 0.7194879651069641, 0.7592880725860596, 0.9971999526023865, -1.2102841138839722, -1.228775978088379] [0.18075740337371826, -0.1656009554862976, 0.059318989515304565, 0.9566100239753723, 0.11872853338718414, 0.0048990813083946705] [0.3274114429950714, -0.06826946884393692, 0.18847151100635529]
[0.28689998388290405, -0.6872739791870117, 0.2607380449771881, 0.6811379790306091, 0.7577540874481201, 0.9968000054359436, -1.2501680850982666, -1.2717280387878418] [0.18099239468574524, -0.16924867033958435, 0.059043075889348984, 0.957431435585022, 0.12126460671424866, -0.027687430381774902] [0.2995506227016449, -0.06718619167804718, 0.1898842602968216]
[0.28689998388290405, -0.6872739791870117, 0.269942045211792, 0.6642639636993408, 0.7577540874481201, 0.9971999526023865, -1.2823820114135742, -1.3008739948272705] [0.18110814690589905, -0.17118628323078156, 0.05911000072956085, 0.9601441025733948, 0.12090930342674255, -0.04510803893208504] [0.2995506227016449, -0.06718619167804718, 0.1898842602968216]
[0.2853659689426422, -0.6872739791870117, 0.2730100452899933, 0.6535259485244751, 0.7592880725860596, 0.9968000054359436, -1.3069260120391846, -1.3284859657287598] [0.18117453157901764, -0.1719125658273697, 0.05930764600634575, 0.9629950523376465, 0.1194002628326416, -0.05173347890377045] [0.2995506227016449, -0.06718619167804718, 0.1898842602968216]
[0.28689998388290405, -0.6872739791870117, 0.27761203050613403, 0.6535259485244751, 0.7577540874481201, 0.9971999526023865, -1.3191981315612793, -1.3392239809036255] [0.1811135858297348, -0.17195570468902588, 0.05909472331404686, 0.966418981552124, 0.11972588300704956, -0.052331700921058655] [0.293164998292923, -0.06823301315307617, 0.19246838986873627]
[0.28996795415878296, -0.6872739791870117, 0.2806800603866577, 0.6535259485244751, 0.7592880725860596, 0.9971999526023865, -1.328402042388916, -1.3499619960784912] [0.18094778060913086, -0.1719597727060318, 0.0583912692964077, 0.9689041972160339, 0.1234091967344284, -0.052556250244379044] [0.293164998292923, -0.06823301315307617, 0.19246838986873627]
[0.2976379692554474, -0.6857399940490723, 0.28221404552459717, 0.6535259485244751, 0.7592880725860596, 0.9968000054359436, -1.3391400575637817, -1.3622339963912964] [0.18081973493099213, -0.17169032990932465, 0.05736241862177849, 0.970227062702179, 0.1286480724811554, -0.05126894265413284] [0.293164998292923, -0.06823301315307617, 0.19246838986873627]
[0.29917198419570923, -0.6857399940490723, 0.2806800603866577, 0.6535259485244751, 0.760822057723999, 0.9971999526023865, -1.345276117324829, -1.3683700561523438] [0.1807340532541275, -0.17166493833065033, 0.05698654055595398, 0.9704894423484802, 0.1310921460390091, -0.05108284950256348] [0.2639243006706238, -0.06726498156785965, 0.19532561302185059]
[0.31297796964645386, -0.6857399940490723, 0.2806800603866577, 0.6535259485244751, 0.760822057723999, 0.9971999526023865, -1.345276117324829, -1.3683700561523438] [0.1803005188703537, -0.17120973765850067, 0.0547749288380146, 0.9705492854118347, 0.14305268228054047, -0.048125915229320526] [0.2639243006706238, -0.06726498156785965, 0.19532561302185059]
[0.31297796964645386, -0.6842060089111328, 0.2806800603866577, 0.6550599932670593, 0.760822057723999, 0.9971999526023865, -1.345276117324829, -1.3683700561523438] [0.18040718138217926, -0.17092514038085938, 0.05474041402339935, 0.9710259437561035, 0.14307504892349243, -0.04659845679998398] [0.2528359591960907, -0.06514956057071686, 0.19587312638759613]
[0.31297796964645386, -0.6826719641685486, 0.2806800603866577, 0.6550599932670593, 0.760822057723999, 0.9968000054359436, -1.345276117324829, -1.3699040412902832] [0.18040718138217926, -0.17092514038085938, 0.05474041402339935, 0.9710259437561035, 0.14307504892349243, -0.04659845679998398] [0.2528359591960907, -0.06514956057071686, 0.19587312638759613]
[0.31297796964645386, -0.6826719641685486, 0.2806800603866577, 0.6550599932670593, 0.760822057723999, 0.9968000054359436, -1.3468101024627686, -1.3699040412902832] [0.18040718138217926, -0.17092514038085938, 0.05474041402339935, 0.9710259437561035, 0.14307504892349243, -0.04659845679998398] [0.2528359591960907, -0.06514956057071686, 0.19587312638759613]
[0.31297796964645386, -0.6826719641685486, 0.2806800603866577, 0.6550599932670593, 0.760822057723999, 0.9971999526023865, -1.348344087600708, -1.372972011566162] [0.18040718138217926, -0.17092514038085938, 0.05474041402339935, 0.9710259437561035, 0.14307504892349243, -0.04659845679998398] [0.25633010268211365, -0.06691772490739822, 0.19689340889453888]
[0.31297796964645386, -0.6826719641685486, 0.2806800603866577, 0.6550599932670593, 0.760822057723999, 0.9971999526023865, -1.3529460430145264, -1.376039981842041] [0.18040446937084198, -0.17093569040298462, 0.05472499504685402, 0.9694919586181641, 0.14307504892349243, -0.04659845679998398] [0.25633010268211365, -0.06691772490739822, 0.19689340889453888]
[0.31297796964645386, -0.6826719641685486, 0.2791460454463959, 0.6550599932670593, 0.760822057723999, 0.9971999526023865, -1.363684058189392, -1.3852440118789673] [0.1803005188703537, -0.17120973765850067, 0.0547749288380146, 0.9705492854118347, 0.14305268228054047, -0.048125915229320526] [0.25271719694137573, -0.06678244471549988, 0.1951037496328354]
[0.31297796964645386, -0.6826719641685486, 0.2806800603866577, 0.6550599932670593, 0.7592880725860596, 0.9971999526023865, -1.3698201179504395, -1.3898459672927856] [0.18036969006061554, -0.17120973765850067, 0.05505156144499779, 0.9706238508224487, 0.14152047038078308, -0.04811534658074379] [0.25271719694137573, -0.06678244471549988, 0.1951037496328354]
[0.3114439845085144, -0.6826719641685486, 0.2806800603866577, 0.6550599932670593, 0.7592880725860596, 0.9971999526023865, -1.3698201179504395, -1.3898459672927856] [0.18029779195785522, -0.1712203025817871, 0.05475951358675957, 0.9690153002738953, 0.14305268228054047, -0.048125915229320526] [0.23825287818908691, -0.06668606400489807, 0.19588421285152435]
[0.31297796964645386, -0.6826719641685486, 0.2806800603866577, 0.6550599932670593, 0.760822057723999, 0.9968000054359436, -1.3698201179504395, -1.3898459672927856] [0.18029779195785522, -0.1712203025817871, 0.05475951358675957, 0.9690153002738953, 0.14305268228054047, -0.048125915229320526] [0.23825287818908691, -0.06668606400489807, 0.19588421285152435]
