[0.25315195322036743, -0.6443219780921936, 0.39266204833984375, 0.6320499777793884, 0.69486004114151, 0.996399998664856, -1.4296460151672363, -1.4558080434799194] [0.18642033636569977, -0.16815707087516785, 0.07181259989738464, 1.0049521923065186, 0.024812310934066772, -0.04825401306152344] [0.2988811135292053, -0.06807743012905121, 0.27643969655036926]
[0.25315195322036743, -0.6443219780921936, 0.39266204833984375, 0.6335839629173279, 0.69486004114151, 0.996399998664856, -1.4296460151672363, -1.4542739391326904] [0.18642033636569977, -0.16815707087516785, 0.07181259989738464, 1.0049521923065186, 0.024812310934066772, -0.04825401306152344] [0.2988811135292053, -0.06807743012905121, 0.27643969655036926]
[0.25315195322036743, -0.6443219780921936, 0.39266204833984375, 0.6335839629173279, 0.69486004114151, 0.9968000054359436, -1.4296460151672363, -1.4558080434799194] [0.18642033636569977, -0.16815707087516785, 0.07181259989738464, 1.0049521923065186, 0.024812310934066772, -0.04825401306152344] [0.2988811135292053, -0.06807743012905121, 0.27643969655036926]
[0.25315195322036743, -0.6443219780921936, 0.39266204833984375, 0.6335839629173279, 0.69486004114151, 0.996399998664856, -1.4296460151672363, -1.4542739391326904] [0.18641746044158936, -0.16799065470695496, 0.07186610251665115, 1.0049880743026733, 0.0243441853672266, -0.04679273068904877] [0.2988811135292053, -0.06807743012905121, 0.27643969655036926]
[0.25315195322036743, -0.6443219780921936, 0.39266204833984375, 0.6335839629173279, 0.69486004114151, 0.996399998664856, -1.4281120300292969, -1.4542739391326904] [0.1864633560180664, -0.16815707087516785, 0.07209859043359756, 1.0050262212753296, 0.023280110210180283, -0.04825223609805107] [0.2988811135292053, -0.06807743012905121, 0.27643969655036926]
[0.25315195322036743, -0.6443219780921936, 0.39266204833984375, 0.6335839629173279, 0.69486004114151, 0.996399998664856, -1.4281120300292969, -1.4542739391326904] [0.1864100843667984, -0.16813334822654724, 0.07170183956623077, 1.0037214756011963, 0.025675542652606964, -0.04797790199518204] [0.2988811135292053, -0.06807743012905121, 0.27643969655036926]
[0.25315195322036743, -0.6443219780921936, 0.39266204833984375, 0.6335839629173279, 0.69486004114151, 0.996399998664856, -1.4281120300292969, -1.4542739391326904] [0.18641746044158936, -0.16799065470695496, 0.07186610251665115, 1.0049880743026733, 0.0243441853672266, -0.04679273068904877] [0.2988811135292053, -0.06807743012905121, 0.27643969655036926]
[0.251617968082428, -0.6443219780921936, 0.39266204833984375, 0.6320499777793884, 0.69486004114151, 0.996399998664856, -1.4296460151672363, -1.4542739391326904] [0.1864165961742401, -0.16800075769424438, 0.07185017317533493, 1.0034540891647339, 0.0243441853672266, -0.04679273068904877] [0.2988811135292053, -0.06807743012905121, 0.27643969655036926]
[0.25315195322036743, -0.6443219780921936, 0.39266204833984375, 0.6320499777793884, 0.69486004114151, 0.996399998664856, -1.4281120300292969, -1.4558080434799194] [0.18641746044158936, -0.16799065470695496, 0.07186610251665115, 1.0049880743026733, 0.0243441853672266, -0.04679273068904877] [0.2988811135292053, -0.06807743012905121, 0.27643969655036926]
[0.25315195322036743, -0.6443219780921936, 0.3911280632019043, 0.6320499777793884, 0.69486004114151, 0.996399998664856, -1.4296460151672363, -1.4542739391326904] [0.1864100843667984, -0.16813334822654724, 0.07170183956623077, 1.0037214756011963, 0.025675542652606964, -0.04797790199518204] [0.2988811135292053, -0.06807743012905121, 0.27643969655036926]
[0.251617968082428, -0.6443219780921936, 0.39266204833984375, 0.6335839629173279, 0.69486004114151, 0.9968000054359436, -1.4296460151672363, -1.4558080434799194] [0.186407208442688, -0.16796685755252838, 0.07175515592098236, 1.0037586688995361, 0.0252092145383358, -0.04651601240038872] [0.2988811135292053, -0.06807743012905121, 0.27643969655036926]
[0.25315195322036743, -0.6443219780921936, 0.39266204833984375, 0.6335839629173279, 0.69486004114151, 0.996399998664856, -1.4296460151672363, -1.4542739391326904] [0.18641746044158936, -0.16799065470695496, 0.07186610251665115, 1.0049880743026733, 0.0243441853672266, -0.04679273068904877] [0.2988811135292053, -0.06807743012905121, 0.27643969655036926]
[0.25315195322036743, -0.6443219780921936, 0.39266204833984375, 0.6335839629173279, 0.69486004114151, 0.996399998664856, -1.4296460151672363, -1.4542739391326904] [0.18717215955257416, -0.16611537337303162, 0.071803018450737, 1.0064668655395508, 0.02425754815340042, -0.03751153498888016] [0.2988811135292053, -0.06807743012905121, 0.27643969655036926]
[0.2500839829444885, -0.6197779774665833, 0.38959404826164246, 0.6335839629173279, 0.69486004114151, 0.996399998664856, -1.4296460151672363, -1.4542739391326904] [0.18834631145000458, -0.16223028302192688, 0.07251241058111191, 1.011181354522705, 0.01874174363911152, -0.014947683550417423] [0.2988811135292053, -0.06807743012905121, 0.27643969655036926]
[0.22247196733951569, -0.6167099475860596, 0.4080020487308502, 0.6550599932670593, 0.6963940858840942, 0.9968000054359436, -1.4296460151672363, -1.4542739391326904] [0.18928031623363495, -0.16011029481887817, 0.08435694128274918, 1.0355957746505737, -0.05275624245405197, 0.0023277264554053545] [0.2988811135292053, -0.06807743012905121, 0.27643969655036926]
[0.17645196616649628, -0.6075059771537781, 0.43254604935646057, 0.7302259802818298, 0.6994620561599731, 0.9968000054359436, -1.4296460151672363, -1.4558080434799194] [0.1919962614774704, -0.1353525072336197, 0.09928373247385025, 1.0632580518722534, -0.15437261760234833, 0.16180039942264557] [0.2988811135292053, -0.06807743012905121, 0.27643969655036926]
[0.13963596522808075, -0.4648439884185791, 0.46476006507873535, 0.7869839668273926, 0.6994620561599731, 0.996399998664856, -1.4296460151672363, -1.4542739391326904] [0.19323627650737762, -0.10880214720964432, 0.10935454070568085, 1.0785548686981201, -0.22161011397838593, 0.3120860755443573] [0.2988811135292053, -0.06807743012905121, 0.27643969655036926]
[0.11202395707368851, -0.317579984664917, 0.4601580500602722, 0.7869839668273926, 0.6994620561599731, 0.996399998664856, -1.4327141046524048, -1.4542739391326904] [0.19359345734119415, -0.08704663068056107, 0.10928305983543396, 1.077298879623413, -0.22024105489253998, 0.42133498191833496] [0.2988811135292053, -0.06807743012905121, 0.27643969655036926]
[0.08287796378135681, -0.2884339690208435, 0.4279440641403198, 0.7793139815330505, 0.6994620561599731, 0.996399998664856, -1.4357820749282837, -1.4558080434799194] [0.1933271437883377, -0.0845792144536972, 0.1122736781835556, 1.0251799821853638, -0.22051236033439636, 0.4415280222892761] [0.2988811135292053, -0.06807743012905121, 0.27643969655036926]
[0.06446996331214905, -0.2853659689426422, 0.3681180477142334, 0.7670419812202454, 0.6979280710220337, 0.996399998664856, -1.440384030342102, -1.4558080434799194] [0.19396339356899261, -0.08360015600919724, 0.10965224355459213, 0.993762195110321, -0.1949736326932907, 0.4451957941055298] [0.2988811135292053, -0.06807743012905121, 0.27643969655036926]
[0.04912996292114258, -0.2715599536895752, 0.36044806241989136, 0.7609059810638428, 0.6979280710220337, 0.996399998664856, -1.4480540752410889, -1.4665460586547852] [0.1934790313243866, -0.07565709948539734, 0.11149752140045166, 0.9732226133346558, -0.19804945588111877, 0.48548567295074463] [0.2988811135292053, -0.06807743012905121, 0.27643969655036926]
[0.04145996272563934, -0.2362779676914215, 0.34357404708862305, 0.7578380107879639, 0.6979280710220337, 0.996399998664856, -1.4541900157928467, -1.4711480140686035] [0.19364047050476074, -0.07560949772596359, 0.1112847626209259, 0.9726969003677368, -0.19623273611068726, 0.48428764939308167] [0.2988811135292053, -0.06807743012905121, 0.27643969655036926]
[0.04145996272563934, -0.2362779676914215, 0.3451080322265625, 0.7486339807510376, 0.6979280710220337, 0.996399998664856, -1.460326075553894, -1.4772839546203613] [0.1940971463918686, -0.07528543472290039, 0.11085215955972672, 0.9765825271606445, -0.19348570704460144, 0.4809165298938751] [0.2988811135292053, -0.06807743012905121, 0.27643969655036926]
[0.04452796280384064, -0.22860796749591827, 0.34357404708862305, 0.7317599654197693, 0.6979280710220337, 0.996399998664856, -1.4618600606918335, -1.4772839546203613] [0.1950904279947281, -0.07635495066642761, 0.10878416150808334, 0.9818172454833984, -0.18144428730010986, 0.46706411242485046] [0.37870684266090393, -0.06650009751319885, 0.3671865165233612]
[0.05373196303844452, -0.22860796749591827, 0.34357404708862305, 0.7286919951438904, 0.6979280710220337, 0.996399998664856, -1.4618600606918335, -1.4772839546203613] [0.1952550858259201, -0.07679355144500732, 0.10783813893795013, 0.9841088056564331, -0.176863893866539, 0.4636753499507904] [0.37870684266090393, -0.06650009751319885, 0.3671865165233612]
[0.055265963077545166, -0.23014196753501892, 0.34357404708862305, 0.7286919951438904, 0.6963940858840942, 0.996399998664856, -1.4618600606918335, -1.4757499694824219] [0.19525009393692017, -0.07682954519987106, 0.10824506729841232, 0.9830742478370667, -0.17921584844589233, 0.4635055363178253] [0.3467155992984772, -0.06280826032161713, 0.3569699227809906]
[0.05373196303844452, -0.23014196753501892, 0.3451080322265625, 0.7302259802818298, 0.6963940858840942, 0.996399998664856, -1.4618600606918335, -1.4772839546203613] [0.195169135928154, -0.0766892209649086, 0.10799205303192139, 0.9835062623023987, -0.17827823758125305, 0.46487659215927124] [0.3467155992984772, -0.06280826032161713, 0.3569699227809906]
[0.055265963077545166, -0.23014196753501892, 0.34664204716682434, 0.7302259802818298, 0.6979280710220337, 0.996399998664856, -1.4618600606918335, -1.4772839546203613] [0.19516970217227936, -0.07680277526378632, 0.10848390311002731, 0.9882906675338745, -0.1822008639574051, 0.4636888802051544] [0.3467155992984772, -0.06280826032161713, 0.3569699227809906]
[0.055265963077545166, -0.23014196753501892, 0.3573800325393677, 0.7302259802818298, 0.6979280710220337, 0.996399998664856, -1.4618600606918335, -1.4772839546203613] [0.19516243040561676, -0.07688192278146744, 0.10886791348457336, 0.9934183359146118, -0.18513914942741394, 0.462785005569458] [0.3257733881473541, -0.06366200000047684, 0.3564184606075287]
[0.055265963077545166, -0.23014196753501892, 0.3558460474014282, 0.7302259802818298, 0.6979280710220337, 0.996399998664856, -1.4618600606918335, -1.4772839546203613] [0.19516243040561676, -0.07688192278146744, 0.10886791348457336, 0.9934183359146118, -0.18513914942741394, 0.462785005569458] [0.3257733881473541, -0.06366200000047684, 0.3564184606075287]
[0.05373196303844452, -0.23014196753501892, 0.3558460474014282, 0.7302259802818298, 0.6963940858840942, 0.996399998664856, -1.4618600606918335, -1.4772839546203613] [0.19516964256763458, -0.07688985764980316, 0.10885235667228699, 0.9918843507766724, -0.18513914942741394, 0.462785005569458] [0.3369593322277069, -0.06912299990653992, 0.3503324091434479]
[0.055265963077545166, -0.23014196753501892, 0.3558460474014282, 0.7302259802818298, 0.6963940858840942, 0.996399998664856, -1.4618600606918335, -1.4757499694824219] [0.19513708353042603, -0.07659169286489487, 0.10885415971279144, 0.9919614195823669, -0.1851770281791687, 0.46430253982543945] [0.3369593322277069, -0.06912299990653992, 0.3503324091434479]
[0.055265963077545166, -0.23014196753501892, 0.3558460474014282, 0.7302259802818298, 0.6963940858840942, 0.996399998664856, -1.4618600606918335, -1.4772839546203613] [0.19516964256763458, -0.07688985764980316, 0.10885235667228699, 0.9918843507766724, -0.18513914942741394, 0.462785005569458] [0.3369593322277069, -0.06912299990653992, 0.3503324091434479]
[0.055265963077545166, -0.23014196753501892, 0.3558460474014282, 0.7302259802818298, 0.6963940858840942, 0.996399998664856, -1.4618600606918335, -1.4772839546203613] [0.19515584409236908, -0.07688985764980316, 0.10915174335241318, 0.9911873936653137, -0.18651174008846283, 0.46291378140449524] [0.3859233558177948, -0.0759228840470314, 0.3772794008255005]
[0.055265963077545166, -0.23014196753501892, 0.3558460474014282, 0.7302259802818298, 0.6979280710220337, 0.996399998664856, -1.4618600606918335, -1.4757499694824219] [0.19516964256763458, -0.07688985764980316, 0.10885235667228699, 0.9918843507766724, -0.18513914942741394, 0.462785005569458] [0.3859233558177948, -0.0759228840470314, 0.3772794008255005]
[0.055265963077545166, -0.22860796749591827, 0.3558460474014282, 0.7302259802818298, 0.6963940858840942, 0.996399998664856, -1.4618600606918335, -1.4757499694824219] [0.19516243040561676, -0.07688192278146744, 0.10886791348457336, 0.9934183359146118, -0.18513914942741394, 0.462785005569458] [0.35114389657974243, -0.07215087115764618, 0.36189723014831543]
[0.05373196303844452, -0.23167596757411957, 0.3573800325393677, 0.734827995300293, 0.6979280710220337, 0.06480000168085098, -1.460326075553894, -1.4757499694824219] [0.19493144750595093, -0.07708823680877686, 0.10942942649126053, 0.9929323792457581, -0.18875718116760254, 0.4640567898750305] [0.9212634563446045, -0.19445548951625824, 0.5830941200256348]
[0.05219796299934387, -0.23320996761322021, 0.3573800325393677, 0.734827995300293, 0.6963940858840942, 0.030800003558397293, -1.460326075553894, -1.4757499694824219] [0.1948620229959488, -0.0772542804479599, 0.10975862294435501, 0.9903435111045837, -0.19053775072097778, 0.46416541934013367] [0.9212634563446045, -0.19445548951625824, 0.5830941200256348]
[0.050663962960243225, -0.23474396765232086, 0.3573800325393677, 0.7378959655761719, 0.6979280710220337, 0.030800003558397293, -1.4572581052780151, -1.4757499694824219] [0.1944865733385086, -0.07696399837732315, 0.11041838675737381, 0.9865311980247498, -0.19401946663856506, 0.4692053496837616] [1.0298947095870972, -0.22336673736572266, 0.6366069912910461]
[0.04759596288204193, -0.2362779676914215, 0.35431206226348877, 0.7517019510269165, 0.6979280710220337, 0.030800003558397293, -1.4541900157928467, -1.472681999206543] [0.19392447173595428, -0.07638880610466003, 0.11088317632675171, 0.9843537211418152, -0.19696849584579468, 0.4771222472190857] [1.0298947095870972, -0.22336673736572266, 0.6366069912910461]
[0.04759596288204193, -0.2362779676914215, 0.3558460474014282, 0.7547699809074402, 0.6979280710220337, 0.030800003558397293, -1.4495880603790283, -1.4711480140686035] [0.19363419711589813, -0.07600346207618713, 0.11114650219678879, 0.9846453070640564, -0.1992766410112381, 0.48132190108299255] [0.5392917990684509, -0.12112735211849213, 0.4261054992675781]
[0.04759596288204193, -0.23781196773052216, 0.3558460474014282, 0.7593719959259033, 0.6979280710220337, 0.030800003558397293, -1.4465200901031494, -1.4680800437927246] [0.19351844489574432, -0.0758957490324974, 0.1116151511669159, 0.9847959280014038, -0.20208029448986053, 0.48266395926475525] [0.5392917990684509, -0.12112735211849213, 0.4261054992675781]
[0.04452796280384064, -0.23781196773052216, 0.36965203285217285, 0.7578380107879639, 0.6979280710220337, 0.030800003558397293, -1.4465200901031494, -1.4680800437927246] [0.1933329701423645, -0.07617194950580597, 0.11418498307466507, 0.9976246953010559, -0.21973472833633423, 0.48056626319885254] [0.5392917990684509, -0.12112735211849213, 0.4261054992675781]
[0.035323962569236755, -0.23781196773052216, 0.41567206382751465, 0.7593719959259033, 0.6994620561599731, 0.030800003558397293, -1.440384030342102, -1.4634779691696167] [0.1930825412273407, -0.0774829313158989, 0.11984852701425552, 1.037724256515503, -0.2612830400466919, 0.4689508378505707] [0.8626647591590881, -0.18104447424411774, 0.5690615177154541]
[0.03225596249103546, -0.23781196773052216, 0.4570900499820709, 0.7609059810638428, 0.6979280710220337, 0.030800003558397293, -1.4327141046524048, -1.4588760137557983] [0.19267751276493073, -0.07826855033636093, 0.1240818202495575, 1.0604586601257324, -0.2904963493347168, 0.46311044692993164] [0.8626647591590881, -0.18104447424411774, 0.5690615177154541]
[0.013847962021827698, -0.23781196773052216, 0.48777005076408386, 0.7609059810638428, 0.6979280710220337, 0.030800003558397293, -1.4265780448913574, -1.4512059688568115] [0.19172103703022003, -0.07937253266572952, 0.13200044631958008, 1.0779370069503784, -0.33751973509788513, 0.4571872055530548] [0.8626647591590881, -0.18104447424411774, 0.5690615177154541]
[4.1961669921875e-05, -0.23781196773052216, 0.5261200666427612, 0.7793139815330505, 0.6994620561599731, 0.030800003558397293, -1.4097040891647339, -1.431264042854309] [0.18976521492004395, -0.07837514579296112, 0.1357479840517044, 1.0950298309326172, -0.3690108358860016, 0.47256237268447876] [0.6476281881332397, -0.1433744728565216, 0.5138727426528931]
[-0.001492038369178772, -0.23781196773052216, 0.552198052406311, 0.7961879968643188, 0.6994620561599731, 0.030800003558397293, -1.3882280588150024, -1.4082540273666382] [0.1885346919298172, -0.0784846618771553, 0.13950853049755096, 1.112101435661316, -0.3967418968677521, 0.4759945869445801] [0.6476281881332397, -0.1433744728565216, 0.5138727426528931]
[-0.010696038603782654, -0.23781196773052216, 0.582878053188324, 0.7961879968643188, 0.6994620561599731, 0.030800003558397293, -1.363684058189392, -1.3837100267410278] [0.18795627355575562, -0.07948265224695206, 0.1429820954799652, 1.1298391819000244, -0.42057761549949646, 0.4691969156265259] [0.6476281881332397, -0.1433744728565216, 0.5138727426528931]
[-0.013764038681983948, -0.23781196773052216, 0.6043540239334106, 0.7961879968643188, 0.6994620561599731, 0.030800003558397293, -1.3268680572509766, -1.3484280109405518] [0.1877249926328659, -0.08034294843673706, 0.14463205635547638, 1.147835373878479, -0.43446844816207886, 0.4620223343372345] [0.5913730263710022, -0.13092048466205597, 0.5738313794136047]
[-0.0122300386428833, -0.23781196773052216, 0.6166260242462158, 0.7961879968643188, 0.6979280710220337, 0.030800003558397293, -1.3023240566253662, -1.319282054901123] [0.18763339519500732, -0.080725759267807, 0.14531764388084412, 1.1540833711624146, -0.4403851330280304, 0.45884889364242554] [1.3734163045883179, -0.2951197624206543, 1.2318923473358154]
[-0.013764038681983948, -0.24087996780872345, 0.6396360397338867, 0.7961879968643188, 0.6994620561599731, 0.030800003558397293, -1.2639740705490112, -1.2763299942016602] [0.18713532388210297, -0.08240305632352829, 0.14805476367473602, 1.1851933002471924, -0.4635777473449707, 0.44609805941581726] [1.3734163045883179, -0.2951197624206543, 1.2318923473358154]
[-0.013764038681983948, -0.24701596796512604, 0.6657140254974365, 0.8590819835662842, 0.6994620561599731, 0.030800003558397293, -1.2455661296844482, -1.2686599493026733] [0.18164916336536407, -0.0789928138256073, 0.1518872082233429, 1.1613432168960571, -0.5046833157539368, 0.5073431134223938] [1.1136407852172852, -0.2356652468442917, 1.0470900535583496]
[-0.010696038603782654, -0.2654239535331726, 0.6733840703964233, 0.9710639715194702, 0.7009960412979126, 0.030800003558397293, -1.2501680850982666, -1.2732620239257812] [0.17315629124641418, -0.07497859746217728, 0.15693315863609314, 1.1156243085861206, -0.559307873249054, 0.5983560681343079] [1.1136407852172852, -0.2356652468442917, 1.0470900535583496]
[-0.010696038603782654, -0.2654239535331726, 0.7040640711784363, 0.9956079721450806, 0.7009960412979126, 0.030800003558397293, -1.2501680850982666, -1.2747960090637207] [0.1708163321018219, -0.0752900093793869, 0.1603243052959442, 1.1276912689208984, -0.5926775336265564, 0.6086059808731079] [1.1136407852172852, -0.2356652468442917, 1.0470900535583496]
[-0.0122300386428833, -0.2654239535331726, 0.7439480423927307, 1.0477639436721802, 0.7009960412979126, 0.030800003558397293, -1.2501680850982666, -1.2747960090637207] [0.16508357226848602, -0.07335603982210159, 0.1646968424320221, 1.1146045923233032, -0.6410994529724121, 0.661090075969696] [0.43884700536727905, -0.10151935368776321, 0.535362958908081]
[-0.009162038564682007, -0.2654239535331726, 0.7439480423927307, 1.1075899600982666, 0.7009960412979126, 0.030800003558397293, -1.2532360553741455, -1.279397964477539] [0.16072185337543488, -0.07032208144664764, 0.16548040509223938, 1.0828557014465332, -0.6571600437164307, 0.7174570560455322] [0.43884700536727905, -0.10151935368776321, 0.535362958908081]
[-0.004560038447380066, -0.26695796847343445, 0.725540041923523, 1.172018051147461, 0.7009960412979126, 0.030800003558397293, -1.2609061002731323, -1.2870680093765259] [0.1557043194770813, -0.06504524499177933, 0.16240890324115753, 1.0309895277023315, -0.6466661095619202, 0.7988874912261963] [0.3534708619117737, -0.07958437502384186, 0.511656641960144]
[0.03839196264743805, -0.26695796847343445, 0.7009960412979126, 1.2149699926376343, 0.7009960412979126, 0.030800003558397293, -1.2639740705490112, -1.2932039499282837] [0.15413661301136017, -0.06124443560838699, 0.15426041185855865, 1.0256528854370117, -0.608748197555542, 0.8377482295036316] [0.3534708619117737, -0.07958437502384186, 0.511656641960144]
[0.07674196362495422, -0.2776959538459778, 0.6779860258102417, 1.2717280387878418, 0.7009960412979126, 0.030800003558397293, -1.2685760259628296, -1.2962720394134521] [0.15075604617595673, -0.05990814045071602, 0.14948879182338715, 1.0040756464004517, -0.5900259613990784, 0.8786061406135559] [0.3161294460296631, -0.050777368247509, 0.4620617628097534]
[0.08747996389865875, -0.3083759546279907, 0.6749180555343628, 1.3208160400390625, 0.7009960412979126, 0.030800003558397293, -1.2701101303100586, -1.299340009689331] [0.14769592881202698, -0.06251862645149231, 0.15026402473449707, 0.9761810898780823, -0.6005631685256958, 0.8961139917373657] [0.3161294460296631, -0.050777368247509, 0.4620617628097534]
[0.08747996389865875, -0.33905595541000366, 0.6764520406723022, 1.3499619960784912, 0.7009960412979126, 0.030800003558397293, -1.2701101303100586, -1.299340009689331] [0.14647822082042694, -0.06536530703306198, 0.1506163775920868, 0.9601037502288818, -0.6043498516082764, 0.8947853446006775] [0.3161294460296631, -0.050777368247509, 0.4620617628097534]
[0.08747996389865875, -0.36820197105407715, 0.6902580261230469, 1.3837100267410278, 0.7009960412979126, 0.030800003558397293, -1.271644115447998, -1.3008739948272705] [0.14319346845149994, -0.07154484838247299, 0.1536664366722107, 0.9293696880340576, -0.6316620111465454, 0.8931403160095215] [0.3986498713493347, -0.04990673065185547, 0.4536185562610626]
[0.08441196382045746, -0.41728997230529785, 0.6979280710220337, 1.418992042541504, 0.7009960412979126, 0.030800003558397293, -1.271644115447998, -1.3008739948272705] [0.14069177210330963, -0.0727592185139656, 0.1540137678384781, 0.908012330532074, -0.6375091075897217, 0.9099354147911072] [0.3986498713493347, -0.04990673065185547, 0.4536185562610626]
[0.0859459638595581, -0.4188239574432373, 0.6887240409851074, 1.4404679536819458, 0.7009960412979126, 0.030800003558397293, -1.271644115447998, -1.3008739948272705] [0.13887326419353485, -0.07067736983299255, 0.15195290744304657, 0.8941975831985474, -0.6243554353713989, 0.9386205077171326] [0.33773288130760193, -0.08908148854970932, 0.4381755590438843]
[0.10588795691728592, -0.4188239574432373, 0.6795200705528259, 1.4650119543075562, 0.7009960412979126, 0.030800003558397293, -1.2762460708618164, -1.3054759502410889] [0.1390589326620102, -0.0696423351764679, 0.14703622460365295, 0.9157488346099854, -0.6030465364456177, 0.9389476776123047] [0.33773288130760193, -0.08908148854970932, 0.4381755590438843]
[0.13196596503257751, -0.4188239574432373, 0.6779860258102417, 1.4634779691696167, 0.6994620561599731, 0.030800003558397293, -1.2869840860366821, -1.3162139654159546] [0.1394658088684082, -0.06973230093717575, 0.14590346813201904, 0.9251256585121155, -0.5990787744522095, 0.9334625601768494] [0.399137943983078, -0.10144797712564468, 0.4628109633922577]
[0.1350339651107788, -0.42035797238349915, 0.6779860258102417, 1.4634779691696167, 0.7009960412979126, 0.030800003558397293, -1.3053920269012451, -1.3330880403518677] [0.13976407051086426, -0.0696423351764679, 0.14489759504795074, 0.9306851029396057, -0.5939339399337769, 0.9305324554443359] [0.4119226038455963, -0.09952788800001144, 0.4341007471084595]
[0.1611119657754898, -0.4188239574432373, 0.6641800403594971, 1.4634779691696167, 0.7009960412979126, 0.030800003558397293, -1.309994101524353, -1.3392239809036255] [0.14166216552257538, -0.06849151104688644, 0.13711117208003998, 0.9647326469421387, -0.5496976971626282, 0.9150387644767761] [0.4119226038455963, -0.09952788800001144, 0.4341007471084595]
[0.19946196675300598, -0.4188239574432373, 0.6442380547523499, 1.4650119543075562, 0.7009960412979126, 0.030800003558397293, -1.313062071800232, -1.3392239809036255] [0.14287038147449493, -0.06745129823684692, 0.13116389513015747, 0.9856297969818115, -0.513264536857605, 0.9067283272743225] [0.4119226038455963, -0.09952788800001144, 0.4341007471084595]
[0.22860796749591827, -0.42035797238349915, 0.6196940541267395, 1.4650119543075562, 0.7009960412979126, 0.030800003558397293, -1.313062071800232, -1.3392239809036255] [0.14380450546741486, -0.0664181038737297, 0.123752661049366, 1.0117467641830444, -0.4702150821685791, 0.8986381888389587] [0.4301350712776184, -0.1050078272819519, 0.44732993841171265]
[0.251617968082428, -0.42035797238349915, 0.6135580539703369, 1.4650119543075562, 0.7009960412979126, 0.030800003558397293, -1.313062071800232, -1.340757966041565] [0.14390745759010315, -0.06625553965568542, 0.12278000265359879, 1.0149818658828735, -0.46444493532180786, 0.8978717923164368] [0.4301350712776184, -0.1050078272819519, 0.44732993841171265]
[0.251617968082428, -0.4280279874801636, 0.6120240688323975, 1.4650119543075562, 0.7009960412979126, 0.030800003558397293, -1.313062071800232, -1.340757966041565] [0.14478690922260284, -0.06876774877309799, 0.12032020092010498, 1.0225235223770142, -0.44887277483940125, 0.8759791254997253] [0.5756726264953613, -0.11412761360406876, 0.4231625199317932]
[0.2792299687862396, -0.44336795806884766, 0.610490083694458, 1.4650119543075562, 0.7009960412979126, 0.030800003558397293, -1.313062071800232, -1.340757966041565] [0.14532731473445892, -0.06918016821146011, 0.11673533916473389, 1.042668342590332, -0.43240654468536377, 0.8644357919692993] [0.5756726264953613, -0.11412761360406876, 0.4231625199317932]
[0.3083759546279907, -0.44643598794937134, 0.610490083694458, 1.4650119543075562, 0.7009960412979126, 0.030800003558397293, -1.313062071800232, -1.340757966041565] [0.14625315368175507, -0.07050023972988129, 0.1110139787197113, 1.0729137659072876, -0.40454214811325073, 0.8420602083206177] [0.5756726264953613, -0.11412761360406876, 0.4231625199317932]
[0.3467259705066681, -0.46024197340011597, 0.610490083694458, 1.4650119543075562, 0.7009960412979126, 0.030800003558397293, -1.313062071800232, -1.340757966041565] [0.14679759740829468, -0.07215764373540878, 0.10708308219909668, 1.0908162593841553, -0.3839575946331024, 0.8236181735992432] [0.6939712166786194, -0.1406230479478836, 0.4441620409488678]
[0.3758719563484192, -0.4847859740257263, 0.6089560389518738, 1.4634779691696167, 0.6994620561599731, 0.030800003558397293, -1.313062071800232, -1.340757966041565] [0.14754696190357208, -0.07582288235425949, 0.10171934217214584, 1.1091392040252686, -0.35198819637298584, 0.7917852997779846] [0.6939712166786194, -0.1406230479478836, 0.4441620409488678]
[0.40041595697402954, -0.5001260042190552, 0.6089560389518738, 1.4634779691696167, 0.6994620561599731, 0.030800003558397293, -1.313062071800232, -1.340757966041565] [0.14774823188781738, -0.0770767405629158, 0.09936194866895676, 1.1164748668670654, -0.338637113571167, 0.7802901864051819] [1.1173704862594604, -0.25441718101501465, 0.5301544070243835]
[0.4034839868545532, -0.5016599893569946, 0.6089560389518738, 1.4634779691696167, 0.6994620561599731, 0.030800003558397293, -1.313062071800232, -1.340757966041565] [0.1477372795343399, -0.07707482576370239, 0.09915134310722351, 1.119152545928955, -0.337546706199646, 0.7799108624458313] [1.1173704862594604, -0.25441718101501465, 0.5301544070243835]
[0.4050179719924927, -0.5016599893569946, 0.6089560389518738, 1.4634779691696167, 0.6994620561599731, 0.030800003558397293, -1.313062071800232, -1.340757966041565] [0.14774708449840546, -0.0770767405629158, 0.09913531690835953, 1.1176185607910156, -0.337546706199646, 0.7799108624458313] [1.1173704862594604, -0.25441718101501465, 0.5301544070243835]
[0.4050179719924927, -0.5016599893569946, 0.6089560389518738, 1.4634779691696167, 0.6994620561599731, 0.030800003558397293, -1.313062071800232, -1.340757966041565] [0.14774708449840546, -0.0770767405629158, 0.09913531690835953, 1.1176185607910156, -0.337546706199646, 0.7799108624458313] [1.0226712226867676, -0.27671360969543457, 0.43473660945892334]
[0.4050179719924927, -0.5016599893569946, 0.6089560389518738, 1.4634779691696167, 0.6994620561599731, 0.030800003558397293, -1.3145960569381714, -1.3422919511795044] [0.14774708449840546, -0.0770767405629158, 0.09913531690835953, 1.1176185607910156, -0.337546706199646, 0.7799108624458313] [1.0226712226867676, -0.27671360969543457, 0.43473660945892334]
[0.40808597207069397, -0.5016599893569946, 0.610490083694458, 1.4634779691696167, 0.6994620561599731, 0.030800003558397293, -1.3207321166992188, -1.3484280109405518] [0.14791297912597656, -0.07745194435119629, 0.09740060567855835, 1.1271253824234009, -0.32912546396255493, 0.7735348343849182] [1.1300841569900513, -0.3097606897354126, 0.4727775454521179]
[0.429561972618103, -0.5031939744949341, 0.610490083694458, 1.4619439840316772, 0.6994620561599731, 0.030800003558397293, -1.3299360275268555, -1.357632040977478] [0.14789845049381256, -0.07766100019216537, 0.0955725908279419, 1.1356756687164307, -0.3198883831501007, 0.7694100737571716] [1.1300841569900513, -0.3097606897354126, 0.4727775454521179]
[0.4310959577560425, -0.5077959895133972, 0.610490083694458, 1.4619439840316772, 0.6994620561599731, 0.030800003558397293, -1.3376060724258423, -1.3653019666671753] [0.14797522127628326, -0.0782885029911995, 0.09530721604824066, 1.1353421211242676, -0.31745150685310364, 0.7653321027755737] [1.1300841569900513, -0.3097606897354126, 0.4727775454521179]
[0.4310959577560425, -0.5246700048446655, 0.610490083694458, 1.4619439840316772, 0.6994620561599731, 0.030800003558397293, -1.3468101024627686, -1.376039981842041] [0.14842240512371063, -0.0820617526769638, 0.09510154277086258, 1.1265019178390503, -0.30955183506011963, 0.7429723739624023] [0.6074103713035583, -0.17053768038749695, 0.3281862437725067]
[0.4310959577560425, -0.5461459755897522, 0.610490083694458, 1.4588760137557983, 0.6979280710220337, 0.030800003558397293, -1.3498780727386475, -1.37910795211792] [0.14882199466228485, -0.0835164338350296, 0.09489677101373672, 1.1228693723678589, -0.3056970238685608, 0.7325832843780518] [0.6074103713035583, -0.17053768038749695, 0.3281862437725067]
[0.4310959577560425, -0.5461459755897522, 0.6074220538139343, 1.4588760137557983, 0.6994620561599731, 0.030800003558397293, -1.3498780727386475, -1.3775739669799805] [0.14844846725463867, -0.08282338827848434, 0.09233882278203964, 1.1259911060333252, -0.2884000539779663, 0.7374310493469238] [0.5665276050567627, -0.16639728844165802, 0.3110031485557556]
[0.44643598794937134, -0.5446119904518127, 0.5874800682067871, 1.4604099988937378, 0.6979280710220337, 0.030800003558397293, -1.3498780727386475, -1.37910795211792] [0.1481020152568817, -0.08223611116409302, 0.08905065804719925, 1.1343858242034912, -0.2671136260032654, 0.7400850057601929] [0.5665276050567627, -0.16639728844165802, 0.3110031485557556]
[0.467911958694458, -0.5461459755897522, 0.5721400380134583, 1.4634779691696167, 0.6979280710220337, 0.030800003558397293, -1.3498780727386475, -1.37910795211792] [0.14738287031650543, -0.08136067539453506, 0.08442618697881699, 1.1427340507507324, -0.23790065944194794, 0.7454147338867188] [0.5665276050567627, -0.16639728844165802, 0.3110031485557556]
[0.4740479588508606, -0.5461459755897522, 0.5568000674247742, 1.4849539995193481, 0.6979280710220337, 0.030800003558397293, -1.348344087600708, -1.37910795211792] [0.14473938941955566, -0.07904619723558426, 0.08425693958997726, 1.1339561939239502, -0.23723919689655304, 0.7771420478820801] [0.5513601303100586, -0.17205055058002472, 0.3102532923221588]
[0.4740479588508606, -0.5461459755897522, 0.5598680377006531, 1.5187020301818848, 0.6979280710220337, 0.030800003558397293, -1.348344087600708, -1.3775739669799805] [0.14234082400798798, -0.07771936058998108, 0.08717460930347443, 1.1279914379119873, -0.26198357343673706, 0.8018128871917725] [0.5513601303100586, -0.17205055058002472, 0.3102532923221588]
[0.4617759585380554, -0.5538159608840942, 0.582878053188324, 1.5217700004577637, 0.6979280710220337, 0.030800003558397293, -1.3468101024627686, -1.3745059967041016] [0.14236140251159668, -0.07928507775068283, 0.09137152135372162, 1.1163426637649536, -0.2907876968383789, 0.7962361574172974] [0.5513601303100586, -0.17205055058002472, 0.3102532923221588]
[0.46024197340011597, -0.5538159608840942, 0.5890140533447266, 1.5861979722976685, 0.6979280710220337, 0.030800003558397293, -1.3437421321868896, -1.372972011566162] [0.14088322222232819, -0.0784032866358757, 0.09200932830572128, 1.1131056547164917, -0.29788997769355774, 0.8112192749977112] [0.6111018657684326, -0.18211804330348969, 0.27056461572647095]
[0.46330997347831726, -0.5538159608840942, 0.5767420530319214, 1.6092079877853394, 0.6979280710220337, 0.030800003558397293, -1.3437421321868896, -1.372972011566162] [0.14054904878139496, -0.07769030332565308, 0.08978752046823502, 1.1143512725830078, -0.28070196509361267, 0.8166860342025757] [0.6111018657684326, -0.18211804330348969, 0.27056461572647095]
[0.4648439884185791, -0.5522819757461548, 0.552198052406311, 1.6107419729232788, 0.6979280710220337, 0.030800003558397293, -1.3437421321868896, -1.372972011566162] [0.13918989896774292, -0.07496412098407745, 0.08334749191999435, 1.1095752716064453, -0.22578704357147217, 0.8415628671646118] [0.5069753527641296, -0.15276525914669037, 0.2754971385002136]
[0.467911958694458, -0.5522819757461548, 0.4923720359802246, 1.6107419729232788, 0.6979280710220337, 0.030800003558397293, -1.345276117324829, -1.372972011566162] [0.13808926939964294, -0.07335081696510315, 0.07881733030080795, 1.1062144041061401, -0.18680071830749512, 0.8581808805465698] [0.5069753527641296, -0.15276525914669037, 0.2754971385002136]
[0.4709799885749817, -0.5522819757461548, 0.43254604935646057, 1.6092079877853394, 0.6979280710220337, 0.030800003558397293, -1.3437421321868896, -1.372972011566162] [0.13638854026794434, -0.07144009321928024, 0.07260766625404358, 1.1036052703857422, -0.1341220885515213, 0.8799360394477844] [0.5069753527641296, -0.15276525914669037, 0.2754971385002136]
[0.47251397371292114, -0.5522819757461548, 0.3880600333213806, 1.6076740026474, 0.6963940858840942, 0.030800003558397293, -1.3468101024627686, -1.376039981842041] [0.13534706830978394, -0.07045846432447433, 0.06920359283685684, 1.0997083187103271, -0.10451749712228775, 0.8927000164985657] [0.605536699295044, -0.1621035933494568, 0.23553335666656494]
[0.47251397371292114, -0.5522819757461548, 0.38345804810523987, 1.6061400175094604, 0.6917920708656311, 0.030800003558397293, -1.3468101024627686, -1.3745059967041016] [0.13526685535907745, -0.07038183510303497, 0.06883053481578827, 1.094901442527771, -0.10169651359319687, 0.8939098119735718] [0.605536699295044, -0.1621035933494568, 0.23553335666656494]
[0.47251397371292114, -0.5522819757461548, 0.38345804810523987, 1.6061400175094604, 0.6917920708656311, 0.030800003558397293, -1.345276117324829, -1.3745059967041016] [0.13530443608760834, -0.0705883800983429, 0.0688113272190094, 1.0944615602493286, -0.10115259140729904, 0.8925884366035461] [3.1236977577209473, -0.8235818147659302, 0.041657958179712296]
[0.47251397371292114, -0.5522819757461548, 0.38345804810523987, 1.604606032371521, 0.6917920708656311, 0.030800003558397293, -1.345276117324829, -1.3745059967041016] [0.13526685535907745, -0.07038183510303497, 0.06883053481578827, 1.094901442527771, -0.10169651359319687, 0.8939098119735718] [3.1236977577209473, -0.8235818147659302, 0.041657958179712296]
[0.4740479588508606, -0.5522819757461548, 0.38345804810523987, 1.604606032371521, 0.6917920708656311, 0.030800003558397293, -1.345276117324829, -1.3745059967041016] [0.13521888852119446, -0.07038183510303497, 0.06862306594848633, 1.096103310585022, -0.10073559731245041, 0.8937883377075195] [3.1236977577209473, -0.8235818147659302, 0.041657958179712296]
[0.4740479588508606, -0.5522819757461548, 0.38345804810523987, 1.6030720472335815, 0.6917920708656311, 0.030800003558397293, -1.345276117324829, -1.3745059967041016] [0.13521888852119446, -0.07038183510303497, 0.06862306594848633, 1.096103310585022, -0.10073559731245041, 0.8937883377075195] [1.0477113723754883, -0.2609187364578247, 0.11640089750289917]
[0.4740479588508606, -0.5522819757461548, 0.38345804810523987, 1.6030720472335815, 0.6917920708656311, 0.030800003558397293, -1.345276117324829, -1.3745059967041016] [0.13521888852119446, -0.07038183510303497, 0.06862306594848633, 1.096103310585022, -0.10073559731245041, 0.8937883377075195] [1.0477113723754883, -0.2609187364578247, 0.11640089750289917]
[0.4740479588508606, -0.5522819757461548, 0.38345804810523987, 1.6030720472335815, 0.6902580261230469, 0.030800003558397293, -1.345276117324829, -1.3745059967041016] [0.13522668182849884, -0.07038593292236328, 0.06860636174678802, 1.0945693254470825, -0.10073559731245041, 0.8937883377075195] [0.7042554616928101, -0.17838747799396515, 0.14556504786014557]
[0.47558197379112244, -0.5522819757461548, 0.3849920630455017, 1.6030720472335815, 0.6917920708656311, 0.030800003558397293, -1.345276117324829, -1.3745059967041016] [0.1351705938577652, -0.07038183510303497, 0.06841567903757095, 1.0973050594329834, -0.09977451711893082, 0.8936680555343628] [0.7042554616928101, -0.17838747799396515, 0.14556504786014557]
[0.4740479588508606, -0.5507479906082153, 0.3849920630455017, 1.6030720472335815, 0.6917920708656311, 0.030800003558397293, -1.345276117324829, -1.3745059967041016] [0.1351705938577652, -0.07038183510303497, 0.06841567903757095, 1.0973050594329834, -0.09977451711893082, 0.8936680555343628] [0.7304463386535645, -0.183491051197052, 0.1494922637939453]
[0.4740479588508606, -0.5522819757461548, 0.3849920630455017, 1.6030720472335815, 0.6917920708656311, 0.030800003558397293, -1.345276117324829, -1.3745059967041016] [0.13522297143936157, -0.0704260990023613, 0.06857698410749435, 1.0974061489105225, -0.10118360817432404, 0.893060028553009] [0.7304463386535645, -0.183491051197052, 0.1494922637939453]
[0.4587079882621765, -0.5507479906082153, 0.39879804849624634, 1.6030720472335815, 0.6902580261230469, 0.9968000054359436, -1.3422080278396606, -1.3699040412902832] [0.13613632321357727, -0.07062822580337524, 0.0723404809832573, 1.0855987071990967, -0.12503252923488617, 0.890466570854187] [0.30079951882362366, -0.05677367001771927, 0.18812265992164612]
[0.4587079882621765, -0.5507479906082153, 0.39879804849624634, 1.604606032371521, 0.6917920708656311, 0.9968000054359436, -1.3345381021499634, -1.3622339963912964] [0.13617859780788422, -0.07062822580337524, 0.07254935055971146, 1.0843966007232666, -0.1259974241256714, 0.8906170129776001] [0.29400792717933655, -0.056120093911886215, 0.18787702918052673]
[0.4587079882621765, -0.5507479906082153, 0.39879804849624634, 1.6061400175094604, 0.6917920708656311, 0.9968000054359436, -1.328402042388916, -1.357632040977478] [0.13622650504112244, -0.07067470997571945, 0.07271141558885574, 1.0845115184783936, -0.12741418182849884, 0.8900254964828491] [0.29400792717933655, -0.056120093911886215, 0.18787702918052673]
[0.4587079882621765, -0.5507479906082153, 0.4003320336341858, 1.604606032371521, 0.6917920708656311, 0.9968000054359436, -1.328402042388916, -1.356097936630249] [0.13614675402641296, -0.07046875357627869, 0.07252109795808792, 1.086143970489502, -0.1269766241312027, 0.8911943435668945] [0.33026057481765747, -0.05958084762096405, 0.18244312703609467]
[0.4571739733219147, -0.5507479906082153, 0.4003320336341858, 1.604606032371521, 0.6917920708656311, 0.9968000054359436, -1.3299360275268555, -1.356097936630249] [0.13622650504112244, -0.07067470997571945, 0.07271141558885574, 1.0845115184783936, -0.12741418182849884, 0.8900254964828491] [0.33026057481765747, -0.05958084762096405, 0.18244312703609467]
[0.4587079882621765, -0.5507479906082153, 0.4003320336341858, 1.6061400175094604, 0.6917920708656311, 0.9968000054359436, -1.328402042388916, -1.357632040977478] [0.1361844837665558, -0.07067470997571945, 0.07250247150659561, 1.0857131481170654, -0.1264485865831375, 0.8898733854293823] [0.33026057481765747, -0.05958084762096405, 0.18244312703609467]
[0.4587079882621765, -0.5507479906082153, 0.4003320336341858, 1.604606032371521, 0.6917920708656311, 0.9968000054359436, -1.328402042388916, -1.356097936630249] [0.13614214956760406, -0.07067470997571945, 0.07229360193014145, 1.0869145393371582, -0.12548285722732544, 0.8897224068641663] [0.2897815406322479, -0.05580826848745346, 0.1821187138557434]
[0.46024197340011597, -0.5507479906082153, 0.4003320336341858, 1.6061400175094604, 0.6917920708656311, 0.9968000054359436, -1.328402042388916, -1.357632040977478] [0.13614214956760406, -0.07067470997571945, 0.07229360193014145, 1.0869145393371582, -0.12548285722732544, 0.8897224068641663] [0.2897815406322479, -0.05580826848745346, 0.1821187138557434]
[0.46024197340011597, -0.5492140054702759, 0.4003320336341858, 1.6061400175094604, 0.6917920708656311, 0.9968000054359436, -1.3222661018371582, -1.3484280109405518] [0.13591444492340088, -0.06923438608646393, 0.07263581454753876, 1.0887138843536377, -0.1301567107439041, 0.8991174101829529] [0.29250144958496094, -0.055690716952085495, 0.18265114724636078]
[0.4449019730091095, -0.5169999599456787, 0.4049340486526489, 1.6061400175094604, 0.6917920708656311, 0.9968000054359436, -1.3115280866622925, -1.337689995765686] [0.1367056518793106, -0.0667508915066719, 0.08006446808576584, 1.0611249208450317, -0.17511528730392456, 0.9182884693145752] [0.29250144958496094, -0.055690716952085495, 0.18265114724636078]
[0.37740597128868103, -0.5185339450836182, 0.4432840347290039, 1.604606032371521, 0.6917920708656311, 0.9968000054359436, -1.313062071800232, -1.3392239809036255] [0.13836847245693207, -0.06805124878883362, 0.0919676274061203, 1.0188688039779663, -0.24571338295936584, 0.914528489112854] [0.29250144958496094, -0.055690716952085495, 0.18265114724636078]
[0.3206479549407959, -0.5246700048446655, 0.4662940502166748, 1.604606032371521, 0.6917920708656311, 0.9968000054359436, -1.313062071800232, -1.340757966041565] [0.13923321664333344, -0.070841945707798, 0.10176652669906616, 0.9680206179618835, -0.2927197515964508, 0.9077944159507751] [0.2889260947704315, -0.05392243713140488, 0.18204160034656525]
[0.2776959538459778, -0.5461459755897522, 0.4754980504512787, 1.604606032371521, 0.6917920708656311, 0.9968000054359436, -1.3145960569381714, -1.340757966041565] [0.1394859105348587, -0.07327446341514587, 0.10933581739664078, 0.9364842772483826, -0.33451470732688904, 0.9006415605545044] [0.2889260947704315, -0.05392243713140488, 0.18204160034656525]
[0.2362779676914215, -0.5507479906082153, 0.5353240370750427, 1.6030720472335815, 0.6933260560035706, 0.9968000054359436, -1.3145960569381714, -1.3422919511795044] [0.1385241001844406, -0.07747658342123032, 0.12549710273742676, 0.8915965557098389, -0.44145601987838745, 0.894658088684082] [0.31498274207115173, -0.06156635656952858, 0.18100030720233917]
[0.17491796612739563, -0.5752919912338257, 0.5997520685195923, 1.5984699726104736, 0.6917920708656311, 0.9968000054359436, -1.3222661018371582, -1.3514959812164307] [0.13772785663604736, -0.08482696861028671, 0.13473287224769592, 0.8724676370620728, -0.507104754447937, 0.8593212962150574] [0.31498274207115173, -0.06156635656952858, 0.18100030720233917]
[0.17491796612739563, -0.630515992641449, 0.648840069770813, 1.5769939422607422, 0.6917920708656311, 0.9968000054359436, -1.345276117324829, -1.37910795211792] [0.1374867707490921, -0.09582041949033737, 0.13915720582008362, 0.8738841414451599, -0.5453144907951355, 0.7865010499954224] [0.31498274207115173, -0.06156635656952858, 0.18100030720233917]
[0.18258796632289886, -0.696478009223938, 0.6703160405158997, 1.546314001083374, 0.6933260560035706, 0.9968000054359436, -1.3744220733642578, -1.4021179676055908] [0.13904061913490295, -0.10422618687152863, 0.13794559240341187, 0.8834089040756226, -0.5323218107223511, 0.7138630747795105] [0.2809047996997833, -0.05609578639268875, 0.18236644566059113]
[0.1933259665966034, -0.7440319657325745, 0.6718500852584839, 1.4772839546203613, 0.6933260560035706, 0.9968000054359436, -1.405102014541626, -1.4389339685440063] [0.14402499794960022, -0.11627516150474548, 0.13627707958221436, 0.9159365296363831, -0.5093839168548584, 0.5902622938156128] [0.2809047996997833, -0.05609578639268875, 0.18236644566059113]
[0.19485996663570404, -0.8299359679222107, 0.6718500852584839, 1.392914056777954, 0.6933260560035706, 0.9968000054359436, -1.4434521198272705, -1.4803520441055298] [0.14826345443725586, -0.13975335657596588, 0.13432621955871582, 0.9513373970985413, -0.4723004996776581, 0.3819209337234497] [0.27633869647979736, -0.06059820577502251, 0.1834346055984497]
[0.19792796671390533, -0.8820919990539551, 0.6718500852584839, 1.152076005935669, 0.6933260560035706, 0.9968000054359436, -1.4495880603790283, -1.4864879846572876] [0.16071683168411255, -0.16993649303913116, 0.12600789964199066, 1.075339674949646, -0.38105806708335876, 0.07305971533060074] [0.27633869647979736, -0.06059820577502251, 0.1834346055984497]
[0.20099596679210663, -0.8805580139160156, 0.6703160405158997, 0.8836259841918945, 0.6933260560035706, 0.996399998664856, -1.4495880603790283, -1.488021969795227] [0.16517557203769684, -0.1905374377965927, 0.11565974354743958, 1.1348131895065308, -0.2862158417701721, -0.11879988014698029] [0.27633869647979736, -0.06059820577502251, 0.1834346055984497]
[0.23320996761322021, -0.8774899840354919, 0.6580440402030945, 0.8713539838790894, 0.6933260560035706, 0.9968000054359436, -1.4511220455169678, -1.4895559549331665] [0.1663614809513092, -0.18951793015003204, 0.10511045902967453, 1.122361421585083, -0.22179415822029114, -0.1098092719912529] [0.24691930413246155, -0.05923577398061752, 0.1812593638896942]
[0.2976379692554474, -0.8744219541549683, 0.6580440402030945, 0.8713539838790894, 0.6933260560035706, 0.9968000054359436, -1.4526560306549072, -1.4895559549331665] [0.16643796861171722, -0.18947003781795502, 0.09731929004192352, 1.116167664527893, -0.17497852444648743, -0.10830734670162201] [0.24691930413246155, -0.05923577398061752, 0.1812593638896942]
[0.32524996995925903, -0.8759559988975525, 0.656510055065155, 0.8713539838790894, 0.6933260560035706, 0.9968000054359436, -1.4526560306549072, -1.4895559549331665] [0.16646836698055267, -0.18844348192214966, 0.0865253210067749, 1.1105437278747559, -0.11114144325256348, -0.10139351338148117] [0.24850428104400635, -0.0611172579228878, 0.18236544728279114]
[0.40041595697402954, -0.8667519688606262, 0.6549760699272156, 0.8698199987411499, 0.6933260560035706, 0.9968000054359436, -1.4511220455169678, -1.4895559549331665] [0.16605186462402344, -0.18795283138751984, 0.07978659868240356, 1.1077336072921753, -0.07133814692497253, -0.09830603003501892] [0.24850428104400635, -0.0611172579228878, 0.18236544728279114]
[0.4188239574432373, -0.8667519688606262, 0.6549760699272156, 0.8713539838790894, 0.6933260560035706, 0.9968000054359436, -1.4526560306549072, -1.4895559549331665] [0.1659887582063675, -0.18794432282447815, 0.0792941227555275, 1.1089656352996826, -0.06828499585390091, -0.09828497469425201] [0.24403835833072662, -0.06078745424747467, 0.18284454941749573]
[0.4188239574432373, -0.8667519688606262, 0.6549760699272156, 0.8698199987411499, 0.6933260560035706, 0.9968000054359436, -1.4526560306549072, -1.4895559549331665] [0.16598908603191376, -0.18795283138751984, 0.07927726209163666, 1.1074317693710327, -0.06828499585390091, -0.09828497469425201] [0.24403835833072662, -0.06078745424747467, 0.18284454941749573]
[0.42035797238349915, -0.8560140132904053, 0.6549760699272156, 0.8713539838790894, 0.6933260560035706, 0.9968000054359436, -1.4526560306549072, -1.4895559549331665] [0.1672319769859314, -0.18547847867012024, 0.0787406712770462, 1.1151924133300781, -0.06771503388881683, -0.08469392359256744] [0.24403835833072662, -0.06078745424747467, 0.18284454941749573]
[0.4188239574432373, -0.8514119982719421, 0.6549760699272156, 0.8713539838790894, 0.6933260560035706, 0.9968000054359436, -1.4526560306549072, -1.4895559549331665] [0.1672343909740448, -0.18543782830238342, 0.078590527176857, 1.1126387119293213, -0.0666431188583374, -0.08421437442302704] [0.23768950998783112, -0.0618928000330925, 0.18389125168323517]
[0.4188239574432373, -0.8529459834098816, 0.6549760699272156, 0.8713539838790894, 0.6933260560035706, 0.9968000054359436, -1.4541900157928467, -1.4895559549331665] [0.16719916462898254, -0.18547847867012024, 0.07848416268825531, 1.1150623559951782, -0.06618651002645493, -0.08468522131443024] [0.23768950998783112, -0.0618928000330925, 0.18389125168323517]
[0.4188239574432373, -0.8514119982719421, 0.6549760699272156, 0.8713539838790894, 0.69486004114151, 0.9968000054359436, -1.4541900157928467, -1.4895559549331665] [0.1672319769859314, -0.18547847867012024, 0.0787406712770462, 1.1151924133300781, -0.06771503388881683, -0.08469392359256744] [0.23768950998783112, -0.0618928000330925, 0.18389125168323517]
[0.4188239574432373, -0.8514119982719421, 0.6549760699272156, 0.8713539838790894, 0.69486004114151, 0.9968000054359436, -1.4526560306549072, -1.4895559549331665] [0.1672319769859314, -0.18547847867012024, 0.0787406712770462, 1.1151924133300781, -0.06771503388881683, -0.08469392359256744] [0.23768950998783112, -0.0618928000330925, 0.18389125168323517]
[0.4188239574432373, -0.8514119982719421, 0.6549760699272156, 0.8713539838790894, 0.6933260560035706, 0.9968000054359436, -1.4526560306549072, -1.4895559549331665] [0.1672319769859314, -0.18547847867012024, 0.0787406712770462, 1.1151924133300781, -0.06771503388881683, -0.08469392359256744] [0.23768950998783112, -0.0618928000330925, 0.18389125168323517]
[0.4188239574432373, -0.8529459834098816, 0.6549760699272156, 0.8713539838790894, 0.69486004114151, 0.9968000054359436, -1.4526560306549072, -1.4895559549331665] [0.16719916462898254, -0.18547847867012024, 0.07848416268825531, 1.1150623559951782, -0.06618651002645493, -0.08468522131443024] [0.23249226808547974, -0.06193163990974426, 0.18266497552394867]
