[0.35615182119411426, -0.05914283826292216, 0.2990306946602497] [-0.09271328151226044, -0.22391250729560852, 0.33038944005966187, 2.086240530014038, 0.13973039388656616, -0.5220746397972107] [0.3007059693336487, -0.8882279992103577, 0.49697405099868774, 0.4418339729309082, 1.8100781440734863, 0.9971999526023865, -1.3023240566253662, -1.2962720394134521]
[0.35615182119411426, -0.05914283826292216, 0.2990306946602497] [-0.0921928882598877, -0.22384607791900635, 0.3299059569835663, 2.0873777866363525, 0.14161933958530426, -0.5209866166114807] [0.3007059693336487, -0.8882279992103577, 0.49697405099868774, 0.4418339729309082, 1.8100781440734863, 0.9975999593734741, -1.3038580417633057, -1.2962720394134521]
[0.35615182119411426, -0.05914283826292216, 0.2990306946602497] [-0.09216725826263428, -0.22411216795444489, 0.32969677448272705, 2.0862367153167725, 0.1427343785762787, -0.5225846767425537] [0.3007059693336487, -0.8882279992103577, 0.49697405099868774, 0.4418339729309082, 1.8100781440734863, 0.9975999593734741, -1.3038580417633057, -1.2962720394134521]
[0.35615182119411426, -0.05914283826292216, 0.2990306946602497] [-0.0919327661395073, -0.22413435578346252, 0.3294808268547058, 2.085662364959717, 0.14394886791706085, -0.5226714611053467] [0.3007059693336487, -0.8882279992103577, 0.49697405099868774, 0.4418339729309082, 1.8100781440734863, 0.9975999593734741, -1.3023240566253662, -1.2947380542755127]
[0.35615182119411426, -0.05914283826292216, 0.2990306946602497] [-0.09195603430271149, -0.2242356687784195, 0.32929572463035583, 2.084789991378784, 0.1446537971496582, -0.5224225521087646] [0.3007059693336487, -0.8882279992103577, 0.4954400658607483, 0.4418339729309082, 1.8100781440734863, 0.9975999593734741, -1.3023240566253662, -1.2916699647903442]
[0.35615182119411426, -0.05914283826292216, 0.2990306946602497] [-0.09202101081609726, -0.224190354347229, 0.3292461633682251, 2.083524465560913, 0.14500655233860016, -0.5222297310829163] [0.29917198419570923, -0.8866939544677734, 0.4923720359802246, 0.4418339729309082, 1.8100781440734863, 0.9975999593734741, -1.3023240566253662, -1.284000039100647]
[0.35615182119411426, -0.05914283826292216, 0.2990306946602497] [-0.09182215481996536, -0.22394774854183197, 0.32925865054130554, 2.0838510990142822, 0.1449764221906662, -0.5202432870864868] [0.2976379692554474, -0.8866939544677734, 0.4893040657043457, 0.4418339729309082, 1.8085440397262573, 0.9975999593734741, -1.3023240566253662, -1.2732620239257812]
[0.35615182119411426, -0.05914283826292216, 0.2990306946602497] [-0.09245021641254425, -0.22368910908699036, 0.3302654027938843, 2.0800600051879883, 0.1407708078622818, -0.5198943614959717] [0.29610395431518555, -0.8866939544677734, 0.486236035823822, 0.4418339729309082, 1.8070100545883179, 0.9975999593734741, -1.3023240566253662, -1.2671259641647339]
[0.35615182119411426, -0.05914283826292216, 0.2990306946602497] [-0.09441833943128586, -0.22301021218299866, 0.3332269787788391, 2.0812318325042725, 0.12704063951969147, -0.5195668339729309] [0.28689998388290405, -0.8866939544677734, 0.4831680655479431, 0.4418339729309082, 1.8070100545883179, 0.9975999593734741, -1.3023240566253662, -1.2655919790267944]
[0.35615182119411426, -0.05914283826292216, 0.2990306946602497] [-0.09550227969884872, -0.2221492975950241, 0.33491069078445435, 2.081716299057007, 0.11900754272937775, -0.5164592862129211] [0.2853659689426422, -0.8866939544677734, 0.4816340506076813, 0.4541059732437134, 1.8054760694503784, 0.9975999593734741, -1.3023240566253662, -1.2655919790267944]
[0.35615182119411426, -0.05914283826292216, 0.2990306946602497] [-0.09498459100723267, -0.220669224858284, 0.3351060152053833, 2.078176498413086, 0.11739028990268707, -0.5023919939994812] [0.2853659689426422, -0.885159969329834, 0.4724300503730774, 0.4571739733219147, 1.803942084312439, 0.9975999593734741, -1.3038580417633057, -1.2655919790267944]
[0.35615182119411426, -0.05914283826292216, 0.2990306946602497] [-0.09483750909566879, -0.2200528234243393, 0.33320045471191406, 2.049443244934082, 0.13147838413715363, -0.4987853467464447] [0.2853659689426422, -0.885159969329834, 0.43254604935646057, 0.4571739733219147, 1.803942084312439, 0.9975999593734741, -1.3053920269012451, -1.2671259641647339]
[0.35615182119411426, -0.05914283826292216, 0.2990306946602497] [-0.09075327217578888, -0.2125290483236313, 0.322270929813385, 1.9215540885925293, 0.20494312047958374, -0.4547450840473175] [0.2853659689426422, -0.846809983253479, 0.26840806007385254, 0.4571739733219147, 1.803942084312439, 0.9975999593734741, -1.3084601163864136, -1.2686599493026733]
[0.35615182119411426, -0.05914283826292216, 0.2990306946602497] [-0.08833283931016922, -0.20805047452449799, 0.3173665404319763, 1.871838092803955, 0.23664134740829468, -0.4289310872554779] [0.2853659689426422, -0.8237999677658081, 0.19631004333496094, 0.4571739733219147, 1.8024080991744995, 0.9975999593734741, -1.3115280866622925, -1.2686599493026733]
[0.35615182119411426, -0.05914283826292216, 0.2990306946602497] [-0.0857023149728775, -0.20095670223236084, 0.3082679808139801, 1.7693721055984497, 0.2982659935951233, -0.3918061852455139] [0.2853659689426422, -0.7915859818458557, 0.09660004079341888, 0.4571739733219147, 1.8024080991744995, 0.9975999593734741, -1.3115280866622925, -1.2686599493026733]
[0.35615182119411426, -0.05914283826292216, 0.2990306946602497] [-0.08416852355003357, -0.19788828492164612, 0.3063736855983734, 1.7557117938995361, 0.3097938299179077, -0.37471750378608704] [0.2853659689426422, -0.7747119665145874, 0.07665804028511047, 0.4571739733219147, 1.8024080991744995, 0.9975999593734741, -1.3115280866622925, -1.2655919790267944]
[0.35615182119411426, -0.05914283826292216, 0.2990306946602497] [-0.06849271804094315, -0.1658450961112976, 0.29889237880706787, 1.7602825164794922, 0.342816025018692, -0.19125472009181976] [0.2715599536895752, -0.5952339768409729, 0.006094038486480713, 0.4571739733219147, 1.8024080991744995, 0.9975999593734741, -1.3115280866622925, -1.2655919790267944]
[0.35615182119411426, -0.05914283826292216, 0.2990306946602497] [-0.06220419704914093, -0.1512804925441742, 0.30004748702049255, 1.7387750148773193, 0.33781054615974426, -0.1116892397403717] [0.23781196773052216, -0.5154659748077393, -0.05373196303844452, 0.4571739733219147, 1.8024080991744995, 0.9975999593734741, -1.3115280866622925, -1.264057993888855]
[0.35615182119411426, -0.05914283826292216, 0.2990306946602497] [-0.06005316972732544, -0.1453062742948532, 0.30031272768974304, 1.721818447113037, 0.33796826004981995, -0.07990385591983795] [0.22553996741771698, -0.4909219741821289, -0.0890139639377594, 0.45563995838165283, 1.8024080991744995, 0.9975999593734741, -1.3115280866622925, -1.264057993888855]
[0.35615182119411426, -0.05914283826292216, 0.2990306946602497] [-0.0488910973072052, -0.10535337030887604, 0.30629196763038635, 1.568385362625122, 0.32278260588645935, 0.11185683310031891] [0.12429595738649368, -0.27616196870803833, -0.3053079843521118, 0.44029998779296875, 1.8024080991744995, 0.9975999593734741, -1.3115280866622925, -1.2625240087509155]
[0.35615182119411426, -0.05914283826292216, 0.2990306946602497] [-0.04819582402706146, -0.10172293335199356, 0.30674001574516296, 1.5165873765945435, 0.3269946277141571, 0.1269555687904358] [0.10742195695638657, -0.2562199831008911, -0.3574639558792114, 0.4387659728527069, 1.8024080991744995, 0.9975999593734741, -1.3115280866622925, -1.264057993888855]
[0.35615182119411426, -0.05914283826292216, 0.2990306946602497] [-0.04763457179069519, -0.09228368103504181, 0.30533409118652344, 1.4549002647399902, 0.34186747670173645, 0.1704864501953125] [0.09361596405506134, -0.19485996663570404, -0.43416398763656616, 0.4387659728527069, 1.8024080991744995, 0.9975999593734741, -1.3222661018371582, -1.2717280387878418]
[0.35615182119411426, -0.05914283826292216, 0.2990306946602497] [-0.04546796530485153, -0.08025135099887848, 0.304779589176178, 1.3748016357421875, 0.3492042124271393, 0.21675120294094086] [0.07060596346855164, -0.12889796495437622, -0.5031939744949341, 0.41422197222709656, 1.8024080991744995, 0.9975999593734741, -1.328402042388916, -1.2778639793395996]
[0.35615182119411426, -0.05914283826292216, 0.2990306946602497] [-0.04399190843105316, -0.08015096187591553, 0.30456510186195374, 1.371983528137207, 0.34613582491874695, 0.21025191247463226] [0.07060596346855164, -0.11969395726919174, -0.5047279596328735, 0.39427995681762695, 1.8024080991744995, 0.9975999593734741, -1.3360720872879028, -1.282465934753418]
[0.35615182119411426, -0.05914283826292216, 0.2990306946602497] [-0.04246409237384796, -0.07769200205802917, 0.3030957281589508, 1.3734912872314453, 0.3493885397911072, 0.218253493309021] [0.07060596346855164, -0.10588795691728592, -0.5047279596328735, 0.3958139717578888, 1.8024080991744995, 0.9975999593734741, -1.3360720872879028, -1.282465934753418]
[0.35615182119411426, -0.05914283826292216, 0.2990306946602497] [-0.04242123290896416, -0.07755594700574875, 0.3028886616230011, 1.374247431755066, 0.3507503867149353, 0.21981878578662872] [0.07060596346855164, -0.10588795691728592, -0.5047279596328735, 0.3958139717578888, 1.8024080991744995, 0.9975999593734741, -1.351412057876587, -1.2962720394134521]
[0.35615182119411426, -0.05914283826292216, 0.2990306946602497] [-0.04111206531524658, -0.07760360091924667, 0.30060240626335144, 1.3771164417266846, 0.36085766553878784, 0.22081682085990906] [0.07060596346855164, -0.10588795691728592, -0.5047279596328735, 0.3958139717578888, 1.8024080991744995, 0.9975999593734741, -1.3851600885391235, -1.3300199508666992]
[0.35615182119411426, -0.05914283826292216, 0.2990306946602497] [-0.03568653389811516, -0.07764296978712082, 0.2982814311981201, 1.378682017326355, 0.3685876727104187, 0.22135047614574432] [0.046061962842941284, -0.10588795691728592, -0.5047279596328735, 0.3958139717578888, 1.8024080991744995, 0.9975999593734741, -1.3928301334381104, -1.3361560106277466]
[0.35615182119411426, -0.05914283826292216, 0.2990306946602497] [-0.03283051401376724, -0.07750540226697922, 0.29360231757164, 1.382419466972351, 0.3892878592014313, 0.22448812425136566] [0.04145996272563934, -0.10588795691728592, -0.506261944770813, 0.39734798669815063, 1.8024080991744995, 0.9975999593734741, -1.421976089477539, -1.3653019666671753]
[0.35615182119411426, -0.05914283826292216, 0.2990306946602497] [-0.02480529621243477, -0.077773317694664, 0.292522668838501, 1.3800594806671143, 0.38683342933654785, 0.2242635041475296] [-0.001492038369178772, -0.10588795691728592, -0.506261944770813, 0.39734798669815063, 1.80087411403656, 0.9975999593734741, -1.4511220455169678, -1.392914056777954]
[0.35615182119411426, -0.05914283826292216, 0.2990306946602497] [-0.02449563704431057, -0.07778367400169373, 0.2913788855075836, 1.3814806938171387, 0.39178478717803955, 0.2247992902994156] [-0.001492038369178772, -0.10588795691728592, -0.506261944770813, 0.39734798669815063, 1.8024080991744995, 0.9975999593734741, -1.4511220455169678, -1.392914056777954]
[0.35615182119411426, -0.05914283826292216, 0.2990306946602497] [-0.024509627372026443, -0.07780169695615768, 0.2913704812526703, 1.3831355571746826, 0.39167433977127075, 0.22480781376361847] [-0.001492038369178772, -0.10588795691728592, -0.506261944770813, 0.39734798669815063, 1.8024080991744995, 0.9975999593734741, -1.4526560306549072, -1.392914056777954]
[0.35615182119411426, -0.05914283826292216, 0.2990306946602497] [-0.02453547529876232, -0.07780911028385162, 0.29135575890541077, 1.3831703662872314, 0.39162111282348633, 0.22481074929237366] [-0.001492038369178772, -0.10588795691728592, -0.506261944770813, 0.39734798669815063, 1.80087411403656, 0.9975999593734741, -1.4511220455169678, -1.391379952430725]
[0.35615182119411426, -0.05914283826292216, 0.2990306946602497] [-0.02453368343412876, -0.07800135761499405, 0.2912503778934479, 1.3826987743377686, 0.39138633012771606, 0.22497811913490295] [-0.001492038369178772, -0.10588795691728592, -0.5047279596328735, 0.39734798669815063, 1.8024080991744995, 0.028000004589557648, -1.4511220455169678, -1.392914056777954]
[0.35615182119411426, -0.05914283826292216, 0.2990306946602497] [-0.024453790858387947, -0.07800442725419998, 0.2913021445274353, 1.3859044313430786, 0.39096540212631226, 0.2253611981868744] [-0.001492038369178772, -0.10588795691728592, -0.506261944770813, 0.39734798669815063, 1.8024080991744995, 0.028000004589557648, -1.4511220455169678, -1.392914056777954]
[0.35615182119411426, -0.05914283826292216, 0.2990306946602497] [-0.02456383779644966, -0.07802052795886993, 0.2913025915622711, 1.3842254877090454, 0.3911144733428955, 0.22501763701438904] [-0.001492038369178772, -0.10588795691728592, -0.506261944770813, 0.39734798669815063, 1.80087411403656, 0.028000004589557648, -1.4511220455169678, -1.392914056777954]
[0.35615182119411426, -0.05914283826292216, 0.2990306946602497] [-0.02453845739364624, -0.07804297655820847, 0.2912329137325287, 1.3828439712524414, 0.3912905156612396, 0.22505313158035278] [-0.003026038408279419, -0.10588795691728592, -0.506261944770813, 0.39734798669815063, 1.80087411403656, 0.028000004589557648, -1.4511220455169678, -1.392914056777954]
[0.35615182119411426, -0.05914283826292216, 0.2990306946602497] [-0.024503936991095543, -0.07805192470550537, 0.29130688309669495, 1.3861650228500366, 0.390679270029068, 0.2253628373146057] [-0.001492038369178772, -0.10588795691728592, -0.506261944770813, 0.39734798669815063, 1.8024080991744995, 0.028000004589557648, -1.4511220455169678, -1.392914056777954]
[0.35615182119411426, -0.05914283826292216, 0.2990306946602497] [-0.02448318339884281, -0.07803210616111755, 0.2912614643573761, 1.3845406770706177, 0.3909111022949219, 0.22535839676856995] [-0.003026038408279419, -0.10588795691728592, -0.506261944770813, 0.39734798669815063, 1.8024080991744995, 0.028000004589557648, -1.4511220455169678, -1.392914056777954]
