[0.21515807509422302, -0.18348142504692078, 0.32698482275009155] [0.22400596737861633, -0.8145959973335266, 0.6749180555343628, 0.21480196714401245, 0.9004160761833191, 0.9968000054359436, -1.518618106842041, -1.4849539995193481] [0.15792644023895264, -0.24267743527889252, 0.07946618646383286, 1.429772973060608, 0.04597010090947151, -0.6399673819541931]
[0.21515807509422302, -0.18348142504692078, 0.32698482275009155] [0.22400596737861633, -0.8145959973335266, 0.6749180555343628, 0.21480196714401245, 0.9004160761833191, 0.9968000054359436, -1.518618106842041, -1.4834200143814087] [0.15792644023895264, -0.24267743527889252, 0.07946618646383286, 1.429772973060608, 0.04597010090947151, -0.6399673819541931]
[0.21515807509422302, -0.18348142504692078, 0.32698482275009155] [0.22400596737861633, -0.8161299824714661, 0.6749180555343628, 0.21480196714401245, 0.9004160761833191, 0.9968000054359436, -1.518618106842041, -1.4834200143814087] [0.15792644023895264, -0.24267743527889252, 0.07946618646383286, 1.429772973060608, 0.04597010090947151, -0.6399673819541931]
[0.21515807509422302, -0.18348142504692078, 0.32698482275009155] [0.22247196733951569, -0.8145959973335266, 0.6749180555343628, 0.21480196714401245, 0.9004160761833191, 0.9968000054359436, -1.518618106842041, -1.4834200143814087] [0.15792644023895264, -0.24267743527889252, 0.07946618646383286, 1.429772973060608, 0.04597010090947151, -0.6399673819541931]
[0.2133333832025528, -0.18136392533779144, 0.32437148690223694] [0.22247196733951569, -0.8145959973335266, 0.6749180555343628, 0.21480196714401245, 0.9004160761833191, 0.9968000054359436, -1.518618106842041, -1.4849539995193481] [0.15792644023895264, -0.24267743527889252, 0.07946618646383286, 1.429772973060608, 0.04597010090947151, -0.6399673819541931]
[0.2133333832025528, -0.18136392533779144, 0.32437148690223694] [0.22400596737861633, -0.8145959973335266, 0.6733840703964233, 0.21480196714401245, 0.9004160761833191, 0.9968000054359436, -1.518618106842041, -1.4849539995193481] [0.1579636186361313, -0.24266161024570465, 0.07965828478336334, 1.4291985034942627, 0.04502183198928833, -0.639760434627533]
[0.2133333832025528, -0.18136392533779144, 0.32437148690223694] [0.22400596737861633, -0.8145959973335266, 0.6749180555343628, 0.21480196714401245, 0.9004160761833191, 0.9968000054359436, -1.518618106842041, -1.4849539995193481] [0.15793220698833466, -0.24266161024570465, 0.07941598445177078, 1.4282817840576172, 0.046252451837062836, -0.6398022770881653]
[0.21144892275333405, -0.18032026290893555, 0.3244195580482483] [0.22400596737861633, -0.8145959973335266, 0.6733840703964233, 0.21480196714401245, 0.9004160761833191, 0.9968000054359436, -1.518618106842041, -1.4834200143814087] [0.15792644023895264, -0.24267743527889252, 0.07946618646383286, 1.429772973060608, 0.04597010090947151, -0.6399673819541931]
[0.21144892275333405, -0.18032026290893555, 0.3244195580482483] [0.22247196733951569, -0.8161299824714661, 0.6749180555343628, 0.21480196714401245, 0.9004160761833191, 0.9968000054359436, -1.518618106842041, -1.4834200143814087] [0.1577889621257782, -0.2427949607372284, 0.0795854702591896, 1.4280256032943726, 0.044992078095674515, -0.6401498913764954]
[0.2154393047094345, -0.18315115571022034, 0.32698482275009155] [0.22553996741771698, -0.8161299824714661, 0.6657140254974365, 0.22400596737861633, 0.8988820314407349, 0.9968000054359436, -1.5170841217041016, -1.4803520441055298] [0.1581663340330124, -0.2419804334640503, 0.07949144393205643, 1.4123611450195312, 0.043601248413324356, -0.6306958794593811]
[0.2154393047094345, -0.18315115571022034, 0.32698482275009155] [0.22860796749591827, -0.8222659826278687, 0.6227620840072632, 0.2684919834136963, 0.8988820314407349, 0.9968000054359436, -1.515550136566162, -1.4788179397583008] [0.159453347325325, -0.23818622529506683, 0.07899043709039688, 1.3469257354736328, 0.03765726089477539, -0.5840846300125122]
[0.2154393047094345, -0.18315115571022034, 0.32698482275009155] [0.24087996780872345, -0.8406739830970764, 0.5322560667991638, 0.34825998544692993, 0.8988820314407349, 0.9968000054359436, -1.501744031906128, -1.4619439840316772] [0.1613069772720337, -0.23283039033412933, 0.0783618912100792, 1.2770432233810425, 0.0347309447824955, -0.5239971280097961]
[0.21515564620494843, -0.18347929418087006, 0.32725387811660767] [0.2424139678478241, -0.8406739830970764, 0.48470205068588257, 0.4050179719924927, 0.8988820314407349, 0.9968000054359436, -1.4695301055908203, -1.4266619682312012] [0.16413035988807678, -0.22569935023784637, 0.07766621559858322, 1.22678542137146, 0.034143995493650436, -0.45494818687438965]
[0.21515564620494843, -0.18347929418087006, 0.32725387811660767] [0.24701596796512604, -0.8406739830970764, 0.43868204951286316, 0.47558197379112244, 0.9004160761833191, 0.9968000054359436, -1.4127720594406128, -1.3637679815292358] [0.1670207977294922, -0.2151564657688141, 0.07457024604082108, 1.170639991760254, 0.04729383438825607, -0.3563598692417145]
[0.22466963529586792, -0.18452642858028412, 0.3278862535953522] [0.2715599536895752, -0.8483439683914185, 0.3021560311317444, 0.6872739791870117, 0.8988820314407349, 0.9968000054359436, -1.383626103401184, -1.3422919511795044] [0.16864502429962158, -0.19438089430332184, 0.06841570138931274, 1.0649120807647705, 0.09012674540281296, -0.16089674830436707]
[0.22466963529586792, -0.18452642858028412, 0.3278862535953522] [0.2684919834136963, -0.854479968547821, 0.2745440602302551, 0.7087500095367432, 0.9004160761833191, 0.9968000054359436, -1.363684058189392, -1.3238840103149414] [0.16856695711612701, -0.19465774297714233, 0.06883705407381058, 1.0659055709838867, 0.08756239712238312, -0.16255541145801544]
[0.2820108234882355, -0.20911428332328796, 0.3355546295642853] [0.27002596855163574, -0.8483439683914185, 0.27761203050613403, 0.7087500095367432, 0.9004160761833191, 0.9968000054359436, -1.363684058189392, -1.3254179954528809] [0.16986319422721863, -0.19315792620182037, 0.07130192220211029, 1.075966715812683, 0.07090196013450623, -0.15418283641338348]
[0.2820108234882355, -0.20911428332328796, 0.3355546295642853] [0.2424139678478241, -0.8422079682350159, 0.29755404591560364, 0.7087500095367432, 0.9004160761833191, 0.9968000054359436, -1.371354103088379, -1.3254179954528809] [0.17273548245429993, -0.18944817781448364, 0.07671806216239929, 1.1048142910003662, 0.03324860706925392, -0.13442978262901306]
[0.2820108234882355, -0.20911428332328796, 0.3355546295642853] [0.23320996761322021, -0.8207319974899292, 0.3067580461502075, 0.7118179798126221, 0.9004160761833191, 0.9968000054359436, -1.383626103401184, -1.3330880403518677] [0.17339463531970978, -0.18909263610839844, 0.08118444681167603, 1.1113420724868774, 0.006259274203330278, -0.132192462682724]
[0.2892102003097534, -0.20304341614246368, 0.32052919268608093] [0.20713196694850922, -0.8161299824714661, 0.3128940463066101, 0.7210220098495483, 0.8988820314407349, 0.9968000054359436, -1.383626103401184, -1.3330880403518677] [0.17391826212406158, -0.18658342957496643, 0.08200102299451828, 1.11271071434021, 8.56247206684202e-05, -0.11269309371709824]
[0.2892102003097534, -0.20304341614246368, 0.32052919268608093] [0.20713196694850922, -0.808459997177124, 0.3128940463066101, 0.7378959655761719, 0.9004160761833191, 0.9968000054359436, -1.383626103401184, -1.3315539360046387] [0.1752350628376007, -0.1823584884405136, 0.08208052068948746, 1.1173675060272217, -0.0025551016442477703, -0.08419782668352127]
[0.2892102003097534, -0.20304341614246368, 0.32052919268608093] [0.20713196694850922, -0.7992559671401978, 0.3128940463066101, 0.7394299507141113, 0.9004160761833191, 0.9968000054359436, -1.4005000591278076, -1.3453600406646729] [0.1753614991903305, -0.1820896714925766, 0.08205395936965942, 1.1176819801330566, -0.002528807148337364, -0.08269742131233215]
[0.2868097424507141, -0.21404540538787842, 0.32285091280937195] [0.20866596698760986, -0.7992559671401978, 0.3128940463066101, 0.7394299507141113, 0.9004160761833191, 0.9968000054359436, -1.4235100746154785, -1.3699040412902832] [0.17533309757709503, -0.182097926735878, 0.08176799863576889, 1.1160211563110352, -0.001000052085146308, -0.08269719779491425]
[0.2868097424507141, -0.21404540538787842, 0.32285091280937195] [0.2101999670267105, -0.7992559671401978, 0.31442803144454956, 0.7394299507141113, 0.8988820314407349, 0.9968000054359436, -1.4373160600662231, -1.3806419372558594] [0.17534580826759338, -0.18212951719760895, 0.08203958719968796, 1.1198228597640991, -0.0030184078495949507, -0.083144910633564]
[0.30673378705978394, -0.23421424627304077, 0.33409127593040466] [0.20866596698760986, -0.7992559671401978, 0.3159620463848114, 0.7394299507141113, 0.8988820314407349, 0.9968000054359436, -1.4373160600662231, -1.3806419372558594] [0.17534573376178741, -0.1823086142539978, 0.08198467642068863, 1.1182931661605835, -0.002684526378288865, -0.08464215695858002]
[0.30673378705978394, -0.23421424627304077, 0.33409127593040466] [0.20866596698760986, -0.7992559671401978, 0.3159620463848114, 0.7394299507141113, 0.8988820314407349, 0.9968000054359436, -1.4373160600662231, -1.3806419372558594] [0.17534516751766205, -0.18213774263858795, 0.08202259987592697, 1.1182888746261597, -0.0030184078495949507, -0.083144910633564]
[0.30673378705978394, -0.23421424627304077, 0.33409127593040466] [0.20866596698760986, -0.7992559671401978, 0.3159620463848114, 0.7394299507141113, 0.8988820314407349, 0.9968000054359436, -1.4373160600662231, -1.3806419372558594] [0.17534516751766205, -0.18213774263858795, 0.08202259987592697, 1.1182888746261597, -0.0030184078495949507, -0.083144910633564]
[0.28659871220588684, -0.22614166140556335, 0.3349170386791229] [0.20866596698760986, -0.7992559671401978, 0.3159620463848114, 0.7394299507141113, 0.8988820314407349, 0.9968000054359436, -1.4357820749282837, -1.3806419372558594] [0.17534516751766205, -0.18213774263858795, 0.08202259987592697, 1.1182888746261597, -0.0030184078495949507, -0.083144910633564]
[0.28659871220588684, -0.22614166140556335, 0.3349170386791229] [0.20866596698760986, -0.7992559671401978, 0.3159620463848114, 0.7378959655761719, 0.9004160761833191, 0.9968000054359436, -1.4373160600662231, -1.3806419372558594] [0.17534516751766205, -0.18213774263858795, 0.08202259987592697, 1.1182888746261597, -0.0030184078495949507, -0.083144910633564]
[0.2882603406906128, -0.22819681465625763, 0.33640408515930176] [0.20866596698760986, -0.7992559671401978, 0.3159620463848114, 0.7394299507141113, 0.8988820314407349, 0.9968000054359436, -1.4357820749282837, -1.3806419372558594] [0.17534516751766205, -0.18213774263858795, 0.08202259987592697, 1.1182888746261597, -0.0030184078495949507, -0.083144910633564]
[0.2882603406906128, -0.22819681465625763, 0.33640408515930176] [0.20866596698760986, -0.7992559671401978, 0.3159620463848114, 0.7394299507141113, 0.8988820314407349, 0.9968000054359436, -1.4373160600662231, -1.3806419372558594] [0.17534580826759338, -0.18212951719760895, 0.08203958719968796, 1.1198228597640991, -0.0030184078495949507, -0.083144910633564]
[0.28400471806526184, -0.22477391362190247, 0.33442792296409607] [0.20866596698760986, -0.7992559671401978, 0.3159620463848114, 0.7394299507141113, 0.9004160761833191, 0.9968000054359436, -1.4373160600662231, -1.3806419372558594] [0.17534516751766205, -0.18213774263858795, 0.08202259987592697, 1.1182888746261597, -0.0030184078495949507, -0.083144910633564]
[0.28400471806526184, -0.22477391362190247, 0.33442792296409607] [0.20866596698760986, -0.7992559671401978, 0.3159620463848114, 0.7378959655761719, 0.8988820314407349, 0.9968000054359436, -1.4373160600662231, -1.3806419372558594] [0.17534580826759338, -0.18212951719760895, 0.08203958719968796, 1.1198228597640991, -0.0030184078495949507, -0.083144910633564]
[0.28400471806526184, -0.22477391362190247, 0.33442792296409607] [0.20866596698760986, -0.7992559671401978, 0.3159620463848114, 0.7378959655761719, 0.8988820314407349, 0.9968000054359436, -1.4357820749282837, -1.3806419372558594] [0.17535220086574554, -0.1823204755783081, 0.08212877810001373, 1.1209629774093628, -0.0036916425451636314, -0.08486734330654144]
[0.2909175157546997, -0.2290283739566803, 0.33805882930755615] [0.20866596698760986, -0.7992559671401978, 0.3159620463848114, 0.7394299507141113, 0.9004160761833191, 0.9968000054359436, -1.4373160600662231, -1.3806419372558594] [0.17534516751766205, -0.18213774263858795, 0.08202259987592697, 1.1182888746261597, -0.0030184078495949507, -0.083144910633564]
[0.27146604657173157, -0.2163744419813156, 0.32784420251846313] [0.20866596698760986, -0.7992559671401978, 0.3159620463848114, 0.7394299507141113, 0.8988820314407349, 0.9968000054359436, -1.4373160600662231, -1.3806419372558594] [0.17534516751766205, -0.18213774263858795, 0.08202259987592697, 1.1182888746261597, -0.0030184078495949507, -0.083144910633564]
[0.27146604657173157, -0.2163744419813156, 0.32784420251846313] [0.20866596698760986, -0.7992559671401978, 0.31749606132507324, 0.7378959655761719, 0.9004160761833191, 0.9968000054359436, -1.4373160600662231, -1.3806419372558594] [0.17534516751766205, -0.18213774263858795, 0.08202259987592697, 1.1182888746261597, -0.0030184078495949507, -0.083144910633564]
[0.2760165333747864, -0.2377316802740097, 0.33325305581092834] [0.20866596698760986, -0.8007899522781372, 0.3849920630455017, 0.7378959655761719, 0.8988820314407349, 0.12280000001192093, -1.4373160600662231, -1.3821760416030884] [0.17532478272914886, -0.18384259939193726, 0.08886431902647018, 1.1812251806259155, -0.05669878423213959, -0.09992855042219162]
[0.2760165333747864, -0.2377316802740097, 0.33325305581092834] [0.20866596698760986, -0.8007899522781372, 0.4141380488872528, 0.7378959655761719, 0.9004160761833191, 0.08160000294446945, -1.4373160600662231, -1.3821760416030884] [0.17528708279132843, -0.18420661985874176, 0.09049845486879349, 1.1962213516235352, -0.06956058740615845, -0.10375057905912399]
[0.2760165333747864, -0.2377316802740097, 0.33325305581092834] [0.20866596698760986, -0.7992559671401978, 0.42487603425979614, 0.7378959655761719, 0.8988820314407349, 0.08160000294446945, -1.4373160600662231, -1.3821760416030884] [0.17525224387645721, -0.18435250222682953, 0.09085659682750702, 1.2018442153930664, -0.07296644896268845, -0.10526105016469955]
[0.2760165333747864, -0.2377316802740097, 0.33325305581092834] [0.20866596698760986, -0.7992559671401978, 0.4279440641403198, 0.7378959655761719, 0.8988820314407349, 0.08160000294446945, -1.4388500452041626, -1.3821760416030884] [0.17538613080978394, -0.18414591252803802, 0.09134858846664429, 1.2046393156051636, -0.07642871141433716, -0.10441356897354126]
[0.2760165333747864, -0.2377316802740097, 0.33325305581092834] [0.20866596698760986, -0.8007899522781372, 0.4432840347290039, 0.7378959655761719, 0.8988820314407349, 0.08160000294446945, -1.4373160600662231, -1.3821760416030884] [0.17516382038593292, -0.1848410815000534, 0.09285694360733032, 1.220413327217102, -0.08868718892335892, -0.11032568663358688]
[0.2760165333747864, -0.2377316802740097, 0.33325305581092834] [0.20866596698760986, -0.7992559671401978, 0.4632260501384735, 0.7378959655761719, 0.9004160761833191, 0.08160000294446945, -1.4373160600662231, -1.3821760416030884] [0.17510688304901123, -0.18513040244579315, 0.09424629807472229, 1.2310796976089478, -0.09901215136051178, -0.11332344263792038]
[0.2760165333747864, -0.2377316802740097, 0.33325305581092834] [0.20866596698760986, -0.7992559671401978, 0.4770320653915405, 0.7378959655761719, 0.8988820314407349, 0.08160000294446945, -1.4388500452041626, -1.3837100267410278] [0.17516668140888214, -0.1851721704006195, 0.0955866202712059, 1.2405726909637451, -0.10926792770624161, -0.1149541586637497]
[0.2633221745491028, -0.225061297416687, 0.34758883714675903] [0.20713196694850922, -0.7992559671401978, 0.4923720359802246, 0.7378959655761719, 0.9004160761833191, 0.08160000294446945, -1.440384030342102, -1.3852440118789673] [0.17507316172122955, -0.1854763925075531, 0.09671756625175476, 1.252682089805603, -0.11800211668014526, -0.11813302338123322]
[0.2633221745491028, -0.225061297416687, 0.34758883714675903] [0.20559796690940857, -0.7992559671401978, 0.49390605092048645, 0.7378959655761719, 0.9004160761833191, 0.08160000294446945, -1.4388500452041626, -1.3852440118789673] [0.17519088089466095, -0.18528296053409576, 0.09747430682182312, 1.2557151317596436, -0.12294817715883255, -0.11743289977312088]
[0.2633221745491028, -0.225061297416687, 0.34758883714675903] [0.1871899664402008, -0.7793139815330505, 0.4985080361366272, 0.7378959655761719, 0.9004160761833191, 0.08160000294446945, -1.4388500452041626, -1.3852440118789673] [0.17759059369564056, -0.180304616689682, 0.10266867280006409, 1.2667961120605469, -0.15482205152511597, -0.09074263274669647]
[0.24990488588809967, -0.21473084390163422, 0.34703949093818665] [0.1641799658536911, -0.750167965888977, 0.4985080361366272, 0.7378959655761719, 0.8988820314407349, 0.08160000294446945, -1.4388500452041626, -1.3852440118789673] [0.17961721122264862, -0.17572738230228424, 0.1039619967341423, 1.2719483375549316, -0.16365447640419006, -0.06585186719894409]
[0.24990488588809967, -0.21473084390163422, 0.34703949093818665] [0.1641799658536911, -0.7302259802818298, 0.4985080361366272, 0.7378959655761719, 0.8988820314407349, 0.08160000294446945, -1.4388500452041626, -1.3837100267410278] [0.18120482563972473, -0.17191806435585022, 0.10452979058027267, 1.2757114171981812, -0.1680568903684616, -0.045277878642082214]
[0.245358407497406, -0.20634622871875763, 0.3514319658279419] [0.14883996546268463, -0.7133519649505615, 0.5000420808792114, 0.7378959655761719, 0.8988820314407349, 0.08160000294446945, -1.4388500452041626, -1.3852440118789673] [0.18160444498062134, -0.1706322431564331, 0.10828973352909088, 1.2785975933074951, -0.18985170125961304, -0.038824524730443954]
[0.245358407497406, -0.20634622871875763, 0.3514319658279419] [0.11969395726919174, -0.7118179798126221, 0.5015760660171509, 0.7378959655761719, 0.9004160761833191, 0.08160000294446945, -1.4388500452041626, -1.3852440118789673] [0.18149498105049133, -0.1703580617904663, 0.11217454820871353, 1.279634952545166, -0.21130451560020447, -0.03750986605882645]
[0.24180421233177185, -0.18473084270954132, 0.34828370809555054] [0.1181599572300911, -0.70414799451828, 0.5015760660171509, 0.7317599654197693, 0.9004160761833191, 0.08160000294446945, -1.440384030342102, -1.3867779970169067] [0.18254272639751434, -0.1685272604227066, 0.11211387813091278, 1.2840934991836548, -0.2104944884777069, -0.0299781933426857]
[0.24180421233177185, -0.18473084270954132, 0.34828370809555054] [0.10742195695638657, -0.6750019788742065, 0.5015760660171509, 0.7317599654197693, 0.9004160761833191, 0.08160000294446945, -1.440384030342102, -1.3867779970169067] [0.18567393720149994, -0.16078218817710876, 0.11715661734342575, 1.2926089763641357, -0.23741339147090912, 0.006040860898792744]
[0.23549021780490875, -0.17246274650096893, 0.35571831464767456] [0.07520796358585358, -0.6243799924850464, 0.5031100511550903, 0.7133519649505615, 0.9004160761833191, 0.08160000294446945, -1.440384030342102, -1.3867779970169067] [0.18774092197418213, -0.15405815839767456, 0.1195526272058487, 1.2972979545593262, -0.25103262066841125, 0.04029858112335205]
[0.23549021780490875, -0.17246274650096893, 0.35571831464767456] [0.07060596346855164, -0.5906319618225098, 0.5031100511550903, 0.7087500095367432, 0.9004160761833191, 0.08160000294446945, -1.440384030342102, -1.3867779970169067] [0.18927866220474243, -0.14937949180603027, 0.11984310299158096, 1.3001902103424072, -0.2524096667766571, 0.0630163699388504]
[0.23622070252895355, -0.15749141573905945, 0.3555058240890503] [0.0660039633512497, -0.5461459755897522, 0.5031100511550903, 0.7087500095367432, 0.9004160761833191, 0.08160000294446945, -1.441918134689331, -1.3867779970169067] [0.19149915874004364, -0.14088080823421478, 0.12095636129379272, 1.3022129535675049, -0.25850632786750793, 0.1054769977927208]
[0.23622070252895355, -0.15749141573905945, 0.3555058240890503] [0.055265963077545166, -0.526203989982605, 0.5015760660171509, 0.70414799451828, 0.9004160761833191, 0.08160000294446945, -1.441918134689331, -1.3883119821548462] [0.19185493886470795, -0.13869830965995789, 0.12264756113290787, 1.3037693500518799, -0.26712656021118164, 0.11636214703321457]
[0.23622070252895355, -0.15749141573905945, 0.3555058240890503] [0.04299396276473999, -0.5216019749641418, 0.5031100511550903, 0.7056819796562195, 0.9004160761833191, 0.08160000294446945, -1.44498610496521, -1.3898459672927856] [0.19156256318092346, -0.13869830965995789, 0.1250002384185791, 1.3022871017456055, -0.2793152928352356, 0.11676210910081863]
[0.24929721653461456, -0.14197175204753876, 0.3687894344329834] [0.03839196264743805, -0.5216019749641418, 0.5031100511550903, 0.7056819796562195, 0.8988820314407349, 0.08160000294446945, -1.4495880603790283, -1.391379952430725] [0.19151651859283447, -0.1385471671819687, 0.12504419684410095, 1.3003476858139038, -0.2799150049686432, 0.11823105067014694]
[0.24929721653461456, -0.14197175204753876, 0.3687894344329834] [0.03839196264743805, -0.5200679898262024, 0.5031100511550903, 0.70414799451828, 0.9004160761833191, 0.08160000294446945, -1.4511220455169678, -1.392914056777954] [0.1920529156923294, -0.13636228442192078, 0.12496411800384521, 1.3012393712997437, -0.27937301993370056, 0.1288910061120987]
[0.25994983315467834, -0.1341610550880432, 0.3802630603313446] [0.03378996253013611, -0.48631995916366577, 0.5031100511550903, 0.70414799451828, 0.8988820314407349, 0.08160000294446945, -1.4511220455169678, -1.391379952430725] [0.19289366900920868, -0.12974035739898682, 0.12707066535949707, 1.3018745183944702, -0.2907571792602539, 0.1642286628484726]
[0.25994983315467834, -0.1341610550880432, 0.3802630603313446] [0.021517962217330933, -0.4617759585380554, 0.5031100511550903, 0.6995459794998169, 0.8988820314407349, 0.08160000294446945, -1.4526560306549072, -1.392914056777954] [0.19370989501476288, -0.12607800960540771, 0.12899987399578094, 1.303228735923767, -0.2987356185913086, 0.17891860008239746]
[0.24808964133262634, -0.12750466167926788, 0.37539348006248474] [0.00771196186542511, -0.4126879572868347, 0.5015760660171509, 0.6703999638557434, 0.8988820314407349, 0.08160000294446945, -1.4526560306549072, -1.392914056777954] [0.19652026891708374, -0.11754609644412994, 0.1294257491827011, 1.3111600875854492, -0.2933361530303955, 0.20582200586795807]
[0.24808964133262634, -0.12750466167926788, 0.37539348006248474] [0.004643961787223816, -0.3728039860725403, 0.5031100511550903, 0.6366519927978516, 0.9004160761833191, 0.08160000294446945, -1.4526560306549072, -1.392914056777954] [0.1981326788663864, -0.11372622102499008, 0.12895800173282623, 1.3177108764648438, -0.2858662009239197, 0.21328483521938324]
[0.24808964133262634, -0.12750466167926788, 0.37539348006248474] [-0.006094038486480713, -0.33598798513412476, 0.5015760660171509, 0.6136419773101807, 0.9004160761833191, 0.08160000294446945, -1.4526560306549072, -1.392914056777954] [0.19913417100906372, -0.1095425933599472, 0.13105139136314392, 1.3202787637710571, -0.2914431691169739, 0.2246139496564865]
[0.24798323214054108, -0.10620298236608505, 0.3770321309566498] [-0.024502038955688477, -0.3007059693336487, 0.5015760660171509, 0.5860300064086914, 0.9004160761833191, 0.08160000294446945, -1.4526560306549072, -1.392914056777954] [0.20017388463020325, -0.10466621071100235, 0.1330333948135376, 1.322996735572815, -0.29552939534187317, 0.23785482347011566]
[0.24798323214054108, -0.10620298236608505, 0.3770321309566498] [-0.03217203915119171, -0.2715599536895752, 0.5015760660171509, 0.5676219463348389, 0.9004160761833191, 0.08160000294446945, -1.4541900157928467, -1.3944480419158936] [0.2010914534330368, -0.09986303746700287, 0.13357827067375183, 1.3244668245315552, -0.2931218445301056, 0.25237125158309937]
[0.22870990633964539, -0.08453565835952759, 0.3544691205024719] [-0.03677403926849365, -0.22247196733951569, 0.5015760660171509, 0.5415439605712891, 0.9004160761833191, 0.08160000294446945, -1.4557241201400757, -1.3944480419158936] [0.2019776552915573, -0.0938381478190422, 0.1333823800086975, 1.3293462991714478, -0.28753307461738586, 0.2721523642539978]
[0.22870990633964539, -0.08453565835952759, 0.3544691205024719] [-0.04751203954219818, -0.19179196655750275, 0.5015760660171509, 0.526203989982605, 0.9004160761833191, 0.08160000294446945, -1.4557241201400757, -1.395982027053833] [0.20213864743709564, -0.08660256117582321, 0.1355082243680954, 1.3251780271530151, -0.2926766574382782, 0.2998828887939453]
[0.24890132248401642, -0.07391562312841415, 0.3725156784057617] [-0.061318039894104004, -0.1442379653453827, 0.5000420808792114, 0.5047279596328735, 0.8988820314407349, 0.08160000294446945, -1.4572581052780151, -1.395982027053833] [0.20214393734931946, -0.08066992461681366, 0.13615354895591736, 1.3264912366867065, -0.29217958450317383, 0.3231315314769745]
[0.24890132248401642, -0.07391562312841415, 0.3725156784057617] [-0.06285203993320465, -0.11202395707368851, 0.5000420808792114, 0.49245595932006836, 0.9004160761833191, 0.08160000294446945, -1.460326075553894, -1.3975160121917725] [0.20224995911121368, -0.07566090673208237, 0.13582375645637512, 1.326304316520691, -0.2872941792011261, 0.3413236141204834]
[0.24890132248401642, -0.07391562312841415, 0.3725156784057617] [-0.06285203993320465, -0.0890139639377594, 0.5000420808792114, 0.4878539741039276, 0.8988820314407349, 0.08160000294446945, -1.4649280309677124, -1.4005839824676514] [0.2019747793674469, -0.0721784457564354, 0.13568319380283356, 1.3275283575057983, -0.28562721610069275, 0.35710445046424866]
[0.26325321197509766, -0.05891575664281845, 0.38536256551742554] [-0.07665804028511047, -0.06446996331214905, 0.5000420808792114, 0.4878539741039276, 0.8988820314407349, 0.08160000294446945, -1.4925401210784912, -1.431264042854309] [0.2004898488521576, -0.06687501817941666, 0.13962474465370178, 1.3165827989578247, -0.3035188615322113, 0.38584721088409424]
[0.26325321197509766, -0.05891575664281845, 0.38536256551742554] [-0.087396040558815, -0.04452796280384064, 0.5000420808792114, 0.4878539741039276, 0.8988820314407349, 0.08160000294446945, -1.5078800916671753, -1.4481379985809326] [0.19952355325222015, -0.06251896172761917, 0.1408080756664276, 1.3138468265533447, -0.3084644377231598, 0.40853050351142883]
[0.26325321197509766, -0.05891575664281845, 0.38536256551742554] [-0.08893004059791565, -0.01691596210002899, 0.5000420808792114, 0.4878539741039276, 0.9004160761833191, 0.08160000294446945, -1.5094140768051147, -1.449671983718872] [0.1982807219028473, -0.05601969733834267, 0.14069725573062897, 1.3111118078231812, -0.3072848618030548, 0.4414460062980652]
[0.23697501420974731, -0.040147215127944946, 0.3590855300426483] [-0.08893004059791565, 0.009162038564682007, 0.5000420808792114, 0.4878539741039276, 0.8988820314407349, 0.08160000294446945, -1.5124820470809937, -1.4558080434799194] [0.19741420447826385, -0.052019666880369186, 0.1406019777059555, 1.307906150817871, -0.30651190876960754, 0.4618142247200012]
[0.23697501420974731, -0.040147215127944946, 0.3590855300426483] [-0.08893004059791565, 0.030638039112091064, 0.5000420808792114, 0.4878539741039276, 0.9004160761833191, 0.08160000294446945, -1.5124820470809937, -1.4573420286178589] [0.19637754559516907, -0.047728437930345535, 0.14052756130695343, 1.307659387588501, -0.3056434094905853, 0.48374196887016296]
[0.23070217669010162, -0.027874533087015152, 0.36449509859085083] [-0.08893004059791565, 0.045978039503097534, 0.5000420808792114, 0.48631995916366577, 0.9004160761833191, 0.08160000294446945, -1.514016032218933, -1.4619439840316772] [0.19561177492141724, -0.04449835792183876, 0.14038841426372528, 1.306717872619629, -0.3043290376663208, 0.4994882047176361]
[0.23070217669010162, -0.027874533087015152, 0.36449509859085083] [-0.08893004059791565, 0.06285203993320465, 0.5000420808792114, 0.47558197379112244, 0.8988820314407349, 0.08160000294446945, -1.515550136566162, -1.4665460586547852] [0.1956273466348648, -0.042593155056238174, 0.13978616893291473, 1.3056784868240356, -0.2988414168357849, 0.5035390257835388]
[0.23651747405529022, -0.020132092759013176, 0.3705082833766937] [-0.08893004059791565, 0.07819204032421112, 0.5000420808792114, 0.4740479588508606, 0.9004160761833191, 0.08160000294446945, -1.518618106842041, -1.4711480140686035] [0.19477257132530212, -0.03940959274768829, 0.1397261619567871, 1.3061943054199219, -0.2981449067592621, 0.5189841985702515]
[0.23651747405529022, -0.020132092759013176, 0.3705082833766937] [-0.08893004059791565, 0.09353204071521759, 0.5000420808792114, 0.4740479588508606, 0.9004160761833191, 0.08160000294446945, -1.5201520919799805, -1.4742159843444824] [0.1938542276620865, -0.03638648986816406, 0.13964428007602692, 1.304962396621704, -0.2974599301815033, 0.5346250534057617]
[0.22008991241455078, -0.012852459214627743, 0.3497290015220642] [-0.08586204051971436, 0.12114404141902924, 0.5000420808792114, 0.4740479588508606, 0.9004160761833191, 0.08160000294446945, -1.5201520919799805, -1.4757499694824219] [0.1921180933713913, -0.030384451150894165, 0.13829009234905243, 1.305967926979065, -0.2908540964126587, 0.5649006366729736]
[0.22008991241455078, -0.012852459214627743, 0.3497290015220642] [-0.08279404044151306, 0.14415404200553894, 0.5000420808792114, 0.4740479588508606, 0.9004160761833191, 0.08160000294446945, -1.5201520919799805, -1.4757499694824219] [0.1904059499502182, -0.025628387928009033, 0.1381480097770691, 1.3041929006576538, -0.2897461950778961, 0.5898686647415161]
[0.2170112580060959, -0.005626249127089977, 0.3459341526031494] [-0.08279404044151306, 0.1686980426311493, 0.5000420808792114, 0.4740479588508606, 0.9004160761833191, 0.08160000294446945, -1.5201520919799805, -1.4757499694824219] [0.1893276870250702, -0.022382576018571854, 0.13719132542610168, 1.3072596788406372, -0.28517916798591614, 0.6062535643577576]
[0.2170112580060959, -0.005626249127089977, 0.3459341526031494] [-0.07359004020690918, 0.17483404278755188, 0.5000420808792114, 0.47558197379112244, 0.9004160761833191, 0.08160000294446945, -1.5201520919799805, -1.4757499694824219] [0.1890305131673813, -0.021208010613918304, 0.13628527522087097, 1.3096039295196533, -0.2811383903026581, 0.6117169260978699]
[0.2170112580060959, -0.005626249127089977, 0.3459341526031494] [-0.07359004020690918, 0.1855720430612564, 0.5000420808792114, 0.47558197379112244, 0.9004160761833191, 0.08160000294446945, -1.5201520919799805, -1.4757499694824219] [0.1879555881023407, -0.018757332116365433, 0.13627734780311584, 1.3084322214126587, -0.2812246084213257, 0.6256332397460938]
[0.23160351812839508, 0.010615265928208828, 0.35605326294898987] [-0.07359004020690918, 0.19631004333496094, 0.5000420808792114, 0.47558197379112244, 0.9004160761833191, 0.08160000294446945, -1.518618106842041, -1.4742159843444824] [0.18722718954086304, -0.017011862248182297, 0.13620561361312866, 1.3063291311264038, -0.28082576394081116, 0.6349701881408691]
[0.23160351812839508, 0.010615265928208828, 0.35605326294898987] [-0.07359004020690918, 0.20551404356956482, 0.5000420808792114, 0.47558197379112244, 0.9004160761833191, 0.08160000294446945, -1.5201520919799805, -1.4757499694824219] [0.1863420158624649, -0.014982077293097973, 0.13615839183330536, 1.3072043657302856, -0.28035402297973633, 0.6458615660667419]
[0.23160351812839508, 0.010615265928208828, 0.35605326294898987] [-0.07359004020690918, 0.21011604368686676, 0.5015760660171509, 0.47558197379112244, 0.8988820314407349, 0.08160000294446945, -1.5201520919799805, -1.4742159843444824] [0.1866544932126999, -0.01541387103497982, 0.1358889639377594, 1.308570384979248, -0.2792290449142456, 0.6422867178916931]
[0.2192372828722, 0.014198927208781242, 0.33876970410346985] [-0.07205604016780853, 0.21011604368686676, 0.5031100511550903, 0.4740479588508606, 0.8988820314407349, 0.08160000294446945, -1.518618106842041, -1.4742159843444824] [0.18658272922039032, -0.015124424360692501, 0.13559365272521973, 1.3094360828399658, -0.27793580293655396, 0.6435787677764893]
[0.2192372828722, 0.014198927208781242, 0.33876970410346985] [-0.0643860399723053, 0.21011604368686676, 0.5015760660171509, 0.46944597363471985, 0.8973480463027954, 0.08160000294446945, -1.5201520919799805, -1.4757499694824219] [0.18773961067199707, -0.01577608473598957, 0.13289588689804077, 1.3178313970565796, -0.26436367630958557, 0.6328060030937195]
[0.2193600982427597, 0.018890373408794403, 0.3380061984062195] [-0.05978403985500336, 0.2085820436477661, 0.5015760660171509, 0.4541059732437134, 0.8973480463027954, 0.08160000294446945, -1.5201520919799805, -1.4742159843444824] [0.18888674676418304, -0.016874082386493683, 0.13253310322761536, 1.320651888847351, -0.25932544469833374, 0.6185579895973206]
[0.2193600982427597, 0.018890373408794403, 0.3380061984062195] [-0.05825003981590271, 0.21011604368686676, 0.5015760660171509, 0.43723195791244507, 0.8973480463027954, 0.08160000294446945, -1.5201520919799805, -1.4757499694824219] [0.18982918560504913, -0.01773354411125183, 0.13192449510097504, 1.3221288919448853, -0.25367632508277893, 0.6072745323181152]
[0.2193600982427597, 0.018890373408794403, 0.3380061984062195] [-0.05825003981590271, 0.21011604368686676, 0.49697405099868774, 0.4356979727745056, 0.8973480463027954, 0.08160000294446945, -1.5201520919799805, -1.4742159843444824] [0.189993217587471, -0.017815057188272476, 0.13148491084575653, 1.3219332695007324, -0.25119301676750183, 0.6058814525604248]
[0.21484985947608948, 0.012559241615235806, 0.3278871774673462] [-0.05825003981590271, 0.21011604368686676, 0.49697405099868774, 0.43723195791244507, 0.8973480463027954, 0.08160000294446945, -1.5201520919799805, -1.4742159843444824] [0.18987444043159485, -0.01767219975590706, 0.1314682960510254, 1.3201159238815308, -0.2512325346469879, 0.6076003313064575]
[0.21484985947608948, 0.012559241615235806, 0.3278871774673462] [-0.05825003981590271, 0.21011604368686676, 0.4985080361366272, 0.43723195791244507, 0.8973480463027954, 0.08160000294446945, -1.518618106842041, -1.4742159843444824] [0.189827561378479, -0.01770281419157982, 0.13184203207492828, 1.3206698894500732, -0.253084272146225, 0.6075506210327148]
[0.21531528234481812, 0.008036527782678604, 0.3253536522388458] [-0.05978403985500336, 0.21011604368686676, 0.49697405099868774, 0.43723195791244507, 0.8973480463027954, 0.08160000294446945, -1.5201520919799805, -1.4742159843444824] [0.18987616896629333, -0.01770281419157982, 0.13155078887939453, 1.321574091911316, -0.2518247067928314, 0.6073247194290161]
[0.21531528234481812, 0.008036527782678604, 0.3253536522388458] [-0.05978403985500336, 0.2116500437259674, 0.49697405099868774, 0.43723195791244507, 0.8973480463027954, 0.08160000294446945, -1.5201520919799805, -1.4742159843444824] [0.1895807385444641, -0.017115997150540352, 0.13182726502418518, 1.3205145597457886, -0.2529793977737427, 0.6106520295143127]
[0.23970811069011688, 0.03949054330587387, 0.3139860928058624] [-0.061318039894104004, 0.18250404298305511, 0.5015760660171509, 0.4387659728527069, 0.8973480463027954, 0.9968000054359436, -1.515550136566162, -1.4680800437927246] [0.19219768047332764, -0.023855404928326607, 0.13222163915634155, 1.3248752355575562, -0.2559761703014374, 0.5758674144744873]
[0.24559536576271057, 0.043490394949913025, 0.3140904903411865] [-0.05978403985500336, 0.15796004235744476, 0.5000420808792114, 0.43723195791244507, 0.8973480463027954, 0.9968000054359436, -1.5170841217041016, -1.469614028930664] [0.19468805193901062, -0.030737057328224182, 0.1323707103729248, 1.3267238140106201, -0.25709235668182373, 0.5401793718338013]
[0.24559536576271057, 0.043490394949913025, 0.3140904903411865] [-0.05978403985500336, 0.10273604094982147, 0.5015760660171509, 0.4356979727745056, 0.8973480463027954, 0.9968000054359436, -1.515550136566162, -1.469614028930664] [0.1987738013267517, -0.04345778375864029, 0.1321612149477005, 1.3315773010253906, -0.2562682628631592, 0.47346752882003784]
[0.24559536576271057, 0.043490394949913025, 0.3140904903411865] [-0.05825003981590271, 0.003026038408279419, 0.5015760660171509, 0.43416398763656616, 0.8973480463027954, 0.9968000054359436, -1.515550136566162, -1.469614028930664] [0.20442189276218414, -0.07101859897375107, 0.1320190727710724, 1.3384665250778198, -0.2566755414009094, 0.3355183005332947]
[0.24184712767601013, 0.04435698688030243, 0.31066152453422546] [-0.05211403965950012, -0.20099596679210663, 0.5015760660171509, 0.4356979727745056, 0.8973480463027954, 0.9968000054359436, -1.5170841217041016, -1.4742159843444824] [0.205608531832695, -0.11603335291147232, 0.1303340643644333, 1.353089690208435, -0.2515387535095215, 0.11572179198265076]
[0.24184712767601013, 0.04435698688030243, 0.31066152453422546] [-0.035240039229393005, -0.39121198654174805, 0.5046440362930298, 0.4356979727745056, 0.8973480463027954, 0.9968000054359436, -1.515550136566162, -1.472681999206543] [0.2008931189775467, -0.14732429385185242, 0.12742865085601807, 1.3647770881652832, -0.23849214613437653, -0.039701804518699646]
[0.22729818522930145, 0.03907158225774765, 0.3005739748477936] [-0.024502038955688477, -0.45563995838165283, 0.5046440362930298, 0.41728997230529785, 0.8973480463027954, 0.9968000054359436, -1.515550136566162, -1.472681999206543] [0.1988939791917801, -0.16168999671936035, 0.12066390365362167, 1.3678579330444336, -0.19746503233909607, -0.12515336275100708]
[0.22729818522930145, 0.03907158225774765, 0.3005739748477936] [0.03378996253013611, -0.5169999599456787, 0.5031100511550903, 0.36206597089767456, 0.8973480463027954, 0.9968000054359436, -1.515550136566162, -1.4742159843444824] [0.19530245661735535, -0.1785336285829544, 0.10526589304208755, 1.3622722625732422, -0.11104109138250351, -0.2263147532939911]
[0.22489137947559357, 0.039127375930547714, 0.30040693283081055] [0.07827596366405487, -0.5706899762153625, 0.5046440362930298, 0.32524996995925903, 0.8973480463027954, 0.9968000054359436, -1.515550136566162, -1.472681999206543] [0.19107623398303986, -0.19054439663887024, 0.09794944524765015, 1.353788137435913, -0.06726895272731781, -0.30004286766052246]
[0.22489137947559357, 0.039127375930547714, 0.30040693283081055] [0.10742195695638657, -0.6167099475860596, 0.5061780214309692, 0.2822979688644409, 0.8973480463027954, 0.9968000054359436, -1.515550136566162, -1.4742159843444824] [0.18197615444660187, -0.20953412353992462, 0.09008462727069855, 1.3431305885314941, -0.01767326146364212, -0.4191434979438782]
[0.22613491117954254, 0.04030171036720276, 0.30003592371940613] [0.1350339651107788, -0.6903419494628906, 0.5184500217437744, 0.2424139678478241, 0.8988820314407349, 0.9968000054359436, -1.5170841217041016, -1.4742159843444824] [0.17455452680587769, -0.22191520035266876, 0.08397768437862396, 1.3316859006881714, 0.021088359877467155, -0.503023624420166]
[0.22613491117954254, 0.04030171036720276, 0.30003592371940613] [0.18105396628379822, -0.7286919951438904, 0.5291880369186401, 0.2101999670267105, 0.8973480463027954, 0.9968000054359436, -1.515550136566162, -1.4772839546203613] [0.168636292219162, -0.22984473407268524, 0.0764065608382225, 1.3259154558181763, 0.06423377245664597, -0.5615870952606201]
[0.22579409182071686, 0.040841080248355865, 0.3005925118923187] [0.2163359671831131, -0.7532359957695007, 0.5614020824432373, 0.18258796632289886, 0.8973480463027954, 0.9968000054359436, -1.515550136566162, -1.4772839546203613] [0.162651926279068, -0.23717734217643738, 0.07222652435302734, 1.3230115175247192, 0.08973076194524765, -0.6157481670379639]
[0.22579409182071686, 0.040841080248355865, 0.3005925118923187] [0.2362779676914215, -0.7900519967079163, 0.5629360675811768, 0.1703159660100937, 0.8973480463027954, 0.9968000054359436, -1.5170841217041016, -1.4757499694824219] [0.15607942640781403, -0.24417947232723236, 0.06917601823806763, 1.3001728057861328, 0.10773088783025742, -0.6636584401130676]
[0.22579409182071686, 0.040841080248355865, 0.3005925118923187] [0.25928795337677, -0.8130619525909424, 0.5629360675811768, 0.16878196597099304, 0.8973480463027954, 0.9968000054359436, -1.515550136566162, -1.4772839546203613] [0.1547057181596756, -0.24539081752300262, 0.06804749369621277, 1.294445514678955, 0.11376125365495682, -0.6718835830688477]
[0.2246490865945816, 0.041827935725450516, 0.2998506724834442] [0.25928795337677, -0.8115279674530029, 0.5629360675811768, 0.16878196597099304, 0.8988820314407349, 0.9968000054359436, -1.5170841217041016, -1.4772839546203613] [0.15491925179958344, -0.24515143036842346, 0.06797152757644653, 1.2932215929031372, 0.11400582641363144, -0.6703656911849976]
[0.2246490865945816, 0.041827935725450516, 0.2998506724834442] [0.25928795337677, -0.8069260120391846, 0.5629360675811768, 0.17184996604919434, 0.8973480463027954, 0.9968000054359436, -1.5170841217041016, -1.4772839546203613] [0.1557595282793045, -0.24416111409664154, 0.06793568283319473, 1.2944782972335815, 0.11355060338973999, -0.6629632115364075]
[0.22558124363422394, 0.042003337293863297, 0.30059000849723816] [0.25928795337677, -0.8069260120391846, 0.5614020824432373, 0.17184996604919434, 0.8973480463027954, 0.9968000054359436, -1.5170841217041016, -1.4772839546203613] [0.1557578444480896, -0.24415165185928345, 0.06789080053567886, 1.2929785251617432, 0.11379258334636688, -0.6628612875938416]
[0.22558124363422394, 0.042003337293863297, 0.30059000849723816] [0.25928795337677, -0.8069260120391846, 0.5629360675811768, 0.17184996604919434, 0.8973480463027954, 0.9968000054359436, -1.5170841217041016, -1.4772839546203613] [0.15554264187812805, -0.24440449476242065, 0.06799321621656418, 1.2941665649414062, 0.11330830305814743, -0.6644812226295471]
[0.22558124363422394, 0.042003337293863297, 0.30059000849723816] [0.25928795337677, -0.8069260120391846, 0.5614020824432373, 0.17184996604919434, 0.8973480463027954, 0.9968000054359436, -1.5170841217041016, -1.4772839546203613] [0.15554264187812805, -0.24440449476242065, 0.06799321621656418, 1.2941665649414062, 0.11330830305814743, -0.6644812226295471]
[0.22367218136787415, 0.03926881030201912, 0.3002229928970337] [0.25928795337677, -0.8069260120391846, 0.5614020824432373, 0.17184996604919434, 0.8973480463027954, 0.9968000054359436, -1.5170841217041016, -1.4772839546203613] [0.15576431155204773, -0.2441583275794983, 0.06795373558998108, 1.296012282371521, 0.11355060338973999, -0.6629632115364075]
