[0.3339785039424896, 0.08447466790676117, 0.2600148320198059] [-0.09630169719457626, -0.2123212367296219, 0.2938903272151947, 1.0328220129013062, 0.43494001030921936, -0.4611929655075073] [0.13963596522808075, -0.8621499538421631, -0.4525719881057739, 0.5139319896697998, 1.5247540473937988, 0.9975999593734741, -1.2977221012115479, -1.299340009689331]
[0.3339785039424896, 0.08447466790676117, 0.2600148320198059] [-0.09613639116287231, -0.2124219834804535, 0.29389986395835876, 1.03382408618927, 0.43418699502944946, -0.4607285261154175] [0.13963596522808075, -0.8621499538421631, -0.4510379731655121, 0.5139319896697998, 1.5247540473937988, 0.9975999593734741, -1.3115280866622925, -1.3008739948272705]
[0.3339785039424896, 0.08447466790676117, 0.2600148320198059] [-0.09503825008869171, -0.2127160131931305, 0.29160013794898987, 1.029463291168213, 0.445878803730011, -0.46280503273010254] [0.1411699652671814, -0.8621499538421631, -0.4525719881057739, 0.5139319896697998, 1.5262880325317383, 0.9975999593734741, -1.309994101524353, -1.3008739948272705]
[0.3339785039424896, 0.08447466790676117, 0.2600148320198059] [-0.09477337449789047, -0.2128404676914215, 0.29149073362350464, 1.0300911664962769, 0.44587287306785583, -0.4625791013240814] [0.1411699652671814, -0.8621499538421631, -0.4525719881057739, 0.5139319896697998, 1.5247540473937988, 0.9975999593734741, -1.3115280866622925, -1.3008739948272705]
[0.3339785039424896, 0.08447466790676117, 0.2600148320198059] [-0.09482437372207642, -0.2127639204263687, 0.29159578680992126, 1.0298328399658203, 0.44547560811042786, -0.46267446875572205] [0.13963596522808075, -0.8606159687042236, -0.4541059732437134, 0.5139319896697998, 1.5247540473937988, 0.9975999593734741, -1.309994101524353, -1.2962720394134521]
[0.3339785039424896, 0.08447466790676117, 0.2600148320198059] [-0.09455924481153488, -0.21266604959964752, 0.2914372384548187, 1.0292452573776245, 0.4464402496814728, -0.46094071865081787] [0.13656796514987946, -0.8560140132904053, -0.4541059732437134, 0.5139319896697998, 1.5247540473937988, 0.9975999593734741, -1.2977221012115479, -1.2763299942016602]
[0.3339785039424896, 0.08447466790676117, 0.2600148320198059] [-0.09263063222169876, -0.21087270975112915, 0.2944680154323578, 1.0421583652496338, 0.42789527773857117, -0.4434869587421417] [0.12276195734739304, -0.846809983253479, -0.4541059732437134, 0.5139319896697998, 1.5232200622558594, 0.9975999593734741, -1.2854501008987427, -1.245650053024292]
[0.3339785039424896, 0.08447466790676117, 0.2600148320198059] [-0.09541966021060944, -0.20796051621437073, 0.30103445053100586, 1.056941270828247, 0.39148223400115967, -0.4264509379863739] [0.10895595699548721, -0.8314700126647949, -0.4541059732437134, 0.5139319896697998, 1.5232200622558594, 0.9975999593734741, -1.2793140411376953, -1.2241740226745605]
[0.3339785039424896, 0.08447466790676117, 0.2600148320198059] [-0.09370783716440201, -0.203431636095047, 0.30841800570487976, 1.0760998725891113, 0.3502163290977478, -0.39626768231391907] [0.08134396374225616, -0.8053919672966003, -0.4541059732437134, 0.5139319896697998, 1.5232200622558594, 0.9975999593734741, -1.2793140411376953, -1.222640037536621]
[0.3339785039424896, 0.08447466790676117, 0.2600148320198059] [-0.08843766152858734, -0.1967521607875824, 0.3158798813819885, 1.0969136953353882, 0.30755940079689026, -0.3514839708805084] [0.03839196264743805, -0.7670419812202454, -0.4525719881057739, 0.5139319896697998, 1.52168607711792, 0.9975999593734741, -1.2793140411376953, -1.222640037536621]
[0.3339785039424896, 0.08447466790676117, 0.2600148320198059] [-0.08397943526506424, -0.1915297508239746, 0.32090774178504944, 1.106909990310669, 0.27910116314888, -0.3176215589046478] [0.009245961904525757, -0.7332940101623535, -0.4525719881057739, 0.5139319896697998, 1.52168607711792, 0.9975999593734741, -1.2793140411376953, -1.222640037536621]
[0.3339785039424896, 0.08447466790676117, 0.2600148320198059] [-0.07736361771821976, -0.18279734253883362, 0.3279152512550354, 1.1213266849517822, 0.24016772210597992, -0.2638590335845947] [-0.024502038955688477, -0.6811379790306091, -0.4525719881057739, 0.5139319896697998, 1.5232200622558594, 0.9975999593734741, -1.2793140411376953, -1.2241740226745605]
[0.3339785039424896, 0.08447466790676117, 0.2600148320198059] [-0.06674325466156006, -0.1644151508808136, 0.3380756974220276, 1.1303685903549194, 0.18590669333934784, -0.16054482758045197] [-0.07972604036331177, -0.5814279913902283, -0.44950395822525024, 0.5139319896697998, 1.52168607711792, 0.9975999593734741, -1.2762460708618164, -1.222640037536621]
[0.3339785039424896, 0.08447466790676117, 0.2600148320198059] [-0.06024746969342232, -0.14858688414096832, 0.3440534770488739, 1.1297965049743652, 0.15623266994953156, -0.07791446149349213] [-0.10733804106712341, -0.4909219741821289, -0.44950395822525024, 0.5123980045318604, 1.5232200622558594, 0.9975999593734741, -1.2793140411376953, -1.2241740226745605]
[0.3339785039424896, 0.08447466790676117, 0.2600148320198059] [-0.056722547858953476, -0.13880254328250885, 0.34798383712768555, 1.1266952753067017, 0.1371752917766571, -0.02795601263642311] [-0.12421204149723053, -0.44643598794937134, -0.4479699730873108, 0.5123980045318604, 1.52168607711792, 0.9975999593734741, -1.2793140411376953, -1.2241740226745605]
[0.3339785039424896, 0.08447466790676117, 0.2600148320198059] [-0.05291358008980751, -0.12493976205587387, 0.3527516722679138, 1.1195701360702515, 0.11496133357286453, 0.04132756218314171] [-0.1456880420446396, -0.3835419714450836, -0.4479699730873108, 0.5123980045318604, 1.52168607711792, 0.9975999593734741, -1.2793140411376953, -1.2241740226745605]
[0.3339785039424896, 0.08447466790676117, 0.2600148320198059] [-0.051173578947782516, -0.11649332195520401, 0.3548314571380615, 1.113885760307312, 0.10574623942375183, 0.08197738230228424] [-0.15642604231834412, -0.3344539701938629, -0.44950395822525024, 0.5139319896697998, 1.5232200622558594, 0.9975999593734741, -1.2793140411376953, -1.2241740226745605]
[0.3339785039424896, 0.08447466790676117, 0.2600148320198059] [-0.04852961748838425, -0.09418702870607376, 0.35769402980804443, 1.0988929271697998, 0.09562883526086807, 0.18981730937957764] [-0.1686980426311493, -0.23167596757411957, -0.4510379731655121, 0.5123980045318604, 1.52168607711792, 0.9975999593734741, -1.2808480262756348, -1.2241740226745605]
[0.3339785039424896, 0.08447466790676117, 0.2600148320198059] [-0.048252057284116745, -0.08392258733510971, 0.35933542251586914, 1.0907024145126343, 0.08934535831212997, 0.23924891650676727] [-0.17636804282665253, -0.17338396608829498, -0.4525719881057739, 0.5123980045318604, 1.52168607711792, 0.9975999593734741, -1.2808480262756348, -1.2241740226745605]
[0.3339785039424896, 0.08447466790676117, 0.2600148320198059] [-0.049064751714468, -0.06451249867677689, 0.36215171217918396, 1.063989281654358, 0.08089602738618851, 0.3317379653453827] [-0.1947760432958603, -0.07367396354675293, -0.4587079882621765, 0.5123980045318604, 1.5201520919799805, 0.9975999593734741, -1.2808480262756348, -1.2257080078125]
[0.3339785039424896, 0.08447466790676117, 0.2600148320198059] [-0.05041157454252243, -0.05298333987593651, 0.36312440037727356, 1.045759916305542, 0.07887275516986847, 0.38800573348999023] [-0.19937804341316223, -0.026119962334632874, -0.46024197340011597, 0.5123980045318604, 1.4864040613174438, 0.9975999593734741, -1.2808480262756348, -1.2257080078125]
[0.3339785039424896, 0.08447466790676117, 0.2600148320198059] [-0.05116374418139458, -0.047780655324459076, 0.3628996014595032, 1.0026607513427734, 0.07877562940120697, 0.41356149315834045] [-0.20244604349136353, 0.00762803852558136, -0.46024197340011597, 0.5123980045318604, 1.4465200901031494, 0.9975999593734741, -1.2823820114135742, -1.2257080078125]
[0.3339785039424896, 0.08447466790676117, 0.2600148320198059] [-0.05294422432780266, -0.038477785885334015, 0.3620823621749878, 0.945099413394928, 0.0828874260187149, 0.46039310097694397] [-0.20244604349136353, 0.05211403965950012, -0.46637797355651855, 0.5123980045318604, 1.4281120300292969, 0.9975999593734741, -1.2823820114135742, -1.2272419929504395]
[0.3339785039424896, 0.08447466790676117, 0.2600148320198059] [-0.054389774799346924, -0.03177172690629959, 0.36118870973587036, 0.9307113885879517, 0.08893473446369171, 0.49344322085380554] [-0.20244604349136353, 0.087396040558815, -0.47864997386932373, 0.5123980045318604, 1.425044059753418, 0.9975999593734741, -1.2839161157608032, -1.2272419929504395]
[0.3339785039424896, 0.08447466790676117, 0.2600148320198059] [-0.056048762053251266, -0.02533724717795849, 0.3602472245693207, 0.913127064704895, 0.09678224474191666, 0.5245146751403809] [-0.20244604349136353, 0.12728004157543182, -0.4939899742603302, 0.5123980045318604, 1.425044059753418, 0.9975999593734741, -1.2869840860366821, -1.2318439483642578]
[0.3339785039424896, 0.08447466790676117, 0.2600148320198059] [-0.0577067956328392, -0.01798584870994091, 0.3573567569255829, 0.8854982852935791, 0.11544042080640793, 0.5602083206176758] [-0.20244604349136353, 0.1625620424747467, -0.5169999599456787, 0.5123980045318604, 1.425044059753418, 0.9975999593734741, -1.29312002658844, -1.2395139932632446]
[0.3339785039424896, 0.08447466790676117, 0.2600148320198059] [-0.057893455028533936, -0.014918002299964428, 0.35508784651756287, 0.8696529865264893, 0.1288064867258072, 0.57527095079422] [-0.20244604349136353, 0.1855720430612564, -0.533873975276947, 0.5016599893569946, 1.425044059753418, 0.9975999593734741, -1.3053920269012451, -1.2533199787139893]
[0.3339785039424896, 0.08447466790676117, 0.2600148320198059] [-0.05763859301805496, -0.009073696099221706, 0.35291787981987, 0.8608161807060242, 0.13695989549160004, 0.5977283120155334] [-0.20398004353046417, 0.21778604388237, -0.5384759902954102, 0.49859195947647095, 1.425044059753418, 0.9975999593734741, -1.3207321166992188, -1.264057993888855]
[0.3339785039424896, 0.08447466790676117, 0.2600148320198059] [-0.05708352476358414, -0.005828505847603083, 0.3506198823451996, 0.8649466633796692, 0.14694362878799438, 0.615092933177948] [-0.20244604349136353, 0.2346600443124771, -0.5384759902954102, 0.49859195947647095, 1.425044059753418, 0.9975999593734741, -1.333004117012024, -1.2809319496154785]
[0.3339785039424896, 0.08447466790676117, 0.2600148320198059] [-0.05627796798944473, -0.002392849884927273, 0.3477724492549896, 0.8710931539535522, 0.15880806744098663, 0.6343575119972229] [-0.20244604349136353, 0.2576700448989868, -0.5384759902954102, 0.49859195947647095, 1.425044059753418, 0.9975999593734741, -1.345276117324829, -1.2901359796524048]
[0.3339785039424896, 0.08447466790676117, 0.2600148320198059] [-0.05681329593062401, 0.0037778555415570736, 0.3434070348739624, 0.8765478730201721, 0.1773848533630371, 0.6699397563934326] [-0.19784404337406158, 0.2929520606994629, -0.5446119904518127, 0.49859195947647095, 1.425044059753418, 0.9975999593734741, -1.345276117324829, -1.2886019945144653]
[0.3339785039424896, 0.08447466790676117, 0.2600148320198059] [-0.05805489420890808, 0.0074507975950837135, 0.34255462884902954, 0.8704896569252014, 0.18238762021064758, 0.6896834373474121] [-0.19937804341316223, 0.3128940463066101, -0.5553499460220337, 0.49859195947647095, 1.4143060445785522, 0.9975999593734741, -1.345276117324829, -1.2886019945144653]
[0.3339785039424896, 0.08447466790676117, 0.2600148320198059] [-0.058274053037166595, 0.008120083250105381, 0.3407558500766754, 0.8261125087738037, 0.19372549653053284, 0.6921507120132446] [-0.19784404337406158, 0.3297680616378784, -0.5768259763717651, 0.49859195947647095, 1.402034044265747, 0.9975999593734741, -1.345276117324829, -1.2886019945144653]
[0.3339785039424896, 0.08447466790676117, 0.2600148320198059] [-0.058053962886333466, 0.007728999946266413, 0.3401179909706116, 0.8148324489593506, 0.19826608896255493, 0.6892997026443481] [-0.19937804341316223, 0.3297680616378784, -0.5860300064086914, 0.49859195947647095, 1.402034044265747, 0.9975999593734741, -1.345276117324829, -1.2886019945144653]
[0.3339785039424896, 0.08447466790676117, 0.2600148320198059] [-0.057906270027160645, 0.0075063849799335, 0.33975258469581604, 0.8093159198760986, 0.2009119689464569, 0.6876651644706726] [-0.19937804341316223, 0.3297680616378784, -0.5936999917030334, 0.49859195947647095, 1.402034044265747, 0.9975999593734741, -1.345276117324829, -1.2932039499282837]
[0.3339785039424896, 0.08447466790676117, 0.2600148320198059] [-0.057162679731845856, 0.006516820285469294, 0.3380157947540283, 0.7786828875541687, 0.21159164607524872, 0.6816235184669495] [-0.19937804341316223, 0.3297680616378784, -0.6151759624481201, 0.49859195947647095, 1.389762043952942, 0.9975999593734741, -1.3529460430145264, -1.2978060245513916]
[0.3339785039424896, 0.08447466790676117, 0.2600148320198059] [-0.05656730756163597, 0.006184936501085758, 0.3369743824005127, 0.7704457640647888, 0.21679696440696716, 0.6798727512359619] [-0.19937804341316223, 0.33437004685401917, -0.6243799924850464, 0.49859195947647095, 1.386694073677063, 0.9975999593734741, -1.366752028465271, -1.3116120100021362]
[0.3339785039424896, 0.08447466790676117, 0.2600148320198059] [-0.0539889931678772, 0.0055741965770721436, 0.333651602268219, 0.7493093013763428, 0.2296203374862671, 0.6796991229057312] [-0.20091204345226288, 0.335904061794281, -0.630515992641449, 0.49859195947647095, 1.3590821027755737, 0.9975999593734741, -1.3820921182632446, -1.3254179954528809]
[0.3339785039424896, 0.08447466790676117, 0.2600148320198059] [-0.052444230765104294, 0.005419816356152296, 0.3318387269973755, 0.7438003420829773, 0.23617541790008545, 0.6804755926132202] [-0.20244604349136353, 0.335904061794281, -0.6320499777793884, 0.49859195947647095, 1.3422080278396606, 0.9975999593734741, -1.386694073677063, -1.3300199508666992]
[0.3339785039424896, 0.08447466790676117, 0.2600148320198059] [-0.05082433670759201, 0.005095106083899736, 0.32962271571159363, 0.7178663015365601, 0.24397067725658417, 0.681562066078186] [-0.20244604349136353, 0.33743804693222046, -0.6320499777793884, 0.49859195947647095, 1.3176640272140503, 0.9975999593734741, -1.386694073677063, -1.3300199508666992]
[0.3339785039424896, 0.08447466790676117, 0.2600148320198059] [-0.05041559040546417, 0.004889859352260828, 0.32899245619773865, 0.7009071707725525, 0.24615681171417236, 0.6814720034599304] [-0.20244604349136353, 0.3389720320701599, -0.6335839629173279, 0.5001260042190552, 1.2992560863494873, 0.9975999593734741, -1.3882280588150024, -1.3300199508666992]
[0.3339785039424896, 0.08447466790676117, 0.2600148320198059] [-0.05033000186085701, 0.004834112245589495, 0.32857030630111694, 0.6881793141365051, 0.2477349489927292, 0.6829406023025513] [-0.20244604349136353, 0.33743804693222046, -0.6335839629173279, 0.5001260042190552, 1.2854501008987427, 0.9975999593734741, -1.3912960290908813, -1.3330880403518677]
[0.3339785039424896, 0.08447466790676117, 0.2600148320198059] [-0.049871671944856644, 0.004679698031395674, 0.327928751707077, 0.6778542995452881, 0.24960289895534515, 0.6833893060684204] [-0.20244604349136353, 0.33743804693222046, -0.6335839629173279, 0.5001260042190552, 1.2808480262756348, 0.9975999593734741, -1.3989660739898682, -1.340757966041565]
[0.3339785039424896, 0.08447466790676117, 0.2600148320198059] [-0.050048407167196274, 0.005389078054577112, 0.325788289308548, 0.6835845112800598, 0.2620728611946106, 0.696249783039093] [-0.20244604349136353, 0.3389720320701599, -0.6335839629173279, 0.5154659748077393, 1.2808480262756348, 0.9975999593734741, -1.406636118888855, -1.3514959812164307]
[0.3339785039424896, 0.08447466790676117, 0.2600148320198059] [-0.048875343054533005, 0.005411532707512379, 0.32346221804618835, 0.6914559602737427, 0.27094581723213196, 0.6995955109596252] [-0.20244604349136353, 0.3389720320701599, -0.6335839629173279, 0.5154659748077393, 1.2808480262756348, 0.9975999593734741, -1.4204421043395996, -1.3622339963912964]
[0.3339785039424896, 0.08447466790676117, 0.2600148320198059] [-0.04752383008599281, 0.00523343263193965, 0.3214566111564636, 0.6985386610031128, 0.27746641635894775, 0.7013917565345764] [-0.20244604349136353, 0.3389720320701599, -0.6320499777793884, 0.5200679898262024, 1.2808480262756348, 0.9975999593734741, -1.4265780448913574, -1.3699040412902832]
[0.3339785039424896, 0.08447466790676117, 0.2600148320198059] [-0.04636095464229584, 0.005375240463763475, 0.3188670873641968, 0.7075909972190857, 0.28777557611465454, 0.7075214385986328] [-0.20091204345226288, 0.3389720320701599, -0.6320499777793884, 0.5231359601020813, 1.2808480262756348, 0.9975999593734741, -1.441918134689331, -1.3837100267410278]
[0.3339785039424896, 0.08447466790676117, 0.2600148320198059] [-0.046137046068906784, 0.005982652772217989, 0.3158792555332184, 0.7186522483825684, 0.3024258613586426, 0.7206416130065918] [-0.19631004333496094, 0.3389720320701599, -0.6320499777793884, 0.5415439605712891, 1.2793140411376953, 0.9975999593734741, -1.4480540752410889, -1.3898459672927856]
[0.3339785039424896, 0.08447466790676117, 0.2600148320198059] [-0.04680407792329788, 0.006745521444827318, 0.31207799911499023, 0.7358384132385254, 0.32073187828063965, 0.7371015548706055] [-0.19017404317855835, 0.3389720320701599, -0.6320499777793884, 0.5522819757461548, 1.2808480262756348, 0.9975999593734741, -1.4541900157928467, -1.3944480419158936]
[0.3339785039424896, 0.08447466790676117, 0.2600148320198059] [-0.046330586075782776, 0.007059038151055574, 0.3100585341453552, 0.7432678937911987, 0.32956019043922424, 0.7445084452629089] [-0.1886400431394577, 0.3389720320701599, -0.6320499777793884, 0.5522819757461548, 1.2808480262756348, 0.9975999593734741, -1.4541900157928467, -1.3944480419158936]
[0.3339785039424896, 0.08447466790676117, 0.2600148320198059] [-0.04622102901339531, 0.007117853034287691, 0.30951935052871704, 0.7471131682395935, 0.33108144998550415, 0.7456943988800049] [-0.19017404317855835, 0.3389720320701599, -0.630515992641449, 0.5522819757461548, 1.2808480262756348, 0.9975999593734741, -1.4541900157928467, -1.3944480419158936]
[0.3339785039424896, 0.08447466790676117, 0.2600148320198059] [-0.046168483793735504, 0.007137295790016651, 0.3093537986278534, 0.7475435733795166, 0.3315747380256653, 0.7458264827728271] [-0.1886400431394577, 0.33743804693222046, -0.630515992641449, 0.5522819757461548, 1.2808480262756348, 0.9975999593734741, -1.4541900157928467, -1.3944480419158936]
[0.3339785039424896, 0.08447466790676117, 0.2600148320198059] [-0.04614152014255524, 0.007229562848806381, 0.3093273937702179, 0.7474542260169983, 0.3319883346557617, 0.7457793951034546] [-0.19017404317855835, 0.3389720320701599, -0.630515992641449, 0.5522819757461548, 1.2808480262756348, 0.9975999593734741, -1.4541900157928467, -1.3944480419158936]
[0.3339785039424896, 0.08447466790676117, 0.2600148320198059] [-0.0461239367723465, 0.007227002177387476, 0.30930033326148987, 0.7475873827934265, 0.3321065306663513, 0.7458184361457825] [-0.1886400431394577, 0.33743804693222046, -0.630515992641449, 0.5522819757461548, 1.2808480262756348, 0.9975999593734741, -1.4541900157928467, -1.395982027053833]
[0.3339785039424896, 0.08447466790676117, 0.2600148320198059] [-0.04613708332180977, 0.007258805446326733, 0.3093242645263672, 0.7473942041397095, 0.3320871591567993, 0.7457548975944519] [-0.1886400431394577, 0.33743804693222046, -0.630515992641449, 0.5522819757461548, 1.2808480262756348, 0.9975999593734741, -1.4541900157928467, -1.395982027053833]
[0.3339785039424896, 0.08447466790676117, 0.2600148320198059] [-0.04602115973830223, 0.0072201392613351345, 0.30950865149497986, 0.7466104030609131, 0.33111289143562317, 0.745456337928772] [-0.1886400431394577, 0.33743804693222046, -0.630515992641449, 0.5522819757461548, 1.2808480262756348, 0.9975999593734741, -1.4541900157928467, -1.3944480419158936]
[0.3339785039424896, 0.08447466790676117, 0.2600148320198059] [-0.0461021289229393, 0.007205734495073557, 0.3092332184314728, 0.7478650212287903, 0.33213725686073303, 0.745821475982666] [-0.1886400431394577, 0.33743804693222046, -0.630515992641449, 0.5522819757461548, 1.2808480262756348, 0.9975999593734741, -1.4541900157928467, -1.3944480419158936]
[0.3339785039424896, 0.08447466790676117, 0.2600148320198059] [-0.046544402837753296, 0.006884870585054159, 0.31012338399887085, 0.7461342811584473, 0.3257935643196106, 0.7436028718948364] [-0.1886400431394577, 0.33743804693222046, -0.6289819478988647, 0.5507479906082153, 1.2823820114135742, 0.031200004741549492, -1.4526560306549072, -1.395982027053833]
[0.3339785039424896, 0.08447466790676117, 0.2600148320198059] [-0.04662179946899414, 0.006897629704326391, 0.30985891819000244, 0.7472087144851685, 0.3268654942512512, 0.743959903717041] [-0.1886400431394577, 0.33743804693222046, -0.6289819478988647, 0.5507479906082153, 1.2808480262756348, 0.031200004741549492, -1.4526560306549072, -1.395982027053833]
[0.3339785039424896, 0.08447466790676117, 0.2600148320198059] [-0.046556323766708374, 0.006901092827320099, 0.3097745180130005, 0.7491305470466614, 0.3272228240966797, 0.7441008687019348] [-0.1886400431394577, 0.33743804693222046, -0.6289819478988647, 0.5507479906082153, 1.2808480262756348, 0.031200004741549492, -1.4526560306549072, -1.3975160121917725]
[0.3339785039424896, 0.08447466790676117, 0.2600148320198059] [-0.046568866819143295, 0.006895797792822123, 0.3097798228263855, 0.7474808096885681, 0.327178955078125, 0.7440744638442993] [-0.1886400431394577, 0.33743804693222046, -0.6289819478988647, 0.5507479906082153, 1.2823820114135742, 0.031200004741549492, -1.4526560306549072, -1.3975160121917725]
[0.3339785039424896, 0.08447466790676117, 0.2600148320198059] [-0.04657672718167305, 0.00684999767690897, 0.30966413021087646, 0.7459197044372559, 0.3279094994068146, 0.7436398267745972] [-0.1886400431394577, 0.33743804693222046, -0.6289819478988647, 0.5522819757461548, 1.2808480262756348, 0.031200004741549492, -1.4541900157928467, -1.4036519527435303]
[0.3339785039424896, 0.08447466790676117, 0.2600148320198059] [-0.046481311321258545, 0.006821606773883104, 0.3093859851360321, 0.7485823631286621, 0.32778021693229675, 0.7443853616714478] [-0.1886400431394577, 0.33743804693222046, -0.6289819478988647, 0.5522819757461548, 1.2808480262756348, 0.031200004741549492, -1.4541900157928467, -1.4036519527435303]
[0.3339785039424896, 0.08447466790676117, 0.2600148320198059] [-0.04641398787498474, 0.00686438987031579, 0.3092135190963745, 0.7489541172981262, 0.32832470536231995, 0.7444682717323303] [-0.1886400431394577, 0.33743804693222046, -0.6289819478988647, 0.5507479906082153, 1.2808480262756348, 0.031200004741549492, -1.4541900157928467, -1.4036519527435303]
[0.3339785039424896, 0.08447466790676117, 0.2600148320198059] [-0.04636910930275917, 0.006811986677348614, 0.3091354966163635, 0.7493602633476257, 0.32841062545776367, 0.7445788383483887] [-0.1886400431394577, 0.33743804693222046, -0.6289819478988647, 0.5507479906082153, 1.2808480262756348, 0.031200004741549492, -1.4541900157928467, -1.4021179676055908]
