[0.6256681680679321, -0.004682446829974651, 0.2504991292953491] [0.3820079565048218, -0.8007899522781372, -0.07060596346855164, 0.912771999835968, 0.8835420608520508, 0.9971999526023865, -1.193410038948059, -1.1934939622879028] [0.15666529536247253, -0.16246116161346436, 0.02383771352469921, 0.8844791054725647, 0.4220083951950073, 0.11967174708843231]
[1.2538598775863647, 0.031209813430905342, 0.25825706124305725] [0.35132795572280884, -0.8023239970207214, -0.05833396315574646, 0.9097039699554443, 0.8835420608520508, 0.9971999526023865, -1.2072160243988037, -1.1934939622879028] [0.16006538271903992, -0.16285844147205353, 0.03094695508480072, 0.8852410316467285, 0.3742305338382721, 0.11279383301734924]
[1.2538598775863647, 0.031209813430905342, 0.25825706124305725] [0.2915019690990448, -0.8007899522781372, -0.05219796299934387, 0.9097039699554443, 0.8835420608520508, 0.9971999526023865, -1.2271580696105957, -1.2011640071868896] [0.1666925847530365, -0.1620195508003235, 0.048312943428754807, 0.884371817111969, 0.2644842863082886, 0.11395087093114853]
[1.3979706764221191, -0.003724313573911786, 0.30530813336372375] [0.20099596679210663, -0.7854499816894531, -0.03225596249103546, 0.912771999835968, 0.8835420608520508, 0.9968000054359436, -1.236362099647522, -1.205765962600708] [0.17238911986351013, -0.15326638519763947, 0.05859830603003502, 0.8910461664199829, 0.197847381234169, 0.16396251320838928]
[1.3979706764221191, -0.003724313573911786, 0.30530813336372375] [0.1442379653453827, -0.6903419494628906, -0.03225596249103546, 0.9112379550933838, 0.8835420608520508, 0.9971999526023865, -1.236362099647522, -1.2042319774627686] [0.18146827816963196, -0.1305936574935913, 0.07119432091712952, 0.888422429561615, 0.12049786746501923, 0.28241145610809326]
[1.1258528232574463, -0.10427577048540115, 0.32176217436790466] [0.08134396374225616, -0.5844959616661072, -0.04452796280384064, 0.8928300142288208, 0.8835420608520508, 0.9971999526023865, -1.2394300699234009, -1.2042319774627686] [0.18345418572425842, -0.12231825292110443, 0.07327938824892044, 0.8786051869392395, 0.1112247109413147, 0.3249717950820923]
[1.1258528232574463, -0.10427577048540115, 0.32176217436790466] [0.07367396354675293, -0.5492140054702759, -0.061401963233947754, 0.8928300142288208, 0.8820080757141113, 0.9971999526023865, -1.2394300699234009, -1.2042319774627686] [0.18444059789180756, -0.11213771253824234, 0.07371868938207626, 0.8553179502487183, 0.11658310145139694, 0.38245338201522827]
[1.6935265064239502, -0.10408037155866623, 0.35836201906204224] [0.030721962451934814, -0.4126879572868347, -0.13196596503257751, 0.8943639993667603, 0.8820080757141113, 0.9971999526023865, -1.2409640550613403, -1.202697992324829] [0.1847056746482849, -0.08200139552354813, 0.07679295539855957, 0.798109769821167, 0.1204831600189209, 0.5463679432868958]
[1.6935265064239502, -0.10408037155866623, 0.35836201906204224] [-0.003026038408279419, -0.2746279835700989, -0.16264596581459045, 0.8958979845046997, 0.8820080757141113, 0.9971999526023865, -1.2409640550613403, -1.2042319774627686] [0.1827869713306427, -0.06548627465963364, 0.07778716087341309, 0.7711699604988098, 0.1252325177192688, 0.635164737701416]
[1.6935265064239502, -0.10408037155866623, 0.35836201906204224] [-0.004560038447380066, -0.24701596796512604, -0.21173396706581116, 0.8958979845046997, 0.8820080757141113, 0.9971999526023865, -1.2394300699234009, -1.1996300220489502] [0.1815149337053299, -0.06677123159170151, 0.06795771420001984, 0.7071062922477722, 0.2066626250743866, 0.634860098361969]
[1.6935265064239502, -0.10408037155866623, 0.35836201906204224] [-0.004560038447380066, -0.22093796730041504, -0.30684196949005127, 0.9097039699554443, 0.8820080757141113, 0.9968000054359436, -1.2348281145095825, -1.1934939622879028] [0.17887365818023682, -0.06061764061450958, 0.06298694759607315, 0.6818996667861938, 0.2478843331336975, 0.6773263216018677]
[1.6935265064239502, -0.10408037155866623, 0.35836201906204224] [-0.001492038369178772, -0.18565596640110016, -0.3267839550971985, 0.9097039699554443, 0.8804740905761719, 0.9968000054359436, -1.236362099647522, -1.1934939622879028] [0.1773831695318222, -0.05474570766091347, 0.06202669441699982, 0.6732894778251648, 0.2562186121940613, 0.7108277678489685]
[1.6935265064239502, -0.10408037155866623, 0.35836201906204224] [-0.001492038369178772, -0.12889796495437622, -0.33598798513412476, 0.9097039699554443, 0.8804740905761719, 0.9968000054359436, -1.2471001148223877, -1.2042319774627686] [0.17479825019836426, -0.04624094069004059, 0.0605444610118866, 0.6683564186096191, 0.26678144931793213, 0.7601749897003174]
[1.2473602294921875, -0.09452714025974274, 0.3027498424053192] [0.004643961787223816, -0.11662595719099045, -0.3405899703502655, 0.9081699848175049, 0.8804740905761719, 0.9968000054359436, -1.2471001148223877, -1.2042319774627686] [0.17420504987239838, -0.044961117208004, 0.05960877239704132, 0.6706704497337341, 0.2712668180465698, 0.7684658765792847]
[1.2473602294921875, -0.09452714025974274, 0.3027498424053192] [0.006177961826324463, -0.1150919571518898, -0.34212398529052734, 0.9081699848175049, 0.8804740905761719, 0.9971999526023865, -1.2471001148223877, -1.2042319774627686] [0.1742706149816513, -0.04512732848525047, 0.059238582849502563, 0.6703444719314575, 0.2732343375682831, 0.7669437527656555]
[1.1315362453460693, -0.051561541855335236, 0.30012214183807373] [0.00771196186542511, -0.11355795711278915, -0.34212398529052734, 0.9081699848175049, 0.8804740905761719, 0.9971999526023865, -1.2471001148223877, -1.2042319774627686] [0.1743515133857727, -0.04539519548416138, 0.05923795327544212, 0.670335590839386, 0.2732425630092621, 0.7654074430465698]
[1.1315362453460693, -0.051561541855335236, 0.30012214183807373] [0.006177961826324463, -0.11355795711278915, -0.34212398529052734, 0.9097039699554443, 0.8804740905761719, 0.9971999526023865, -1.2471001148223877, -1.2042319774627686] [0.1741350144147873, -0.045021139085292816, 0.05920751765370369, 0.670765221118927, 0.2735540270805359, 0.7685019969940186]
[1.5347182750701904, -0.04482610896229744, 0.27159014344215393] [0.00771196186542511, -0.11355795711278915, -0.34212398529052734, 0.9097039699554443, 0.8804740905761719, 0.9971999526023865, -1.2471001148223877, -1.2042319774627686] [0.1742706149816513, -0.04512732848525047, 0.059238582849502563, 0.6703444719314575, 0.2732343375682831, 0.7669437527656555]
[1.5347182750701904, -0.04482610896229744, 0.27159014344215393] [0.00771196186542511, -0.11355795711278915, -0.34212398529052734, 0.9097039699554443, 0.8804740905761719, 0.9971999526023865, -1.2471001148223877, -1.2042319774627686] [0.17433294653892517, -0.04512732848525047, 0.05950595811009407, 0.6692392826080322, 0.27212968468666077, 0.766646146774292]
[1.5347182750701904, -0.04482610896229744, 0.27159014344215393] [0.00771196186542511, -0.1150919571518898, -0.34212398529052734, 0.9081699848175049, 0.8804740905761719, 0.9968000054359436, -1.2471001148223877, -1.2042319774627686] [0.17414288222789764, -0.044961117208004, 0.059341587126255035, 0.6717774868011475, 0.2723695635795593, 0.7687631249427795]
[1.5347182750701904, -0.04482610896229744, 0.27159014344215393] [0.00771196186542511, -0.11355795711278915, -0.3405899703502655, 0.9081699848175049, 0.8804740905761719, 0.9968000054359436, -1.2471001148223877, -1.2042319774627686] [0.17427848279476166, -0.045067351311445236, 0.059372514486312866, 0.671358585357666, 0.2720514237880707, 0.7672051191329956]
[1.5347182750701904, -0.04482610896229744, 0.27159014344215393] [0.00771196186542511, -0.11355795711278915, -0.3405899703502655, 0.9081699848175049, 0.8804740905761719, 0.9968000054359436, -1.2471001148223877, -1.202697992324829] [0.17421598732471466, -0.045067351311445236, 0.05910521373152733, 0.6724643707275391, 0.27315554022789, 0.7675028443336487]
[1.5347182750701904, -0.04482610896229744, 0.27159014344215393] [0.00771196186542511, -0.1150919571518898, -0.3405899703502655, 0.9081699848175049, 0.8804740905761719, 0.9971999526023865, -1.2455661296844482, -1.202697992324829] [0.17408031225204468, -0.044961117208004, 0.05907449871301651, 0.6728851199150085, 0.27347201108932495, 0.7690616846084595]
[2.530026435852051, -0.06742867082357407, 0.25766295194625854] [0.003109961748123169, -0.1150919571518898, -0.3329199552536011, 0.9066359996795654, 0.8804740905761719, 0.014000005088746548, -1.2455661296844482, -1.2011640071868896] [0.17499859631061554, -0.04546225816011429, 0.06131024286150932, 0.6722115278244019, 0.2599060535430908, 0.7614229917526245]
[2.530026435852051, -0.06742867082357407, 0.25766295194625854] [4.1961669921875e-05, -0.11662595719099045, -0.32985198497772217, 0.905102014541626, 0.8804740905761719, 0.03360000252723694, -1.2455661296844482, -1.2011640071868896] [0.17512309551239014, -0.04540384188294411, 0.0619816817343235, 0.6710359454154968, 0.25650471448898315, 0.7611227631568909]
[2.530026435852051, -0.06742867082357407, 0.25766295194625854] [-0.001492038369178772, -0.11662595719099045, -0.32985198497772217, 0.905102014541626, 0.8804740905761719, 0.03360000252723694, -1.2455661296844482, -1.202697992324829] [0.1751876324415207, -0.045345619320869446, 0.06238482519984245, 0.6709553599357605, 0.2542138397693634, 0.7611058354377747]
[2.530026435852051, -0.06742867082357407, 0.25766295194625854] [-0.004560038447380066, -0.1181599572300911, -0.3267839550971985, 0.9035679697990417, 0.8804740905761719, 0.03360000252723694, -1.2455661296844482, -1.2011640071868896] [0.17601867020130157, -0.04582276567816734, 0.06436662375926971, 0.6653232574462891, 0.24419409036636353, 0.753846287727356]
[2.530026435852051, -0.06742867082357407, 0.25766295194625854] [-0.035240039229393005, -0.1181599572300911, -0.32218196988105774, 0.9004999995231628, 0.8804740905761719, 0.03360000252723694, -1.2455661296844482, -1.2011640071868896] [0.17712204158306122, -0.0457080639898777, 0.07059507071971893, 0.6436903476715088, 0.2171892523765564, 0.7489879131317139]
[2.530026435852051, -0.06742867082357407, 0.25766295194625854] [-0.06745404005050659, -0.1181599572300911, -0.32218196988105774, 0.9004999995231628, 0.8804740905761719, 0.03360000252723694, -1.2455661296844482, -1.2011640071868896] [0.17802812159061432, -0.04570286348462105, 0.07607889175415039, 0.6251951456069946, 0.19308848679065704, 0.7439475059509277]
[2.530026435852051, -0.06742867082357407, 0.25766295194625854] [-0.08893004059791565, -0.11969395726919174, -0.31604596972465515, 0.9004999995231628, 0.8804740905761719, 0.03360000252723694, -1.2455661296844482, -1.2011640071868896] [0.1789345145225525, -0.045533712953329086, 0.08497186750173569, 0.5956166982650757, 0.15454822778701782, 0.7392821311950684]
[2.530026435852051, -0.06742867082357407, 0.25766295194625854] [-0.14415404200553894, -0.11969395726919174, -0.3145119547843933, 0.8989659547805786, 0.8804740905761719, 0.03360000252723694, -1.2455661296844482, -1.2011640071868896] [0.18006636202335358, -0.04651198536157608, 0.09262596815824509, 0.5671555399894714, 0.12166108191013336, 0.7265172600746155]
[2.530026435852051, -0.06742867082357407, 0.25766295194625854] [-0.1855720430612564, -0.12582996487617493, -0.3145119547843933, 0.8928300142288208, 0.8804740905761719, 0.03360000252723694, -1.2455661296844482, -1.202697992324829] [0.180495023727417, -0.047595612704753876, 0.10319791734218597, 0.5293487906455994, 0.07711582630872726, 0.7167401313781738]
[2.530026435852051, -0.06742867082357407, 0.25766295194625854] [-0.25153404474258423, -0.12736396491527557, -0.3145119547843933, 0.8928300142288208, 0.8804740905761719, 0.03360000252723694, -1.2455661296844482, -1.2011640071868896] [0.1800970882177353, -0.0478668175637722, 0.11345306038856506, 0.4923718273639679, 0.03400261327624321, 0.7131994366645813]
[2.530026435852051, -0.06742867082357407, 0.25766295194625854] [-0.29755404591560364, -0.12889796495437622, -0.31297796964645386, 0.8928300142288208, 0.8804740905761719, 0.03360000252723694, -1.2455661296844482, -1.2011640071868896] [0.17827735841274261, -0.051314614713191986, 0.13474474847316742, 0.4458044767379761, -0.06903605908155441, 0.69732666015625]
[2.530026435852051, -0.06742867082357407, 0.25766295194625854] [-0.39573004841804504, -0.15497596561908722, -0.28383195400238037, 0.8866939544677734, 0.8804740905761719, 0.03360000252723694, -1.2455661296844482, -1.2011640071868896] [0.17850171029567719, -0.05523163080215454, 0.1408100575208664, 0.4433864951133728, -0.10431596636772156, 0.6749059557914734]
[2.530026435852051, -0.06742867082357407, 0.25766295194625854] [-0.40953606367111206, -0.19179196655750275, -0.2792299687862396, 0.8790239691734314, 0.8804740905761719, 0.03360000252723694, -1.2455661296844482, -1.2011640071868896] [0.17963990569114685, -0.06145428493618965, 0.1422424167394638, 0.45142242312431335, -0.11683479696512222, 0.6416876912117004]
[2.530026435852051, -0.06742867082357407, 0.25766295194625854] [-0.41874003410339355, -0.2194039672613144, -0.2792299687862396, 0.8790239691734314, 0.8804740905761719, 0.03360000252723694, -1.2440320253372192, -1.202697992324829] [0.1798754632472992, -0.06508085131645203, 0.1441776007413864, 0.4525071084499359, -0.12903492152690887, 0.6233229041099548]
[2.530026435852051, -0.06742867082357407, 0.25766295194625854] [-0.4279440641403198, -0.24701596796512604, -0.2792299687862396, 0.8790239691734314, 0.8804740905761719, 0.03360000252723694, -1.2440320253372192, -1.202697992324829] [0.18034332990646362, -0.07209055870771408, 0.1468561440706253, 0.45866864919662476, -0.14818133413791656, 0.5875785946846008]
[2.530026435852051, -0.06742867082357407, 0.25766295194625854] [-0.43561404943466187, -0.2776959538459778, -0.2792299687862396, 0.8790239691734314, 0.8804740905761719, 0.03360000252723694, -1.2424980401992798, -1.2011640071868896] [0.180856391787529, -0.0771617516875267, 0.14740508794784546, 0.46770474314689636, -0.15578879415988922, 0.5611679553985596]
[2.530026435852051, -0.06742867082357407, 0.25766295194625854] [-0.43561404943466187, -0.30990996956825256, -0.2792299687862396, 0.8790239691734314, 0.8804740905761719, 0.03360000252723694, -1.2409640550613403, -1.2011640071868896] [0.18122363090515137, -0.081117182970047, 0.14757601916790009, 0.47552406787872314, -0.16053174436092377, 0.5404658317565918]
[2.530026435852051, -0.06742867082357407, 0.25766295194625854] [-0.43561404943466187, -0.3237159848213196, -0.2792299687862396, 0.8790239691734314, 0.8804740905761719, 0.03360000252723694, -1.2394300699234009, -1.202697992324829] [0.18145811557769775, -0.08423058688640594, 0.14768514037132263, 0.4817408323287964, -0.16414543986320496, 0.524162769317627]
[2.530026435852051, -0.06742867082357407, 0.25766295194625854] [-0.43561404943466187, -0.3497939705848694, -0.2792299687862396, 0.8790239691734314, 0.8804740905761719, 0.03360000252723694, -1.2378960847854614, -1.2011640071868896] [0.18176226317882538, -0.08990073204040527, 0.14782670140266418, 0.49320340156555176, -0.17045734822750092, 0.4944387972354889]
[2.530026435852051, -0.06742867082357407, 0.25766295194625854] [-0.44175004959106445, -0.3605319857597351, -0.2792299687862396, 0.8790239691734314, 0.8804740905761719, 0.03360000252723694, -1.2332940101623535, -1.1980960369110107] [0.1809403896331787, -0.09018447250127792, 0.15089213848114014, 0.485657274723053, -0.1856234222650528, 0.49438998103141785]
[2.530026435852051, -0.06742867082357407, 0.25766295194625854] [-0.45862406492233276, -0.37893998622894287, -0.2792299687862396, 0.8774899840354919, 0.8804740905761719, 0.03360000252723694, -1.231760025024414, -1.1980960369110107] [0.18075762689113617, -0.09629050642251968, 0.15241476893424988, 0.4951762855052948, -0.19954881072044373, 0.46225690841674805]
[2.530026435852051, -0.06742867082357407, 0.25766295194625854] [-0.4601580500602722, -0.4050179719924927, -0.2792299687862396, 0.8774899840354919, 0.8804740905761719, 0.03360000252723694, -1.2302260398864746, -1.1965620517730713] [0.18076467514038086, -0.09799545258283615, 0.15241827070713043, 0.498917818069458, -0.2013551890850067, 0.4532652795314789]
[2.530026435852051, -0.06742867082357407, 0.25766295194625854] [-0.4601580500602722, -0.4050179719924927, -0.2792299687862396, 0.8774899840354919, 0.8804740905761719, 0.03360000252723694, -1.2302260398864746, -1.1965620517730713] [0.18084487318992615, -0.09799545258283615, 0.15214093029499054, 0.4996032118797302, -0.1999760866165161, 0.4531286656856537]
[2.530026435852051, -0.06742867082357407, 0.25766295194625854] [-0.45862406492233276, -0.4034839868545532, -0.2792299687862396, 0.8774899840354919, 0.8804740905761719, 0.03360000252723694, -1.231760025024414, -1.1996300220489502] [0.18084487318992615, -0.09799545258283615, 0.15214093029499054, 0.4996032118797302, -0.1999760866165161, 0.4531286656856537]
[2.530026435852051, -0.06742867082357407, 0.25766295194625854] [-0.45862406492233276, -0.4034839868545532, -0.2792299687862396, 0.8790239691734314, 0.8804740905761719, 0.03360000252723694, -1.2332940101623535, -1.1996300220489502] [0.18084487318992615, -0.09799545258283615, 0.15214093029499054, 0.4996032118797302, -0.1999760866165161, 0.4531286656856537]
[2.530026435852051, -0.06742867082357407, 0.25766295194625854] [-0.45862406492233276, -0.4034839868545532, -0.2792299687862396, 0.8790239691734314, 0.8804740905761719, 0.03360000252723694, -1.2332940101623535, -1.1996300220489502] [0.18077261745929718, -0.09785056114196777, 0.15207447111606598, 0.4993150234222412, -0.19940565526485443, 0.45458146929740906]
[2.530026435852051, -0.06742867082357407, 0.25766295194625854] [-0.45862406492233276, -0.40041595697402954, -0.2776959538459778, 0.8820919990539551, 0.8804740905761719, 0.03360000252723694, -1.2332940101623535, -1.202697992324829] [0.17939868569374084, -0.08713831752538681, 0.15179409086704254, 0.48141518235206604, -0.1880469024181366, 0.5205290913581848]
[2.530026435852051, -0.06742867082357407, 0.25766295194625854] [-0.45862406492233276, -0.31604596972465515, -0.26695796847343445, 0.9035679697990417, 0.8804740905761719, 0.03360000252723694, -1.236362099647522, -1.202697992324829] [0.1773122102022171, -0.07131186872720718, 0.1515413075685501, 0.45442289113998413, -0.17232045531272888, 0.6090602278709412]
[2.530026435852051, -0.06742867082357407, 0.25766295194625854] [-0.45862406492233276, -0.1963939666748047, -0.24394796788692474, 0.905102014541626, 0.8804740905761719, 0.03360000252723694, -1.2378960847854614, -1.202697992324829] [0.1720130890607834, -0.04766370356082916, 0.1518898457288742, 0.4264191687107086, -0.15853513777256012, 0.7390960454940796]
[2.530026435852051, -0.06742867082357407, 0.25766295194625854] [-0.45862406492233276, -0.05679996311664581, -0.22553996741771698, 0.905102014541626, 0.8804740905761719, 0.03360000252723694, -1.2394300699234009, -1.202697992324829] [0.164915069937706, -0.025344813242554665, 0.14829394221305847, 0.3946683704853058, -0.12047252804040909, 0.8612001538276672]
[2.530026435852051, -0.06742867082357407, 0.25766295194625854] [-0.4463520646095276, 0.001492038369178772, -0.22553996741771698, 0.9035679697990417, 0.8804740905761719, 0.03360000252723694, -1.2409640550613403, -1.2042319774627686] [0.1625315546989441, -0.01881253346800804, 0.14568814635276794, 0.3897559344768524, -0.10200855880975723, 0.8976220488548279]
[2.530026435852051, -0.06742867082357407, 0.25766295194625854] [-0.4463520646095276, 0.050580039620399475, -0.22553996741771698, 0.905102014541626, 0.8804740905761719, 0.03360000252723694, -1.2409640550613403, -1.2042319774627686] [0.15642686188220978, -0.005121818743646145, 0.1409900188446045, 0.3748302161693573, -0.06645730882883072, 0.974503755569458]
[2.530026435852051, -0.06742867082357407, 0.25766295194625854] [-0.42487603425979614, 0.1456880420446396, -0.22707396745681763, 0.905102014541626, 0.8804740905761719, 0.03360000252723694, -1.2409640550613403, -1.2042319774627686] [0.15252956748008728, 0.0036652127746492624, 0.1344478726387024, 0.37186452746391296, -0.027181321755051613, 1.0232462882995605]
[2.530026435852051, -0.06742867082357407, 0.25766295194625854] [-0.39266204833984375, 0.1886400431394577, -0.2424139678478241, 0.9066359996795654, 0.8804740905761719, 0.03360000252723694, -1.2409640550613403, -1.2042319774627686] [0.14920520782470703, 0.010880977846682072, 0.1247178316116333, 0.3958120346069336, 0.020310556516051292, 1.0671716928482056]
[2.530026435852051, -0.06742867082357407, 0.25766295194625854] [-0.3512440323829651, 0.2147180438041687, -0.2715599536895752, 0.9066359996795654, 0.8804740905761719, 0.03360000252723694, -1.2440320253372192, -1.2042319774627686] [0.15140488743782043, 0.010057784616947174, 0.11542166769504547, 0.4012450575828552, 0.06896883994340897, 1.0545378923416138]
[2.530026435852051, -0.06742867082357407, 0.25766295194625854] [-0.32056403160095215, 0.2147180438041687, -0.3237159848213196, 0.905102014541626, 0.8804740905761719, 0.03360000252723694, -1.2486340999603271, -1.2072999477386475] [0.15346403419971466, 0.008280221372842789, 0.10675566643476486, 0.3959270715713501, 0.11853363364934921, 1.0390636920928955]
[2.530026435852051, -0.06742867082357407, 0.25766295194625854] [-0.2668740451335907, 0.2147180438041687, -0.39427995681762695, 0.8912959694862366, 0.8804740905761719, 0.03360000252723694, -1.2593721151351929, -1.2072999477386475] [0.15691004693508148, 0.00506266113370657, 0.09434136748313904, 0.3930397033691406, 0.1840464472770691, 1.0089291334152222]
[2.530026435852051, -0.06742867082357407, 0.25766295194625854] [-0.2377280443906784, 0.2116500437259674, -0.4249599575996399, 0.8912959694862366, 0.8804740905761719, 0.03360000252723694, -1.2670420408248901, -1.2165039777755737] [0.1577259600162506, 0.003576827235519886, 0.08947550505399704, 0.39447569847106934, 0.2099408060312271, 1.000851035118103]
[2.530026435852051, -0.06742867082357407, 0.25766295194625854] [-0.23312604427337646, 0.21011604368686676, -0.44336795806884766, 0.8912959694862366, 0.8804740905761719, 0.03360000252723694, -1.2992560863494873, -1.2502520084381104] [0.15841896831989288, 0.002495118882507086, 0.08832422643899918, 0.38030076026916504, 0.22142447531223297, 0.9921793937683105]
[2.530026435852051, -0.06742867082357407, 0.25766295194625854] [-0.2346600443124771, 0.21011604368686676, -0.45563995838165283, 0.8912959694862366, 0.8804740905761719, 0.03360000252723694, -1.3207321166992188, -1.2717280387878418] [0.15855184197425842, 0.002292372053489089, 0.08782373368740082, 0.3722118139266968, 0.227150097489357, 0.9897866249084473]
[2.530026435852051, -0.06742867082357407, 0.25766295194625854] [-0.23926204442977905, 0.2085820436477661, -0.4571739733219147, 0.8912959694862366, 0.8804740905761719, 0.03360000252723694, -1.3376060724258423, -1.2962720394134521] [0.15892168879508972, 0.0018274799222126603, 0.08887004107236862, 0.36736494302749634, 0.22316870093345642, 0.9857227802276611]
[2.530026435852051, -0.06742867082357407, 0.25766295194625854] [-0.2407960444688797, 0.2085820436477661, -0.4571739733219147, 0.8912959694862366, 0.8804740905761719, 0.03360000252723694, -1.3406740427017212, -1.2962720394134521] [0.15892168879508972, 0.0018274799222126603, 0.08887004107236862, 0.36736494302749634, 0.22316870093345642, 0.9857227802276611]
[2.530026435852051, -0.06742867082357407, 0.25766295194625854] [-0.2407960444688797, 0.2085820436477661, -0.4571739733219147, 0.8897619843482971, 0.8804740905761719, 0.03360000252723694, -1.3406740427017212, -1.2962720394134521] [0.159218430519104, 0.001361656584776938, 0.08894290775060654, 0.3677801787853241, 0.22255931794643402, 0.9828351140022278]
[2.530026435852051, -0.06742867082357407, 0.25766295194625854] [-0.24233004450798035, 0.20091204345226288, -0.45563995838165283, 0.8912959694862366, 0.8804740905761719, 0.03360000252723694, -1.3406740427017212, -1.2962720394134521] [0.16097258031368256, -0.0012033542152494192, 0.09027592837810516, 0.3670167028903961, 0.2148216962814331, 0.9653489589691162]
[2.530026435852051, -0.06742867082357407, 0.25766295194625854] [-0.2469320446252823, 0.17790204286575317, -0.4525719881057739, 0.8866939544677734, 0.8804740905761719, 0.03360000252723694, -1.3376060724258423, -1.2962720394134521] [0.16218531131744385, -0.0028377079870551825, 0.09117118269205093, 0.36887994408607483, 0.20821931958198547, 0.9534466862678528]
[2.530026435852051, -0.06742867082357407, 0.25766295194625854] [-0.2500000596046448, 0.17790204286575317, -0.4525719881057739, 0.8866939544677734, 0.8804740905761719, 0.03360000252723694, -1.3345381021499634, -1.2962720394134521] [0.16249381005764008, -0.0033140210434794426, 0.09174086153507233, 0.3667740821838379, 0.2058245837688446, 0.9500400424003601]
[2.530026435852051, -0.06742867082357407, 0.25766295194625854] [-0.2500000596046448, 0.1686980426311493, -0.4525719881057739, 0.8866939544677734, 0.8804740905761719, 0.03360000252723694, -1.331470012664795, -1.2962720394134521] [0.16347025334835052, -0.0049881236627697945, 0.09199018031358719, 0.3683633804321289, 0.203671395778656, 0.9399589896202087]
[2.530026435852051, -0.06742867082357407, 0.25766295194625854] [-0.2500000596046448, 0.15335804224014282, -0.4541059732437134, 0.8866939544677734, 0.8804740905761719, 0.03360000252723694, -1.3299360275268555, -1.2962720394134521] [0.16583164036273956, -0.009171386249363422, 0.09296765178442001, 0.3687458634376526, 0.19767506420612335, 0.9144003391265869]
[2.530026435852051, -0.06742867082357407, 0.25766295194625854] [-0.2530680298805237, 0.1334160417318344, -0.45563995838165283, 0.8866939544677734, 0.8804740905761719, 0.03360000252723694, -1.328402042388916, -1.2962720394134521] [0.16652722656726837, -0.010465501807630062, 0.0930190235376358, 0.3688611686229706, 0.19719485938549042, 0.9066166281700134]
[2.530026435852051, -0.06742867082357407, 0.25766295194625854] [-0.2530680298805237, 0.13034804165363312, -0.4541059732437134, 0.8866939544677734, 0.8804740905761719, 0.03360000252723694, -1.3268680572509766, -1.2962720394134521] [0.16704431176185608, -0.011445684358477592, 0.09315276890993118, 0.36983031034469604, 0.19598786532878876, 0.900865375995636]
[2.530026435852051, -0.06742867082357407, 0.25766295194625854] [-0.2530680298805237, 0.11807604134082794, -0.45563995838165283, 0.8866939544677734, 0.8804740905761719, 0.03360000252723694, -1.3268680572509766, -1.2962720394134521] [0.16855041682720184, -0.014405635185539722, 0.09328631311655045, 0.3739868998527527, 0.1933729201555252, 0.883844256401062]
[2.530026435852051, -0.06742867082357407, 0.25766295194625854] [-0.2530680298805237, 0.087396040558815, -0.4571739733219147, 0.8866939544677734, 0.8804740905761719, 0.03360000252723694, -1.325334072113037, -1.2962720394134521] [0.17077204585075378, -0.018972555175423622, 0.09398841112852097, 0.37623581290245056, 0.18815423548221588, 0.8571513891220093]
[2.530026435852051, -0.06742867082357407, 0.25766295194625854] [-0.2530680298805237, 0.06745404005050659, -0.4571739733219147, 0.8866939544677734, 0.8804740905761719, 0.03360000252723694, -1.325334072113037, -1.2962720394134521] [0.172153502702713, -0.022001508623361588, 0.09434568881988525, 0.3793363869190216, 0.18469615280628204, 0.8399043679237366]
[2.530026435852051, -0.06742867082357407, 0.25766295194625854] [-0.2530680298805237, 0.045978039503097534, -0.4587079882621765, 0.8866939544677734, 0.8804740905761719, 0.03360000252723694, -1.325334072113037, -1.2962720394134521] [0.17340640723705292, -0.024875249713659286, 0.09454142302274704, 0.3811555504798889, 0.18261687457561493, 0.8235164284706116]
[2.530026435852051, -0.06742867082357407, 0.25766295194625854] [-0.25153404474258423, 0.04291003942489624, -0.4587079882621765, 0.8866939544677734, 0.8804740905761719, 0.03360000252723694, -1.3238000869750977, -1.2962720394134521] [0.17351481318473816, -0.02513076551258564, 0.09456946700811386, 0.38142117857933044, 0.18233533203601837, 0.8220795392990112]
[2.530026435852051, -0.06742867082357407, 0.25766295194625854] [-0.2530680298805237, 0.035240039229393005, -0.46024197340011597, 0.8866939544677734, 0.8804740905761719, 0.03360000252723694, -1.3238000869750977, -1.2962720394134521] [0.17422407865524292, -0.02681720443069935, 0.0944967120885849, 0.3808756470680237, 0.18274220824241638, 0.8123019933700562]
[2.530026435852051, -0.06742867082357407, 0.25766295194625854] [-0.2530680298805237, 0.024502038955688477, -0.46330997347831726, 0.8866939544677734, 0.8804740905761719, 0.03360000252723694, -1.3222661018371582, -1.2962720394134521] [0.1750575751066208, -0.02887556701898575, 0.0947122797369957, 0.38303741812705994, 0.1805240511894226, 0.8008114099502563]
[2.530026435852051, -0.06742867082357407, 0.25766295194625854] [-0.2530680298805237, 0.0122300386428833, -0.46637797355651855, 0.8866939544677734, 0.8804740905761719, 0.03360000252723694, -1.3238000869750977, -1.2947380542755127] [0.17596116662025452, -0.031170474365353584, 0.0945625826716423, 0.38200652599334717, 0.181465744972229, 0.7875925898551941]
[2.530026435852051, -0.06742867082357407, 0.25766295194625854] [-0.2530680298805237, -0.00771196186542511, -0.4709799885749817, 0.8866939544677734, 0.8804740905761719, 0.03360000252723694, -1.3238000869750977, -1.2962720394134521] [0.17798560857772827, -0.03668994456529617, 0.0945766493678093, 0.3833079934120178, 0.18028521537780762, 0.7565876841545105]
[2.530026435852051, -0.06742867082357407, 0.25766295194625854] [-0.2530680298805237, -0.04145996272563934, -0.4740479588508606, 0.8866939544677734, 0.8804740905761719, 0.03360000252723694, -1.3222661018371582, -1.2962720394134521] [0.18028059601783752, -0.04370832070708275, 0.09519071131944656, 0.38765132427215576, 0.17450924217700958, 0.7179782390594482]
[2.530026435852051, -0.06742867082357407, 0.25766295194625854] [-0.2546020448207855, -0.0859459638595581, -0.4801839590072632, 0.8866939544677734, 0.8804740905761719, 0.03360000252723694, -1.3222661018371582, -1.2962720394134521] [0.18418246507644653, -0.05861223489046097, 0.09497228264808655, 0.38979825377464294, 0.17326641082763672, 0.6365441083908081]
[2.530026435852051, -0.06742867082357407, 0.25766295194625854] [-0.25613605976104736, -0.17951996624469757, -0.5123980045318604, 0.8866939544677734, 0.8804740905761719, 0.03360000252723694, -1.3222661018371582, -1.2962720394134521] [0.1862107813358307, -0.06934544444084167, 0.09363515675067902, 0.38509121537208557, 0.18121403455734253, 0.5780311226844788]
[2.530026435852051, -0.06742867082357407, 0.25766295194625854] [-0.25613605976104736, -0.21173396706581116, -0.5246700048446655, 0.8866939544677734, 0.8804740905761719, 0.03360000252723694, -1.3222661018371582, -1.2962720394134521] [0.18677103519439697, -0.07311917841434479, 0.09304267168045044, 0.38264378905296326, 0.18497762084007263, 0.5574954748153687]
[2.530026435852051, -0.06742867082357407, 0.25766295194625854] [-0.25920403003692627, -0.21480196714401245, -0.5216019749641418, 0.8866939544677734, 0.8804740905761719, 0.03360000252723694, -1.3222661018371582, -1.2947380542755127] [0.18668606877326965, -0.07244182378053665, 0.09420394897460938, 0.38601717352867126, 0.17735745012760162, 0.5614966154098511]
[2.530026435852051, -0.06742867082357407, 0.25766295194625854] [-0.26534003019332886, -0.18872396647930145, -0.5123980045318604, 0.8928300142288208, 0.8804740905761719, 0.03360000252723694, -1.3222661018371582, -1.2947380542755127] [0.18458017706871033, -0.06475726515054703, 0.09598898887634277, 0.3823397159576416, 0.1732265055179596, 0.6094662547111511]
[2.530026435852051, -0.06742867082357407, 0.25766295194625854] [-0.27147603034973145, -0.15957796573638916, -0.4878539741039276, 0.9035679697990417, 0.8804740905761719, 0.03360000252723694, -1.3299360275268555, -1.3008739948272705] [0.18352898955345154, -0.060100771486759186, 0.09730243682861328, 0.3918009102344513, 0.16326813399791718, 0.6368440985679626]
[2.530026435852051, -0.06742867082357407, 0.25766295194625854] [-0.269942045211792, -0.15957796573638916, -0.4878539741039276, 0.9035679697990417, 0.8804740905761719, 0.03360000252723694, -1.3406740427017212, -1.3116120100021362] [0.18354587256908417, -0.0601155050098896, 0.09785843640565872, 0.38841864466667175, 0.16080127656459808, 0.6365459561347961]
[2.530026435852051, -0.06742867082357407, 0.25766295194625854] [-0.28835004568099976, -0.15190796554088593, -0.4878539741039276, 0.9035679697990417, 0.8804740905761719, 0.03360000252723694, -1.3406740427017212, -1.3116120100021362] [0.1832611858844757, -0.05875074118375778, 0.10115920752286911, 0.37710440158843994, 0.14730218052864075, 0.641941249370575]
[2.530026435852051, -0.06742867082357407, 0.25766295194625854] [-0.2898840308189392, -0.15190796554088593, -0.4878539741039276, 0.9035679697990417, 0.8804740905761719, 0.03360000252723694, -1.3406740427017212, -1.3116120100021362] [0.1832611858844757, -0.05875074118375778, 0.10115920752286911, 0.37710440158843994, 0.14730218052864075, 0.641941249370575]
[2.530026435852051, -0.06742867082357407, 0.25766295194625854] [-0.29141804575920105, -0.15190796554088593, -0.4878539741039276, 0.9035679697990417, 0.8804740905761719, 0.03360000252723694, -1.3406740427017212, -1.3116120100021362] [0.1832611858844757, -0.05875074118375778, 0.10115920752286911, 0.37710440158843994, 0.14730218052864075, 0.641941249370575]
[2.530026435852051, -0.06742867082357407, 0.25766295194625854] [-0.29141804575920105, -0.15190796554088593, -0.4878539741039276, 0.9035679697990417, 0.8804740905761719, 0.03360000252723694, -1.3391400575637817, -1.3100780248641968] [0.18325920403003693, -0.05875074118375778, 0.10144033282995224, 0.37617599964141846, 0.14607349038124084, 0.6418055295944214]
[2.530026435852051, -0.06742867082357407, 0.25766295194625854] [-0.2990880608558655, -0.15190796554088593, -0.4878539741039276, 0.9035679697990417, 0.8804740905761719, 0.03360000252723694, -1.3360720872879028, -1.3085440397262573] [0.1832427829504013, -0.05875074118375778, 0.10284587740898132, 0.3715391457080841, 0.1399281769990921, 0.6411446928977966]
[2.530026435852051, -0.06742867082357407, 0.25766295194625854] [-0.3021560311317444, -0.15190796554088593, -0.4878539741039276, 0.9035679697990417, 0.8804740905761719, 0.03360000252723694, -1.331470012664795, -1.3054759502410889] [0.18325860798358917, -0.058828987181186676, 0.10328681766986847, 0.3686555325984955, 0.13852015137672424, 0.6402933597564697]
[2.530026435852051, -0.06742867082357407, 0.25766295194625854] [-0.3036900460720062, -0.15190796554088593, -0.4878539741039276, 0.9035679697990417, 0.8804740905761719, 0.03360000252723694, -1.3299360275268555, -1.3054759502410889] [0.18325860798358917, -0.058828987181186676, 0.10328681766986847, 0.3686555325984955, 0.13852015137672424, 0.6402933597564697]
[2.530026435852051, -0.06742867082357407, 0.25766295194625854] [-0.30522406101226807, -0.15190796554088593, -0.48938798904418945, 0.9035679697990417, 0.8804740905761719, 0.03360000252723694, -1.3299360275268555, -1.3070099353790283] [0.18321555852890015, -0.05875074118375778, 0.10425125062465668, 0.36691030859947205, 0.13377989828586578, 0.6405132412910461]
[2.530026435852051, -0.06742867082357407, 0.25766295194625854] [-0.308292031288147, -0.15190796554088593, -0.48938798904418945, 0.9035679697990417, 0.8804740905761719, 0.03360000252723694, -1.3299360275268555, -1.3070099353790283] [0.18324154615402222, -0.058828987181186676, 0.10413014143705368, 0.36588096618652344, 0.13482919335365295, 0.6399152874946594]
[2.530026435852051, -0.06742867082357407, 0.25766295194625854] [-0.3190300464630127, -0.15190796554088593, -0.481717973947525, 0.9035679697990417, 0.8804740905761719, 0.03360000252723694, -1.3299360275268555, -1.3054759502410889] [0.18271160125732422, -0.058054935187101364, 0.11123672127723694, 0.35665833950042725, 0.09856156259775162, 0.6436752676963806]
[2.530026435852051, -0.06742867082357407, 0.25766295194625854] [-0.3773220479488373, -0.15037396550178528, -0.4157559871673584, 0.9035679697990417, 0.8804740905761719, 0.03360000252723694, -1.3299360275268555, -1.3054759502410889] [0.1791219860315323, -0.053796492516994476, 0.13088612258434296, 0.36128637194633484, -0.013285736553370953, 0.6758239269256592]
[2.530026435852051, -0.06742867082357407, 0.25766295194625854] [-0.4524880647659302, -0.1381019651889801, -0.31604596972465515, 0.9035679697990417, 0.8804740905761719, 0.03360000252723694, -1.3376060724258423, -1.3100780248641968] [0.17204537987709045, -0.04611671715974808, 0.150743767619133, 0.3751903176307678, -0.13138435781002045, 0.7388555407524109]
[2.530026435852051, -0.06742867082357407, 0.25766295194625854] [-0.49083805084228516, -0.11969395726919174, -0.2132679671049118, 0.9035679697990417, 0.8804740905761719, 0.03360000252723694, -1.3437421321868896, -1.317747950553894] [0.16380055248737335, -0.038539253175258636, 0.1660986691713333, 0.44670507311820984, -0.24909256398677826, 0.8166234493255615]
[2.530026435852051, -0.06742867082357407, 0.25766295194625854] [-0.5245860815048218, -0.09821796417236328, 0.113474041223526, 0.9035679697990417, 0.8804740905761719, 0.03360000252723694, -1.3606160879135132, -1.3300199508666992] [0.1435423046350479, -0.0354626290500164, 0.20091526210308075, 0.5791164040565491, -0.5240463614463806, 0.9451471567153931]
[2.530026435852051, -0.06742867082357407, 0.25766295194625854] [-0.5276540517807007, -0.10128595679998398, 0.22392204403877258, 0.9035679697990417, 0.8804740905761719, 0.03360000252723694, -1.3744220733642578, -1.3468940258026123] [0.14408013224601746, -0.03506792336702347, 0.1999197006225586, 0.5947848558425903, -0.5236698389053345, 0.9453877210617065]
[2.530026435852051, -0.06742867082357407, 0.25766295194625854] [-0.5245860815048218, -0.0920819640159607, 0.2500000596046448, 0.9066359996795654, 0.8804740905761719, 0.03360000252723694, -1.406636118888855, -1.37910795211792] [0.14320698380470276, -0.03286217525601387, 0.19952747225761414, 0.6310463547706604, -0.5359629392623901, 0.9640719294548035]
[2.530026435852051, -0.06742867082357407, 0.25766295194625854] [-0.4816340506076813, -0.06446996331214905, 0.28835004568099976, 0.9097039699554443, 0.8820080757141113, 0.03360000252723694, -1.4235100746154785, -1.3944480419158936] [0.14305803179740906, -0.02606935240328312, 0.19468975067138672, 0.6693041920661926, -0.5182275176048279, 0.9969037175178528]
[2.530026435852051, -0.06742867082357407, 0.25766295194625854] [-0.4632260501384735, -0.001575961709022522, 0.322098046541214, 0.9219759702682495, 0.8804740905761719, 0.03360000252723694, -1.4143060445785522, -1.3852440118789673] [0.13575829565525055, -0.016242465004324913, 0.1960044801235199, 0.6701964139938354, -0.5267280340194702, 1.082335114479065]
[2.530026435852051, -0.06742867082357407, 0.25766295194625854] [-0.4601580500602722, 0.055182039737701416, 0.3619820475578308, 0.923509955406189, 0.8820080757141113, 0.03360000252723694, -1.3805580139160156, -1.3545639514923096] [0.1317567676305771, -0.008559783920645714, 0.19426770508289337, 0.6775985956192017, -0.517101526260376, 1.135380744934082]
[2.530026435852051, -0.06742867082357407, 0.25766295194625854] [-0.44788604974746704, 0.07665804028511047, 0.3619820475578308, 0.9281119704246521, 0.8804740905761719, 0.03360000252723694, -1.3575481176376343, -1.3284859657287598] [0.1321374475955963, -0.0073371208272874355, 0.19255124032497406, 0.6871738433837891, -0.5095651149749756, 1.137589454650879]
[2.530026435852051, -0.06742867082357407, 0.25766295194625854] [-0.44175004959106445, 0.07512404024600983, 0.3589140474796295, 0.9281119704246521, 0.8820080757141113, 0.03360000252723694, -1.345276117324829, -1.3254179954528809] [0.13373082876205444, -0.007385604083538055, 0.19020897150039673, 0.6870504021644592, -0.4942411482334137, 1.1277134418487549]
[2.530026435852051, -0.06742867082357407, 0.25766295194625854] [-0.41260403394699097, 0.07359004020690918, 0.33130204677581787, 0.9281119704246521, 0.8820080757141113, 0.03360000252723694, -1.3422080278396606, -1.3208160400390625] [0.1383436620235443, -0.00686414260417223, 0.18229316174983978, 0.7207066416740417, -0.45775946974754333, 1.1036818027496338]
[2.530026435852051, -0.06742867082357407, 0.25766295194625854] [-0.34971004724502563, 0.07359004020690918, 0.27761203050613403, 0.9281119704246521, 0.8820080757141113, 0.03360000252723694, -1.333004117012024, -1.3085440397262573] [0.14867755770683289, -0.005236910656094551, 0.15880410373210907, 0.7795003056526184, -0.33844125270843506, 1.0530558824539185]
[2.530026435852051, -0.06742867082357407, 0.25766295194625854] [-0.2546020448207855, 0.07205604016780853, 0.20398004353046417, 0.9296460151672363, 0.8820080757141113, 0.03360000252723694, -1.3222661018371582, -1.299340009689331] [0.15309149026870728, -0.005351938307285309, 0.14613749086856842, 0.8026930689811707, -0.2736195921897888, 1.0297255516052246]
[2.530026435852051, -0.06742867082357407, 0.25766295194625854] [-0.17483404278755188, 0.04291003942489624, 0.05211403965950012, 0.9327139854431152, 0.8820080757141113, 0.03360000252723694, -1.3145960569381714, -1.2962720394134521] [0.16260483860969543, -0.011176123283803463, 0.10646955668926239, 0.7547961473464966, -0.026507249101996422, 0.9651145935058594]
[2.530026435852051, -0.06742867082357407, 0.25766295194625854] [-0.10887204110622406, 0.026036038994789124, -0.05373196303844452, 0.9342479705810547, 0.8820080757141113, 0.03360000252723694, -1.313062071800232, -1.2962720394134521] [0.1637210100889206, -0.013193189166486263, 0.10493995249271393, 0.7622221112251282, -0.02113313041627407, 0.9525708556175232]
[2.530026435852051, -0.06742867082357407, 0.25766295194625854] [-0.10733804106712341, 0.0122300386428833, -0.05219796299934387, 0.9342479705810547, 0.8820080757141113, 0.03360000252723694, -1.313062071800232, -1.2962720394134521] [0.1656915545463562, -0.017032859846949577, 0.10368912667036057, 0.7658851742744446, -0.015807200223207474, 0.9291358590126038]
[2.530026435852051, -0.06742867082357407, 0.25766295194625854] [-0.08893004059791565, -0.026119962334632874, -0.0660039633512497, 0.9327139854431152, 0.8820080757141113, 0.03360000252723694, -1.313062071800232, -1.2962720394134521] [0.16834303736686707, -0.022361865267157555, 0.0994584783911705, 0.779136598110199, 0.002283619251102209, 0.8961238861083984]
[2.530026435852051, -0.06742867082357407, 0.25766295194625854] [-0.07512404024600983, -0.06753796339035034, -0.07367396354675293, 0.9327139854431152, 0.8820080757141113, 0.03360000252723694, -1.3115280866622925, -1.2962720394134521] [0.17329254746437073, -0.0346531979739666, 0.09490082412958145, 0.785411536693573, 0.025144824758172035, 0.8245041966438293]
[2.530026435852051, -0.06742867082357407, 0.25766295194625854] [-0.055182039737701416, -0.12736396491527557, -0.09514996409416199, 0.9342479705810547, 0.8820080757141113, 0.03360000252723694, -1.3115280866622925, -1.2947380542755127] [0.17550039291381836, -0.041277628391981125, 0.09237061440944672, 0.7841920852661133, 0.039927151054143906, 0.7869040966033936]
[2.530026435852051, -0.06742867082357407, 0.25766295194625854] [-0.05364803969860077, -0.16264596581459045, -0.10588795691728592, 0.9327139854431152, 0.8820080757141113, 0.03360000252723694, -1.3023240566253662, -1.2870680093765259] [0.17809544503688812, -0.05043925344944, 0.08982939273118973, 0.7830950021743774, 0.0547221414744854, 0.7355977296829224]
[2.530026435852051, -0.06742867082357407, 0.25766295194625854] [-0.0383080393075943, -0.22553996741771698, -0.12276195734739304, 0.9327139854431152, 0.8820080757141113, 0.03360000252723694, -1.2992560863494873, -1.282465934753418] [0.18005888164043427, -0.05946025997400284, 0.08640115708112717, 0.7843644618988037, 0.07373072952032089, 0.6860742568969727]
[2.530026435852051, -0.06742867082357407, 0.25766295194625854] [-0.035240039229393005, -0.2654239535331726, -0.13196596503257751, 0.9327139854431152, 0.8820080757141113, 0.03360000252723694, -1.2977221012115479, -1.282465934753418] [0.18143093585968018, -0.06682707369327545, 0.08557324856519699, 0.7799334526062012, 0.08021895587444305, 0.6455609798431396]
[2.530026435852051, -0.06742867082357407, 0.25766295194625854] [-0.030638039112091064, -0.3114439845085144, -0.1381019651889801, 0.9327139854431152, 0.8820080757141113, 0.03360000252723694, -1.29312002658844, -1.279397964477539] [0.18220873177051544, -0.07346223294734955, 0.08375656604766846, 0.7827538251876831, 0.08957955986261368, 0.6103846430778503]
[2.530026435852051, -0.06742867082357407, 0.25766295194625854] [-0.024502038955688477, -0.34519195556640625, -0.14270396530628204, 0.9342479705810547, 0.8820080757141113, 0.03360000252723694, -1.290052056312561, -1.2763299942016602] [0.1830659806728363, -0.0812678337097168, 0.0823700875043869, 0.7823539972305298, 0.09757937490940094, 0.5672762989997864]
[2.530026435852051, -0.06742867082357407, 0.25766295194625854] [-0.0122300386428833, -0.4096199870109558, -0.16264596581459045, 0.9327139854431152, 0.8820080757141113, 0.03360000252723694, -1.2885180711746216, -1.2747960090637207] [0.1831267923116684, -0.09522591531276703, 0.0759868323802948, 0.7808728218078613, 0.1353793442249298, 0.4932251274585724]
[2.530026435852051, -0.06742867082357407, 0.25766295194625854] [0.010779961943626404, -0.4571739733219147, -0.17798596620559692, 0.9327139854431152, 0.8820080757141113, 0.03360000252723694, -1.2854501008987427, -1.2717280387878418] [0.1826033741235733, -0.10223737359046936, 0.07230788469314575, 0.7795636057853699, 0.15757961571216583, 0.45629405975341797]
[2.530026435852051, -0.06742867082357407, 0.25766295194625854] [0.013847962021827698, -0.5031939744949341, -0.19485996663570404, 0.9311800003051758, 0.8820080757141113, 0.03360000252723694, -1.2808480262756348, -1.2701940536499023] [0.18179567158222198, -0.11276218295097351, 0.06975894421339035, 0.7642226219177246, 0.1787158101797104, 0.39885392785072327]
[2.530026435852051, -0.06742867082357407, 0.25766295194625854] [0.024585962295532227, -0.5568839907646179, -0.22707396745681763, 0.9296460151672363, 0.8820080757141113, 0.03360000252723694, -1.2808480262756348, -1.2686599493026733] [0.18011155724525452, -0.12136002629995346, 0.06460841000080109, 0.7526247501373291, 0.21390794217586517, 0.35266807675361633]
[2.530026435852051, -0.06742867082357407, 0.25766295194625854] [0.04145996272563934, -0.5921659469604492, -0.2562199831008911, 0.9296460151672363, 0.8820080757141113, 0.03360000252723694, -1.2808480262756348, -1.2686599493026733] [0.17802588641643524, -0.1274636685848236, 0.058679450303316116, 0.7371380925178528, 0.2557831108570099, 0.32099127769470215]
[2.530026435852051, -0.06742867082357407, 0.25766295194625854] [0.05219796299934387, -0.5936999917030334, -0.2654239535331726, 0.9296460151672363, 0.8820080757141113, 0.03360000252723694, -1.2808480262756348, -1.2686599493026733] [0.17804035544395447, -0.126401886343956, 0.05798589065670967, 0.7374798059463501, 0.2598118484020233, 0.32726946473121643]
[2.530026435852051, -0.06742867082357407, 0.25766295194625854] [0.050663962960243225, -0.5783599615097046, -0.2654239535331726, 0.9311800003051758, 0.8820080757141113, 0.03360000252723694, -1.2793140411376953, -1.2655919790267944] [0.1786976158618927, -0.12098625302314758, 0.058326173573732376, 0.7425277233123779, 0.25612059235572815, 0.3588748872280121]
[2.530026435852051, -0.06742867082357407, 0.25766295194625854] [0.050663962960243225, -0.5400099754333496, -0.24854996800422668, 0.9419180154800415, 0.8820080757141113, 0.03360000252723694, -1.2701101303100586, -1.2517859935760498] [0.17903412878513336, -0.11371459066867828, 0.05942308530211449, 0.755362868309021, 0.2459026277065277, 0.4039479196071625]
[2.530026435852051, -0.06742867082357407, 0.25766295194625854] [0.04912996292114258, -0.5047279596328735, -0.24394796788692474, 0.9833359718322754, 0.8820080757141113, 0.03360000252723694, -1.2609061002731323, -1.2395139932632446] [0.17612646520137787, -0.10043446719646454, 0.059504229575395584, 0.7735282778739929, 0.246465802192688, 0.5057396292686462]
[2.530026435852051, -0.06742867082357407, 0.25766295194625854] [0.050663962960243225, -0.46024197340011597, -0.23474396765232086, 1.0385600328445435, 0.8820080757141113, 0.03360000252723694, -1.2409640550613403, -1.2180379629135132] [0.17279823124408722, -0.08573603630065918, 0.06059928610920906, 0.7959144115447998, 0.23656092584133148, 0.6130649447441101]
[2.530026435852051, -0.06742867082357407, 0.25766295194625854] [0.04912996292114258, -0.3988819718360901, -0.20713196694850922, 1.070773959159851, 0.8820080757141113, 0.03360000252723694, -1.2271580696105957, -1.202697992324829] [0.17003485560417175, -0.07318737357854843, 0.06351722031831741, 0.8200523257255554, 0.21037954092025757, 0.6990017294883728]
[2.530026435852051, -0.06742867082357407, 0.25766295194625854] [0.04452796280384064, -0.33598798513412476, -0.16264596581459045, 1.0845799446105957, 0.8820080757141113, 0.03360000252723694, -1.221022129058838, -1.1965620517730713] [0.16852879524230957, -0.0618927925825119, 0.0693163275718689, 0.8370321989059448, 0.16576561331748962, 0.7646743655204773]
[2.530026435852051, -0.06742867082357407, 0.25766295194625854] [0.039925962686538696, -0.27002596855163574, -0.10588795691728592, 1.0845799446105957, 0.8820080757141113, 0.03360000252723694, -1.221022129058838, -1.187358021736145] [0.16649357974529266, -0.04932953044772148, 0.076474130153656, 0.8686836361885071, 0.10449189692735672, 0.8323878049850464]
[2.530026435852051, -0.06742867082357407, 0.25766295194625854] [0.03839196264743805, -0.21480196714401245, -0.06446996331214905, 1.0845799446105957, 0.8820080757141113, 0.03360000252723694, -1.2194880247116089, -1.1842899322509766] [0.1636408418416977, -0.039097804576158524, 0.08057838678359985, 0.888130784034729, 0.06891686469316483, 0.8908858895301819]
[2.530026435852051, -0.06742867082357407, 0.25766295194625854] [0.03839196264743805, -0.15037396550178528, -0.021517962217330933, 1.0845799446105957, 0.8820080757141113, 0.03360000252723694, -1.2148860692977905, -1.1796879768371582] [0.15774178504943848, -0.023853400722146034, 0.08474014699459076, 0.9054601788520813, 0.03405686095356941, 0.9824414849281311]
[2.530026435852051, -0.06742867082357407, 0.25766295194625854] [0.035323962569236755, -0.061401963233947754, -0.013847962021827698, 1.0830459594726562, 0.8820080757141113, 0.03360000252723694, -1.2148860692977905, -1.1796879768371582] [0.15217551589012146, -0.012869827449321747, 0.0855746865272522, 0.9048774838447571, 0.028971292078495026, 1.0528892278671265]
[2.530026435852051, -0.06742867082357407, 0.25766295194625854] [0.030721962451934814, 0.019900038838386536, -0.013847962021827698, 1.0830459594726562, 0.8820080757141113, 0.03360000252723694, -1.2148860692977905, -1.1796879768371582] [0.14562594890594482, -0.0018081602174788713, 0.0877203494310379, 0.9026934504508972, 0.016694944351911545, 1.1262093782424927]
[2.530026435852051, -0.06742867082357407, 0.25766295194625854] [0.015381962060928345, 0.061318039894104004, 0.006094038486480713, 1.0830459594726562, 0.8820080757141113, 0.03360000252723694, -1.213352084159851, -1.1781539916992188] [0.14227299392223358, 0.003722217632457614, 0.09615544229745865, 0.8879270553588867, -0.027381664142012596, 1.1627957820892334]
[2.530026435852051, -0.06742867082357407, 0.25766295194625854] [-0.021434038877487183, 0.08893004059791565, 0.05364803969860077, 1.0799779891967773, 0.8804740905761719, 0.03360000252723694, -1.213352084159851, -1.1781539916992188] [0.1422169804573059, 0.004482244607061148, 0.10393635928630829, 0.8801482915878296, -0.07066192477941513, 1.163968563079834]
[2.530026435852051, -0.06742867082357407, 0.25766295194625854] [-0.03677403926849365, 0.07359004020690918, 0.07512404024600983, 1.0738420486450195, 0.8804740905761719, 0.03360000252723694, -1.2148860692977905, -1.1781539916992188] [0.14586493372917175, -0.0003321897820569575, 0.10594592243432999, 0.8847676515579224, -0.08514505624771118, 1.1273348331451416]
[2.530026435852051, -0.06742867082357407, 0.25766295194625854] [-0.039842039346694946, 0.039842039346694946, 0.08126004040241241, 1.0723079442977905, 0.8804740905761719, 0.03360000252723694, -1.213352084159851, -1.1796879768371582] [0.14877909421920776, -0.004862162284553051, 0.10659267753362656, 0.8838534355163574, -0.08959347754716873, 1.0967439413070679]
[2.530026435852051, -0.06742867082357407, 0.25766295194625854] [-0.04904603958129883, -0.015381962060928345, 0.07972604036331177, 1.0723079442977905, 0.8820080757141113, 0.03360000252723694, -1.21642005443573, -1.182755947113037] [0.15295027196407318, -0.012040986679494381, 0.10825923085212708, 0.876209557056427, -0.09525705873966217, 1.0500155687332153]
[2.530026435852051, -0.06742867082357407, 0.25766295194625854] [-0.055182039737701416, -0.05679996311664581, 0.07972604036331177, 1.0723079442977905, 0.8804740905761719, 0.03360000252723694, -1.21642005443573, -1.1812219619750977] [0.1564517766237259, -0.018702570348978043, 0.10938441753387451, 0.8705887794494629, -0.10039465129375458, 1.0075242519378662]
[2.530026435852051, -0.06742867082357407, 0.25766295194625854] [-0.05671603977680206, -0.1150919571518898, 0.07359004020690918, 1.0723079442977905, 0.8820080757141113, 0.03360000252723694, -1.213352084159851, -1.1796879768371582] [0.1611005961894989, -0.028860196471214294, 0.10902508348226547, 0.8711023330688477, -0.09801188111305237, 0.9444814324378967]
[2.530026435852051, -0.06742867082357407, 0.25766295194625854] [-0.05671603977680206, -0.15190796554088593, 0.07359004020690918, 1.0738420486450195, 0.8804740905761719, 0.03360000252723694, -1.2148860692977905, -1.1796879768371582] [0.163347065448761, -0.034344177693128586, 0.10899166017770767, 0.8715253472328186, -0.0981941670179367, 0.9106603264808655]
[2.530026435852051, -0.06742867082357407, 0.25766295194625854] [-0.05671603977680206, -0.1841219663619995, 0.07205604016780853, 1.075376033782959, 0.8820080757141113, 0.03360000252723694, -1.213352084159851, -1.1781539916992188] [0.16498598456382751, -0.03903890773653984, 0.10908976942300797, 0.8724093437194824, -0.0994696319103241, 0.8830003142356873]
[2.530026435852051, -0.06742867082357407, 0.25766295194625854] [-0.05671603977680206, -0.2194039672613144, 0.06745404005050659, 1.075376033782959, 0.8820080757141113, 0.03360000252723694, -1.2118180990219116, -1.1781539916992188] [0.16725054383277893, -0.04567790403962135, 0.10831672698259354, 0.8721251487731934, -0.09476878494024277, 0.8428710699081421]
[2.530026435852051, -0.06742867082357407, 0.25766295194625854] [-0.05364803969860077, -0.2623559832572937, 0.05211403965950012, 1.075376033782959, 0.8820080757141113, 0.03360000252723694, -1.213352084159851, -1.1796879768371582] [0.16962900757789612, -0.05348889157176018, 0.10508965700864792, 0.8655204772949219, -0.07181491702795029, 0.7962102293968201]
[2.530026435852051, -0.06742867082357407, 0.25766295194625854] [-0.04751203954219818, -0.31911396980285645, 0.010696038603782654, 1.075376033782959, 0.8820080757141113, 0.03360000252723694, -1.213352084159851, -1.1796879768371582] [0.17184536159038544, -0.0630473643541336, 0.09922133386135101, 0.8515636324882507, -0.028919493779540062, 0.7412993311882019]
[2.530026435852051, -0.06742867082357407, 0.25766295194625854] [-0.0383080393075943, -0.355929970741272, -0.030721962451934814, 1.0769100189208984, 0.8820080757141113, 0.03360000252723694, -1.213352084159851, -1.1812219619750977] [0.1728171706199646, -0.06869281083345413, 0.09366653859615326, 0.8403785228729248, 0.010932336561381817, 0.7093620896339417]
[2.530026435852051, -0.06742867082357407, 0.25766295194625854] [-0.02296803891658783, -0.37893998622894287, -0.0660039633512497, 1.0769100189208984, 0.8820080757141113, 0.03360000252723694, -1.213352084159851, -1.1812219619750977] [0.17320941388607025, -0.07631725072860718, 0.08214344829320908, 0.8369747996330261, 0.08363813906908035, 0.668605387210846]
[2.530026435852051, -0.06742867082357407, 0.25766295194625854] [0.019983962178230286, -0.42035797238349915, -0.1181599572300911, 1.0769100189208984, 0.8804740905761719, 0.03360000252723694, -1.2118180990219116, -1.182755947113037] [0.17249584197998047, -0.08111570030450821, 0.07289150357246399, 0.8388985991477966, 0.14199300110340118, 0.6462192535400391]
[2.530026435852051, -0.06742867082357407, 0.25766295194625854] [0.03839196264743805, -0.44336795806884766, -0.15497596561908722, 1.078444004058838, 0.8820080757141113, 0.03360000252723694, -1.2087500095367432, -1.182755947113037] [0.1719350814819336, -0.08382169902324677, 0.06837998330593109, 0.8263394832611084, 0.17696304619312286, 0.6345526576042175]
[2.530026435852051, -0.06742867082357407, 0.25766295194625854] [0.039925962686538696, -0.4479699730873108, -0.17491796612739563, 1.078444004058838, 0.8820080757141113, 0.03360000252723694, -1.2087500095367432, -1.1812219619750977] [0.17181436717510223, -0.08490151911973953, 0.06713348627090454, 0.8202930092811584, 0.1878719925880432, 0.6292821764945984]
[2.530026435852051, -0.06742867082357407, 0.25766295194625854] [0.03839196264743805, -0.4510379731655121, -0.1841219663619995, 1.0799779891967773, 0.8820080757141113, 0.03360000252723694, -1.2087500095367432, -1.182755947113037] [0.17177101969718933, -0.08646130561828613, 0.06618612259626389, 0.8140764832496643, 0.19614507257938385, 0.6210420727729797]
[2.530026435852051, -0.06742867082357407, 0.25766295194625854] [0.03839196264743805, -0.481717973947525, -0.19946196675300598, 1.078444004058838, 0.8820080757141113, 0.03360000252723694, -1.2087500095367432, -1.182755947113037] [0.17196130752563477, -0.09382887929677963, 0.06480666249990463, 0.807313084602356, 0.20904186367988586, 0.5784898996353149]
[2.530026435852051, -0.06742867082357407, 0.25766295194625854] [0.039925962686538696, -0.5154659748077393, -0.20559796690940857, 1.078444004058838, 0.8820080757141113, 0.03360000252723694, -1.2087500095367432, -1.182755947113037] [0.17192783951759338, -0.0981954038143158, 0.06434302031993866, 0.8042582273483276, 0.21359063684940338, 0.5534775853157043]
[2.530026435852051, -0.06742867082357407, 0.25766295194625854] [0.0368579626083374, -0.5400099754333496, -0.20866596698760986, 1.0615699291229248, 0.8820080757141113, 0.03360000252723694, -1.2087500095367432, -1.182755947113037] [0.17299172282218933, -0.10381946712732315, 0.06442177295684814, 0.7975254058837891, 0.21402466297149658, 0.5127192139625549]
[2.530026435852051, -0.06742867082357407, 0.25766295194625854] [0.0368579626083374, -0.5430779457092285, -0.20252996683120728, 1.0615699291229248, 0.8820080757141113, 0.03360000252723694, -1.2087500095367432, -1.182755947113037] [0.1732429563999176, -0.10355616360902786, 0.06575670838356018, 0.8021535873413086, 0.2033441960811615, 0.5133463144302368]
[2.530026435852051, -0.06742867082357407, 0.25766295194625854] [0.029187962412834167, -0.5400099754333496, -0.19485996663570404, 1.0723079442977905, 0.8820080757141113, 0.03360000252723694, -1.2087500095367432, -1.1812219619750977] [0.17303845286369324, -0.10177089273929596, 0.06835237145423889, 0.8050180673599243, 0.1867774873971939, 0.5271878838539124]
[2.530026435852051, -0.06742867082357407, 0.25766295194625854] [0.026119962334632874, -0.5400099754333496, -0.17951996624469757, 1.0723079442977905, 0.8820080757141113, 0.03360000252723694, -1.2087500095367432, -1.1812219619750977] [0.173166424036026, -0.10152614116668701, 0.06916993856430054, 0.8110661506652832, 0.17869742214679718, 0.5280393958091736]
[2.530026435852051, -0.06742867082357407, 0.25766295194625854] [0.02765396237373352, -0.533873975276947, -0.16571396589279175, 1.0723079442977905, 0.8820080757141113, 0.03360000252723694, -1.2087500095367432, -1.1812219619750977] [0.1734606921672821, -0.09822254627943039, 0.0708773136138916, 0.8197111487388611, 0.1636711061000824, 0.5459774732589722]
[2.530026435852051, -0.06742867082357407, 0.25766295194625854] [0.026119962334632874, -0.5047279596328735, -0.12582996487617493, 1.0769100189208984, 0.8804740905761719, 0.03360000252723694, -1.213352084159851, -1.182755947113037] [0.173733189702034, -0.09176509827375412, 0.07603299617767334, 0.845470130443573, 0.11900556832551956, 0.5820714235305786]
[2.530026435852051, -0.06742867082357407, 0.25766295194625854] [0.02765396237373352, -0.47558197379112244, -0.07980996370315552, 1.0769100189208984, 0.8804740905761719, 0.03360000252723694, -1.2179540395736694, -1.1888920068740845] [0.17381517589092255, -0.08472039550542831, 0.08031969517469406, 0.8660470247268677, 0.08197467774152756, 0.6199198961257935]
[2.530026435852051, -0.06742867082357407, 0.25766295194625854] [0.03839196264743805, -0.4249599575996399, -0.05986796319484711, 1.0769100189208984, 0.8820080757141113, 0.03360000252723694, -1.2486340999603271, -1.2211060523986816] [0.17253422737121582, -0.07448656111955643, 0.0787607803940773, 0.8796728253364563, 0.08499395102262497, 0.6790731549263]
[2.530026435852051, -0.06742867082357407, 0.25766295194625854] [0.04145996272563934, -0.37740597128868103, -0.05986796319484711, 1.0769100189208984, 0.8820080757141113, 0.03360000252723694, -1.2915860414505005, -1.264057993888855] [0.17187277972698212, -0.07024144381284714, 0.0785231813788414, 0.8814554810523987, 0.08551494777202606, 0.703747034072876]
[2.530026435852051, -0.06742867082357407, 0.25766295194625854] [0.04299396276473999, -0.3728039860725403, -0.05986796319484711, 1.0769100189208984, 0.8820080757141113, 0.03360000252723694, -1.3422080278396606, -1.3116120100021362] [0.17183002829551697, -0.06997665017843246, 0.07852502167224884, 0.8815059065818787, 0.0854722410440445, 0.7052839398384094]
[2.530026435852051, -0.06742867082357407, 0.25766295194625854] [0.04299396276473999, -0.37126997113227844, -0.05986796319484711, 1.0769100189208984, 0.8820080757141113, 0.03360000252723694, -1.386694073677063, -1.357632040977478] [0.1717648059129715, -0.06943715363740921, 0.07867324352264404, 0.8807997703552246, 0.08403591811656952, 0.7083578109741211]
[2.530026435852051, -0.06742867082357407, 0.25766295194625854] [0.04299396276473999, -0.36513397097587585, -0.050663962960243225, 1.0769100189208984, 0.8820080757141113, 0.03360000252723694, -1.4005000591278076, -1.372972011566162] [0.17162741720676422, -0.06765243411064148, 0.08029153943061829, 0.8899016380310059, 0.07027050107717514, 0.7175207734107971]
[2.530026435852051, -0.06742867082357407, 0.25766295194625854] [0.04145996272563934, -0.3405899703502655, -0.02305196225643158, 1.0769100189208984, 0.8820080757141113, 0.03360000252723694, -1.402034044265747, -1.376039981842041] [0.17113934457302094, -0.06373234838247299, 0.0828183963894844, 0.8997234106063843, 0.0496143139898777, 0.7387143969535828]
[2.530026435852051, -0.06742867082357407, 0.25766295194625854] [0.04452796280384064, -0.3405899703502655, -0.02305196225643158, 1.0738420486450195, 0.8820080757141113, 0.03360000252723694, -1.421976089477539, -1.395982027053833] [0.17142944037914276, -0.06513439118862152, 0.0808965265750885, 0.8973436951637268, 0.06270669400691986, 0.7298304438591003]
[2.530026435852051, -0.06742867082357407, 0.25766295194625854] [0.050663962960243225, -0.3467259705066681, -0.03225596249103546, 1.0692399740219116, 0.8820080757141113, 0.03360000252723694, -1.441918134689331, -1.4235939979553223] [0.17194120585918427, -0.06551016122102737, 0.08120405673980713, 0.9051773548126221, 0.05684240162372589, 0.7236858606338501]
[2.530026435852051, -0.06742867082357407, 0.25766295194625854] [0.04912996292114258, -0.34519195556640625, -0.013847962021827698, 1.0677059888839722, 0.8820080757141113, 0.03320000320672989, -1.4541900157928467, -1.4358659982681274] [0.1720466911792755, -0.06542713195085526, 0.08242286741733551, 0.9085875153541565, 0.04763163626194, 0.7234319448471069]
[2.530026435852051, -0.06742867082357407, 0.25766295194625854] [0.04912996292114258, -0.34519195556640625, -0.009245961904525757, 1.0677059888839722, 0.8820080757141113, 0.03280000388622284, -1.4557241201400757, -1.437399983406067] [0.1720716506242752, -0.06540130823850632, 0.08274141699075699, 0.9100632667541504, 0.04494478181004524, 0.7233584523200989]
[2.530026435852051, -0.06742867082357407, 0.25766295194625854] [0.04912996292114258, -0.34519195556640625, -0.009245961904525757, 1.0677059888839722, 0.8820080757141113, 0.03280000388622284, -1.4541900157928467, -1.437399983406067] [0.1720716506242752, -0.06540130823850632, 0.08274141699075699, 0.9100632667541504, 0.04494478181004524, 0.7233584523200989]
[2.530026435852051, -0.06742867082357407, 0.25766295194625854] [0.04912996292114258, -0.34519195556640625, -0.009245961904525757, 1.0677059888839722, 0.8820080757141113, 0.03280000388622284, -1.4541900157928467, -1.437399983406067] [0.1720716506242752, -0.06540130823850632, 0.08274141699075699, 0.9100632667541504, 0.04494478181004524, 0.7233584523200989]
[2.530026435852051, -0.06742867082357407, 0.25766295194625854] [0.04912996292114258, -0.34519195556640625, -0.009245961904525757, 1.0677059888839722, 0.8820080757141113, 0.03280000388622284, -1.4541900157928467, -1.437399983406067] [0.1720716506242752, -0.06540130823850632, 0.08274141699075699, 0.9100632667541504, 0.04494478181004524, 0.7233584523200989]
