[1.1247119903564453, -0.10159018635749817, -0.5533181428909302] [-0.10580404102802277, -0.34212398529052734, -0.07520796358585358, 0.8099939823150635, 0.8804740905761719, 0.9971999526023865, -1.5247540473937988, -1.511031985282898] [0.19135479629039764, -0.08854883164167404, 0.10575277358293533, 0.7810779809951782, -0.040231555700302124, 0.4645865261554718]
[1.1247119903564453, -0.10159018635749817, -0.5533181428909302] [-0.10733804106712341, -0.34212398529052734, -0.07674196362495422, 0.8099939823150635, 0.8804740905761719, 0.9971999526023865, -1.5247540473937988, -1.511031985282898] [0.19126252830028534, -0.08842098712921143, 0.10589318722486496, 0.779273509979248, -0.040344204753637314, 0.4660305678844452]
[1.1247119903564453, -0.10159018635749817, -0.5533181428909302] [-0.10733804106712341, -0.34212398529052734, -0.07520796358585358, 0.808459997177124, 0.8820080757141113, 0.9971999526023865, -1.5247540473937988, -1.511031985282898] [0.19133925437927246, -0.08853708952665329, 0.10605958104133606, 0.7819240689277649, -0.04160295054316521, 0.4646146595478058]
[1.1247119903564453, -0.10159018635749817, -0.5533181428909302] [-0.10733804106712341, -0.34212398529052734, -0.07674196362495422, 0.8099939823150635, 0.8820080757141113, 0.9968000054359436, -1.5247540473937988, -1.511031985282898] [0.19125552475452423, -0.08839994668960571, 0.10602828115224838, 0.7803266644477844, -0.04144962504506111, 0.46614229679107666]
[1.1247119903564453, -0.10159018635749817, -0.5533181428909302] [-0.10733804106712341, -0.34212398529052734, -0.07520796358585358, 0.808459997177124, 0.8804740905761719, 0.9968000054359436, -1.5247540473937988, -1.511031985282898] [0.19126252830028534, -0.08842098712921143, 0.10589318722486496, 0.779273509979248, -0.040344204753637314, 0.4660305678844452]
[1.1247119903564453, -0.10159018635749817, -0.5533181428909302] [-0.10733804106712341, -0.34212398529052734, -0.07674196362495422, 0.808459997177124, 0.8804740905761719, 0.9968000054359436, -1.5247540473937988, -1.511031985282898] [0.1913527548313141, -0.08856986463069916, 0.10591138154268265, 0.7793353199958801, -0.040499135851860046, 0.46450310945510864]
[1.1247119903564453, -0.10159018635749817, -0.5533181428909302] [-0.10733804106712341, -0.34212398529052734, -0.07674196362495422, 0.8099939823150635, 0.8804740905761719, 0.9968000054359436, -1.5247540473937988, -1.511031985282898] [0.19124901294708252, -0.08838821202516556, 0.1060415580868721, 0.7818607091903687, -0.04144962504506111, 0.46614229679107666]
[1.1247119903564453, -0.10159018635749817, -0.5533181428909302] [-0.10733804106712341, -0.3405899703502655, -0.07520796358585358, 0.8099939823150635, 0.8820080757141113, 0.9971999526023865, -1.5247540473937988, -1.511031985282898] [0.19124901294708252, -0.08838821202516556, 0.1060415580868721, 0.7818607091903687, -0.04144962504506111, 0.46614229679107666]
[1.1247119903564453, -0.10159018635749817, -0.5533181428909302] [-0.10733804106712341, -0.34212398529052734, -0.07520796358585358, 0.8099939823150635, 0.8820080757141113, 0.9971999526023865, -1.5247540473937988, -1.511031985282898] [0.19124901294708252, -0.08838821202516556, 0.1060415580868721, 0.7818607091903687, -0.04144962504506111, 0.46614229679107666]
[1.1247119903564453, -0.10159018635749817, -0.5533181428909302] [-0.10733804106712341, -0.34212398529052734, -0.07520796358585358, 0.808459997177124, 0.8804740905761719, 0.9971999526023865, -1.5247540473937988, -1.511031985282898] [0.19126252830028534, -0.08842098712921143, 0.10589318722486496, 0.779273509979248, -0.040344204753637314, 0.4660305678844452]
[1.1247119903564453, -0.10159018635749817, -0.5533181428909302] [-0.10733804106712341, -0.34212398529052734, -0.07520796358585358, 0.808459997177124, 0.8820080757141113, 0.9971999526023865, -1.5247540473937988, -1.511031985282898] [0.19123412668704987, -0.08809555321931839, 0.10603996366262436, 0.7817137837409973, -0.04137565568089485, 0.46767354011535645]
[1.1247119903564453, -0.10159018635749817, -0.5533181428909302] [-0.10733804106712341, -0.34212398529052734, -0.07674196362495422, 0.8099939823150635, 0.8804740905761719, 0.9971999526023865, -1.5247540473937988, -1.511031985282898] [0.191258043050766, -0.08838821202516556, 0.10574817657470703, 0.7825506925582886, -0.040079280734062195, 0.46611419320106506]
[1.1247119903564453, -0.10159018635749817, -0.5533181428909302] [-0.10733804106712341, -0.34212398529052734, -0.07674196362495422, 0.8099939823150635, 0.8820080757141113, 0.9971999526023865, -1.5247540473937988, -1.511031985282898] [0.19125552475452423, -0.08839994668960571, 0.10602828115224838, 0.7803266644477844, -0.04144962504506111, 0.46614229679107666]
[1.1247119903564453, -0.10159018635749817, -0.5533181428909302] [-0.10733804106712341, -0.34212398529052734, -0.07520796358585358, 0.8099939823150635, 0.8804740905761719, 0.9968000054359436, -1.5247540473937988, -1.511031985282898] [0.1913246065378189, -0.08824429661035538, 0.10605800151824951, 0.7817771434783936, -0.041529200971126556, 0.46614590287208557]
[1.1247119903564453, -0.10159018635749817, -0.5533181428909302] [-0.10733804106712341, -0.3405899703502655, -0.07674196362495422, 0.8099939823150635, 0.8804740905761719, 0.9968000054359436, -1.5247540473937988, -1.511031985282898] [0.19125552475452423, -0.08839994668960571, 0.10602828115224838, 0.7803266644477844, -0.04144962504506111, 0.46614229679107666]
[1.1247119903564453, -0.10159018635749817, -0.5533181428909302] [-0.10733804106712341, -0.34212398529052734, -0.07674196362495422, 0.808459997177124, 0.8820080757141113, 0.9968000054359436, -1.5247540473937988, -1.511031985282898] [0.19134575128555298, -0.08854883164167404, 0.10604629665613174, 0.7803900837898254, -0.04160295054316521, 0.4646146595478058]
[1.1247119903564453, -0.10159018635749817, -0.5533181428909302] [-0.10580404102802277, -0.34212398529052734, -0.07520796358585358, 0.8099939823150635, 0.8804740905761719, 0.9968000054359436, -1.5247540473937988, -1.5094980001449585] [0.19135510921478271, -0.08855810761451721, 0.10563112050294876, 0.7815569639205933, -0.039127666503190994, 0.46447575092315674]
[1.1247119903564453, -0.10159018635749817, -0.5533181428909302] [-0.10733804106712341, -0.34212398529052734, -0.07520796358585358, 0.8099939823150635, 0.8804740905761719, 0.9968000054359436, -1.5247540473937988, -1.511031985282898] [0.1912713348865509, -0.08842098712921143, 0.1055997908115387, 0.7799633145332336, -0.03897378221154213, 0.4660032391548157]
[1.1247119903564453, -0.10159018635749817, -0.5533181428909302] [-0.10733804106712341, -0.3405899703502655, -0.07674196362495422, 0.8099939823150635, 0.8804740905761719, 0.9971999526023865, -1.5247540473937988, -1.511031985282898] [0.1912645399570465, -0.08839994668960571, 0.10573487728834152, 0.7810167074203491, -0.040079280734062195, 0.46611419320106506]
[1.1247119903564453, -0.10159018635749817, -0.5533181428909302] [-0.10580404102802277, -0.34212398529052734, -0.07520796358585358, 0.8099939823150635, 0.8804740905761719, 0.9971999526023865, -1.5247540473937988, -1.511031985282898] [0.19115127623081207, -0.08798503875732422, 0.10801074653863907, 0.7837234735488892, -0.053485654294490814, 0.46846142411231995]
[1.1247119903564453, -0.10159018635749817, -0.5533181428909302] [-0.1456880420446396, -0.35132795572280884, -0.061401963233947754, 0.808459997177124, 0.8804740905761719, 0.9971999526023865, -1.5232200622558594, -1.5094980001449585] [0.19079455733299255, -0.09102465957403183, 0.11681465059518814, 0.7679633498191833, -0.09662163257598877, 0.4533091187477112]
[1.1247119903564453, -0.10159018635749817, -0.5533181428909302] [-0.17790204286575317, -0.355929970741272, -0.061401963233947754, 0.808459997177124, 0.8804740905761719, 0.9971999526023865, -1.5232200622558594, -1.5094980001449585] [0.18939217925071716, -0.09129860252141953, 0.12861859798431396, 0.7421314716339111, -0.1529882550239563, 0.4552883803844452]
[1.1247119903564453, -0.10159018635749817, -0.5533181428909302] [-0.2576700448989868, -0.355929970741272, -0.05986796319484711, 0.8222659826278687, 0.8804740905761719, 0.9971999526023865, -1.5232200622558594, -1.5094980001449585] [0.18705745041370392, -0.08962775766849518, 0.13717272877693176, 0.7210251092910767, -0.19300800561904907, 0.4744727313518524]
[1.1247119903564453, -0.10159018635749817, -0.5533181428909302] [-0.2607380449771881, -0.355929970741272, -0.0629359632730484, 0.8237999677658081, 0.8804740905761719, 0.9968000054359436, -1.5232200622558594, -1.5094980001449585] [0.18748623132705688, -0.08977692574262619, 0.1350744366645813, 0.7152718305587769, -0.17978410422801971, 0.47264501452445984]
[1.1247119903564453, -0.10159018635749817, -0.5533181428909302] [-0.2607380449771881, -0.3574639558792114, -0.07367396354675293, 0.8222659826278687, 0.8820080757141113, 0.9971999526023865, -1.5232200622558594, -1.5094980001449585] [0.18787626922130585, -0.09027978032827377, 0.13355503976345062, 0.7156813144683838, -0.17141948640346527, 0.46850714087486267]
[1.1247119903564453, -0.10159018635749817, -0.5533181428909302] [-0.2530680298805237, -0.35899797081947327, -0.07520796358585358, 0.8222659826278687, 0.8804740905761719, 0.9971999526023865, -1.5247540473937988, -1.5094980001449585] [0.18786795437335968, -0.09026803076267242, 0.13356725871562958, 0.7172152400016785, -0.17141948640346527, 0.46850714087486267]
[1.1247119903564453, -0.10159018635749817, -0.5533181428909302] [-0.2530680298805237, -0.3605319857597351, -0.07520796358585358, 0.8099939823150635, 0.8820080757141113, 0.9968000054359436, -1.5232200622558594, -1.5094980001449585] [0.18850144743919373, -0.09220654517412186, 0.13377593457698822, 0.7185754179954529, -0.17367808520793915, 0.4531170427799225]
[1.1247119903564453, -0.10159018635749817, -0.5533181428909302] [-0.2530680298805237, -0.36206597089767456, -0.07520796358585358, 0.8099939823150635, 0.8820080757141113, 0.9968000054359436, -1.5232200622558594, -1.5094980001449585] [0.18850144743919373, -0.09220654517412186, 0.13377593457698822, 0.7185754179954529, -0.17367808520793915, 0.4531170427799225]
[1.1247119903564453, -0.10159018635749817, -0.5533181428909302] [-0.2530680298805237, -0.36206597089767456, -0.07520796358585358, 0.8099939823150635, 0.8804740905761719, 0.9971999526023865, -1.5232200622558594, -1.5094980001449585] [0.1884494125843048, -0.09220654517412186, 0.13406504690647125, 0.7178934812545776, -0.17505726218223572, 0.45323535799980164]
[1.1247119903564453, -0.10159018635749817, -0.5533181428909302] [-0.2530680298805237, -0.36206597089767456, -0.07520796358585358, 0.8099939823150635, 0.8820080757141113, 0.9971999526023865, -1.5232200622558594, -1.5094980001449585] [0.18850144743919373, -0.09220654517412186, 0.13377593457698822, 0.7185754179954529, -0.17367808520793915, 0.4531170427799225]
[1.1247119903564453, -0.10159018635749817, -0.5533181428909302] [-0.2530680298805237, -0.3605319857597351, -0.07520796358585358, 0.8099939823150635, 0.8804740905761719, 0.9968000054359436, -1.5232200622558594, -1.5094980001449585] [0.1884932965040207, -0.09219471365213394, 0.13378818333148956, 0.7201094031333923, -0.17367808520793915, 0.4531170427799225]
[1.1247119903564453, -0.10159018635749817, -0.5533181428909302] [-0.2530680298805237, -0.36206597089767456, -0.07520796358585358, 0.8099939823150635, 0.8804740905761719, 0.9968000054359436, -1.5232200622558594, -1.5094980001449585] [0.18850144743919373, -0.09220654517412186, 0.13377593457698822, 0.7185754179954529, -0.17367808520793915, 0.4531170427799225]
[1.1247119903564453, -0.10159018635749817, -0.5533181428909302] [-0.24846604466438293, -0.3605319857597351, -0.07520796358585358, 0.8099939823150635, 0.8804740905761719, 0.04280000552535057, -1.5232200622558594, -1.5094980001449585] [0.18864606320858002, -0.0919136330485344, 0.13290584087371826, 0.720275342464447, -0.16937486827373505, 0.45431289076805115]
[1.1247119903564453, -0.10159018635749817, -0.5533181428909302] [-0.2500000596046448, -0.3605319857597351, -0.07520796358585358, 0.8099939823150635, 0.8804740905761719, 0.024400005117058754, -1.5247540473937988, -1.5094980001449585] [0.18830832839012146, -0.09189292043447495, 0.1347733587026596, 0.7171967625617981, -0.1787400245666504, 0.4552054703235626]
[1.1247119903564453, -0.10159018635749817, -0.5533181428909302] [-0.2607380449771881, -0.35899797081947327, -0.07060596346855164, 0.8099939823150635, 0.8804740905761719, 0.024400005117058754, -1.5232200622558594, -1.5094980001449585] [0.18809929490089417, -0.09124606847763062, 0.13574351370334625, 0.7181764245033264, -0.1844349503517151, 0.4590984284877777]
[1.1247119903564453, -0.10159018635749817, -0.5533181428909302] [-0.2638060450553894, -0.35132795572280884, -0.06753796339035034, 0.808459997177124, 0.8820080757141113, 0.024400005117058754, -1.5232200622558594, -1.5094980001449585] [0.18716251850128174, -0.0878409743309021, 0.14002725481987, 0.7061418890953064, -0.2038097083568573, 0.4784443974494934]
[1.1247119903564453, -0.10159018635749817, -0.5533181428909302] [-0.3619820475578308, -0.3329199552536011, -0.0660039633512497, 0.8284019827842712, 0.8804740905761719, 0.024400005117058754, -1.5232200622558594, -1.5094980001449585] [0.18097811937332153, -0.08431872725486755, 0.15784138441085815, 0.6494349241256714, -0.28586041927337646, 0.5199000835418701]
[1.1247119903564453, -0.10159018635749817, -0.5533181428909302] [-0.4279440641403198, -0.31297796964645386, -0.0660039633512497, 0.8345379829406738, 0.8804740905761719, 0.024400005117058754, -1.5232200622558594, -1.5094980001449585] [0.17578092217445374, -0.0770852267742157, 0.16944259405136108, 0.5963751673698425, -0.3345535099506378, 0.573587954044342]
[1.1247119903564453, -0.10159018635749817, -0.5533181428909302] [-0.49697405099868774, -0.24854996800422668, -0.0660039633512497, 0.8376059532165527, 0.8789400458335876, 0.024400005117058754, -1.5232200622558594, -1.5094980001449585] [0.16513702273368835, -0.05943262577056885, 0.1858401596546173, 0.4910154342651367, -0.3913964033126831, 0.6945720314979553]
[1.1247119903564453, -0.10159018635749817, -0.5533181428909302] [-0.6058880686759949, -0.1381019651889801, -0.0660039633512497, 0.8376059532165527, 0.8789400458335876, 0.024400005117058754, -1.5232200622558594, -1.5094980001449585] [0.15274614095687866, -0.0411485992372036, 0.19778932631015778, 0.37774455547332764, -0.4194868206977844, 0.8217106461524963]
[1.1247119903564453, -0.10159018635749817, -0.5533181428909302] [-0.6810540556907654, -0.05679996311664581, -0.07674196362495422, 0.8406739830970764, 0.8789400458335876, 0.024400005117058754, -1.5247540473937988, -1.5094980001449585] [0.14541205763816833, -0.029601508751511574, 0.2012139856815338, 0.30181998014450073, -0.40984898805618286, 0.8967121243476868]
[1.1247119903564453, -0.10159018635749817, -0.5533181428909302] [-0.7102000713348389, 0.001492038369178772, -0.09821796417236328, 0.8406739830970764, 0.8789400458335876, 0.024400005117058754, -1.5232200622558594, -1.5094980001449585] [0.1411525011062622, -0.019484952092170715, 0.20012716948986053, 0.2394888997077942, -0.37692955136299133, 0.9472174048423767]
[1.1247119903564453, -0.10159018635749817, -0.5533181428909302] [-0.7178700566291809, 0.02757003903388977, -0.13656796514987946, 0.8191980123519897, 0.8789400458335876, 0.024400005117058754, -1.5232200622558594, -1.511031985282898] [0.14580796658992767, -0.02244596555829048, 0.19859595596790314, 0.22550079226493835, -0.36460229754447937, 0.900424063205719]
[1.1247119903564453, -0.10159018635749817, -0.5533181428909302] [-0.7209380865097046, -0.03225596249103546, -0.19485996663570404, 0.788517951965332, 0.8804740905761719, 0.024400005117058754, -1.5232200622558594, -1.5094980001449585] [0.1546514332294464, -0.04254597797989845, 0.20232541859149933, 0.23713724315166473, -0.39991384744644165, 0.7606558203697205]
[1.1247119903564453, -0.10159018635749817, -0.5533181428909302] [-0.7286080718040466, -0.11202395707368851, -0.2884339690208435, 0.7532359957695007, 0.8789400458335876, 0.024400005117058754, -1.5232200622558594, -1.5094980001449585] [0.16309380531311035, -0.060634952038526535, 0.20125935971736908, 0.23921363055706024, -0.40060847997665405, 0.6251320242881775]
[1.1247119903564453, -0.10159018635749817, -0.5533181428909302] [-0.7286080718040466, -0.1672479659318924, -0.3528619706630707, 0.7179539799690247, 0.8789400458335876, 0.024400005117058754, -1.5232200622558594, -1.5094980001449585] [0.17006991803646088, -0.08303721249103546, 0.20046377182006836, 0.25178998708724976, -0.4090726673603058, 0.46867355704307556]
[1.1247119903564453, -0.10159018635749817, -0.5533181428909302] [-0.7286080718040466, -0.25775396823883057, -0.4525719881057739, 0.6627299785614014, 0.8789400458335876, 0.024400005117058754, -1.5232200622558594, -1.5094980001449585] [0.1737806648015976, -0.10752802342176437, 0.1989276260137558, 0.2822223901748657, -0.41752079129219055, 0.31052327156066895]
[1.1247119903564453, -0.10159018635749817, -0.5533181428909302] [-0.7286080718040466, -0.4034839868545532, -0.5169999599456787, 0.6351180076599121, 0.8804740905761719, 0.024400005117058754, -1.5232200622558594, -1.5094980001449585] [0.17189417779445648, -0.1460753232240677, 0.19335252046585083, 0.37702420353889465, -0.4210299551486969, 0.08631693571805954]
[1.1247119903564453, -0.10159018635749817, -0.5533181428909302] [-0.7286080718040466, -0.6151759624481201, -0.5384759902954102, 0.5983020067214966, 0.8789400458335876, 0.024400005117058754, -1.5232200622558594, -1.5094980001449585] [0.1639580875635147, -0.18002189695835114, 0.18807101249694824, 0.5038038492202759, -0.43330469727516174, -0.12396123260259628]
[1.1247119903564453, -0.10159018635749817, -0.5533181428909302] [-0.725540041923523, -0.6673319935798645, -0.5123980045318604, 0.5706899762153625, 0.8789400458335876, 0.024400005117058754, -1.5232200622558594, -1.5094980001449585] [0.161031112074852, -0.18693946301937103, 0.18830247223377228, 0.561631977558136, -0.4498295187950134, -0.171973317861557]
[1.1247119903564453, -0.10159018635749817, -0.5533181428909302] [-0.722472071647644, -0.6734679937362671, -0.47558197379112244, 0.5706899762153625, 0.8804740905761719, 0.024400005117058754, -1.5232200622558594, -1.5094980001449585] [0.16011857986450195, -0.18534709513187408, 0.19115953147411346, 0.6011006236076355, -0.4752393066883087, -0.1625697910785675]
[1.1247119903564453, -0.10159018635749817, -0.5533181428909302] [-0.7209380865097046, -0.6719340085983276, -0.4387659728527069, 0.5706899762153625, 0.8789400458335876, 0.024400005117058754, -1.5232200622558594, -1.5094980001449585] [0.15975527465343475, -0.18470023572444916, 0.19227825105190277, 0.6169213056564331, -0.4857025146484375, -0.15869371592998505]
[1.1247119903564453, -0.10159018635749817, -0.5533181428909302] [-0.7194040417671204, -0.6719340085983276, -0.4096199870109558, 0.5706899762153625, 0.8804740905761719, 0.024400005117058754, -1.5232200622558594, -1.5094980001449585] [0.15884923934936523, -0.18363463878631592, 0.1945807784795761, 0.6479871273040771, -0.5057888627052307, -0.15292981266975403]
[1.1247119903564453, -0.10159018635749817, -0.5533181428909302] [-0.6672480702400208, -0.6673319935798645, -0.3866099715232849, 0.5967679619789124, 0.8804740905761719, 0.9971999526023865, -1.5247540473937988, -1.511031985282898] [0.16845187544822693, -0.17906908690929413, 0.17796838283538818, 0.6197487115859985, -0.40254104137420654, -0.1074226126074791]
[1.1247119903564453, -0.10159018635749817, -0.5533181428909302] [-0.5460620522499084, -0.6627299785614014, -0.3866099715232849, 0.6029039621353149, 0.8804740905761719, 0.9971999526023865, -1.5247540473937988, -1.511031985282898] [0.1765628457069397, -0.1766626387834549, 0.159896120429039, 0.5983282327651978, -0.29569461941719055, -0.08801771700382233]
[1.1247119903564453, -0.10159018635749817, -0.5533181428909302] [-0.47856605052948, -0.6397199630737305, -0.38814395666122437, 0.6013699769973755, 0.8789400458335876, 0.9971999526023865, -1.5247540473937988, -1.511031985282898] [0.1813105046749115, -0.17411008477210999, 0.14776690304279327, 0.5874474048614502, -0.22586850821971893, -0.07255207747220993]
[1.1247119903564453, -0.10159018635749817, -0.5533181428909302] [-0.374254047870636, -0.6397199630737305, -0.38814395666122437, 0.6013699769973755, 0.8804740905761719, 0.9971999526023865, -1.5247540473937988, -1.511031985282898] [0.1848333179950714, -0.17406754195690155, 0.1315706968307495, 0.5821734070777893, -0.13795773684978485, -0.07111871242523193]
[1.1247119903564453, -0.10159018635749817, -0.5533181428909302] [-0.308292031288147, -0.6397199630737305, -0.38814395666122437, 0.6013699769973755, 0.8804740905761719, 0.9971999526023865, -1.5247540473937988, -1.511031985282898] [0.18668155372142792, -0.17423436045646667, 0.11765441298484802, 0.5769192576408386, -0.06343871355056763, -0.07204878330230713]
[1.1247119903564453, -0.10159018635749817, -0.5533181428909302] [-0.2607380449771881, -0.6397199630737305, -0.3866099715232849, 0.6013699769973755, 0.8789400458335876, 0.9971999526023865, -1.5247540473937988, -1.511031985282898] [0.18699580430984497, -0.17425020039081573, 0.11391810327768326, 0.5739484429359436, -0.04354840889573097, -0.07197195291519165]
[1.1247119903564453, -0.10159018635749817, -0.5533181428909302] [-0.25920403003692627, -0.6397199630737305, -0.3866099715232849, 0.6013699769973755, 0.8804740905761719, 0.9971999526023865, -1.5247540473937988, -1.511031985282898] [0.1869964897632599, -0.17423436045646667, 0.11392836272716522, 0.5754824280738831, -0.04354840889573097, -0.07197195291519165]
[1.1247119903564453, -0.10159018635749817, -0.5533181428909302] [-0.25920403003692627, -0.6397199630737305, -0.3866099715232849, 0.6013699769973755, 0.8789400458335876, 0.9971999526023865, -1.5247540473937988, -1.511031985282898] [0.18688324093818665, -0.17451700568199158, 0.11389830708503723, 0.5758749842643738, -0.04351983964443207, -0.07347174733877182]
[1.1247119903564453, -0.10159018635749817, -0.5533181428909302] [-0.25920403003692627, -0.6397199630737305, -0.3866099715232849, 0.6013699769973755, 0.8804740905761719, 0.9971999526023865, -1.5232200622558594, -1.511031985282898] [0.1869964897632599, -0.17423436045646667, 0.11392836272716522, 0.5754824280738831, -0.04354840889573097, -0.07197195291519165]
[1.1247119903564453, -0.10159018635749817, -0.5533181428909302] [-0.25920403003692627, -0.6397199630737305, -0.3866099715232849, 0.6013699769973755, 0.8804740905761719, 0.9971999526023865, -1.5247540473937988, -1.511031985282898] [0.1869964897632599, -0.17423436045646667, 0.11392836272716522, 0.5754824280738831, -0.04354840889573097, -0.07197195291519165]
