[0.6288328766822815, -0.4015781283378601, 0.47923168540000916] [0.5185339450836182, -0.7486339807510376, 1.4235100746154785, 0.839139997959137, 0.22852404415607452, 0.9968000054359436, -1.518618106842041, -1.5048960447311401] [0.15786291658878326, -0.2169201374053955, 0.10661818832159042, 1.26970636844635, -0.37574678659439087, -0.43481725454330444]
[0.6288328766822815, -0.4015781283378601, 0.47923168540000916] [0.5185339450836182, -0.8268679976463318, 1.4158400297164917, 0.8406739830970764, 0.23005804419517517, 0.9968000054359436, -1.518618106842041, -1.5033619403839111] [0.1516183465719223, -0.22408804297447205, 0.11020006984472275, 1.227278709411621, -0.38841402530670166, -0.46725529432296753]
[0.6288328766822815, -0.4015781283378601, 0.47923168540000916] [0.5185339450836182, -0.8744219541549683, 1.3728880882263184, 0.8606159687042236, 0.23005804419517517, 0.9968000054359436, -1.5170841217041016, -1.5002939701080322] [0.15103042125701904, -0.2219831943511963, 0.10678202658891678, 1.0659784078598022, -0.3496204614639282, -0.39996784925460815]
[0.3607124090194702, -0.252810001373291, 0.38378018140792847] [0.5185339450836182, -0.9250440001487732, 0.9433680772781372, 0.8805580139160156, 0.23005804419517517, 0.9968000054359436, -1.5094140768051147, -1.488021969795227] [0.15722998976707458, -0.20823325216770172, 0.08457241952419281, 0.784529983997345, -0.16387715935707092, -0.22997407615184784]
[0.3607124090194702, -0.252810001373291, 0.38378018140792847] [0.5123980045318604, -0.9265779852867126, 0.9234260320663452, 0.8866939544677734, 0.23005804419517517, 0.9968000054359436, -1.5094140768051147, -1.4849539995193481] [0.1572217047214508, -0.20765003561973572, 0.08546216785907745, 0.782309353351593, -0.1700555831193924, -0.2240496128797531]
[0.3607124090194702, -0.252810001373291, 0.38378018140792847] [0.5154659748077393, -0.9250440001487732, 0.892746090888977, 0.9158399701118469, 0.23159204423427582, 0.9968000054359436, -1.501744031906128, -1.4742159843444824] [0.1579027622938156, -0.20269989967346191, 0.08380933851003647, 0.7505098581314087, -0.15906842052936554, -0.1775381714105606]
[0.3607124090194702, -0.252810001373291, 0.38378018140792847] [0.5200679898262024, -0.9250440001487732, 0.8620660305023193, 0.9327139854431152, 0.23005804419517517, 0.9968000054359436, -1.4879380464553833, -1.452739953994751] [0.15822604298591614, -0.20119857788085938, 0.08167601376771927, 0.735985517501831, -0.14318963885307312, -0.1636429876089096]
[0.3607124090194702, -0.252810001373291, 0.38378018140792847] [0.5200679898262024, -0.9219759702682495, 0.8620660305023193, 0.9311800003051758, 0.23159204423427582, 0.9968000054359436, -1.4587920904159546, -1.4205260276794434] [0.15906617045402527, -0.19944439828395844, 0.07951732724905014, 0.7371249198913574, -0.13153988122940063, -0.1531030237674713]
[0.6005416512489319, -0.42179542779922485, 0.5100228786468506] [0.5277379751205444, -0.912771999835968, 0.8451920747756958, 0.9419180154800415, 0.23005804419517517, 0.9968000054359436, -1.44498610496521, -1.4067200422286987] [0.1592908799648285, -0.19678419828414917, 0.0786571130156517, 0.7213072180747986, -0.1251194030046463, -0.12843462824821472]
[0.6005416512489319, -0.42179542779922485, 0.5100228786468506] [0.5277379751205444, -0.912771999835968, 0.8175800442695618, 0.9679960012435913, 0.23159204423427582, 0.9968000054359436, -1.4265780448913574, -1.3898459672927856] [0.15948015451431274, -0.19268429279327393, 0.07796801626682281, 0.7034093737602234, -0.12032773345708847, -0.0910356342792511]
[0.6879213452339172, -0.40933603048324585, 0.4967522919178009] [0.5277379751205444, -0.9004999995231628, 0.7654240727424622, 1.017084002494812, 0.23005804419517517, 0.9968000054359436, -1.3943641185760498, -1.3545639514923096] [0.16050362586975098, -0.18492621183395386, 0.07393937557935715, 0.674812912940979, -0.09380413591861725, -0.02713724970817566]
[0.6879213452339172, -0.40933603048324585, 0.4967522919178009] [0.5308059453964233, -0.8974319696426392, 0.7439480423927307, 1.0216859579086304, 0.23005804419517517, 0.9968000054359436, -1.366752028465271, -1.3269519805908203] [0.1605730801820755, -0.18360736966133118, 0.07253821939229965, 0.6658414006233215, -0.08274630457162857, -0.015554390847682953]
[0.6879213452339172, -0.40933603048324585, 0.4967522919178009] [0.5292719602584839, -0.8882279992103577, 0.7393460273742676, 1.032423973083496, 0.23159204423427582, 0.9968000054359436, -1.3360720872879028, -1.2901359796524048] [0.16124460101127625, -0.17876483500003815, 0.07306445389986038, 0.6697568893432617, -0.09205734729766846, 0.020719118416309357]
[0.6887893676757812, -0.4151747524738312, 0.48645010590553284] [0.5308059453964233, -0.885159969329834, 0.7286080718040466, 1.0631040334701538, 0.23005804419517517, 0.9968000054359436, -1.2992560863494873, -1.260990023612976] [0.16094987094402313, -0.17619426548480988, 0.07195191085338593, 0.6587182283401489, -0.0836748480796814, 0.04424406588077545]
[0.6887893676757812, -0.4151747524738312, 0.48645010590553284] [0.5323399901390076, -0.885159969329834, 0.7086660861968994, 1.0692399740219116, 0.23005804419517517, 0.9968000054359436, -1.2793140411376953, -1.2425819635391235] [0.16083863377571106, -0.1756965070962906, 0.07039419561624527, 0.6517480611801147, -0.0711163729429245, 0.04922560602426529]
[1.5469588041305542, -0.8313043713569641, 0.653343677520752] [0.5323399901390076, -0.885159969329834, 0.7055980563163757, 1.0692399740219116, 0.23159204423427582, 0.9968000054359436, -1.2808480262756348, -1.2425819635391235] [0.16086800396442413, -0.17555288970470428, 0.07070016860961914, 0.6500360369682312, -0.07327406108379364, 0.05063541606068611]
[1.5469588041305542, -0.8313043713569641, 0.653343677520752] [0.5323399901390076, -0.8836259841918945, 0.7040640711784363, 1.0692399740219116, 0.23159204423427582, 0.9968000054359436, -1.2808480262756348, -1.2425819635391235] [0.16086800396442413, -0.17555288970470428, 0.07070016860961914, 0.6500360369682312, -0.07327406108379364, 0.05063541606068611]
[1.5469588041305542, -0.8313043713569641, 0.653343677520752] [0.5323399901390076, -0.885159969329834, 0.7055980563163757, 1.0692399740219116, 0.23005804419517517, 0.9968000054359436, -1.2808480262756348, -1.2425819635391235] [0.16086800396442413, -0.17555288970470428, 0.07070016860961914, 0.6500360369682312, -0.07327406108379364, 0.05063541606068611]
[1.144737958908081, -0.6117068529129028, 0.5352898240089417] [0.5323399901390076, -0.885159969329834, 0.7055980563163757, 1.0692399740219116, 0.23005804419517517, 0.9968000054359436, -1.2808480262756348, -1.2425819635391235] [0.16096873581409454, -0.1753024160861969, 0.07065130770206451, 0.6523496508598328, -0.07331395894289017, 0.0518999919295311]
[1.144737958908081, -0.6117068529129028, 0.5352898240089417] [0.5323399901390076, -0.885159969329834, 0.7055980563163757, 1.0692399740219116, 0.23005804419517517, 0.9968000054359436, -1.2808480262756348, -1.2425819635391235] [0.16086800396442413, -0.17555288970470428, 0.07070016860961914, 0.6500360369682312, -0.07327406108379364, 0.05063541606068611]
[1.1526957750320435, -0.611911952495575, 0.5160506963729858] [0.5323399901390076, -0.885159969329834, 0.7055980563163757, 1.0692399740219116, 0.23005804419517517, 0.9968000054359436, -1.2808480262756348, -1.241047978401184] [0.1608840823173523, -0.17566271126270294, 0.07099196314811707, 0.6515931487083435, -0.0757296234369278, 0.049533527344465256]
[1.1526957750320435, -0.611911952495575, 0.5160506963729858] [0.5323399901390076, -0.8836259841918945, 0.7086660861968994, 1.0692399740219116, 0.23159204423427582, 0.9968000054359436, -1.2793140411376953, -1.2395139932632446] [0.1609283983707428, -0.17566271126270294, 0.07123880088329315, 0.6515169739723206, -0.07726175338029861, 0.04953934624791145]
[0.9510858058929443, -0.5200660228729248, 0.4894857108592987] [0.5323399901390076, -0.8805580139160156, 0.7086660861968994, 1.0692399740219116, 0.23005804419517517, 0.9968000054359436, -1.2701101303100586, -1.2318439483642578] [0.16159501671791077, -0.17401166260242462, 0.07057318836450577, 0.6570510268211365, -0.07602348178625107, 0.05837192013859749]
[0.9510858058929443, -0.5200660228729248, 0.4894857108592987] [0.5323399901390076, -0.8667519688606262, 0.7071320414543152, 1.0692399740219116, 0.23005804419517517, 0.9968000054359436, -1.2685760259628296, -1.228775978088379] [0.16229058802127838, -0.17235183715820312, 0.07016344368457794, 0.662506103515625, -0.07636550813913345, 0.06720874458551407]
[0.9510858058929443, -0.5200660228729248, 0.4894857108592987] [0.5308059453964233, -0.8560140132904053, 0.7071320414543152, 1.0692399740219116, 0.23005804419517517, 0.9968000054359436, -1.2685760259628296, -1.228775978088379] [0.1627686768770218, -0.1711040884256363, 0.06973125040531158, 0.6656199097633362, -0.0754198431968689, 0.07408934831619263]
[0.9510858058929443, -0.5200660228729248, 0.4894857108592987] [0.5323399901390076, -0.8560140132904053, 0.7071320414543152, 1.0692399740219116, 0.23159204423427582, 0.9968000054359436, -1.2670420408248901, -1.228775978088379] [0.16295160353183746, -0.17056936025619507, 0.0694727972149849, 0.6663968563079834, -0.07431827485561371, 0.07718593627214432]
[1.4908396005630493, -0.8117257952690125, 0.6392519474029541] [0.5323399901390076, -0.8176639676094055, 0.7055980563163757, 1.0692399740219116, 0.23005804419517517, 0.9968000054359436, -1.2701101303100586, -1.2318439483642578] [0.16598057746887207, -0.1625278890132904, 0.0678214579820633, 0.6910712718963623, -0.07715164124965668, 0.1194840669631958]
[0.5942229628562927, -0.33144980669021606, 0.36980611085891724] [0.5292719602584839, -0.8007899522781372, 0.7055980563163757, 1.0692399740219116, 0.23005804419517517, 0.9968000054359436, -1.2762460708618164, -1.2333779335021973] [0.16612710058689117, -0.16234339773654938, 0.06816975027322769, 0.692444384098053, -0.07997158914804459, 0.12016040086746216]
[0.5942229628562927, -0.33144980669021606, 0.36980611085891724] [0.5292719602584839, -0.8007899522781372, 0.7055980563163757, 1.0692399740219116, 0.23005804419517517, 0.9968000054359436, -1.2854501008987427, -1.2395139932632446] [0.16612710058689117, -0.16234339773654938, 0.06816975027322769, 0.692444384098053, -0.07997158914804459, 0.12016040086746216]
[1.0135489702224731, -0.541660726070404, 0.4695633053779602] [0.5277379751205444, -0.8007899522781372, 0.7040640711784363, 1.0692399740219116, 0.23005804419517517, 0.9968000054359436, -1.3038580417633057, -1.2579219341278076] [0.16611503064632416, -0.16228322684764862, 0.06802622973918915, 0.6916592121124268, -0.0787675678730011, 0.12076184153556824]
[1.0135489702224731, -0.541660726070404, 0.4695633053779602] [0.5185339450836182, -0.8007899522781372, 0.7040640711784363, 1.0692399740219116, 0.23005804419517517, 0.9968000054359436, -1.3299360275268555, -1.279397964477539] [0.16645647585391998, -0.16232909262180328, 0.06996742635965347, 0.6926859617233276, -0.09063208848237991, 0.12027052044868469]
[1.0135489702224731, -0.541660726070404, 0.4695633053779602] [0.5169999599456787, -0.7992559671401978, 0.7055980563163757, 1.075376033782959, 0.23005804419517517, 0.9968000054359436, -1.3529460430145264, -1.3039419651031494] [0.1664491891860962, -0.16117769479751587, 0.07087869942188263, 0.6907439231872559, -0.09786418825387955, 0.12984946370124817]
[0.806692898273468, -0.45003458857536316, 0.4062695801258087] [0.5123980045318604, -0.7992559671401978, 0.7055980563163757, 1.0830459594726562, 0.23005804419517517, 0.9968000054359436, -1.3560140132904053, -1.3054759502410889] [0.16643019020557404, -0.16065698862075806, 0.07147467136383057, 0.6891422867774963, -0.10173512250185013, 0.1346382051706314]
[0.806692898273468, -0.45003458857536316, 0.4062695801258087] [0.5123980045318604, -0.7946540117263794, 0.7055980563163757, 1.0876480340957642, 0.23005804419517517, 0.9968000054359436, -1.3560140132904053, -1.3070099353790283] [0.16715574264526367, -0.15781526267528534, 0.07138979434967041, 0.6969764828681946, -0.10607404261827469, 0.15076245367527008]
[0.43978187441825867, -0.2644594609737396, 0.33486130833625793] [0.5123980045318604, -0.773177981376648, 0.7040640711784363, 1.0876480340957642, 0.23005804419517517, 0.9968000054359436, -1.3575481176376343, -1.3085440397262573] [0.16778503358364105, -0.15585079789161682, 0.07103581726551056, 0.702954113483429, -0.10700759291648865, 0.1608227789402008]
[0.43978187441825867, -0.2644594609737396, 0.33486130833625793] [0.5123980045318604, -0.7716439962387085, 0.7040640711784363, 1.0876480340957642, 0.23005804419517517, 0.9968000054359436, -1.3575481176376343, -1.3085440397262573] [0.16777385771274567, -0.15578816831111908, 0.07089170068502426, 0.7021753787994385, -0.10579807311296463, 0.1614445447921753]
[1.1467750072479248, -0.6845936179161072, 0.5849721431732178] [0.5123980045318604, -0.7716439962387085, 0.7055980563163757, 1.0876480340957642, 0.23005804419517517, 0.9968000054359436, -1.3575481176376343, -1.3085440397262573] [0.16778503358364105, -0.15585079789161682, 0.07103581726551056, 0.702954113483429, -0.10700759291648865, 0.1608227789402008]
[1.1467750072479248, -0.6845936179161072, 0.5849721431732178] [0.5123980045318604, -0.7716439962387085, 0.7040640711784363, 1.0876480340957642, 0.23005804419517517, 0.9968000054359436, -1.3590821027755737, -1.3085440397262573] [0.16782236099243164, -0.15600204467773438, 0.07095726579427719, 0.7031002640724182, -0.10630875080823898, 0.1594492793083191]
[1.1467750072479248, -0.6845936179161072, 0.5849721431732178] [0.5123980045318604, -0.7716439962387085, 0.7040640711784363, 1.0876480340957642, 0.23159204423427582, 0.9968000054359436, -1.3590821027755737, -1.3100780248641968] [0.16778503358364105, -0.15585079789161682, 0.07103581726551056, 0.702954113483429, -0.10700759291648865, 0.1608227789402008]
[1.1467750072479248, -0.6845936179161072, 0.5849721431732178] [0.5123980045318604, -0.7716439962387085, 0.7055980563163757, 1.0876480340957642, 0.23005804419517517, 0.9968000054359436, -1.3621500730514526, -1.3116120100021362] [0.16778503358364105, -0.15585079789161682, 0.07103581726551056, 0.702954113483429, -0.10700759291648865, 0.1608227789402008]
[0.9687967300415039, -0.6532859206199646, 0.6163654327392578] [0.4157559871673584, -0.773177981376648, 0.8053080439567566, 1.0861139297485352, 0.23005804419517517, 0.03600000590085983, -1.3851600885391235, -1.3330880403518677] [0.16929280757904053, -0.16037040948867798, 0.0978146642446518, 0.743113100528717, -0.2873505651950836, 0.11972249299287796]
[0.9687967300415039, -0.6532859206199646, 0.6163654327392578] [0.4034839868545532, -0.7716439962387085, 0.8053080439567566, 1.0861139297485352, 0.23005804419517517, 0.03600000590085983, -1.3851600885391235, -1.3330880403518677] [0.16930106282234192, -0.16037040948867798, 0.09859375655651093, 0.7425391674041748, -0.2919195592403412, 0.11988641321659088]
[0.9687967300415039, -0.6532859206199646, 0.6163654327392578] [0.3988819718360901, -0.7655079960823059, 0.8053080439567566, 1.0861139297485352, 0.23005804419517517, 0.03600000590085983, -1.3851600885391235, -1.3330880403518677] [0.17131230235099792, -0.1545766294002533, 0.10246458649635315, 0.7531680464744568, -0.3211617171764374, 0.1507384181022644]
[0.9687967300415039, -0.6532859206199646, 0.6163654327392578] [0.35132795572280884, -0.7010799646377563, 0.8053080439567566, 1.0845799446105957, 0.23005804419517517, 0.03600000590085983, -1.3851600885391235, -1.3330880403518677] [0.17338944971561432, -0.14722752571105957, 0.10822466760873795, 0.7630633115768433, -0.36167430877685547, 0.19055670499801636]
[0.9687967300415039, -0.6532859206199646, 0.6163654327392578] [0.32218196988105774, -0.6657979488372803, 0.8053080439567566, 1.0861139297485352, 0.23005804419517517, 0.03600000590085983, -1.386694073677063, -1.3346220254898071] [0.1744469404220581, -0.1430756002664566, 0.1110808327794075, 0.7671248316764832, -0.3809421956539154, 0.2129310518503189]
[0.9687967300415039, -0.6532859206199646, 0.6163654327392578] [0.30223995447158813, -0.6565939784049988, 0.8037740588188171, 1.0815119743347168, 0.23005804419517517, 0.03600000590085983, -1.3882280588150024, -1.3346220254898071] [0.17459315061569214, -0.14235535264015198, 0.11431656777858734, 0.7655732035636902, -0.3992539644241333, 0.21693016588687897]
[1.2592328786849976, -0.8564561605453491, 0.9197930693626404] [0.2945699691772461, -0.6565939784049988, 0.8037740588188171, 1.0799779891967773, 0.23005804419517517, 0.03600000590085983, -1.3882280588150024, -1.3346220254898071] [0.17459562420845032, -0.14249356091022491, 0.11503983289003372, 0.7650593519210815, -0.40296614170074463, 0.21591608226299286]
[1.2592328786849976, -0.8564561605453491, 0.9197930693626404] [0.28996795415878296, -0.6565939784049988, 0.8037740588188171, 1.0738420486450195, 0.23005804419517517, 0.03600000590085983, -1.3882280588150024, -1.3346220254898071] [0.1748240739107132, -0.14257973432540894, 0.11545036733150482, 0.7651288509368896, -0.40404728055000305, 0.21406599879264832]
[1.2592328786849976, -0.8564561605453491, 0.9197930693626404] [0.28996795415878296, -0.6565939784049988, 0.8022400736808777, 1.0738420486450195, 0.23005804419517517, 0.03600000590085983, -1.3882280588150024, -1.3346220254898071] [0.17475832998752594, -0.1428300440311432, 0.11546987295150757, 0.7646650075912476, -0.40395480394363403, 0.21277767419815063]
[1.2592328786849976, -0.8564561605453491, 0.9197930693626404] [0.2884339690208435, -0.6550599932670593, 0.8022400736808777, 1.075376033782959, 0.23005804419517517, 0.03600000590085983, -1.3882280588150024, -1.3346220254898071] [0.17475832998752594, -0.1428300440311432, 0.11546987295150757, 0.7646650075912476, -0.40395480394363403, 0.21277767419815063]
[1.2592328786849976, -0.8564561605453491, 0.9197930693626404] [0.2853659689426422, -0.6565939784049988, 0.8022400736808777, 1.075376033782959, 0.23005804419517517, 0.03600000590085983, -1.3882280588150024, -1.3346220254898071] [0.1746213138103485, -0.14257973432540894, 0.11759460717439651, 0.7622787952423096, -0.4160376787185669, 0.215202197432518]
[1.2592328786849976, -0.8564561605453491, 0.9197930693626404] [0.26082196831703186, -0.6550599932670593, 0.8022400736808777, 1.075376033782959, 0.23005804419517517, 0.03600000590085983, -1.3882280588150024, -1.3346220254898071] [0.17426787316799164, -0.14257973432540894, 0.12080586701631546, 0.7579463720321655, -0.4340175688266754, 0.2169886976480484]
[1.2592328786849976, -0.8564561605453491, 0.9197930693626404] [0.2546859681606293, -0.6535259485244751, 0.8022400736808777, 1.075376033782959, 0.23005804419517517, 0.03600000590085983, -1.3882280588150024, -1.3346220254898071] [0.17499947547912598, -0.1393164098262787, 0.1213931068778038, 0.7622296810150146, -0.439630389213562, 0.23447151482105255]
[1.2592328786849976, -0.8564561605453491, 0.9197930693626404] [0.2500839829444885, -0.5829619765281677, 0.7961040735244751, 1.0646380186080933, 0.23005804419517517, 0.03600000590085983, -1.3882280588150024, -1.3346220254898071] [0.17793621122837067, -0.13015921413898468, 0.12059842795133591, 0.7786539793014526, -0.4368983209133148, 0.2762916088104248]
[1.2592328786849976, -0.8564561605453491, 0.9197930693626404] [0.24701596796512604, -0.5476799607276917, 0.7945700883865356, 1.058501958847046, 0.23005804419517517, 0.03600000590085983, -1.389762043952942, -1.3346220254898071] [0.17894160747528076, -0.12487606704235077, 0.12028474360704422, 0.7875989079475403, -0.4383404552936554, 0.3025549352169037]
[1.2592328786849976, -0.8564561605453491, 0.9197930693626404] [0.24701596796512604, -0.5108639597892761, 0.7945700883865356, 1.058501958847046, 0.23005804419517517, 0.03600000590085983, -1.389762043952942, -1.3346220254898071] [0.1798664778470993, -0.11804880201816559, 0.11992669850587845, 0.7967393398284912, -0.44027766585350037, 0.3376661539077759]
[1.2592328786849976, -0.8564561605453491, 0.9197930693626404] [0.2454819679260254, -0.49245595932006836, 0.7945700883865356, 1.0569679737091064, 0.23005804419517517, 0.03600000590085983, -1.389762043952942, -1.3346220254898071] [0.18006575107574463, -0.11622721701860428, 0.1198764517903328, 0.7994738817214966, -0.4411589205265045, 0.3469117283821106]
[1.2592328786849976, -0.8564561605453491, 0.9197930693626404] [0.24701596796512604, -0.4909219741821289, 0.7961040735244751, 1.058501958847046, 0.23005804419517517, 0.03600000590085983, -1.389762043952942, -1.3346220254898071] [0.18001998960971832, -0.1163129210472107, 0.1202811673283577, 0.7999908328056335, -0.4437275230884552, 0.3463606536388397]
[1.2592328786849976, -0.8564561605453491, 0.9197930693626404] [0.2454819679260254, -0.49245595932006836, 0.7961040735244751, 1.058501958847046, 0.23005804419517517, 0.03600000590085983, -1.389762043952942, -1.3346220254898071] [0.17997726798057556, -0.11665903031826019, 0.12041649967432022, 0.8006978034973145, -0.444726824760437, 0.3442401587963104]
[1.2592328786849976, -0.8564561605453491, 0.9197930693626404] [0.2454819679260254, -0.49245595932006836, 0.799172043800354, 1.058501958847046, 0.23005804419517517, 0.03600000590085983, -1.389762043952942, -1.3346220254898071] [0.1799623966217041, -0.1169174537062645, 0.120525062084198, 0.804563581943512, -0.4466536045074463, 0.3415851891040802]
[1.2592328786849976, -0.8564561605453491, 0.9197930693626404] [0.24701596796512604, -0.49245595932006836, 0.8053080439567566, 1.058501958847046, 0.23005804419517517, 0.03600000590085983, -1.389762043952942, -1.3346220254898071] [0.17993111908435822, -0.11709053814411163, 0.12078089267015457, 0.8067665100097656, -0.4488968551158905, 0.3399703800678253]
[1.2592328786849976, -0.8564561605453491, 0.9197930693626404] [0.24701596796512604, -0.49245595932006836, 0.8068420886993408, 1.058501958847046, 0.23005804419517517, 0.03600000590085983, -1.389762043952942, -1.3346220254898071] [0.17993111908435822, -0.11709053814411163, 0.12078089267015457, 0.8067665100097656, -0.4488968551158905, 0.3399703800678253]
[1.2592328786849976, -0.8564561605453491, 0.9197930693626404] [0.24701596796512604, -0.49552398920059204, 0.8068420886993408, 1.058501958847046, 0.23005804419517517, 0.03600000590085983, -1.389762043952942, -1.3346220254898071] [0.17987336218357086, -0.1177835687994957, 0.12077494710683823, 0.8087504506111145, -0.4494403898715973, 0.33547207713127136]
[1.2592328786849976, -0.8564561605453491, 0.9197930693626404] [0.24854996800422668, -0.49552398920059204, 0.8083760738372803, 1.058501958847046, 0.23005804419517517, 0.035600002855062485, -1.389762043952942, -1.3346220254898071] [0.17987336218357086, -0.1177835687994957, 0.12077494710683823, 0.8087504506111145, -0.4494403898715973, 0.33547207713127136]
[1.2592328786849976, -0.8564561605453491, 0.9197930693626404] [0.24854996800422668, -0.49552398920059204, 0.8053080439567566, 1.058501958847046, 0.23005804419517517, 0.03600000590085983, -1.389762043952942, -1.3346220254898071] [0.17997489869594574, -0.11674396693706512, 0.12064596265554428, 0.8060563206672668, -0.44790124893188477, 0.3420962691307068]
[1.2592328786849976, -0.8564561605453491, 0.9197930693626404] [0.24701596796512604, -0.46330997347831726, 0.7976380586624146, 1.0600359439849854, 0.23005804419517517, 0.03600000590085983, -1.389762043952942, -1.3346220254898071] [0.18075287342071533, -0.10744147002696991, 0.119828000664711, 0.8137429356575012, -0.4468787610530853, 0.39102044701576233]
[1.2592328786849976, -0.8564561605453491, 0.9197930693626404] [0.24701596796512604, -0.40041595697402954, 0.7930360436439514, 1.0600359439849854, 0.23005804419517517, 0.03600000590085983, -1.389762043952942, -1.3346220254898071] [0.18088379502296448, -0.09799151867628098, 0.11987502127885818, 0.8235127329826355, -0.452194482088089, 0.44068023562431335]
[1.2592328786849976, -0.8564561605453491, 0.9197930693626404] [0.2454819679260254, -0.3666679859161377, 0.7899680733680725, 1.0600359439849854, 0.23005804419517517, 0.03600000590085983, -1.3928301334381104, -1.3346220254898071] [0.1809496283531189, -0.0940832793712616, 0.11967349797487259, 0.8286114931106567, -0.45266035199165344, 0.45997682213783264]
[1.2592328786849976, -0.8564561605453491, 0.9197930693626404] [0.2454819679260254, -0.36206597089767456, 0.791502058506012, 1.058501958847046, 0.23005804419517517, 0.03600000590085983, -1.3912960290908813, -1.3346220254898071] [0.1809496283531189, -0.0940832793712616, 0.11967349797487259, 0.8286114931106567, -0.45266035199165344, 0.45997682213783264]
[1.2592328786849976, -0.8564561605453491, 0.9197930693626404] [0.2454819679260254, -0.3605319857597351, 0.7899680733680725, 1.0600359439849854, 0.23005804419517517, 0.03600000590085983, -1.3928301334381104, -1.3346220254898071] [0.18083082139492035, -0.09345158189535141, 0.11976312845945358, 0.8287366032600403, -0.45385709404945374, 0.46403732895851135]
[1.2592328786849976, -0.8564561605453491, 0.9197930693626404] [0.2454819679260254, -0.34825998544692993, 0.7899680733680725, 1.0600359439849854, 0.23005804419517517, 0.03600000590085983, -1.3928301334381104, -1.3361560106277466] [0.18075115978717804, -0.08937080204486847, 0.11999288946390152, 0.834467351436615, -0.4570685029029846, 0.4841935336589813]
[1.2592328786849976, -0.8564561605453491, 0.9197930693626404] [0.2454819679260254, -0.3237159848213196, 0.7899680733680725, 1.0600359439849854, 0.23005804419517517, 0.03600000590085983, -1.3928301334381104, -1.3346220254898071] [0.18054208159446716, -0.08734461665153503, 0.11997950077056885, 0.8352713584899902, -0.45806095004081726, 0.4957410395145416]
[1.2592328786849976, -0.8564561605453491, 0.9197930693626404] [0.24394796788692474, -0.3237159848213196, 0.791502058506012, 1.0600359439849854, 0.23005804419517517, 0.03600000590085983, -1.3912960290908813, -1.3346220254898071] [0.1806521862745285, -0.0874481275677681, 0.11989233642816544, 0.8358924984931946, -0.45718786120414734, 0.4943351745605469]
[1.2592328786849976, -0.8564561605453491, 0.9197930693626404] [0.24394796788692474, -0.3237159848213196, 0.791502058506012, 1.0600359439849854, 0.23005804419517517, 0.03600000590085983, -1.3928301334381104, -1.3346220254898071] [0.1806516945362091, -0.08753974735736847, 0.1200176477432251, 0.8370198011398315, -0.45828649401664734, 0.4934857487678528]
[1.2592328786849976, -0.8564561605453491, 0.9197930693626404] [0.24394796788692474, -0.3237159848213196, 0.791502058506012, 1.0600359439849854, 0.23005804419517517, 0.03600000590085983, -1.3928301334381104, -1.3346220254898071] [0.1806821972131729, -0.08753974735736847, 0.11974050104618073, 0.8378295302391052, -0.4569353759288788, 0.4931280016899109]
[1.2592328786849976, -0.8564561605453491, 0.9197930693626404] [0.24394796788692474, -0.3237159848213196, 0.791502058506012, 1.058501958847046, 0.23005804419517517, 0.03600000590085983, -1.3928301334381104, -1.3346220254898071] [0.18054157495498657, -0.08743631839752197, 0.12010490149259567, 0.8363974094390869, -0.45916104316711426, 0.49489131569862366]
[1.2592328786849976, -0.8564561605453491, 0.9197930693626404] [0.24394796788692474, -0.3237159848213196, 0.791502058506012, 1.0600359439849854, 0.23005804419517517, 0.03600000590085983, -1.3912960290908813, -1.3346220254898071] [0.1806516945362091, -0.08753974735736847, 0.1200176477432251, 0.8370198011398315, -0.45828649401664734, 0.4934857487678528]
[1.2592328786849976, -0.8564561605453491, 0.9197930693626404] [0.24394796788692474, -0.3237159848213196, 0.7899680733680725, 1.058501958847046, 0.23005804419517517, 0.03600000590085983, -1.3928301334381104, -1.3346220254898071] [0.1806516945362091, -0.08753974735736847, 0.1200176477432251, 0.8370198011398315, -0.45828649401664734, 0.4934857487678528]
[1.2592328786849976, -0.8564561605453491, 0.9197930693626404] [0.24394796788692474, -0.3237159848213196, 0.7930360436439514, 1.0600359439849854, 0.23005804419517517, 0.03600000590085983, -1.3912960290908813, -1.3346220254898071] [0.1805403083562851, -0.08762025833129883, 0.12035530805587769, 0.838654637336731, -0.4613586366176605, 0.4931861460208893]
[1.2592328786849976, -0.8564561605453491, 0.9197930693626404] [0.2454819679260254, -0.3237159848213196, 0.8099100589752197, 1.058501958847046, 0.23005804419517517, 0.03600000590085983, -1.3928301334381104, -1.3361560106277466] [0.1806778758764267, -0.08929026871919632, 0.12172429263591766, 0.8557083606719971, -0.47421374917030334, 0.4779593050479889]
[1.2592328786849976, -0.8564561605453491, 0.9197930693626404] [0.2454819679260254, -0.32524996995925903, 0.8344540596008301, 1.058501958847046, 0.23005804419517517, 0.03600000590085983, -1.3974320888519287, -1.3438260555267334] [0.1806233525276184, -0.09111589193344116, 0.1240399032831192, 0.8779455423355103, -0.4946397542953491, 0.4608903229236603]
[1.2592328786849976, -0.8564561605453491, 0.9197930693626404] [0.24701596796512604, -0.3267839550971985, 0.8712700605392456, 1.0600359439849854, 0.23005804419517517, 0.03600000590085983, -1.4235100746154785, -1.3668359518051147] [0.18054156005382538, -0.09397093951702118, 0.12684811651706696, 0.9097853302955627, -0.520477831363678, 0.43471336364746094]
[1.2592328786849976, -0.8564561605453491, 0.9197930693626404] [0.24701596796512604, -0.3267839550971985, 0.9157560467720032, 1.0600359439849854, 0.23005804419517517, 0.03600000590085983, -1.4587920904159546, -1.4082540273666382] [0.18016745150089264, -0.09743448346853256, 0.13083146512508392, 0.9521391987800598, -0.55622798204422, 0.4019182026386261]
[1.2592328786849976, -0.8564561605453491, 0.9197930693626404] [0.2454819679260254, -0.3267839550971985, 0.9909220933914185, 1.0600359439849854, 0.23005804419517517, 0.03600000590085983, -1.4894720315933228, -1.437399983406067] [0.17970402538776398, -0.10151293128728867, 0.1351357400417328, 1.0010085105895996, -0.5940022468566895, 0.36222124099731445]
[1.2592328786849976, -0.8564561605453491, 0.9197930693626404] [0.2454819679260254, -0.32524996995925903, 1.007796049118042, 1.0600359439849854, 0.23005804419517517, 0.03600000590085983, -1.5048121213912964, -1.452739953994751] [0.17953476309776306, -0.10228166729211807, 0.13635553419589996, 1.0132946968078613, -0.6041561365127563, 0.35361260175704956]
[1.2592328786849976, -0.8564561605453491, 0.9197930693626404] [0.2424139678478241, -0.3237159848213196, 1.0093300342559814, 1.0600359439849854, 0.23005804419517517, 0.03600000590085983, -1.5094140768051147, -1.4604099988937378] [0.17949077486991882, -0.10177408903837204, 0.1366279274225235, 1.013488531112671, -0.6058512926101685, 0.35648006200790405]
[1.2592328786849976, -0.8564561605453491, 0.9197930693626404] [0.2424139678478241, -0.32218196988105774, 1.0093300342559814, 1.0615699291229248, 0.23005804419517517, 0.03600000590085983, -1.5094140768051147, -1.4588760137557983] [0.1793590486049652, -0.10205213725566864, 0.13683220744132996, 1.0137187242507935, -0.607754111289978, 0.35540318489074707]
[1.2592328786849976, -0.8564561605453491, 0.9197930693626404] [0.2424139678478241, -0.3206479549407959, 1.0154660940170288, 1.0723079442977905, 0.23005804419517517, 0.03600000590085983, -1.5094140768051147, -1.4604099988937378] [0.17849963903427124, -0.10072357952594757, 0.13823924958705902, 1.0207868814468384, -0.622775673866272, 0.36400049924850464]
[1.2592328786849976, -0.8564561605453491, 0.9197930693626404] [0.2424139678478241, -0.29610395431518555, 1.0354080200195312, 1.0723079442977905, 0.23005804419517517, 0.03600000590085983, -1.5094140768051147, -1.4604099988937378] [0.17837747931480408, -0.09573668986558914, 0.13935579359531403, 1.0472360849380493, -0.6364132761955261, 0.3817799985408783]
[1.2592328786849976, -0.8564561605453491, 0.9197930693626404] [0.2424139678478241, -0.2393459677696228, 1.0369420051574707, 1.0723079442977905, 0.23005804419517517, 0.03600000590085983, -1.5094140768051147, -1.4604099988937378] [0.17789430916309357, -0.08619527518749237, 0.13992808759212494, 1.065841555595398, -0.6452874541282654, 0.42803293466567993]
[1.2592328786849976, -0.8564561605453491, 0.9197930693626404] [0.23781196773052216, -0.2163359671831131, 1.06302011013031, 1.0723079442977905, 0.23005804419517517, 0.03600000590085983, -1.5094140768051147, -1.4588760137557983] [0.17736250162124634, -0.08840810507535934, 0.14357174932956696, 1.0875779390335083, -0.6711676120758057, 0.40844160318374634]
[1.2592328786849976, -0.8564561605453491, 0.9197930693626404] [0.20406396687030792, -0.23320996761322021, 1.1151760816574097, 1.0723079442977905, 0.23005804419517517, 0.035600002855062485, -1.5094140768051147, -1.4588760137557983] [0.1742042601108551, -0.10098131746053696, 0.1574084460735321, 1.1389100551605225, -0.7616921067237854, 0.32288581132888794]
[1.2592328786849976, -0.8564561605453491, 0.9197930693626404] [0.17338396608829498, -0.26082196831703186, 1.1796040534973145, 1.0723079442977905, 0.23005804419517517, 0.03600000590085983, -1.5094140768051147, -1.4588760137557983] [0.1734202355146408, -0.10680922865867615, 0.16035640239715576, 1.183030128479004, -0.7858721017837524, 0.27080222964286804]
[1.2592328786849976, -0.8564561605453491, 0.9197930693626404] [0.17491796612739563, -0.29303598403930664, 1.2148860692977905, 1.070773959159851, 0.23005804419517517, 0.03600000590085983, -1.5094140768051147, -1.4588760137557983] [0.17230141162872314, -0.11707468330860138, 0.16192539036273956, 1.2134257555007935, -0.7993152141571045, 0.1982276290655136]
[1.2592328786849976, -0.8564561605453491, 0.9197930693626404] [0.17338396608829498, -0.35132795572280884, 1.2440320253372192, 1.0723079442977905, 0.23005804419517517, 0.03600000590085983, -1.5048121213912964, -1.4573420286178589] [0.17030887305736542, -0.12753932178020477, 0.16381092369556427, 1.2281293869018555, -0.8118908405303955, 0.1309952586889267]
[1.2592328786849976, -0.8564561605453491, 0.9197930693626404] [0.16878196597099304, -0.3728039860725403, 1.2455661296844482, 1.0799779891967773, 0.23005804419517517, 0.03600000590085983, -1.4971420764923096, -1.452739953994751] [0.16835907101631165, -0.1287374347448349, 0.16677938401699066, 1.2174872159957886, -0.8330559134483337, 0.13162368535995483]
[1.2592328786849976, -0.8564561605453491, 0.9197930693626404] [0.1442379653453827, -0.38814395666122437, 1.2455661296844482, 1.0830459594726562, 0.23005804419517517, 0.03600000590085983, -1.483336091041565, -1.4404679536819458] [0.16444720327854156, -0.13167031109333038, 0.17419883608818054, 1.2030730247497559, -0.8778592944145203, 0.12386679649353027]
[1.2592328786849976, -0.8564561605453491, 0.9197930693626404] [0.10281995683908463, -0.39734798669815063, 1.2455661296844482, 1.0815119743347168, 0.23005804419517517, 0.03600000590085983, -1.4541900157928467, -1.4128559827804565] [0.1632230579853058, -0.13143275678157806, 0.17695799469947815, 1.1999804973602295, -0.8946203589439392, 0.12778811156749725]
[1.2592328786849976, -0.8564561605453491, 0.9197930693626404] [0.0890139639377594, -0.40041595697402954, 1.2440320253372192, 1.0815119743347168, 0.23005804419517517, 0.03600000590085983, -1.4265780448913574, -1.3883119821548462] [0.16218292713165283, -0.13257348537445068, 0.17882055044174194, 1.195354700088501, -0.9046756625175476, 0.12336170673370361]
[1.2592328786849976, -0.8564561605453491, 0.9197930693626404] [0.08134396374225616, -0.4157559871673584, 1.2471001148223877, 1.0815119743347168, 0.23005804419517517, 0.03600000590085983, -1.386694073677063, -1.3499619960784912] [0.16004064679145813, -0.13899743556976318, 0.18021565675735474, 1.1977951526641846, -0.9135286808013916, 0.08275440335273743]
[1.2592328786849976, -0.8564561605453491, 0.9197930693626404] [0.08134396374225616, -0.46330997347831726, 1.2624400854110718, 1.0815119743347168, 0.23005804419517517, 0.03600000590085983, -1.3774900436401367, -1.340757966041565] [0.1580997109413147, -0.14541010558605194, 0.18079562485218048, 1.2153226137161255, -0.9194204807281494, 0.03410148620605469]
[1.2592328786849976, -0.8564561605453491, 0.9197930693626404] [0.08134396374225616, -0.5016599893569946, 1.2685760259628296, 1.0815119743347168, 0.23005804419517517, 0.03600000590085983, -1.3774900436401367, -1.340757966041565] [0.15583477914333344, -0.15189296007156372, 0.18123702704906464, 1.2187974452972412, -0.9223648905754089, -0.008855646476149559]
[1.2592328786849976, -0.8564561605453491, 0.9197930693626404] [0.08441196382045746, -0.5476799607276917, 1.290052056312561, 1.0769100189208984, 0.23005804419517517, 0.03600000590085983, -1.3790240287780762, -1.3453600406646729] [0.15390630066394806, -0.15981900691986084, 0.1807730793952942, 1.2586593627929688, -0.919779896736145, -0.08026211708784103]
[1.2592328786849976, -0.8564561605453491, 0.9197930693626404] [0.09821796417236328, -0.5507479906082153, 1.3161300420761108, 1.070773959159851, 0.23005804419517517, 0.03600000590085983, -1.3805580139160156, -1.3514959812164307] [0.15363696217536926, -0.16190007328987122, 0.18030261993408203, 1.2944496870040894, -0.9200860857963562, -0.11118905991315842]
[1.2592328786849976, -0.8564561605453491, 0.9197930693626404] [0.11048995703458786, -0.5507479906082153, 1.3544800281524658, 1.070773959159851, 0.23005804419517517, 0.03600000590085983, -1.3928301334381104, -1.3668359518051147] [0.1541290283203125, -0.16553853452205658, 0.17711639404296875, 1.3534835577011108, -0.9061017632484436, -0.16229724884033203]
[1.2592328786849976, -0.8564561605453491, 0.9197930693626404] [0.15344196557998657, -0.5492140054702759, 1.389762043952942, 1.0615699291229248, 0.23005804419517517, 0.03600000590085983, -1.4035680294036865, -1.3821760416030884] [0.15729519724845886, -0.16838407516479492, 0.16988502442836761, 1.3878755569458008, -0.8586270213127136, -0.19406548142433167]
[1.2592328786849976, -0.8564561605453491, 0.9197930693626404] [0.2101999670267105, -0.5492140054702759, 1.402034044265747, 1.0615699291229248, 0.23005804419517517, 0.03600000590085983, -1.4189081192016602, -1.3975160121917725] [0.16140639781951904, -0.16867488622665405, 0.1595863699913025, 1.378232479095459, -0.7959671020507812, -0.18657658994197845]
[1.2592328786849976, -0.8564561605453491, 0.9197930693626404] [0.30990996956825256, -0.5446119904518127, 1.4035680294036865, 1.0615699291229248, 0.23005804419517517, 0.03600000590085983, -1.4373160600662231, -1.4220600128173828] [0.16572347283363342, -0.16833063960075378, 0.1471131145954132, 1.3615190982818604, -0.7204602360725403, -0.17259494960308075]
[1.2592328786849976, -0.8564561605453491, 0.9197930693626404] [0.33598798513412476, -0.5446119904518127, 1.4035680294036865, 1.0615699291229248, 0.23005804419517517, 0.03600000590085983, -1.4526560306549072, -1.434332013130188] [0.1671932339668274, -0.16823910176753998, 0.14135688543319702, 1.3531482219696045, -0.6870700120925903, -0.1666754186153412]
[1.2592328786849976, -0.8564561605453491, 0.9197930693626404] [0.4280279874801636, -0.5446119904518127, 1.4035680294036865, 1.0600359439849854, 0.23005804419517517, 0.03600000590085983, -1.4772000312805176, -1.4604099988937378] [0.17071841657161713, -0.1683667153120041, 0.12248828262090683, 1.3325575590133667, -0.5771209001541138, -0.15501902997493744]
[1.2592328786849976, -0.8564561605453491, 0.9197930693626404] [0.47864997386932373, -0.5446119904518127, 1.4035680294036865, 1.0615699291229248, 0.23005804419517517, 0.035600002855062485, -1.480268120765686, -1.4634779691696167] [0.17139290273189545, -0.16833063960075378, 0.1175609827041626, 1.326508641242981, -0.5478583574295044, -0.1517724096775055]
[1.2592328786849976, -0.8564561605453491, 0.9197930693626404] [0.5384759902954102, -0.5446119904518127, 1.4035680294036865, 1.0600359439849854, 0.23005804419517517, 0.03600000590085983, -1.478734016418457, -1.4634779691696167] [0.17224113643169403, -0.16833063960075378, 0.10411220788955688, 1.3132518529891968, -0.4704846143722534, -0.14530538022518158]
[1.2592328786849976, -0.8564561605453491, 0.9197930693626404] [0.6105740070343018, -0.5446119904518127, 1.4035680294036865, 1.0600359439849854, 0.23005804419517517, 0.03600000590085983, -1.478734016418457, -1.4604099988937378] [0.17225800454616547, -0.1682031750679016, 0.09504640847444534, 1.303715705871582, -0.4182271957397461, -0.1404619812965393]
[1.2592328786849976, -0.8564561605453491, 0.9197930693626404] [0.6366519927978516, -0.5446119904518127, 1.3989660739898682, 1.0600359439849854, 0.23005804419517517, 0.03600000590085983, -1.4756660461425781, -1.4588760137557983] [0.17238329350948334, -0.16743966937065125, 0.09217710047960281, 1.29411780834198, -0.4006858468055725, -0.13197501003742218]
[1.2592328786849976, -0.8564561605453491, 0.9197930693626404] [0.6412539482116699, -0.5400099754333496, 1.3882280588150024, 1.0631040334701538, 0.23005804419517517, 0.03600000590085983, -1.4710640907287598, -1.4481379985809326] [0.17373403906822205, -0.16025115549564362, 0.09252804517745972, 1.3074392080307007, -0.4153451919555664, -0.09432466328144073]
[1.0416268110275269, -0.7544986009597778, 0.9955066442489624] [0.638185977935791, -0.48938798904418945, 1.3790240287780762, 1.0845799446105957, 0.23005804419517517, 0.03600000590085983, -1.463394045829773, -1.431264042854309] [0.17540769279003143, -0.15391068160533905, 0.09192436188459396, 1.3241087198257446, -0.41892576217651367, -0.0648588165640831]
[1.0416268110275269, -0.7544986009597778, 0.9955066442489624] [0.6259139776229858, -0.43416398763656616, 1.3698201179504395, 1.0953179597854614, 0.23005804419517517, 0.03600000590085983, -1.4526560306549072, -1.4205260276794434] [0.17730191349983215, -0.14495530724525452, 0.09271800518035889, 1.346409797668457, -0.4336519241333008, -0.02310442179441452]
[1.3245478868484497, -0.8737742304801941, 0.917604923248291] [0.6259139776229858, -0.39427995681762695, 1.3606160879135132, 1.1213959455490112, 0.23005804419517517, 0.03600000590085983, -1.4465200901031494, -1.4128559827804565] [0.17729395627975464, -0.1380506157875061, 0.09434697777032852, 1.3574974536895752, -0.45758143067359924, 0.013598286546766758]
[1.3245478868484497, -0.8737742304801941, 0.917604923248291] [0.6243799924850464, -0.3728039860725403, 1.3575481176376343, 1.1336679458618164, 0.23005804419517517, 0.035600002855062485, -1.44498610496521, -1.411321997642517] [0.17766472697257996, -0.13367457687854767, 0.09412024170160294, 1.3622280359268188, -0.4612814784049988, 0.036864008754491806]
[1.559566617012024, -0.8806233406066895, 1.0058726072311401] [0.6243799924850464, -0.3528619706630707, 1.3437421321868896, 1.1336679458618164, 0.23005804419517517, 0.03600000590085983, -1.44498610496521, -1.411321997642517] [0.17838910222053528, -0.12926910817623138, 0.09369815140962601, 1.368107557296753, -0.4608820974826813, 0.058813683688640594]
[1.559566617012024, -0.8806233406066895, 1.0058726072311401] [0.6151759624481201, -0.3267839550971985, 1.3391400575637817, 1.1336679458618164, 0.23005804419517517, 0.03600000590085983, -1.44498610496521, -1.411321997642517] [0.17913955450057983, -0.12428870052099228, 0.09444519877433777, 1.37750244140625, -0.467725932598114, 0.08217126131057739]
[1.559566617012024, -0.8806233406066895, 1.0058726072311401] [0.6075059771537781, -0.29610395431518555, 1.309994101524353, 1.1336679458618164, 0.23005804419517517, 0.03600000590085983, -1.44498610496521, -1.4128559827804565] [0.17974203824996948, -0.11735367029905319, 0.09394436329603195, 1.366207480430603, -0.4647640585899353, 0.12622663378715515]
[1.559566617012024, -0.8806233406066895, 1.0058726072311401] [0.6013699769973755, -0.27616196870803833, 1.2762460708618164, 1.1336679458618164, 0.23005804419517517, 0.03600000590085983, -1.44498610496521, -1.4128559827804565] [0.18000179529190063, -0.11119270324707031, 0.09321361035108566, 1.349623680114746, -0.4593852460384369, 0.1684209704399109]
[1.559566617012024, -0.8806233406066895, 1.0058726072311401] [0.5936999917030334, -0.25775396823883057, 1.2563040256500244, 1.1336679458618164, 0.23005804419517517, 0.03600000590085983, -1.44498610496521, -1.411321997642517] [0.18035344779491425, -0.10409998148679733, 0.09496024996042252, 1.3622828722000122, -0.47285762429237366, 0.20164552330970764]
[1.559566617012024, -0.8806233406066895, 1.0058726072311401] [0.5768259763717651, -0.2132679671049118, 1.251702070236206, 1.1336679458618164, 0.23005804419517517, 0.03600000590085983, -1.4465200901031494, -1.411321997642517] [0.18047215044498444, -0.09934662282466888, 0.09696819633245468, 1.3743209838867188, -0.48703980445861816, 0.2221323698759079]
[1.559566617012024, -0.8806233406066895, 1.0058726072311401] [0.5676219463348389, -0.18565596640110016, 1.251702070236206, 1.1336679458618164, 0.23005804419517517, 0.03600000590085983, -1.44498610496521, -1.411321997642517] [0.18048465251922607, -0.09605289995670319, 0.09835594892501831, 1.3851234912872314, -0.4971299171447754, 0.23512808978557587]
[1.559566617012024, -0.8806233406066895, 1.0058726072311401] [0.5599519610404968, -0.1611119657754898, 1.251702070236206, 1.132133960723877, 0.23005804419517517, 0.03600000590085983, -1.44498610496521, -1.411321997642517] [0.1806030571460724, -0.09238220006227493, 0.09923648834228516, 1.3985764980316162, -0.5034008622169495, 0.24838055670261383]
[1.559566617012024, -0.8806233406066895, 1.0058726072311401] [0.5522819757461548, -0.1411699652671814, 1.251702070236206, 1.1305999755859375, 0.23005804419517517, 0.03600000590085983, -1.44498610496521, -1.411321997642517] [0.18060190975666046, -0.08983538299798965, 0.10026747733354568, 1.4069993495941162, -0.5101559162139893, 0.25811073184013367]
[1.559566617012024, -0.8806233406066895, 1.0058726072311401] [0.5522819757461548, -0.1350339651107788, 1.2501680850982666, 1.1305999755859375, 0.23005804419517517, 0.03600000590085983, -1.44498610496521, -1.411321997642517] [0.18050333857536316, -0.08878737688064575, 0.10000898689031601, 1.4032986164093018, -0.508434534072876, 0.2657167315483093]
[1.559566617012024, -0.8806233406066895, 1.0058726072311401] [0.5522819757461548, -0.13196596503257751, 1.2378960847854614, 1.129065990447998, 0.23005804419517517, 0.03600000590085983, -1.44498610496521, -1.411321997642517] [0.18039150536060333, -0.08783289045095444, 0.09967296570539474, 1.3973588943481445, -0.5059455633163452, 0.2738962769508362]
[1.559566617012024, -0.8806233406066895, 1.0058726072311401] [0.5522819757461548, -0.12429595738649368, 1.231760025024414, 1.129065990447998, 0.23005804419517517, 0.03600000590085983, -1.4465200901031494, -1.411321997642517] [0.18015454709529877, -0.08490151911973953, 0.10004348307847977, 1.3997465372085571, -0.5089505314826965, 0.288994163274765]
[1.559566617012024, -0.8806233406066895, 1.0058726072311401] [0.5430779457092285, -0.09514996409416199, 1.231760025024414, 1.129065990447998, 0.23005804419517517, 0.03600000590085983, -1.44498610496521, -1.411321997642517] [0.17978882789611816, -0.08066482841968536, 0.10164184868335724, 1.4128953218460083, -0.5204824209213257, 0.3061278760433197]
[1.559566617012024, -0.8806233406066895, 1.0058726072311401] [0.5369420051574707, -0.07213996350765228, 1.231760025024414, 1.129065990447998, 0.23005804419517517, 0.03600000590085983, -1.44498610496521, -1.411321997642517] [0.1794518679380417, -0.07761301100254059, 0.10293690860271454, 1.4219621419906616, -0.5294644832611084, 0.31870391964912415]
[1.559566617012024, -0.8806233406066895, 1.0058726072311401] [0.5323399901390076, -0.055265963077545166, 1.231760025024414, 1.1244640350341797, 0.23005804419517517, 0.03600000590085983, -1.44498610496521, -1.411321997642517] [0.1795216053724289, -0.07574591785669327, 0.10328874737024307, 1.4309669733047485, -0.5308172702789307, 0.3238043487071991]
[1.559566617012024, -0.8806233406066895, 1.0058726072311401] [0.5308059453964233, -0.05679996311664581, 1.2486340999603271, 1.1244640350341797, 0.23005804419517517, 0.03600000590085983, -1.44498610496521, -1.4097880125045776] [0.18004420399665833, -0.07867655903100967, 0.10432598739862442, 1.4535471200942993, -0.5385981798171997, 0.2964388132095337]
[1.559566617012024, -0.8806233406066895, 1.0058726072311401] [0.5308059453964233, -0.05986796319484711, 1.294654130935669, 1.1244640350341797, 0.23005804419517517, 0.03600000590085983, -1.4465200901031494, -1.411321997642517] [0.18085350096225739, -0.08448810875415802, 0.10720569640398026, 1.5070959329605103, -0.5593868494033813, 0.23811523616313934]
[1.559566617012024, -0.8806233406066895, 1.0058726072311401] [0.5277379751205444, -0.061401963233947754, 1.3498780727386475, 1.1275320053100586, 0.23005804419517517, 0.035600002855062485, -1.44498610496521, -1.411321997642517] [0.18132011592388153, -0.08906396478414536, 0.1091092973947525, 1.5492571592330933, -0.5730186700820923, 0.19212667644023895]
[1.559566617012024, -0.8806233406066895, 1.0058726072311401] [0.526203989982605, -0.061401963233947754, 1.4189081192016602, 1.1305999755859375, 0.23005804419517517, 0.03600000590085983, -1.4434521198272705, -1.411321997642517] [0.18192879855632782, -0.09672772139310837, 0.11171598732471466, 1.6262056827545166, -0.590704619884491, 0.11157721281051636]
[1.559566617012024, -0.8806233406066895, 1.0058726072311401] [0.526203989982605, -0.061401963233947754, 1.514016032218933, 1.129065990447998, 0.23005804419517517, 0.03600000590085983, -1.4434521198272705, -1.4097880125045776] [0.18231278657913208, -0.10637935250997543, 0.11387916654348373, 1.727262258529663, -0.6031039357185364, 0.007745868526399136]
[1.559566617012024, -0.8806233406066895, 1.0058726072311401] [0.526203989982605, -0.05986796319484711, 1.5815120935440063, 1.1305999755859375, 0.23005804419517517, 0.03600000590085983, -1.4434521198272705, -1.411321997642517] [0.18246673047542572, -0.11307544261217117, 0.11462502181529999, 1.7949525117874146, -0.6038872599601746, -0.06303979456424713]
[1.559566617012024, -0.8806233406066895, 1.0058726072311401] [0.5246700048446655, -0.05986796319484711, 1.6444060802459717, 1.1305999755859375, 0.23005804419517517, 0.03600000590085983, -1.441918134689331, -1.411321997642517] [0.18212337791919708, -0.1209162101149559, 0.11560813337564468, 1.8742024898529053, -0.6046541929244995, -0.14577354490756989]
[1.559566617012024, -0.8806233406066895, 1.0058726072311401] [0.5231359601020813, -0.05986796319484711, 1.7180380821228027, 1.1244640350341797, 0.23005804419517517, 0.03600000590085983, -1.4434521198272705, -1.411321997642517] [0.18225449323654175, -0.126839742064476, 0.11526978015899658, 1.9331893920898438, -0.5932717323303223, -0.20673437416553497]
[1.559566617012024, -0.8806233406066895, 1.0058726072311401] [0.5185339450836182, -0.05986796319484711, 1.7579220533370972, 1.109123945236206, 0.23005804419517517, 0.03600000590085983, -1.4434521198272705, -1.411321997642517] [0.1829090714454651, -0.1301451325416565, 0.11489777266979218, 1.9664931297302246, -0.579791784286499, -0.2392522245645523]
[1.559566617012024, -0.8806233406066895, 1.0058726072311401] [0.5139319896697998, -0.05679996311664581, 1.7517861127853394, 1.1075899600982666, 0.23005804419517517, 0.03600000590085983, -1.44498610496521, -1.411321997642517] [0.1831454187631607, -0.12754599750041962, 0.11544843763113022, 1.951035976409912, -0.5848560929298401, -0.2176879644393921]
[1.559566617012024, -0.8806233406066895, 1.0058726072311401] [0.5139319896697998, -0.050663962960243225, 1.7333780527114868, 1.1075899600982666, 0.23005804419517517, 0.03600000590085983, -1.4465200901031494, -1.411321997642517] [0.18349972367286682, -0.12424282729625702, 0.11535745859146118, 1.9373167753219604, -0.5862855911254883, -0.19305279850959778]
[1.559566617012024, -0.8806233406066895, 1.0058726072311401] [0.5139319896697998, -0.039925962686538696, 1.7134361267089844, 1.1075899600982666, 0.23005804419517517, 0.03600000590085983, -1.4480540752410889, -1.411321997642517] [0.1837642788887024, -0.12116839736700058, 0.11527684330940247, 1.9226821660995483, -0.5877272486686707, -0.16922631859779358]
[1.559566617012024, -0.8806233406066895, 1.0058726072311401] [0.5139319896697998, -0.03378996253013611, 1.691960096359253, 1.1075899600982666, 0.23005804419517517, 0.03600000590085983, -1.4480540752410889, -1.411321997642517] [0.18395930528640747, -0.11793175339698792, 0.11546462029218674, 1.9066853523254395, -0.5906818509101868, -0.1438702493906021]
[1.559566617012024, -0.8806233406066895, 1.0058726072311401] [0.5123980045318604, -0.015381962060928345, 1.6704840660095215, 1.1075899600982666, 0.23005804419517517, 0.03600000590085983, -1.4480540752410889, -1.4097880125045776] [0.18431484699249268, -0.11107978224754333, 0.11576542258262634, 1.8935019969940186, -0.594622015953064, -0.10026037693023682]
[1.559566617012024, -0.8806233406066895, 1.0058726072311401] [0.506261944770813, 0.01683203876018524, 1.6259980201721191, 1.1075899600982666, 0.23005804419517517, 0.03600000590085983, -1.4480540752410889, -1.411321997642517] [0.1842525601387024, -0.09955909848213196, 0.11624549329280853, 1.8555490970611572, -0.6018878221511841, -0.01914297789335251]
[1.559566617012024, -0.8806233406066895, 1.0058726072311401] [0.5031939744949341, 0.04291003942489624, 1.575376033782959, 1.1075899600982666, 0.23005804419517517, 0.03600000590085983, -1.4480540752410889, -1.411321997642517] [0.18391123414039612, -0.09380549192428589, 0.11628624051809311, 1.8261414766311646, -0.6047091484069824, 0.026657171547412872]
[1.559566617012024, -0.8806233406066895, 1.0058726072311401] [0.5031939744949341, 0.05211403965950012, 1.5385600328445435, 1.1075899600982666, 0.23005804419517517, 0.035600002855062485, -1.4495880603790283, -1.411321997642517] [0.1834203600883484, -0.08846267312765121, 0.1159384623169899, 1.79067063331604, -0.6051901578903198, 0.07336539030075073]
[1.559566617012024, -0.8806233406066895, 1.0058726072311401] [0.5031939744949341, 0.05825003981590271, 1.4756660461425781, 1.1075899600982666, 0.23005804419517517, 0.03600000590085983, -1.4495880603790283, -1.411321997642517] [0.1823113113641739, -0.0803569108247757, 0.11496351659297943, 1.719183325767517, -0.60262531042099, 0.1533268541097641]
[1.559566617012024, -0.8806233406066895, 1.0058726072311401] [0.5031939744949341, 0.0643860399723053, 1.4173741340637207, 1.1060559749603271, 0.23005804419517517, 0.03600000590085983, -1.4511220455169678, -1.411321997642517] [0.1813076287508011, -0.07412849366664886, 0.11405724287033081, 1.6632803678512573, -0.5976109504699707, 0.2153419554233551]
[1.559566617012024, -0.8806233406066895, 1.0058726072311401] [0.5001260042190552, 0.07052204012870789, 1.351412057876587, 1.1060559749603271, 0.23005804419517517, 0.035600002855062485, -1.4511220455169678, -1.411321997642517] [0.1781252771615982, -0.06041998788714409, 0.11164911091327667, 1.5390297174453735, -0.5814161896705627, 0.35331109166145325]
[1.559566617012024, -0.8806233406066895, 1.0058726072311401] [0.49552398920059204, 0.08126004040241241, 1.0860300064086914, 1.1060559749603271, 0.22852404415607452, 0.03600000590085983, -1.4541900157928467, -1.4128559827804565] [0.1687387079000473, -0.0341218039393425, 0.10011555254459381, 1.2695053815841675, -0.48754560947418213, 0.6338818669319153]
[1.559566617012024, -0.8806233406066895, 1.0058726072311401] [0.47558197379112244, 0.087396040558815, 0.837522029876709, 1.1029880046844482, 0.22852404415607452, 0.03600000590085983, -1.4618600606918335, -1.4205260276794434] [0.16136640310287476, -0.01998969167470932, 0.09291937947273254, 1.099388837814331, -0.4105294942855835, 0.7963947653770447]
[1.559566617012024, -0.8806233406066895, 1.0058726072311401] [0.43416398763656616, 0.08893004059791565, 0.7838320732116699, 1.0999200344085693, 0.23005804419517517, 0.03600000590085983, -1.4710640907287598, -1.4266619682312012] [0.16011446714401245, -0.017062634229660034, 0.09951527416706085, 1.0380085706710815, -0.4299638569355011, 0.8388007879257202]
[1.9727617502212524, -0.11084327101707458, 1.286978840827942] [0.37126997113227844, 0.11500804126262665, 0.7638900279998779, 1.078444004058838, 0.22852404415607452, 0.03600000590085983, -1.4741320610046387, -1.4266619682312012] [0.15966957807540894, -0.012537237256765366, 0.1067499965429306, 0.9864513874053955, -0.44474583864212036, 0.8732816576957703]
[1.9727617502212524, -0.11084327101707458, 1.286978840827942] [0.31911396980285645, 0.1456880420446396, 0.7270740270614624, 1.017084002494812, 0.23005804419517517, 0.03600000590085983, -1.4741320610046387, -1.4251279830932617] [0.16134987771511078, -0.007619044743478298, 0.10987996309995651, 0.9348976016044617, -0.4204648733139038, 0.8892503976821899]
[1.9727617502212524, -0.11084327101707458, 1.286978840827942] [0.2684919834136963, 0.16716404259204865, 0.6994620561599731, 0.9603259563446045, 0.22852404415607452, 0.035600002855062485, -1.4741320610046387, -1.4251279830932617] [0.16274330019950867, -0.004538676701486111, 0.10980717092752457, 0.9123700857162476, -0.39527061581611633, 0.8907625675201416]
[1.9727617502212524, -0.11084327101707458, 1.286978840827942] [0.2393459677696228, 0.1947760432958603, 0.6825880408287048, 0.9158399701118469, 0.23005804419517517, 0.03600000590085983, -1.4741320610046387, -1.4251279830932617] [0.1632668823003769, -0.0008729934343136847, 0.11063999682664871, 0.9028691649436951, -0.38156434893608093, 0.8942660689353943]
[1.9727617502212524, -0.11084327101707458, 1.286978840827942] [0.2194039672613144, 0.22699004411697388, 0.6825880408287048, 0.8790239691734314, 0.23005804419517517, 0.03600000590085983, -1.4741320610046387, -1.4251279830932617] [0.16272497177124023, 0.0027325672563165426, 0.11316028237342834, 0.898495078086853, -0.3828039765357971, 0.903719425201416]
[1.9727617502212524, -0.11084327101707458, 1.286978840827942] [0.20406396687030792, 0.2500000596046448, 0.6825880408287048, 0.8790239691734314, 0.22852404415607452, 0.03600000590085983, -1.4725980758666992, -1.4251279830932617] [0.1599416881799698, 0.006704630795866251, 0.11604443192481995, 0.891405463218689, -0.39633503556251526, 0.931643009185791]
[1.9727617502212524, -0.11084327101707458, 1.286978840827942] [0.1902579665184021, 0.27761203050613403, 0.6841220855712891, 0.8790239691734314, 0.23005804419517517, 0.03600000590085983, -1.4741320610046387, -1.4281959533691406] [0.15542733669281006, 0.012977465987205505, 0.11811549961566925, 0.8896492719650269, -0.4072894752025604, 0.9729706048965454]
[1.9727617502212524, -0.11084327101707458, 1.286978840827942] [0.1902579665184021, 0.3021560311317444, 0.6825880408287048, 0.8790239691734314, 0.23005804419517517, 0.03600000590085983, -1.4818021059036255, -1.4404679536819458] [0.15539713203907013, 0.013044601306319237, 0.11799032241106033, 0.8868250250816345, -0.40635547041893005, 0.9737582802772522]
[1.9727617502212524, -0.11084327101707458, 1.286978840827942] [0.1902579665184021, 0.30062204599380493, 0.6810540556907654, 0.8790239691734314, 0.22852404415607452, 0.03600000590085983, -1.5063461065292358, -1.4619439840316772] [0.15588152408599854, 0.0124258017167449, 0.11754298955202103, 0.8863790035247803, -0.4038342237472534, 0.9696940779685974]
[1.9727617502212524, -0.11084327101707458, 1.286978840827942] [0.1933259665966034, 0.28221404552459717, 0.6810540556907654, 0.8790239691734314, 0.22852404415607452, 0.03600000590085983, -1.5109480619430542, -1.4711480140686035] [0.15813283622264862, 0.009490657597780228, 0.11533304303884506, 0.8937317132949829, -0.3935362696647644, 0.9481675624847412]
[1.9727617502212524, -0.11084327101707458, 1.286978840827942] [0.20713196694850922, 0.2730100452899933, 0.6795200705528259, 0.8805580139160156, 0.22852404415607452, 0.03600000590085983, -1.5124820470809937, -1.4742159843444824] [0.15861240029335022, 0.008834895677864552, 0.11387210339307785, 0.9007049202919006, -0.3883282244205475, 0.9421208500862122]
[1.9727617502212524, -0.11084327101707458, 1.286978840827942] [0.2424139678478241, 0.26840806007385254, 0.6795200705528259, 0.8805580139160156, 0.23005804419517517, 0.03600000590085983, -1.515550136566162, -1.4818860292434692] [0.15956616401672363, 0.00813355203717947, 0.10619095712900162, 0.9410399198532104, -0.35912826657295227, 0.922915518283844]
[1.9727617502212524, -0.11084327101707458, 1.286978840827942] [0.2776959538459778, 0.2668740451335907, 0.6795200705528259, 0.8805580139160156, 0.23005804419517517, 0.03600000590085983, -1.514016032218933, -1.4818860292434692] [0.15983472764492035, 0.007899261079728603, 0.1014920100569725, 0.9654198884963989, -0.341094046831131, 0.9130753874778748]
[1.9727617502212524, -0.11084327101707458, 1.286978840827942] [0.2945699691772461, 0.26534003019332886, 0.6795200705528259, 0.8805580139160156, 0.23005804419517517, 0.03600000590085983, -1.514016032218933, -1.4818860292434692] [0.15988107025623322, 0.007544834166765213, 0.10247821360826492, 0.9655228853225708, -0.34731996059417725, 0.9124540686607361]
[1.9727617502212524, -0.11084327101707458, 1.286978840827942] [0.2500839829444885, 0.2638060450553894, 0.69486004114151, 0.885159969329834, 0.23005804419517517, 0.03600000590085983, -1.514016032218933, -1.4772839546203613] [0.15980292856693268, 0.0064262887462973595, 0.11623082309961319, 0.9158645272254944, -0.40626123547554016, 0.9256181716918945]
[1.9727617502212524, -0.11084327101707458, 1.286978840827942] [0.11048995703458786, 0.26227205991744995, 0.7362780570983887, 0.885159969329834, 0.23005804419517517, 0.03600000590085983, -1.514016032218933, -1.4788179397583008] [0.152006134390831, 0.003702913410961628, 0.15779712796211243, 0.7406178712844849, -0.5786096453666687, 1.004171371459961]
[1.9727617502212524, -0.11084327101707458, 1.286978840827942] [-0.04904603958129883, 0.26227205991744995, 0.7869000434875488, 0.885159969329834, 0.23005804419517517, 0.03600000590085983, -1.5124820470809937, -1.4788179397583008] [0.15122443437576294, 0.0016840469324961305, 0.16361470520496368, 0.7545784115791321, -0.6151641607284546, 0.9978269338607788]
[1.9727617502212524, -0.11084327101707458, 1.286978840827942] [-0.050580039620399475, 0.2638060450553894, 0.8114440441131592, 0.885159969329834, 0.23005804419517517, 0.03600000590085983, -1.514016032218933, -1.4788179397583008] [0.1509300172328949, 0.0011547564063221216, 0.16484352946281433, 0.7666320204734802, -0.6269055008888245, 0.9952462315559387]
[1.9727617502212524, -0.11084327101707458, 1.286978840827942] [-0.05364803969860077, 0.2638060450553894, 0.8114440441131592, 0.8882279992103577, 0.23005804419517517, 0.03600000590085983, -1.514016032218933, -1.4772839546203613] [0.15073035657405853, 0.0011547564063221216, 0.16530628502368927, 0.7634500861167908, -0.628572940826416, 0.9971150755882263]
[1.9727617502212524, -0.11084327101707458, 1.286978840827942] [-0.05364803969860077, 0.2638060450553894, 0.8129780292510986, 0.8882279992103577, 0.23005804419517517, 0.03600000590085983, -1.5124820470809937, -1.4772839546203613] [0.15073035657405853, 0.0011547564063221216, 0.16530628502368927, 0.7634500861167908, -0.628572940826416, 0.9971150755882263]
[1.9727617502212524, -0.11084327101707458, 1.286978840827942] [-0.05364803969860077, 0.2638060450553894, 0.8129780292510986, 0.8882279992103577, 0.23005804419517517, 0.03600000590085983, -1.514016032218933, -1.4788179397583008] [0.15073035657405853, 0.0011547564063221216, 0.16530628502368927, 0.7634500861167908, -0.628572940826416, 0.9971150755882263]
[1.9727617502212524, -0.11084327101707458, 1.286978840827942] [-0.05671603977680206, 0.26534003019332886, 0.8129780292510986, 0.905102014541626, 0.23005804419517517, 0.03600000590085983, -1.514016032218933, -1.4788179397583008] [0.1484432965517044, 0.0017598832491785288, 0.1669616848230362, 0.7461987137794495, -0.640223503112793, 1.020633339881897]
[1.9727617502212524, -0.11084327101707458, 1.286978840827942] [-0.06285203993320465, 0.26534003019332886, 0.8129780292510986, 0.905102014541626, 0.23005804419517517, 0.03600000590085983, -1.514016032218933, -1.4788179397583008] [0.1481335610151291, 0.0017598832491785288, 0.16764412820339203, 0.7412983179092407, -0.642623782157898, 1.023565411567688]
[1.9727617502212524, -0.11084327101707458, 1.286978840827942] [-0.06592004001140594, 0.26534003019332886, 0.8129780292510986, 0.905102014541626, 0.23005804419517517, 0.03600000590085983, -1.5124820470809937, -1.4772839546203613] [0.148029625415802, 0.0017598832491785288, 0.16787126660346985, 0.739660918712616, -0.6434213519096375, 1.0245472192764282]
[1.9727617502212524, -0.11084327101707458, 1.286978840827942] [-0.06592004001140594, 0.26534003019332886, 0.8129780292510986, 0.905102014541626, 0.23005804419517517, 0.03600000590085983, -1.5124820470809937, -1.4772839546203613] [0.148029625415802, 0.0017598832491785288, 0.16787126660346985, 0.739660918712616, -0.6434213519096375, 1.0245472192764282]
[1.9727617502212524, -0.11084327101707458, 1.286978840827942] [-0.06592004001140594, 0.26534003019332886, 0.8129780292510986, 0.905102014541626, 0.23005804419517517, 0.03600000590085983, -1.5124820470809937, -1.4788179397583008] [0.148029625415802, 0.0017598832491785288, 0.16787126660346985, 0.739660918712616, -0.6434213519096375, 1.0245472192764282]
[1.9727617502212524, -0.11084327101707458, 1.286978840827942] [-0.0643860399723053, 0.26534003019332886, 0.8129780292510986, 0.905102014541626, 0.23005804419517517, 0.03600000590085983, -1.5124820470809937, -1.4803520441055298] [0.14823715388774872, 0.0017598832491785288, 0.1674167960882187, 0.7429337501525879, -0.6418249607086182, 1.0225858688354492]
[1.9727617502212524, -0.11084327101707458, 1.286978840827942] [-0.05978403985500336, 0.26534003019332886, 0.8114440441131592, 0.905102014541626, 0.23005804419517517, 0.03600000590085983, -1.514016032218933, -1.4803520441055298] [0.14820446074008942, 0.0019311989890411496, 0.16719509661197662, 0.7401580810546875, -0.6397208571434021, 1.0240591764450073]
[1.9727617502212524, -0.11084327101707458, 1.286978840827942] [-0.0643860399723053, 0.2638060450553894, 0.8160460591316223, 0.9066359996795654, 0.23005804419517517, 0.03600000590085983, -1.514016032218933, -1.4803520441055298] [0.14874324202537537, -1.1173759958182927e-05, 0.16885045170783997, 0.7545416951179504, -0.6542081236839294, 1.0114595890045166]
[1.9727617502212524, -0.11084327101707458, 1.286978840827942] [-0.06592004001140594, 0.2500000596046448, 0.8513280749320984, 0.9066359996795654, 0.23005804419517517, 0.03600000590085983, -1.5124820470809937, -1.4803520441055298] [0.1521131843328476, -0.007562192156910896, 0.1723606437444687, 0.8007333874702454, -0.6878228783607483, 0.9550842642784119]
[1.9727617502212524, -0.11084327101707458, 1.286978840827942] [-0.05978403985500336, 0.1855720430612564, 0.9203580617904663, 0.9066359996795654, 0.23005804419517517, 0.03600000590085983, -1.5109480619430542, -1.4895559549331665] [0.15848933160305023, -0.020775409415364265, 0.17462122440338135, 0.8635974526405334, -0.7179490923881531, 0.8546167612075806]
[1.9727617502212524, -0.11084327101707458, 1.286978840827942] [-0.05364803969860077, 0.1456880420446396, 0.9356980323791504, 0.9066359996795654, 0.23005804419517517, 0.03600000590085983, -1.5094140768051147, -1.4941580295562744] [0.16174012422561646, -0.027964012697339058, 0.17492225766181946, 0.8841903805732727, -0.7250300049781799, 0.8034399151802063]
[1.9727617502212524, -0.11084327101707458, 1.286978840827942] [-0.04904603958129883, 0.1165420413017273, 0.9433680772781372, 0.9066359996795654, 0.23005804419517517, 0.03600000590085983, -1.5094140768051147, -1.4956920146942139] [0.164203941822052, -0.032502319663763046, 0.1736988127231598, 0.8972064256668091, -0.7212831377983093, 0.7689157128334045]
[1.9727617502212524, -0.11084327101707458, 1.286978840827942] [-0.03370603919029236, 0.07972604036331177, 0.9433680772781372, 0.9066359996795654, 0.23005804419517517, 0.035600002855062485, -1.5109480619430542, -1.4987599849700928] [0.16757367551326752, -0.039217714220285416, 0.17175033688545227, 0.9096140265464783, -0.7132155895233154, 0.7208999395370483]
[1.9727617502212524, -0.11084327101707458, 1.286978840827942] [-0.02757003903388977, 0.0383080393075943, 0.9418340921401978, 0.9066359996795654, 0.23005804419517517, 0.03600000590085983, -1.5109480619430542, -1.4987599849700928] [0.1705656200647354, -0.044710468500852585, 0.1689346879720688, 0.9245779514312744, -0.7007391452789307, 0.6789717078208923]
[1.9727617502212524, -0.11084327101707458, 1.286978840827942] [0.02305196225643158, 0.02757003903388977, 0.9433680772781372, 0.9097039699554443, 0.23005804419517517, 0.03600000590085983, -1.5109480619430542, -1.5002939701080322] [0.17334148287773132, -0.04501921683549881, 0.16135604679584503, 0.9566210508346558, -0.6668827533721924, 0.6574738621711731]
[1.9727617502212524, -0.11084327101707458, 1.286978840827942] [0.039925962686538696, 0.019900038838386536, 0.9418340921401978, 0.912771999835968, 0.23005804419517517, 0.03600000590085983, -1.5109480619430542, -1.5002939701080322] [0.17482879757881165, -0.04832501336932182, 0.1593584418296814, 0.9634366631507874, -0.6586713790893555, 0.6351547837257385]
[1.9727617502212524, -0.11084327101707458, 1.286978840827942] [0.04759596288204193, -0.006177961826324463, 0.9418340921401978, 0.912771999835968, 0.23005804419517517, 0.03600000590085983, -1.5109480619430542, -1.5002939701080322] [0.17567874491214752, -0.050704486668109894, 0.15878993272781372, 0.9650627970695496, -0.6558149456977844, 0.6203699111938477]
[1.9727617502212524, -0.11084327101707458, 1.286978840827942] [0.04759596288204193, -0.009245961904525757, 0.9418340921401978, 0.912771999835968, 0.23005804419517517, 0.03600000590085983, -1.5109480619430542, -1.5002939701080322] [0.1757510006427765, -0.050969429314136505, 0.15878647565841675, 0.9649878144264221, -0.6557725667953491, 0.6188834309577942]
[1.9727617502212524, -0.11084327101707458, 1.286978840827942] [0.04759596288204193, -0.009245961904525757, 0.9418340921401978, 0.912771999835968, 0.23005804419517517, 0.03600000590085983, -1.5109480619430542, -1.5002939701080322] [0.17619670927524567, -0.050969429314136505, 0.1574367731809616, 0.9705750346183777, -0.6495175957679749, 0.6154903173446655]
[1.9727617502212524, -0.11084327101707458, 1.286978840827942] [0.0660039633512497, -0.009245961904525757, 0.9418340921401978, 0.912771999835968, 0.23005804419517517, 0.035600002855062485, -1.5109480619430542, -1.5002939701080322] [0.1773006170988083, -0.05086660385131836, 0.1538143754005432, 0.9833095073699951, -0.6323010325431824, 0.6079757213592529]
[1.9727617502212524, -0.11084327101707458, 1.286978840827942] [0.09054796397686005, -0.009245961904525757, 0.9326300621032715, 0.9143059849739075, 0.23005804419517517, 0.03600000590085983, -1.5109480619430542, -1.5002939701080322] [0.1787731796503067, -0.04984665289521217, 0.1473694145679474, 0.9894675016403198, -0.598270833492279, 0.6058080792427063]
[1.9727617502212524, -0.11084327101707458, 1.286978840827942] [0.12122795730829239, -0.009245961904525757, 0.9249600768089294, 0.912771999835968, 0.23005804419517517, 0.03600000590085983, -1.5109480619430542, -1.5002939701080322] [0.18101383745670319, -0.05011172592639923, 0.13825125992298126, 1.0231705904006958, -0.5562551617622375, 0.5858886241912842]
[1.9727617502212524, -0.11084327101707458, 1.286978840827942] [0.17645196616649628, -0.009245961904525757, 0.9249600768089294, 0.912771999835968, 0.23005804419517517, 0.03600000590085983, -1.5109480619430542, -1.5002939701080322] [0.1818656176328659, -0.05037692189216614, 0.13434231281280518, 1.036736011505127, -0.5381695628166199, 0.5773173570632935]
[1.9727617502212524, -0.11084327101707458, 1.286978840827942] [0.18565596640110016, -0.010779961943626404, 0.9249600768089294, 0.912771999835968, 0.23005804419517517, 0.03600000590085983, -1.5124820470809937, -1.5002939701080322] [0.18241919577121735, -0.05037692189216614, 0.13126875460147858, 1.0473723411560059, -0.5240054726600647, 0.5719301700592041]
[1.9727617502212524, -0.11084327101707458, 1.286978840827942] [0.1963939666748047, -0.010779961943626404, 0.9249600768089294, 0.912771999835968, 0.23005804419517517, 0.03600000590085983, -1.5124820470809937, -1.5002939701080322] [0.1825617402791977, -0.05090763792395592, 0.1312406361103058, 1.046795129776001, -0.5236846208572388, 0.5692090392112732]
[1.428538203239441, -0.08794976025819778, 1.185901165008545] [0.19485996663570404, -0.019983962178230286, 0.9249600768089294, 0.912771999835968, 0.23005804419517517, 0.03600000590085983, -1.5124820470809937, -1.5002939701080322] [0.18277254700660706, -0.051704540848731995, 0.13119903206825256, 1.0459272861480713, -0.5232059359550476, 0.5651279091835022]
[1.428538203239441, -0.08794976025819778, 1.185901165008545] [0.19485996663570404, -0.024585962295532227, 0.9249600768089294, 0.912771999835968, 0.23005804419517517, 0.03600000590085983, -1.5124820470809937, -1.5002939701080322] [0.1831159144639969, -0.05303489789366722, 0.13113126158714294, 1.0444766283035278, -0.5224148631095886, 0.5583274364471436]
[1.1226531267166138, -0.0741008073091507, 0.9155910611152649] [0.19485996663570404, -0.030721962451934814, 0.9249600768089294, 0.912771999835968, 0.23005804419517517, 0.03600000590085983, -1.5124820470809937, -1.5002939701080322] [0.18325045704841614, -0.053567782044410706, 0.1311047077178955, 1.0438947677612305, -0.5221008062362671, 0.5556077361106873]
[1.4287832975387573, -0.07731077820062637, 1.4107983112335205] [0.34825998544692993, -0.39121198654174805, 0.9372320771217346, 0.885159969329834, 0.23005804419517517, 0.9968000054359436, -1.5170841217041016, -1.507964015007019] [0.19124948978424072, -0.12034810334444046, 0.10008753091096878, 1.025338888168335, -0.3341912031173706, 0.19512829184532166]
[1.4287832975387573, -0.07731077820062637, 1.4107983112335205] [0.34825998544692993, -0.39121198654174805, 0.9372320771217346, 0.8866939544677734, 0.23005804419517517, 0.9968000054359436, -1.5170841217041016, -1.507964015007019] [0.19124948978424072, -0.12034810334444046, 0.10008753091096878, 1.025338888168335, -0.3341912031173706, 0.19512829184532166]
[1.4287832975387573, -0.07731077820062637, 1.4107983112335205] [0.34825998544692993, -0.39121198654174805, 0.9372320771217346, 0.8866939544677734, 0.23005804419517517, 0.9968000054359436, -1.5170841217041016, -1.507964015007019] [0.19124948978424072, -0.12034810334444046, 0.10008753091096878, 1.025338888168335, -0.3341912031173706, 0.19512829184532166]
[1.4287832975387573, -0.07731077820062637, 1.4107983112335205] [0.34825998544692993, -0.3927459716796875, 0.9372320771217346, 0.8866939544677734, 0.23005804419517517, 0.9968000054359436, -1.5170841217041016, -1.507964015007019] [0.1913171261548996, -0.12045919895172119, 0.0999712347984314, 1.0257110595703125, -0.33309558033943176, 0.19399188458919525]
