[1.06131112575531, -0.1443892866373062, -0.7557621002197266] [0.050663962960243225, -0.3436579704284668, 0.09813404083251953, 1.0692399740219116, 0.8758720755577087, 0.9968000054359436, -1.5124820470809937, -1.5033619403839111] [0.17259187996387482, -0.06472432613372803, 0.0938853919506073, 0.955729067325592, -0.04915529116988182, 0.7213467955589294]
[1.06131112575531, -0.1443892866373062, -0.7557621002197266] [0.050663962960243225, -0.3436579704284668, 0.09813404083251953, 1.0692399740219116, 0.8758720755577087, 0.9968000054359436, -1.5124820470809937, -1.5033619403839111] [0.17263491451740265, -0.06498157232999802, 0.09389831125736237, 0.9572063684463501, -0.04910558462142944, 0.7198174595832825]
[1.06131112575531, -0.1443892866373062, -0.7557621002197266] [0.050663962960243225, -0.3436579704284668, 0.09813404083251953, 1.0692399740219116, 0.8758720755577087, 0.9968000054359436, -1.5124820470809937, -1.5033619403839111] [0.17257456481456757, -0.0647166520357132, 0.09363607317209244, 0.9582772850990295, -0.048003360629081726, 0.721297562122345]
[1.06131112575531, -0.1443892866373062, -0.7557621002197266] [0.04912996292114258, -0.3436579704284668, 0.09966804087162018, 1.0692399740219116, 0.8758720755577087, 0.9968000054359436, -1.5124820470809937, -1.5033619403839111] [0.17258229851722717, -0.06472432613372803, 0.0936206504702568, 0.9567432999610901, -0.048003360629081726, 0.721297562122345]
[1.06131112575531, -0.1443892866373062, -0.7557621002197266] [0.050663962960243225, -0.3436579704284668, 0.09813404083251953, 1.0692399740219116, 0.8758720755577087, 0.9968000054359436, -1.5124820470809937, -1.5033619403839111] [0.17258229851722717, -0.06472432613372803, 0.0936206504702568, 0.9567432999610901, -0.048003360629081726, 0.721297562122345]
[1.06131112575531, -0.1443892866373062, -0.7557621002197266] [0.050663962960243225, -0.3436579704284668, 0.09813404083251953, 1.0692399740219116, 0.8774060606956482, 0.9968000054359436, -1.5124820470809937, -1.5033619403839111] [0.17258229851722717, -0.06472432613372803, 0.0936206504702568, 0.9567432999610901, -0.048003360629081726, 0.721297562122345]
[1.06131112575531, -0.1443892866373062, -0.7557621002197266] [0.04912996292114258, -0.3436579704284668, 0.09966804087162018, 1.0692399740219116, 0.8774060606956482, 0.9968000054359436, -1.5124820470809937, -1.5033619403839111] [0.17258229851722717, -0.06472432613372803, 0.0936206504702568, 0.9567432999610901, -0.048003360629081726, 0.721297562122345]
[1.06131112575531, -0.1443892866373062, -0.7557621002197266] [0.050663962960243225, -0.3436579704284668, 0.09813404083251953, 1.0692399740219116, 0.8758720755577087, 0.9968000054359436, -1.5124820470809937, -1.5033619403839111] [0.17258229851722717, -0.06472432613372803, 0.0936206504702568, 0.9567432999610901, -0.048003360629081726, 0.721297562122345]
[1.06131112575531, -0.1443892866373062, -0.7557621002197266] [0.050663962960243225, -0.3436579704284668, 0.09813404083251953, 1.0692399740219116, 0.8758720755577087, 0.9968000054359436, -1.5124820470809937, -1.5033619403839111] [0.1726330667734146, -0.06498926132917404, 0.09361806511878967, 0.9566848278045654, -0.04795210808515549, 0.7197683453559875]
[1.06131112575531, -0.1443892866373062, -0.7557621002197266] [0.050663962960243225, -0.3436579704284668, 0.09813404083251953, 1.0692399740219116, 0.8758720755577087, 0.9968000054359436, -1.5124820470809937, -1.5033619403839111] [0.17258229851722717, -0.06472432613372803, 0.0936206504702568, 0.9567432999610901, -0.048003360629081726, 0.721297562122345]
[1.06131112575531, -0.1443892866373062, -0.7557621002197266] [0.04912996292114258, -0.3436579704284668, 0.09813404083251953, 1.0692399740219116, 0.8774060606956482, 0.9968000054359436, -1.5124820470809937, -1.5033619403839111] [0.17258229851722717, -0.06472432613372803, 0.0936206504702568, 0.9567432999610901, -0.048003360629081726, 0.721297562122345]
[0.22455033659934998, 0.0007139710360206664, 0.06336965411901474] [0.050663962960243225, -0.3436579704284668, 0.09813404083251953, 1.0692399740219116, 0.8774060606956482, 0.9968000054359436, -1.5124820470809937, -1.5033619403839111] [0.17258229851722717, -0.06472432613372803, 0.0936206504702568, 0.9567432999610901, -0.048003360629081726, 0.721297562122345]
[0.22455033659934998, 0.0007139710360206664, 0.06336965411901474] [0.050663962960243225, -0.3436579704284668, 0.09813404083251953, 1.0692399740219116, 0.8774060606956482, 0.9968000054359436, -1.5124820470809937, -1.5033619403839111] [0.17259187996387482, -0.06472432613372803, 0.0938853919506073, 0.955729067325592, -0.04915529116988182, 0.7213467955589294]
[0.22455033659934998, 0.0007139710360206664, 0.06336965411901474] [0.04912996292114258, -0.3436579704284668, 0.09966804087162018, 1.0692399740219116, 0.8758720755577087, 0.9968000054359436, -1.514016032218933, -1.5033619403839111] [0.17258413136005402, -0.0647166520357132, 0.09390080720186234, 0.9572630524635315, -0.04915529116988182, 0.7213467955589294]
[0.22455033659934998, 0.0007139710360206664, 0.06336965411901474] [0.050663962960243225, -0.3436579704284668, 0.09966804087162018, 1.0692399740219116, 0.8758720755577087, 0.9968000054359436, -1.5124820470809937, -1.5033619403839111] [0.17259187996387482, -0.06472432613372803, 0.0938853919506073, 0.955729067325592, -0.04915529116988182, 0.7213467955589294]
[0.22455033659934998, 0.0007139710360206664, 0.06336965411901474] [0.050663962960243225, -0.3436579704284668, 0.09966804087162018, 1.0692399740219116, 0.8758720755577087, 0.9968000054359436, -1.5124820470809937, -1.5033619403839111] [0.17259187996387482, -0.06472432613372803, 0.0938853919506073, 0.955729067325592, -0.04915529116988182, 0.7213467955589294]
[0.22455033659934998, 0.0007139710360206664, 0.06336965411901474] [0.04912996292114258, -0.3436579704284668, 0.09813404083251953, 1.0692399740219116, 0.8758720755577087, 0.9968000054359436, -1.5124820470809937, -1.5033619403839111] [0.17259187996387482, -0.06472432613372803, 0.0938853919506073, 0.955729067325592, -0.04915529116988182, 0.7213467955589294]
[0.22455033659934998, 0.0007139710360206664, 0.06336965411901474] [0.04912996292114258, -0.3436579704284668, 0.09813404083251953, 1.0692399740219116, 0.8758720755577087, 0.9968000054359436, -1.5124820470809937, -1.5033619403839111] [0.17259187996387482, -0.06472432613372803, 0.0938853919506073, 0.955729067325592, -0.04915529116988182, 0.7213467955589294]
[0.22455033659934998, 0.0007139710360206664, 0.06336965411901474] [0.04912996292114258, -0.3436579704284668, 0.09813404083251953, 1.0692399740219116, 0.8758720755577087, 0.9968000054359436, -1.5124820470809937, -1.5033619403839111] [0.17259187996387482, -0.06472432613372803, 0.0938853919506073, 0.955729067325592, -0.04915529116988182, 0.7213467955589294]
[0.22455033659934998, 0.0007139710360206664, 0.06336965411901474] [0.04912996292114258, -0.3436579704284668, 0.09813404083251953, 1.0692399740219116, 0.8758720755577087, 0.9968000054359436, -1.5124820470809937, -1.5033619403839111] [0.17258229851722717, -0.06472432613372803, 0.0936206504702568, 0.9567432999610901, -0.048003360629081726, 0.721297562122345]
[0.22455033659934998, 0.0007139710360206664, 0.06336965411901474] [0.04912996292114258, -0.3436579704284668, 0.09813404083251953, 1.0692399740219116, 0.8774060606956482, 0.9968000054359436, -1.5124820470809937, -1.5033619403839111] [0.17259187996387482, -0.06472432613372803, 0.0938853919506073, 0.955729067325592, -0.04915529116988182, 0.7213467955589294]
[0.22455033659934998, 0.0007139710360206664, 0.06336965411901474] [0.050663962960243225, -0.3436579704284668, 0.09813404083251953, 1.0692399740219116, 0.8758720755577087, 0.9968000054359436, -1.5124820470809937, -1.5033619403839111] [0.17257456481456757, -0.0647166520357132, 0.09363607317209244, 0.9582772850990295, -0.048003360629081726, 0.721297562122345]
[0.22455033659934998, 0.0007139710360206664, 0.06336965411901474] [0.04912996292114258, -0.3436579704284668, 0.09813404083251953, 1.0692399740219116, 0.8758720755577087, 0.9968000054359436, -1.5124820470809937, -1.5033619403839111] [0.17258229851722717, -0.06472432613372803, 0.0936206504702568, 0.9567432999610901, -0.048003360629081726, 0.721297562122345]
[0.22455033659934998, 0.0007139710360206664, 0.06336965411901474] [0.04912996292114258, -0.3436579704284668, 0.09813404083251953, 1.0692399740219116, 0.8758720755577087, 0.9968000054359436, -1.5124820470809937, -1.5033619403839111] [0.17258229851722717, -0.06472432613372803, 0.0936206504702568, 0.9567432999610901, -0.048003360629081726, 0.721297562122345]
[0.22455033659934998, 0.0007139710360206664, 0.06336965411901474] [0.04912996292114258, -0.3436579704284668, 0.09966804087162018, 1.0692399740219116, 0.8758720755577087, 0.9968000054359436, -1.5124820470809937, -1.5033619403839111] [0.17259187996387482, -0.06472432613372803, 0.0938853919506073, 0.955729067325592, -0.04915529116988182, 0.7213467955589294]
[0.22455033659934998, 0.0007139710360206664, 0.06336965411901474] [0.04912996292114258, -0.3436579704284668, 0.09966804087162018, 1.0692399740219116, 0.8758720755577087, 0.9968000054359436, -1.5124820470809937, -1.5033619403839111] [0.17259187996387482, -0.06472432613372803, 0.0938853919506073, 0.955729067325592, -0.04915529116988182, 0.7213467955589294]
[0.22455033659934998, 0.0007139710360206664, 0.06336965411901474] [0.04912996292114258, -0.3436579704284668, 0.09966804087162018, 1.0692399740219116, 0.8758720755577087, 0.9968000054359436, -1.5124820470809937, -1.5033619403839111] [0.17258915305137634, -0.06472786515951157, 0.09378082305192947, 0.9574861526489258, -0.049343984574079514, 0.7211882472038269]
[0.22455033659934998, 0.0007139710360206664, 0.06336965411901474] [0.050663962960243225, -0.3436579704284668, 0.09966804087162018, 1.0692399740219116, 0.8758720755577087, 0.9968000054359436, -1.5124820470809937, -1.5033619403839111] [0.17258229851722717, -0.06472432613372803, 0.0936206504702568, 0.9567432999610901, -0.048003360629081726, 0.721297562122345]
[0.22455033659934998, 0.0007139710360206664, 0.06336965411901474] [0.04912996292114258, -0.3436579704284668, 0.09813404083251953, 1.0692399740219116, 0.8758720755577087, 0.9968000054359436, -1.5124820470809937, -1.5033619403839111] [0.17258229851722717, -0.06472432613372803, 0.0936206504702568, 0.9567432999610901, -0.048003360629081726, 0.721297562122345]
[0.22455033659934998, 0.0007139710360206664, 0.06336965411901474] [0.04912996292114258, -0.3436579704284668, 0.09813404083251953, 1.0692399740219116, 0.8758720755577087, 0.9968000054359436, -1.5124820470809937, -1.5033619403839111] [0.17259187996387482, -0.06472432613372803, 0.0938853919506073, 0.955729067325592, -0.04915529116988182, 0.7213467955589294]
[0.22455033659934998, 0.0007139710360206664, 0.06336965411901474] [0.050663962960243225, -0.3436579704284668, 0.09813404083251953, 1.0692399740219116, 0.8758720755577087, 0.9968000054359436, -1.5124820470809937, -1.5033619403839111] [0.17258229851722717, -0.06472432613372803, 0.0936206504702568, 0.9567432999610901, -0.048003360629081726, 0.721297562122345]
[0.22455033659934998, 0.0007139710360206664, 0.06336965411901474] [0.04912996292114258, -0.3436579704284668, 0.09813404083251953, 1.0692399740219116, 0.8758720755577087, 0.9968000054359436, -1.5124820470809937, -1.5033619403839111] [0.17259187996387482, -0.06472432613372803, 0.0938853919506073, 0.955729067325592, -0.04915529116988182, 0.7213467955589294]
[0.22455033659934998, 0.0007139710360206664, 0.06336965411901474] [0.050663962960243225, -0.3436579704284668, 0.09813404083251953, 1.0692399740219116, 0.8758720755577087, 0.9968000054359436, -1.5124820470809937, -1.5033619403839111] [0.17259849607944489, -0.06472786515951157, 0.09404557943344116, 0.9564719796180725, -0.05049603059887886, 0.7212388515472412]
[0.22455033659934998, 0.0007139710360206664, 0.06336965411901474] [0.04912996292114258, -0.3436579704284668, 0.09813404083251953, 1.0692399740219116, 0.8758720755577087, 0.9968000054359436, -1.5124820470809937, -1.5033619403839111] [0.17258229851722717, -0.06472432613372803, 0.0936206504702568, 0.9567432999610901, -0.048003360629081726, 0.721297562122345]
[0.22455033659934998, 0.0007139710360206664, 0.06336965411901474] [0.050663962960243225, -0.3436579704284668, 0.09813404083251953, 1.0692399740219116, 0.8758720755577087, 0.9968000054359436, -1.5124820470809937, -1.5033619403839111] [0.17259187996387482, -0.06472432613372803, 0.0938853919506073, 0.955729067325592, -0.04915529116988182, 0.7213467955589294]
[0.22455033659934998, 0.0007139710360206664, 0.06336965411901474] [0.050663962960243225, -0.3436579704284668, 0.09813404083251953, 1.0692399740219116, 0.8758720755577087, 0.9968000054359436, -1.5124820470809937, -1.5033619403839111] [0.17258915305137634, -0.06472786515951157, 0.09378082305192947, 0.9574861526489258, -0.049343984574079514, 0.7211882472038269]
[0.22455033659934998, 0.0007139710360206664, 0.06336965411901474] [0.050663962960243225, -0.3436579704284668, 0.09813404083251953, 1.0692399740219116, 0.8774060606956482, 0.9968000054359436, -1.5124820470809937, -1.5033619403839111] [0.17258229851722717, -0.06472432613372803, 0.0936206504702568, 0.9567432999610901, -0.048003360629081726, 0.721297562122345]
[0.22455033659934998, 0.0007139710360206664, 0.06336965411901474] [0.04912996292114258, -0.3436579704284668, 0.09966804087162018, 1.0692399740219116, 0.8758720755577087, 0.9968000054359436, -1.5124820470809937, -1.5033619403839111] [0.17258229851722717, -0.06472432613372803, 0.0936206504702568, 0.9567432999610901, -0.048003360629081726, 0.721297562122345]
[0.22455033659934998, 0.0007139710360206664, 0.06336965411901474] [0.050663962960243225, -0.3436579704284668, 0.09813404083251953, 1.0692399740219116, 0.8774060606956482, 0.9968000054359436, -1.5124820470809937, -1.5033619403839111] [0.17258413136005402, -0.0647166520357132, 0.09390080720186234, 0.9572630524635315, -0.04915529116988182, 0.7213467955589294]
[0.22455033659934998, 0.0007139710360206664, 0.06336965411901474] [0.050663962960243225, -0.34519195556640625, 0.09813404083251953, 1.0692399740219116, 0.8758720755577087, 0.9968000054359436, -1.5124820470809937, -1.5033619403839111] [0.17259187996387482, -0.06472432613372803, 0.0938853919506073, 0.955729067325592, -0.04915529116988182, 0.7213467955589294]
[0.22455033659934998, 0.0007139710360206664, 0.06336965411901474] [0.04912996292114258, -0.3436579704284668, 0.09966804087162018, 1.0692399740219116, 0.8758720755577087, 0.9968000054359436, -1.5124820470809937, -1.5033619403839111] [0.17258229851722717, -0.06472432613372803, 0.0936206504702568, 0.9567432999610901, -0.048003360629081726, 0.721297562122345]
[0.22455033659934998, 0.0007139710360206664, 0.06336965411901474] [0.04912996292114258, -0.3436579704284668, 0.09813404083251953, 1.0692399740219116, 0.8758720755577087, 0.9968000054359436, -1.5124820470809937, -1.5033619403839111] [0.17258229851722717, -0.06472432613372803, 0.0936206504702568, 0.9567432999610901, -0.048003360629081726, 0.721297562122345]
[0.22455033659934998, 0.0007139710360206664, 0.06336965411901474] [0.04912996292114258, -0.3436579704284668, 0.09813404083251953, 1.0692399740219116, 0.8758720755577087, 0.9968000054359436, -1.5124820470809937, -1.5033619403839111] [0.17258229851722717, -0.06472432613372803, 0.0936206504702568, 0.9567432999610901, -0.048003360629081726, 0.721297562122345]
[0.22455033659934998, 0.0007139710360206664, 0.06336965411901474] [0.04912996292114258, -0.3436579704284668, 0.09813404083251953, 1.0692399740219116, 0.8758720755577087, 0.9968000054359436, -1.5124820470809937, -1.5033619403839111] [0.1726253479719162, -0.06498157232999802, 0.0936334878206253, 0.9582188129425049, -0.04795210808515549, 0.7197683453559875]
[0.22455033659934998, 0.0007139710360206664, 0.06336965411901474] [0.04912996292114258, -0.3436579704284668, 0.09813404083251953, 1.0692399740219116, 0.8758720755577087, 0.9968000054359436, -1.5124820470809937, -1.5033619403839111] [0.17258229851722717, -0.06472432613372803, 0.0936206504702568, 0.9567432999610901, -0.048003360629081726, 0.721297562122345]
[0.22455033659934998, 0.0007139710360206664, 0.06336965411901474] [0.04912996292114258, -0.34519195556640625, 0.09966804087162018, 1.0692399740219116, 0.8758720755577087, 0.9968000054359436, -1.5124820470809937, -1.5033619403839111] [0.17258229851722717, -0.06472432613372803, 0.0936206504702568, 0.9567432999610901, -0.048003360629081726, 0.721297562122345]
[0.22455033659934998, 0.0007139710360206664, 0.06336965411901474] [0.050663962960243225, -0.3436579704284668, 0.09813404083251953, 1.0692399740219116, 0.8758720755577087, 0.9968000054359436, -1.5124820470809937, -1.5033619403839111] [0.17259187996387482, -0.06472432613372803, 0.0938853919506073, 0.955729067325592, -0.04915529116988182, 0.7213467955589294]
[0.22455033659934998, 0.0007139710360206664, 0.06336965411901474] [0.04912996292114258, -0.34519195556640625, 0.09813404083251953, 1.0692399740219116, 0.8758720755577087, 0.9968000054359436, -1.5124820470809937, -1.5033619403839111] [0.17258229851722717, -0.06472432613372803, 0.0936206504702568, 0.9567432999610901, -0.048003360629081726, 0.721297562122345]
[0.22455033659934998, 0.0007139710360206664, 0.06336965411901474] [0.04912996292114258, -0.3436579704284668, 0.09813404083251953, 1.0692399740219116, 0.8758720755577087, 0.9968000054359436, -1.5124820470809937, -1.5033619403839111] [0.17258229851722717, -0.06472432613372803, 0.0936206504702568, 0.9567432999610901, -0.048003360629081726, 0.721297562122345]
[0.22455033659934998, 0.0007139710360206664, 0.06336965411901474] [0.050663962960243225, -0.34519195556640625, 0.09813404083251953, 1.0692399740219116, 0.8758720755577087, 0.9968000054359436, -1.5124820470809937, -1.5033619403839111] [0.17258229851722717, -0.06472432613372803, 0.0936206504702568, 0.9567432999610901, -0.048003360629081726, 0.721297562122345]
[0.22455033659934998, 0.0007139710360206664, 0.06336965411901474] [0.050663962960243225, -0.3436579704284668, 0.09966804087162018, 1.0692399740219116, 0.8758720755577087, 0.9968000054359436, -1.5124820470809937, -1.5033619403839111] [0.17259187996387482, -0.06472432613372803, 0.0938853919506073, 0.955729067325592, -0.04915529116988182, 0.7213467955589294]
[0.22455033659934998, 0.0007139710360206664, 0.06336965411901474] [0.04912996292114258, -0.3436579704284668, 0.09813404083251953, 1.0692399740219116, 0.8758720755577087, 0.9968000054359436, -1.5124820470809937, -1.5033619403839111] [0.17259187996387482, -0.06472432613372803, 0.0938853919506073, 0.955729067325592, -0.04915529116988182, 0.7213467955589294]
[0.22455033659934998, 0.0007139710360206664, 0.06336965411901474] [0.050663962960243225, -0.3436579704284668, 0.09813404083251953, 1.0692399740219116, 0.8758720755577087, 0.9968000054359436, -1.5124820470809937, -1.5033619403839111] [0.17258229851722717, -0.06472432613372803, 0.0936206504702568, 0.9567432999610901, -0.048003360629081726, 0.721297562122345]
[0.22455033659934998, 0.0007139710360206664, 0.06336965411901474] [0.04912996292114258, -0.3436579704284668, 0.09813404083251953, 1.0692399740219116, 0.8758720755577087, 0.9968000054359436, -1.5124820470809937, -1.5033619403839111] [0.17264266312122345, -0.06498926132917404, 0.09388290345668793, 0.9556723833084106, -0.04910558462142944, 0.7198174595832825]
[0.22455033659934998, 0.0007139710360206664, 0.06336965411901474] [0.050663962960243225, -0.34519195556640625, 0.09813404083251953, 1.0692399740219116, 0.8758720755577087, 0.9968000054359436, -1.5124820470809937, -1.5033619403839111] [0.17258413136005402, -0.0647166520357132, 0.09390080720186234, 0.9572630524635315, -0.04915529116988182, 0.7213467955589294]
[0.22455033659934998, 0.0007139710360206664, 0.06336965411901474] [0.04912996292114258, -0.3436579704284668, 0.09813404083251953, 1.0692399740219116, 0.8758720755577087, 0.9968000054359436, -1.5124820470809937, -1.5033619403839111] [0.17258229851722717, -0.06472432613372803, 0.0936206504702568, 0.9567432999610901, -0.048003360629081726, 0.721297562122345]
[0.22455033659934998, 0.0007139710360206664, 0.06336965411901474] [0.050663962960243225, -0.3436579704284668, 0.09813404083251953, 1.0692399740219116, 0.8774060606956482, 0.9968000054359436, -1.5124820470809937, -1.5033619403839111] [0.17258229851722717, -0.06472432613372803, 0.0936206504702568, 0.9567432999610901, -0.048003360629081726, 0.721297562122345]
[0.22455033659934998, 0.0007139710360206664, 0.06336965411901474] [0.050663962960243225, -0.3436579704284668, 0.09813404083251953, 1.0692399740219116, 0.8758720755577087, 0.9968000054359436, -1.5124820470809937, -1.5033619403839111] [0.17257456481456757, -0.0647166520357132, 0.09363607317209244, 0.9582772850990295, -0.048003360629081726, 0.721297562122345]
[0.2841132581233978, -0.031137334182858467, 0.02207910269498825] [0.050663962960243225, -0.3436579704284668, 0.09813404083251953, 1.0692399740219116, 0.8758720755577087, 0.9968000054359436, -1.5124820470809937, -1.5033619403839111] [0.17259187996387482, -0.06472432613372803, 0.0938853919506073, 0.955729067325592, -0.04915529116988182, 0.7213467955589294]
[0.2841132581233978, -0.031137334182858467, 0.02207910269498825] [0.050663962960243225, -0.34519195556640625, 0.09966804087162018, 1.0692399740219116, 0.8758720755577087, 0.9968000054359436, -1.5124820470809937, -1.5033619403839111] [0.17263992130756378, -0.06499278545379639, 0.09377824515104294, 0.9574276804924011, -0.04929273575544357, 0.7196592092514038]
[0.2841132581233978, -0.031137334182858467, 0.02207910269498825] [0.050663962960243225, -0.34519195556640625, 0.09966804087162018, 1.0677059888839722, 0.8758720755577087, 0.9968000054359436, -1.5124820470809937, -1.5033619403839111] [0.17263992130756378, -0.06499278545379639, 0.09377824515104294, 0.9574276804924011, -0.04929273575544357, 0.7196592092514038]
[0.2841132581233978, -0.031137334182858467, 0.02207910269498825] [0.050663962960243225, -0.34519195556640625, 0.09966804087162018, 1.0692399740219116, 0.8758720755577087, 0.9968000054359436, -1.5124820470809937, -1.5048960447311401] [0.172690287232399, -0.06525780260562897, 0.09377569705247879, 0.9573691487312317, -0.049241580069065094, 0.7181299924850464]
[0.2841132581233978, -0.031137334182858467, 0.02207910269498825] [0.050663962960243225, -0.35899797081947327, 0.09966804087162018, 1.0677059888839722, 0.8758720755577087, 0.9968000054359436, -1.5124820470809937, -1.5033619403839111] [0.1733478307723999, -0.06830473989248276, 0.09389566630125046, 0.9575395584106445, -0.04990030825138092, 0.699669361114502]
[0.2841132581233978, -0.031137334182858467, 0.02207910269498825] [0.04912996292114258, -0.36820197105407715, 0.09966804087162018, 1.055433988571167, 0.8758720755577087, 0.9968000054359436, -1.5124820470809937, -1.5033619403839111] [0.17449624836444855, -0.07036355137825012, 0.09361934661865234, 0.9571418762207031, -0.047368720173835754, 0.6814162731170654]
[0.2841132581233978, -0.031137334182858467, 0.02207910269498825] [0.04912996292114258, -0.37433797121047974, 0.09966804087162018, 1.055433988571167, 0.8758720755577087, 0.9968000054359436, -1.5124820470809937, -1.5048960447311401] [0.17458969354629517, -0.0708993598818779, 0.09388291090726852, 0.9560571908950806, -0.04846540465950966, 0.6784039735794067]
[0.2841132581233978, -0.031137334182858467, 0.02207910269498825] [0.04912996292114258, -0.3728039860725403, 0.09966804087162018, 1.055433988571167, 0.8758720755577087, 0.9968000054359436, -1.5124820470809937, -1.5048960447311401] [0.17459608614444733, -0.0709029957652092, 0.094042107462883, 0.9568185210227966, -0.049795836210250854, 0.6782964468002319]
[0.2841132581233978, -0.031137334182858467, 0.02207910269498825] [0.04912996292114258, -0.3728039860725403, 0.09966804087162018, 1.055433988571167, 0.8758720755577087, 0.9968000054359436, -1.5124820470809937, -1.5048960447311401] [0.17458009719848633, -0.0708993598818779, 0.0936150997877121, 0.9570209383964539, -0.04727104678750038, 0.6783578395843506]
[0.3377217948436737, -0.07638060301542282, 0.001508644432760775] [0.04912996292114258, -0.3728039860725403, 0.09966804087162018, 1.0569679737091064, 0.8758720755577087, 0.9968000054359436, -1.5124820470809937, -1.5048960447311401] [0.1745479702949524, -0.07063142210245132, 0.09388495981693268, 0.9561159014701843, -0.04851272702217102, 0.6799333095550537]
[0.3377217948436737, -0.07638060301542282, 0.001508644432760775] [0.050663962960243225, -0.3728039860725403, 0.10120204091072083, 1.055433988571167, 0.8758720755577087, 0.9968000054359436, -1.5124820470809937, -1.5048960447311401] [0.17458969354629517, -0.0708993598818779, 0.09388291090726852, 0.9560571908950806, -0.04846540465950966, 0.6784039735794067]
[0.3377217948436737, -0.07638060301542282, 0.001508644432760775] [0.04912996292114258, -0.37126997113227844, 0.09966804087162018, 1.0569679737091064, 0.8758720755577087, 0.9968000054359436, -1.5124820470809937, -1.5048960447311401] [0.1745479702949524, -0.07063142210245132, 0.09388495981693268, 0.9561159014701843, -0.04851272702217102, 0.6799333095550537]
[0.3377217948436737, -0.07638060301542282, 0.001508644432760775] [0.04912996292114258, -0.3728039860725403, 0.09966804087162018, 1.055433988571167, 0.8758720755577087, 0.9968000054359436, -1.5124820470809937, -1.5033619403839111] [0.17458969354629517, -0.0708993598818779, 0.09388291090726852, 0.9560571908950806, -0.04846540465950966, 0.6784039735794067]
[0.3377217948436737, -0.07638060301542282, 0.001508644432760775] [0.050663962960243225, -0.3728039860725403, 0.09966804087162018, 1.055433988571167, 0.8774060606956482, 0.9968000054359436, -1.514016032218933, -1.5033619403839111] [0.17455437779426575, -0.07063505798578262, 0.09404415637254715, 0.9568772315979004, -0.04984315112233162, 0.6798257231712341]
[1.5242185592651367, -0.4013817608356476, -0.8187975883483887] [0.050663962960243225, -0.3728039860725403, 0.10120204091072083, 1.055433988571167, 0.8774060606956482, 0.9968000054359436, -1.514016032218933, -1.5048960447311401] [0.17458969354629517, -0.0708993598818779, 0.09388291090726852, 0.9560571908950806, -0.04846540465950966, 0.6784039735794067]
[1.5242185592651367, -0.4013817608356476, -0.8187975883483887] [0.04912996292114258, -0.3728039860725403, 0.09966804087162018, 1.055433988571167, 0.8758720755577087, 0.9968000054359436, -1.5124820470809937, -1.5048960447311401] [0.17457270622253418, -0.0708913579583168, 0.09363052248954773, 0.9585549235343933, -0.04727104678750038, 0.6783578395843506]
[1.5242185592651367, -0.4013817608356476, -0.8187975883483887] [0.050663962960243225, -0.3728039860725403, 0.09966804087162018, 1.055433988571167, 0.8774060606956482, 0.9968000054359436, -1.5124820470809937, -1.5033619403839111] [0.17460711300373077, -0.07088982313871384, 0.09447658061981201, 0.9499175548553467, -0.04924941807985306, 0.678901195526123]
[1.5242185592651367, -0.4013817608356476, -0.8187975883483887] [0.030721962451934814, -0.37893998622894287, 0.09660004079341888, 1.0569679737091064, 0.8758720755577087, 0.9968000054359436, -1.5124820470809937, -1.5002939701080322] [0.1748606562614441, -0.07197532802820206, 0.09993414580821991, 0.935509979724884, -0.07600122690200806, 0.6735023260116577]
[1.5242185592651367, -0.4013817608356476, -0.8187975883483887] [0.00771196186542511, -0.37893998622894287, 0.09966804087162018, 1.055433988571167, 0.8758720755577087, 0.9968000054359436, -1.5124820470809937, -1.5002939701080322] [0.17473697662353516, -0.07184179872274399, 0.10069671273231506, 0.9300265312194824, -0.07821445912122726, 0.6754867434501648]
[0.5015559196472168, -0.13645917177200317, -0.08220669627189636] [0.009245961904525757, -0.37740597128868103, 0.09660004079341888, 1.055433988571167, 0.8758720755577087, 0.9968000054359436, -1.5124820470809937, -1.5018279552459717] [0.17469705641269684, -0.07157060503959656, 0.10026965290307999, 0.9302419424057007, -0.07569372653961182, 0.677018404006958]
[0.5015559196472168, -0.13645917177200317, -0.08220669627189636] [0.010779961943626404, -0.37893998622894287, 0.09506604075431824, 1.055433988571167, 0.8758720755577087, 0.9968000054359436, -1.514016032218933, -1.5018279552459717] [0.17469650506973267, -0.07156765460968018, 0.10011020302772522, 0.9294825196266174, -0.07435975968837738, 0.6770907044410706]
[0.5015559196472168, -0.13645917177200317, -0.08220669627189636] [0.010779961943626404, -0.37740597128868103, 0.09506604075431824, 1.055433988571167, 0.8774060606956482, 0.9968000054359436, -1.5124820470809937, -1.5018279552459717] [0.17481669783592224, -0.07169126719236374, 0.09994259476661682, 0.9288352727890015, -0.07294461131095886, 0.6756260991096497]
[0.2423379123210907, -0.06474237889051437, 0.07517552375793457] [0.010779961943626404, -0.37740597128868103, 0.09506604075431824, 1.0569679737091064, 0.8758720755577087, 0.9968000054359436, -1.5124820470809937, -1.5018279552459717] [0.17481732368469238, -0.07169399410486221, 0.10010194033384323, 0.9295965433120728, -0.07427747547626495, 0.6755546927452087]
[0.2423379123210907, -0.06474237889051437, 0.07517552375793457] [0.010779961943626404, -0.37740597128868103, 0.09506604075431824, 1.055433988571167, 0.8758720755577087, 0.9968000054359436, -1.5124820470809937, -1.5018279552459717] [0.17480939626693726, -0.07168588787317276, 0.1001170426607132, 0.931130588054657, -0.07427747547626495, 0.6755546927452087]
[0.21279630064964294, -0.04961445927619934, 0.08792304247617722] [0.010779961943626404, -0.37740597128868103, 0.09506604075431824, 1.055433988571167, 0.8758720755577087, 0.9968000054359436, -1.514016032218933, -1.5018279552459717] [0.17480939626693726, -0.07168588787317276, 0.1001170426607132, 0.931130588054657, -0.07427747547626495, 0.6755546927452087]
[0.21279630064964294, -0.04961445927619934, 0.08792304247617722] [0.01231396198272705, -0.37740597128868103, 0.09353204071521759, 1.0569679737091064, 0.8758720755577087, 0.9968000054359436, -1.514016032218933, -1.5018279552459717] [0.17481568455696106, -0.07169126719236374, 0.09940625727176666, 0.9307587742805481, -0.07055047154426575, 0.6754882335662842]
[0.20939067006111145, -0.04868578165769577, 0.08840745687484741] [0.01691596210002899, -0.37740597128868103, 0.09353204071521759, 1.055433988571167, 0.8774060606956482, 0.9968000054359436, -1.5124820470809937, -1.5018279552459717] [0.17468442022800446, -0.07155680656433105, 0.09889395534992218, 0.9341109395027161, -0.06824309378862381, 0.6768900156021118]
