[0.20182693004608154, -0.04656315967440605, 0.09016044437885284] [0.5216019749641418, -0.35899797081947327, 0.0904640406370163, 1.0569679737091064, 0.8774060606956482, 0.9968000054359436, -1.1213120222091675, -1.113726019859314] [0.15176606178283691, -0.06834115087985992, 0.014546074904501438, 1.2651015520095825, 0.3182576894760132, 0.7384372353553772]
[0.20182693004608154, -0.04656315967440605, 0.09016044437885284] [0.5216019749641418, -0.35899797081947327, 0.0904640406370163, 1.0569679737091064, 0.8774060606956482, 0.9968000054359436, -1.1213120222091675, -1.113726019859314] [0.15176606178283691, -0.06834115087985992, 0.014546074904501438, 1.2651015520095825, 0.3182576894760132, 0.7384372353553772]
[0.20182693004608154, -0.04656315967440605, 0.09016044437885284] [0.5216019749641418, -0.35899797081947327, 0.0904640406370163, 1.0569679737091064, 0.8774060606956482, 0.9968000054359436, -1.1213120222091675, -1.113726019859314] [0.15176606178283691, -0.06834115087985992, 0.014546074904501438, 1.2651015520095825, 0.3182576894760132, 0.7384372353553772]
[0.20182693004608154, -0.04656315967440605, 0.09016044437885284] [0.5216019749641418, -0.3574639558792114, 0.0904640406370163, 1.0569679737091064, 0.8774060606956482, 0.9968000054359436, -1.1213120222091675, -1.113726019859314] [0.15176606178283691, -0.06834115087985992, 0.014546074904501438, 1.2651015520095825, 0.3182576894760132, 0.7384372353553772]
[0.20182693004608154, -0.04656315967440605, 0.09016044437885284] [0.5216019749641418, -0.35899797081947327, 0.0904640406370163, 1.0569679737091064, 0.8758720755577087, 0.9968000054359436, -1.1213120222091675, -1.1152600049972534] [0.15176571905612946, -0.06834916025400162, 0.014528975822031498, 1.263567566871643, 0.3182576894760132, 0.7384372353553772]
[0.20182693004608154, -0.04656315967440605, 0.09016044437885284] [0.5216019749641418, -0.35899797081947327, 0.0904640406370163, 1.0569679737091064, 0.8758720755577087, 0.9968000054359436, -1.1213120222091675, -1.113726019859314] [0.15176571905612946, -0.06834916025400162, 0.014528975822031498, 1.263567566871643, 0.3182576894760132, 0.7384372353553772]
[0.20182693004608154, -0.04656315967440605, 0.09016044437885284] [0.5216019749641418, -0.35899797081947327, 0.0904640406370163, 1.0569679737091064, 0.8774060606956482, 0.9968000054359436, -1.1213120222091675, -1.113726019859314] [0.15176571905612946, -0.06834916025400162, 0.014528975822031498, 1.263567566871643, 0.3182576894760132, 0.7384372353553772]
[0.20182693004608154, -0.04656315967440605, 0.09016044437885284] [0.5216019749641418, -0.35899797081947327, 0.0904640406370163, 1.0569679737091064, 0.8774060606956482, 0.9968000054359436, -1.1213120222091675, -1.113726019859314] [0.15176571905612946, -0.06834916025400162, 0.014528975822031498, 1.263567566871643, 0.3182576894760132, 0.7384372353553772]
[0.20182693004608154, -0.04656315967440605, 0.09016044437885284] [0.5216019749641418, -0.35899797081947327, 0.0904640406370163, 1.0569679737091064, 0.8774060606956482, 0.9968000054359436, -1.1213120222091675, -1.113726019859314] [0.15176606178283691, -0.06834115087985992, 0.014546074904501438, 1.2651015520095825, 0.3182576894760132, 0.7384372353553772]
[0.20182693004608154, -0.04656315967440605, 0.09016044437885284] [0.5216019749641418, -0.35899797081947327, 0.0904640406370163, 1.0569679737091064, 0.8774060606956482, 0.9968000054359436, -1.1213120222091675, -1.1152600049972534] [0.15172643959522247, -0.06807400286197662, 0.014568845741450787, 1.2656962871551514, 0.3177427351474762, 0.7399532794952393]
[0.20182693004608154, -0.04656315967440605, 0.09016044437885284] [0.5231359601020813, -0.35899797081947327, 0.0904640406370163, 1.0569679737091064, 0.8774060606956482, 0.9968000054359436, -1.1213120222091675, -1.113726019859314] [0.15176606178283691, -0.06834115087985992, 0.014546074904501438, 1.2651015520095825, 0.3182576894760132, 0.7384372353553772]
[0.20182693004608154, -0.04656315967440605, 0.09016044437885284] [0.5216019749641418, -0.35899797081947327, 0.0904640406370163, 1.0569679737091064, 0.8774060606956482, 0.9968000054359436, -1.1213120222091675, -1.1152600049972534] [0.15176571905612946, -0.06834916025400162, 0.014528975822031498, 1.263567566871643, 0.3182576894760132, 0.7384372353553772]
[0.20182693004608154, -0.04656315967440605, 0.09016044437885284] [0.5216019749641418, -0.35899797081947327, 0.0904640406370163, 1.0569679737091064, 0.8774060606956482, 0.9968000054359436, -1.1213120222091675, -1.113726019859314] [0.15176571905612946, -0.06834916025400162, 0.014528975822031498, 1.263567566871643, 0.3182576894760132, 0.7384372353553772]
[2.0078630447387695, 0.21199142932891846, -1.6058698892593384] [0.5216019749641418, -0.35899797081947327, 0.0904640406370163, 1.0569679737091064, 0.8774060606956482, 0.9968000054359436, -1.1213120222091675, -1.113726019859314] [0.15176571905612946, -0.06834916025400162, 0.014528975822031498, 1.263567566871643, 0.3182576894760132, 0.7384372353553772]
[2.0078630447387695, 0.21199142932891846, -1.6058698892593384] [0.5216019749641418, -0.35899797081947327, 0.0904640406370163, 1.0569679737091064, 0.8774060606956482, 0.9968000054359436, -1.1228461265563965, -1.113726019859314] [0.15176606178283691, -0.06834115087985992, 0.014546074904501438, 1.2651015520095825, 0.3182576894760132, 0.7384372353553772]
[2.0078630447387695, 0.21199142932891846, -1.6058698892593384] [0.5216019749641418, -0.35899797081947327, 0.0904640406370163, 1.0569679737091064, 0.8774060606956482, 0.9968000054359436, -1.1213120222091675, -1.113726019859314] [0.15176606178283691, -0.06834115087985992, 0.014546074904501438, 1.2651015520095825, 0.3182576894760132, 0.7384372353553772]
[2.0078630447387695, 0.21199142932891846, -1.6058698892593384] [0.5216019749641418, -0.35899797081947327, 0.0904640406370163, 1.0569679737091064, 0.8774060606956482, 0.9968000054359436, -1.1213120222091675, -1.113726019859314] [0.15163442492485046, -0.06834916025400162, 0.014296267181634903, 1.2646552324295044, 0.31939196586608887, 0.7387781739234924]
[0.4152829945087433, 0.04687762260437012, -0.10282710194587708] [0.5216019749641418, -0.35899797081947327, 0.0904640406370163, 1.0569679737091064, 0.8774060606956482, 0.9968000054359436, -1.1213120222091675, -1.113726019859314] [0.15176606178283691, -0.06834115087985992, 0.014546074904501438, 1.2651015520095825, 0.3182576894760132, 0.7384372353553772]
[0.4152829945087433, 0.04687762260437012, -0.10282710194587708] [0.5216019749641418, -0.35899797081947327, 0.0904640406370163, 1.0569679737091064, 0.8758720755577087, 0.9968000054359436, -1.1213120222091675, -1.113726019859314] [0.15163442492485046, -0.06834916025400162, 0.014296267181634903, 1.2646552324295044, 0.31939196586608887, 0.7387781739234924]
[0.4152829945087433, 0.04687762260437012, -0.10282710194587708] [0.5216019749641418, -0.35899797081947327, 0.0904640406370163, 1.0569679737091064, 0.8758720755577087, 0.9968000054359436, -1.1213120222091675, -1.113726019859314] [0.15176606178283691, -0.06834115087985992, 0.014546074904501438, 1.2651015520095825, 0.3182576894760132, 0.7384372353553772]
[0.4152829945087433, 0.04687762260437012, -0.10282710194587708] [0.5216019749641418, -0.35899797081947327, 0.0904640406370163, 1.0569679737091064, 0.8774060606956482, 0.9968000054359436, -1.1228461265563965, -1.1152600049972534] [0.15176606178283691, -0.06834115087985992, 0.014546074904501438, 1.2651015520095825, 0.3182576894760132, 0.7384372353553772]
[0.4343070685863495, 0.05579466372728348, -0.08947306871414185] [0.5216019749641418, -0.35899797081947327, 0.0904640406370163, 1.0569679737091064, 0.8774060606956482, 0.9968000054359436, -1.1228461265563965, -1.1152600049972534] [0.15176571905612946, -0.06834916025400162, 0.014528975822031498, 1.263567566871643, 0.3182576894760132, 0.7384372353553772]
[0.4343070685863495, 0.05579466372728348, -0.08947306871414185] [0.5216019749641418, -0.35899797081947327, 0.0904640406370163, 1.0569679737091064, 0.8774060606956482, 0.9968000054359436, -1.1213120222091675, -1.1152600049972534] [0.15172643959522247, -0.06807400286197662, 0.014568845741450787, 1.2656962871551514, 0.3177427351474762, 0.7399532794952393]
[0.4343070685863495, 0.05579466372728348, -0.08947306871414185] [0.5231359601020813, -0.35899797081947327, 0.0904640406370163, 1.0569679737091064, 0.8774060606956482, 0.9968000054359436, -1.1213120222091675, -1.113726019859314] [0.15163478255271912, -0.06834115087985992, 0.014313367195427418, 1.2661892175674438, 0.31939196586608887, 0.7387781739234924]
[0.4343070685863495, 0.05579466372728348, -0.08947306871414185] [0.5216019749641418, -0.35899797081947327, 0.0904640406370163, 1.0569679737091064, 0.8774060606956482, 0.9968000054359436, -1.1228461265563965, -1.113726019859314] [0.15163442492485046, -0.06834916025400162, 0.014296267181634903, 1.2646552324295044, 0.31939196586608887, 0.7387781739234924]
[0.4343070685863495, 0.05579466372728348, -0.08947306871414185] [0.5231359601020813, -0.35899797081947327, 0.0904640406370163, 1.0569679737091064, 0.8758720755577087, 0.9968000054359436, -1.1213120222091675, -1.113726019859314] [0.15176606178283691, -0.06834115087985992, 0.014546074904501438, 1.2651015520095825, 0.3182576894760132, 0.7384372353553772]
[0.4343070685863495, 0.05579466372728348, -0.08947306871414185] [0.5216019749641418, -0.35899797081947327, 0.0904640406370163, 1.0569679737091064, 0.8774060606956482, 0.9968000054359436, -1.1213120222091675, -1.113726019859314] [0.15176571905612946, -0.06834916025400162, 0.014528975822031498, 1.263567566871643, 0.3182576894760132, 0.7384372353553772]
[0.4343070685863495, 0.05579466372728348, -0.08947306871414185] [0.5216019749641418, -0.35899797081947327, 0.0904640406370163, 1.0569679737091064, 0.8758720755577087, 0.9968000054359436, -1.1228461265563965, -1.1152600049972534] [0.15163478255271912, -0.06834115087985992, 0.014313367195427418, 1.2661892175674438, 0.31939196586608887, 0.7387781739234924]
[0.4343070685863495, 0.05579466372728348, -0.08947306871414185] [0.5216019749641418, -0.35899797081947327, 0.0904640406370163, 1.0569679737091064, 0.8774060606956482, 0.9968000054359436, -1.1213120222091675, -1.113726019859314] [0.15176606178283691, -0.06834115087985992, 0.014546074904501438, 1.2651015520095825, 0.3182576894760132, 0.7384372353553772]
[0.4343070685863495, 0.05579466372728348, -0.08947306871414185] [0.5216019749641418, -0.35899797081947327, 0.0904640406370163, 1.0569679737091064, 0.8774060606956482, 0.9968000054359436, -1.1213120222091675, -1.1152600049972534] [0.15176606178283691, -0.06834115087985992, 0.014546074904501438, 1.2651015520095825, 0.3182576894760132, 0.7384372353553772]
[0.4343070685863495, 0.05579466372728348, -0.08947306871414185] [0.5216019749641418, -0.35899797081947327, 0.0904640406370163, 1.0569679737091064, 0.8774060606956482, 0.9968000054359436, -1.1213120222091675, -1.113726019859314] [0.15176606178283691, -0.06834115087985992, 0.014546074904501438, 1.2651015520095825, 0.3182576894760132, 0.7384372353553772]
[0.4343070685863495, 0.05579466372728348, -0.08947306871414185] [0.5216019749641418, -0.35899797081947327, 0.0904640406370163, 1.0569679737091064, 0.8774060606956482, 0.9968000054359436, -1.1213120222091675, -1.113726019859314] [0.15176606178283691, -0.06834115087985992, 0.014546074904501438, 1.2651015520095825, 0.3182576894760132, 0.7384372353553772]
[0.4343070685863495, 0.05579466372728348, -0.08947306871414185] [0.5216019749641418, -0.35899797081947327, 0.0904640406370163, 1.0569679737091064, 0.8774060606956482, 0.9968000054359436, -1.1228461265563965, -1.113726019859314] [0.15163478255271912, -0.06834115087985992, 0.014313367195427418, 1.2661892175674438, 0.31939196586608887, 0.7387781739234924]
[0.4343070685863495, 0.05579466372728348, -0.08947306871414185] [0.5216019749641418, -0.3574639558792114, 0.0904640406370163, 1.0569679737091064, 0.8758720755577087, 0.9968000054359436, -1.1213120222091675, -1.1152600049972534] [0.15176606178283691, -0.06834115087985992, 0.014546074904501438, 1.2651015520095825, 0.3182576894760132, 0.7384372353553772]
[0.4343070685863495, 0.05579466372728348, -0.08947306871414185] [0.5216019749641418, -0.35899797081947327, 0.0904640406370163, 1.0569679737091064, 0.8774060606956482, 0.9968000054359436, -1.1213120222091675, -1.113726019859314] [0.15176606178283691, -0.06834115087985992, 0.014546074904501438, 1.2651015520095825, 0.3182576894760132, 0.7384372353553772]
[0.4343070685863495, 0.05579466372728348, -0.08947306871414185] [0.5216019749641418, -0.35899797081947327, 0.0904640406370163, 1.0569679737091064, 0.8774060606956482, 0.9968000054359436, -1.1228461265563965, -1.113726019859314] [0.15176571905612946, -0.06834916025400162, 0.014528975822031498, 1.263567566871643, 0.3182576894760132, 0.7384372353553772]
[0.4343070685863495, 0.05579466372728348, -0.08947306871414185] [0.5216019749641418, -0.35899797081947327, 0.0904640406370163, 1.0569679737091064, 0.8758720755577087, 0.9968000054359436, -1.1213120222091675, -1.113726019859314] [0.15176606178283691, -0.06834115087985992, 0.014546074904501438, 1.2651015520095825, 0.3182576894760132, 0.7384372353553772]
[0.4343070685863495, 0.05579466372728348, -0.08947306871414185] [0.5216019749641418, -0.35899797081947327, 0.0904640406370163, 1.0569679737091064, 0.8774060606956482, 0.996399998664856, -1.1228461265563965, -1.113726019859314] [0.15176606178283691, -0.06834115087985992, 0.014546074904501438, 1.2651015520095825, 0.3182576894760132, 0.7384372353553772]
[0.4343070685863495, 0.05579466372728348, -0.08947306871414185] [0.5216019749641418, -0.35899797081947327, 0.0904640406370163, 1.0569679737091064, 0.8774060606956482, 0.9968000054359436, -1.1228461265563965, -1.113726019859314] [0.15176606178283691, -0.06834115087985992, 0.014546074904501438, 1.2651015520095825, 0.3182576894760132, 0.7384372353553772]
[0.4343070685863495, 0.05579466372728348, -0.08947306871414185] [0.5231359601020813, -0.35899797081947327, 0.0904640406370163, 1.0569679737091064, 0.8758720755577087, 0.9968000054359436, -1.1213120222091675, -1.113726019859314] [0.15176571905612946, -0.06834916025400162, 0.014528975822031498, 1.263567566871643, 0.3182576894760132, 0.7384372353553772]
[0.4343070685863495, 0.05579466372728348, -0.08947306871414185] [0.5216019749641418, -0.35899797081947327, 0.0904640406370163, 1.0569679737091064, 0.8774060606956482, 0.9968000054359436, -1.1213120222091675, -1.113726019859314] [0.15176571905612946, -0.06834916025400162, 0.014528975822031498, 1.263567566871643, 0.3182576894760132, 0.7384372353553772]
[0.4343070685863495, 0.05579466372728348, -0.08947306871414185] [0.5216019749641418, -0.3574639558792114, 0.0904640406370163, 1.0569679737091064, 0.8774060606956482, 0.9968000054359436, -1.1213120222091675, -1.1152600049972534] [0.15176606178283691, -0.06834115087985992, 0.014546074904501438, 1.2651015520095825, 0.3182576894760132, 0.7384372353553772]
[0.4343070685863495, 0.05579466372728348, -0.08947306871414185] [0.5216019749641418, -0.35899797081947327, 0.0904640406370163, 1.0569679737091064, 0.8758720755577087, 0.9968000054359436, -1.1228461265563965, -1.113726019859314] [0.15176606178283691, -0.06834115087985992, 0.014546074904501438, 1.2651015520095825, 0.3182576894760132, 0.7384372353553772]
[0.4343070685863495, 0.05579466372728348, -0.08947306871414185] [0.5216019749641418, -0.35899797081947327, 0.0904640406370163, 1.0569679737091064, 0.8758720755577087, 0.9968000054359436, -1.1228461265563965, -1.113726019859314] [0.15176606178283691, -0.06834115087985992, 0.014546074904501438, 1.2651015520095825, 0.3182576894760132, 0.7384372353553772]
[0.4343070685863495, 0.05579466372728348, -0.08947306871414185] [0.5216019749641418, -0.3574639558792114, 0.0904640406370163, 1.0569679737091064, 0.8774060606956482, 0.9968000054359436, -1.1213120222091675, -1.113726019859314] [0.15176606178283691, -0.06834115087985992, 0.014546074904501438, 1.2651015520095825, 0.3182576894760132, 0.7384372353553772]
[0.4343070685863495, 0.05579466372728348, -0.08947306871414185] [0.5216019749641418, -0.35899797081947327, 0.0904640406370163, 1.0569679737091064, 0.8774060606956482, 0.9968000054359436, -1.1213120222091675, -1.113726019859314] [0.15159519016742706, -0.06807400286197662, 0.014336198568344116, 1.2667855024337769, 0.31887543201446533, 0.7402942180633545]
[0.4343070685863495, 0.05579466372728348, -0.08947306871414185] [0.5231359601020813, -0.35899797081947327, 0.0904640406370163, 1.0569679737091064, 0.8774060606956482, 0.9968000054359436, -1.1213120222091675, -1.113726019859314] [0.15176571905612946, -0.06834916025400162, 0.014528975822031498, 1.263567566871643, 0.3182576894760132, 0.7384372353553772]
[0.4343070685863495, 0.05579466372728348, -0.08947306871414185] [0.5216019749641418, -0.35899797081947327, 0.0904640406370163, 1.0569679737091064, 0.8774060606956482, 0.9968000054359436, -1.1213120222091675, -1.113726019859314] [0.15163442492485046, -0.06834916025400162, 0.014296267181634903, 1.2646552324295044, 0.31939196586608887, 0.7387781739234924]
[0.4343070685863495, 0.05579466372728348, -0.08947306871414185] [0.5216019749641418, -0.35899797081947327, 0.08893004059791565, 1.0569679737091064, 0.8774060606956482, 0.9968000054359436, -1.1213120222091675, -1.113726019859314] [0.15176606178283691, -0.06834115087985992, 0.014546074904501438, 1.2651015520095825, 0.3182576894760132, 0.7384372353553772]
[0.4343070685863495, 0.05579466372728348, -0.08947306871414185] [0.5216019749641418, -0.35899797081947327, 0.0904640406370163, 1.0569679737091064, 0.8758720755577087, 0.9968000054359436, -1.1213120222091675, -1.113726019859314] [0.15163478255271912, -0.06834115087985992, 0.014313367195427418, 1.2661892175674438, 0.31939196586608887, 0.7387781739234924]
[0.4343070685863495, 0.05579466372728348, -0.08947306871414185] [0.5231359601020813, -0.35899797081947327, 0.0904640406370163, 1.0569679737091064, 0.8758720755577087, 0.9968000054359436, -1.1213120222091675, -1.113726019859314] [0.15168726444244385, -0.06833907216787338, 0.014407416805624962, 1.2645142078399658, 0.3194946348667145, 0.7389687299728394]
[0.4343070685863495, 0.05579466372728348, -0.08947306871414185] [0.5216019749641418, -0.35899797081947327, 0.0904640406370163, 1.0569679737091064, 0.8774060606956482, 0.9968000054359436, -1.1213120222091675, -1.113726019859314] [0.15163478255271912, -0.06834115087985992, 0.014313367195427418, 1.2661892175674438, 0.31939196586608887, 0.7387781739234924]
[0.4343070685863495, 0.05579466372728348, -0.08947306871414185] [0.5216019749641418, -0.35899797081947327, 0.0904640406370163, 1.0569679737091064, 0.8774060606956482, 0.9968000054359436, -1.1213120222091675, -1.1152600049972534] [0.15176571905612946, -0.06834916025400162, 0.014528975822031498, 1.263567566871643, 0.3182576894760132, 0.7384372353553772]
[0.4343070685863495, 0.05579466372728348, -0.08947306871414185] [0.5216019749641418, -0.35899797081947327, 0.0904640406370163, 1.0569679737091064, 0.8774060606956482, 0.9968000054359436, -1.1213120222091675, -1.113726019859314] [0.15176606178283691, -0.06834115087985992, 0.014546074904501438, 1.2651015520095825, 0.3182576894760132, 0.7384372353553772]
[0.4343070685863495, 0.05579466372728348, -0.08947306871414185] [0.5231359601020813, -0.35899797081947327, 0.0904640406370163, 1.0569679737091064, 0.8774060606956482, 0.9968000054359436, -1.1213120222091675, -1.113726019859314] [0.15176606178283691, -0.06834115087985992, 0.014546074904501438, 1.2651015520095825, 0.3182576894760132, 0.7384372353553772]
[0.4343070685863495, 0.05579466372728348, -0.08947306871414185] [0.5216019749641418, -0.35899797081947327, 0.0904640406370163, 1.0569679737091064, 0.8774060606956482, 0.9968000054359436, -1.1213120222091675, -1.113726019859314] [0.15176606178283691, -0.06834115087985992, 0.014546074904501438, 1.2651015520095825, 0.3182576894760132, 0.7384372353553772]
[0.4343070685863495, 0.05579466372728348, -0.08947306871414185] [0.5216019749641418, -0.35899797081947327, 0.0904640406370163, 1.0569679737091064, 0.8774060606956482, 0.9968000054359436, -1.1213120222091675, -1.1152600049972534] [0.15176606178283691, -0.06834115087985992, 0.014546074904501438, 1.2651015520095825, 0.3182576894760132, 0.7384372353553772]
[0.9598803520202637, -0.03427460417151451, -0.38872453570365906] [0.5216019749641418, -0.35899797081947327, 0.0904640406370163, 1.0569679737091064, 0.8774060606956482, 0.9968000054359436, -1.1213120222091675, -1.113726019859314] [0.15163478255271912, -0.06834115087985992, 0.014313367195427418, 1.2661892175674438, 0.31939196586608887, 0.7387781739234924]
[0.9598803520202637, -0.03427460417151451, -0.38872453570365906] [0.5216019749641418, -0.35899797081947327, 0.0904640406370163, 1.0569679737091064, 0.8774060606956482, 0.9968000054359436, -1.1213120222091675, -1.113726019859314] [0.15176606178283691, -0.06834115087985992, 0.014546074904501438, 1.2651015520095825, 0.3182576894760132, 0.7384372353553772]
[0.9598803520202637, -0.03427460417151451, -0.38872453570365906] [0.5216019749641418, -0.35899797081947327, 0.0904640406370163, 1.0569679737091064, 0.8774060606956482, 0.9968000054359436, -1.1213120222091675, -1.1152600049972534] [0.15176606178283691, -0.06834115087985992, 0.014546074904501438, 1.2651015520095825, 0.3182576894760132, 0.7384372353553772]
[0.9598803520202637, -0.03427460417151451, -0.38872453570365906] [0.5216019749641418, -0.3574639558792114, 0.0904640406370163, 1.0569679737091064, 0.8774060606956482, 0.9968000054359436, -1.1213120222091675, -1.1152600049972534] [0.15163478255271912, -0.06834115087985992, 0.014313367195427418, 1.2661892175674438, 0.31939196586608887, 0.7387781739234924]
[0.9598803520202637, -0.03427460417151451, -0.38872453570365906] [0.5231359601020813, -0.35899797081947327, 0.0904640406370163, 1.0569679737091064, 0.8758720755577087, 0.9968000054359436, -1.1213120222091675, -1.113726019859314] [0.15176606178283691, -0.06834115087985992, 0.014546074904501438, 1.2651015520095825, 0.3182576894760132, 0.7384372353553772]
[0.9598803520202637, -0.03427460417151451, -0.38872453570365906] [0.5216019749641418, -0.35899797081947327, 0.0904640406370163, 1.0569679737091064, 0.8774060606956482, 0.9968000054359436, -1.1213120222091675, -1.113726019859314] [0.15176571905612946, -0.06834916025400162, 0.014528975822031498, 1.263567566871643, 0.3182576894760132, 0.7384372353553772]
[0.9598803520202637, -0.03427460417151451, -0.38872453570365906] [0.5231359601020813, -0.35899797081947327, 0.0904640406370163, 1.0569679737091064, 0.8774060606956482, 0.9968000054359436, -1.1213120222091675, -1.1152600049972534] [0.15176571905612946, -0.06834916025400162, 0.014528975822031498, 1.263567566871643, 0.3182576894760132, 0.7384372353553772]
[0.9598803520202637, -0.03427460417151451, -0.38872453570365906] [0.5216019749641418, -0.35899797081947327, 0.0904640406370163, 1.0569679737091064, 0.8774060606956482, 0.9968000054359436, -1.1213120222091675, -1.113726019859314] [0.15163478255271912, -0.06834115087985992, 0.014313367195427418, 1.2661892175674438, 0.31939196586608887, 0.7387781739234924]
[0.9598803520202637, -0.03427460417151451, -0.38872453570365906] [0.5216019749641418, -0.35899797081947327, 0.0904640406370163, 1.0569679737091064, 0.8774060606956482, 0.9968000054359436, -1.1228461265563965, -1.113726019859314] [0.15176606178283691, -0.06834115087985992, 0.014546074904501438, 1.2651015520095825, 0.3182576894760132, 0.7384372353553772]
[0.9598803520202637, -0.03427460417151451, -0.38872453570365906] [0.5216019749641418, -0.35899797081947327, 0.0904640406370163, 1.0569679737091064, 0.8774060606956482, 0.9968000054359436, -1.1213120222091675, -1.113726019859314] [0.15176606178283691, -0.06834115087985992, 0.014546074904501438, 1.2651015520095825, 0.3182576894760132, 0.7384372353553772]
[0.3084442615509033, -0.014951343648135662, 0.08280738443136215] [0.5216019749641418, -0.35899797081947327, 0.0904640406370163, 1.0569679737091064, 0.8774060606956482, 0.9968000054359436, -1.1228461265563965, -1.1152600049972534] [0.15176571905612946, -0.06834916025400162, 0.014528975822031498, 1.263567566871643, 0.3182576894760132, 0.7384372353553772]
[0.3084442615509033, -0.014951343648135662, 0.08280738443136215] [0.5231359601020813, -0.35899797081947327, 0.0904640406370163, 1.0569679737091064, 0.8774060606956482, 0.9968000054359436, -1.1213120222091675, -1.113726019859314] [0.15176606178283691, -0.06834115087985992, 0.014546074904501438, 1.2651015520095825, 0.3182576894760132, 0.7384372353553772]
[0.3084442615509033, -0.014951343648135662, 0.08280738443136215] [0.5216019749641418, -0.35899797081947327, 0.0904640406370163, 1.0569679737091064, 0.8758720755577087, 0.9968000054359436, -1.1213120222091675, -1.113726019859314] [0.15176606178283691, -0.06834115087985992, 0.014546074904501438, 1.2651015520095825, 0.3182576894760132, 0.7384372353553772]
[0.3127128779888153, -0.02217314951121807, 0.07991017401218414] [0.5216019749641418, -0.35899797081947327, 0.0904640406370163, 1.0569679737091064, 0.8774060606956482, 0.9968000054359436, -1.1213120222091675, -1.113726019859314] [0.15176606178283691, -0.06834115087985992, 0.014546074904501438, 1.2651015520095825, 0.3182576894760132, 0.7384372353553772]
[0.3127128779888153, -0.02217314951121807, 0.07991017401218414] [0.5231359601020813, -0.35899797081947327, 0.0904640406370163, 1.0569679737091064, 0.8758720755577087, 0.9968000054359436, -1.1213120222091675, -1.113726019859314] [0.15176606178283691, -0.06834115087985992, 0.014546074904501438, 1.2651015520095825, 0.3182576894760132, 0.7384372353553772]
[0.3127128779888153, -0.02217314951121807, 0.07991017401218414] [0.5231359601020813, -0.35899797081947327, 0.0904640406370163, 1.0569679737091064, 0.8774060606956482, 0.9968000054359436, -1.1213120222091675, -1.113726019859314] [0.15163478255271912, -0.06834115087985992, 0.014313367195427418, 1.2661892175674438, 0.31939196586608887, 0.7387781739234924]
[0.35785773396492004, -0.017198212444782257, 0.0637834370136261] [0.5216019749641418, -0.35899797081947327, 0.0904640406370163, 1.0569679737091064, 0.8774060606956482, 0.9968000054359436, -1.1213120222091675, -1.113726019859314] [0.15163478255271912, -0.06834115087985992, 0.014313367195427418, 1.2661892175674438, 0.31939196586608887, 0.7387781739234924]
[0.35785773396492004, -0.017198212444782257, 0.0637834370136261] [0.5231359601020813, -0.35899797081947327, 0.0904640406370163, 1.0569679737091064, 0.8774060606956482, 0.9968000054359436, -1.1213120222091675, -1.113726019859314] [0.15163478255271912, -0.06834115087985992, 0.014313367195427418, 1.2661892175674438, 0.31939196586608887, 0.7387781739234924]
[0.40072721242904663, -0.014512116089463234, 0.050239790230989456] [0.5231359601020813, -0.35899797081947327, 0.0904640406370163, 1.0569679737091064, 0.8774060606956482, 0.9968000054359436, -1.1213120222091675, -1.113726019859314] [0.15176606178283691, -0.06834115087985992, 0.014546074904501438, 1.2651015520095825, 0.3182576894760132, 0.7384372353553772]
[0.40072721242904663, -0.014512116089463234, 0.050239790230989456] [0.5231359601020813, -0.35899797081947327, 0.0904640406370163, 1.0569679737091064, 0.8774060606956482, 0.9968000054359436, -1.1213120222091675, -1.113726019859314] [0.15176606178283691, -0.06834115087985992, 0.014546074904501438, 1.2651015520095825, 0.3182576894760132, 0.7384372353553772]
[0.40072721242904663, -0.014512116089463234, 0.050239790230989456] [0.5216019749641418, -0.35899797081947327, 0.0904640406370163, 1.0569679737091064, 0.8774060606956482, 0.9968000054359436, -1.1213120222091675, -1.113726019859314] [0.15176606178283691, -0.06834115087985992, 0.014546074904501438, 1.2651015520095825, 0.3182576894760132, 0.7384372353553772]
[0.40072721242904663, -0.014512116089463234, 0.050239790230989456] [0.5231359601020813, -0.35899797081947327, 0.0904640406370163, 1.0569679737091064, 0.8774060606956482, 0.9968000054359436, -1.1213120222091675, -1.1152600049972534] [0.15176571905612946, -0.06834916025400162, 0.014528975822031498, 1.263567566871643, 0.3182576894760132, 0.7384372353553772]
[0.40072721242904663, -0.014512116089463234, 0.050239790230989456] [0.5216019749641418, -0.35899797081947327, 0.0904640406370163, 1.0569679737091064, 0.8774060606956482, 0.9968000054359436, -1.1228461265563965, -1.113726019859314] [0.15176606178283691, -0.06834115087985992, 0.014546074904501438, 1.2651015520095825, 0.3182576894760132, 0.7384372353553772]
[0.40072721242904663, -0.014512116089463234, 0.050239790230989456] [0.5216019749641418, -0.35899797081947327, 0.0904640406370163, 1.0569679737091064, 0.8774060606956482, 0.9968000054359436, -1.1213120222091675, -1.113726019859314] [0.1517261117696762, -0.06808199733495712, 0.014551740139722824, 1.264162302017212, 0.3177427351474762, 0.7399532794952393]
[0.40072721242904663, -0.014512116089463234, 0.050239790230989456] [0.5216019749641418, -0.35899797081947327, 0.0904640406370163, 1.0569679737091064, 0.8758720755577087, 0.9968000054359436, -1.1213120222091675, -1.113726019859314] [0.15163478255271912, -0.06834115087985992, 0.014313367195427418, 1.2661892175674438, 0.31939196586608887, 0.7387781739234924]
[0.40072721242904663, -0.014512116089463234, 0.050239790230989456] [0.5216019749641418, -0.3574639558792114, 0.0904640406370163, 1.0569679737091064, 0.8758720755577087, 0.9968000054359436, -1.1213120222091675, -1.113726019859314] [0.15176571905612946, -0.06834916025400162, 0.014528975822031498, 1.263567566871643, 0.3182576894760132, 0.7384372353553772]
[0.40547075867652893, -0.025160755962133408, -0.006984272971749306] [0.5231359601020813, -0.35899797081947327, 0.0904640406370163, 1.0569679737091064, 0.8774060606956482, 0.9968000054359436, -1.1213120222091675, -1.113726019859314] [0.15172643959522247, -0.06807400286197662, 0.014568845741450787, 1.2656962871551514, 0.3177427351474762, 0.7399532794952393]
[0.40547075867652893, -0.025160755962133408, -0.006984272971749306] [0.5216019749641418, -0.35899797081947327, 0.0904640406370163, 1.0569679737091064, 0.8774060606956482, 0.9968000054359436, -1.1213120222091675, -1.113726019859314] [0.15176606178283691, -0.06834115087985992, 0.014546074904501438, 1.2651015520095825, 0.3182576894760132, 0.7384372353553772]
[0.40547075867652893, -0.025160755962133408, -0.006984272971749306] [0.5231359601020813, -0.35899797081947327, 0.0904640406370163, 1.0569679737091064, 0.8758720755577087, 0.9968000054359436, -1.1213120222091675, -1.1152600049972534] [0.15176606178283691, -0.06834115087985992, 0.014546074904501438, 1.2651015520095825, 0.3182576894760132, 0.7384372353553772]
[0.40547075867652893, -0.025160755962133408, -0.006984272971749306] [0.5231359601020813, -0.35899797081947327, 0.0904640406370163, 1.0569679737091064, 0.8774060606956482, 0.9968000054359436, -1.1228461265563965, -1.113726019859314] [0.15172643959522247, -0.06807400286197662, 0.014568845741450787, 1.2656962871551514, 0.3177427351474762, 0.7399532794952393]
[0.40547075867652893, -0.025160755962133408, -0.006984272971749306] [0.5216019749641418, -0.35899797081947327, 0.0904640406370163, 1.0569679737091064, 0.8758720755577087, 0.9968000054359436, -1.1213120222091675, -1.1152600049972534] [0.15163478255271912, -0.06834115087985992, 0.014313367195427418, 1.2661892175674438, 0.31939196586608887, 0.7387781739234924]
[0.40547075867652893, -0.025160755962133408, -0.006984272971749306] [0.5231359601020813, -0.35899797081947327, 0.0904640406370163, 1.0569679737091064, 0.8774060606956482, 0.9968000054359436, -1.1213120222091675, -1.1152600049972534] [0.15172643959522247, -0.06807400286197662, 0.014568845741450787, 1.2656962871551514, 0.3177427351474762, 0.7399532794952393]
[0.40547075867652893, -0.025160755962133408, -0.006984272971749306] [0.5216019749641418, -0.35899797081947327, 0.0904640406370163, 1.0569679737091064, 0.8774060606956482, 0.9968000054359436, -1.1228461265563965, -1.113726019859314] [0.15172643959522247, -0.06807400286197662, 0.014568845741450787, 1.2656962871551514, 0.3177427351474762, 0.7399532794952393]
[0.40547075867652893, -0.025160755962133408, -0.006984272971749306] [0.5216019749641418, -0.35899797081947327, 0.0904640406370163, 1.0569679737091064, 0.8774060606956482, 0.996399998664856, -1.1228461265563965, -1.1152600049972534] [0.15176571905612946, -0.06834916025400162, 0.014528975822031498, 1.263567566871643, 0.3182576894760132, 0.7384372353553772]
[0.5416479706764221, -0.0014270220417529345, -0.2649012506008148] [0.5231359601020813, -0.35899797081947327, 0.0904640406370163, 1.0569679737091064, 0.8774060606956482, 0.9968000054359436, -1.1213120222091675, -1.113726019859314] [0.15176606178283691, -0.06834115087985992, 0.014546074904501438, 1.2651015520095825, 0.3182576894760132, 0.7384372353553772]
[0.5416479706764221, -0.0014270220417529345, -0.2649012506008148] [0.5231359601020813, -0.35899797081947327, 0.0904640406370163, 1.0569679737091064, 0.8774060606956482, 0.9968000054359436, -1.1228461265563965, -1.113726019859314] [0.1515948474407196, -0.06808199733495712, 0.014319094829261303, 1.2652515172958374, 0.31887543201446533, 0.7402942180633545]
[0.5416479706764221, -0.0014270220417529345, -0.2649012506008148] [0.5216019749641418, -0.35899797081947327, 0.0904640406370163, 1.0569679737091064, 0.8774060606956482, 0.9968000054359436, -1.1228461265563965, -1.1152600049972534] [0.15184476971626282, -0.06834346055984497, 0.01468476839363575, 1.265689492225647, 0.31702107191085815, 0.7379052639007568]
[0.5416479706764221, -0.0014270220417529345, -0.2649012506008148] [0.5216019749641418, -0.3605319857597351, 0.0904640406370163, 1.0569679737091064, 0.8774060606956482, 0.9968000054359436, -1.124380111694336, -1.1152600049972534] [0.15184423327445984, -0.06887560337781906, 0.01450114045292139, 1.2639095783233643, 0.31928500533103943, 0.7354036569595337]
[0.5416479706764221, -0.0014270220417529345, -0.2649012506008148] [0.5185339450836182, -0.3728039860725403, 0.08893004059791565, 1.0569679737091064, 0.8774060606956482, 0.9968000054359436, -1.1259140968322754, -1.1167939901351929] [0.15331460535526276, -0.0719444751739502, 0.015939274802803993, 1.247722864151001, 0.31742605566978455, 0.7150062322616577]
[0.5416479706764221, -0.0014270220417529345, -0.2649012506008148] [0.5077959895133972, -0.3866099715232849, 0.087396040558815, 1.055433988571167, 0.8774060606956482, 0.9968000054359436, -1.1228461265563965, -1.113726019859314] [0.1537938266992569, -0.07328442484140396, 0.016411710530519485, 1.240992546081543, 0.31761524081230164, 0.706890881061554]
[1.8102307319641113, -0.03460095077753067, -1.4330813884735107] [0.4970579743385315, -0.3958139717578888, 0.08586204051971436, 1.0477639436721802, 0.8774060606956482, 0.9968000054359436, -1.1228461265563965, -1.1121920347213745] [0.15550856292247772, -0.07620041817426682, 0.017077136784791946, 1.2262192964553833, 0.31936728954315186, 0.6825982928276062]
[1.8102307319641113, -0.03460095077753067, -1.4330813884735107] [0.49245595932006836, -0.39734798669815063, 0.08586204051971436, 1.014016032218933, 0.8774060606956482, 0.9968000054359436, -1.1228461265563965, -1.113726019859314] [0.15942668914794922, -0.07910941541194916, 0.01915544457733631, 1.2018632888793945, 0.313595712184906, 0.6447445154190063]
[1.8102307319641113, -0.03460095077753067, -1.4330813884735107] [0.4525719881057739, -0.39734798669815063, 0.08586204051971436, 0.9956079721450806, 0.8774060606956482, 0.9968000054359436, -1.1289820671081543, -1.1167939901351929] [0.16581414639949799, -0.08182761818170547, 0.02801944687962532, 1.155106782913208, 0.27362489700317383, 0.6051748394966125]
[1.8102307319641113, -0.03460095077753067, -1.4330813884735107] [0.40655195713043213, -0.3988819718360901, 0.08432804048061371, 0.9756659865379333, 0.8774060606956482, 0.9968000054359436, -1.135118007659912, -1.1229300498962402] [0.16692881286144257, -0.08223827928304672, 0.029313482344150543, 1.1481744050979614, 0.26776841282844543, 0.597614586353302]
[1.8102307319641113, -0.03460095077753067, -1.4330813884735107] [0.3958139717578888, -0.39734798669815063, 0.08432804048061371, 0.9741320013999939, 0.8774060606956482, 0.9968000054359436, -1.1458560228347778, -1.1352019309997559] [0.16861329972743988, -0.08223827928304672, 0.033431459218263626, 1.133931279182434, 0.24745295941829681, 0.5939855575561523]
[1.8102307319641113, -0.03460095077753067, -1.4330813884735107] [0.36206597089767456, -0.39734798669815063, 0.08432804048061371, 0.9741320013999939, 0.8774060606956482, 0.9968000054359436, -1.162730097770691, -1.1428719758987427] [0.1703868806362152, -0.08223827928304672, 0.038112007081508636, 1.1180810928344727, 0.2245413213968277, 0.5902792811393738]
[1.8102307319641113, -0.03460095077753067, -1.4330813884735107] [0.35132795572280884, -0.39734798669815063, 0.08432804048061371, 0.9741320013999939, 0.8774060606956482, 0.9968000054359436, -1.1734681129455566, -1.1428719758987427] [0.17028427124023438, -0.0815439447760582, 0.038290221244096756, 1.1176460981369019, 0.22354818880558014, 0.5950027704238892]
[1.8102307319641113, -0.03460095077753067, -1.4330813884735107] [0.3497939705848694, -0.3927459716796875, 0.07819204032421112, 0.9756659865379333, 0.8774060606956482, 0.9968000054359436, -1.1872740983963013, -1.1612800359725952] [0.17012718319892883, -0.08154329657554626, 0.037858787924051285, 1.115273118019104, 0.2272506058216095, 0.5959284901618958]
[1.8102307319641113, -0.03460095077753067, -1.4330813884735107] [0.34825998544692993, -0.39121198654174805, 0.07819204032421112, 0.9756659865379333, 0.8774060606956482, 0.9968000054359436, -1.2041480541229248, -1.1781539916992188] [0.17036303877830505, -0.08098769187927246, 0.03865974768996239, 1.1135046482086182, 0.22285760939121246, 0.5984184741973877]
[1.8102307319641113, -0.03460095077753067, -1.4330813884735107] [0.33905595541000366, -0.39121198654174805, 0.07819204032421112, 0.9756659865379333, 0.8774060606956482, 0.9968000054359436, -1.2256240844726562, -1.1965620517730713] [0.17128391563892365, -0.08098769187927246, 0.04128022491931915, 1.1046688556671143, 0.21017500758171082, 0.5965203046798706]
[1.8102307319641113, -0.03460095077753067, -1.4330813884735107] [0.32524996995925903, -0.3820079565048218, 0.07819204032421112, 0.9756659865379333, 0.8774060606956482, 0.9968000054359436, -1.2271580696105957, -1.1980960369110107] [0.17119593918323517, -0.0782121866941452, 0.04189661890268326, 1.1070486307144165, 0.20484057068824768, 0.6115312576293945]
[1.8102307319641113, -0.03460095077753067, -1.4330813884735107] [0.32524996995925903, -0.37433797121047974, 0.07819204032421112, 0.9756659865379333, 0.8774060606956482, 0.9968000054359436, -1.2271580696105957, -1.1980960369110107] [0.1712559014558792, -0.07793489843606949, 0.042169056832790375, 1.106558918952942, 0.20330286026000977, 0.6128852367401123]
[1.8102307319641113, -0.03460095077753067, -1.4330813884735107] [0.32524996995925903, -0.37433797121047974, 0.07819204032421112, 0.9756659865379333, 0.8774060606956482, 0.9968000054359436, -1.2271580696105957, -1.1980960369110107] [0.1712559014558792, -0.07793489843606949, 0.042169056832790375, 1.106558918952942, 0.20330286026000977, 0.6128852367401123]
[1.8102307319641113, -0.03460095077753067, -1.4330813884735107] [0.32524996995925903, -0.37433797121047974, 0.07819204032421112, 0.9756659865379333, 0.8774060606956482, 0.9968000054359436, -1.2256240844726562, -1.1965620517730713] [0.1712559014558792, -0.07793489843606949, 0.042169056832790375, 1.106558918952942, 0.20330286026000977, 0.6128852367401123]
[1.8102307319641113, -0.03460095077753067, -1.4330813884735107] [0.32524996995925903, -0.37433797121047974, 0.07819204032421112, 0.9756659865379333, 0.8774060606956482, 0.9968000054359436, -1.2240900993347168, -1.1965620517730713] [0.17102013528347015, -0.07738759368658066, 0.042262665927410126, 1.1075819730758667, 0.20232154428958893, 0.6174710988998413]
[1.8102307319641113, -0.03460095077753067, -1.4330813884735107] [0.32524996995925903, -0.37433797121047974, 0.07819204032421112, 0.978734016418457, 0.8774060606956482, 0.9968000054359436, -1.2240900993347168, -1.1950279474258423] [0.17096112668514252, -0.07766451686620712, 0.04199030250310898, 1.1080787181854248, 0.20385703444480896, 0.6161180138587952]
[1.8102307319641113, -0.03460095077753067, -1.4330813884735107] [0.32524996995925903, -0.37433797121047974, 0.07819204032421112, 0.978734016418457, 0.8774060606956482, 0.9968000054359436, -1.2240900993347168, -1.1950279474258423] [0.17104990780353546, -0.07766451686620712, 0.04225262999534607, 1.1071738004684448, 0.20260502398014069, 0.6159354448318481]
[1.8102307319641113, -0.03460095077753067, -1.4330813884735107] [0.32524996995925903, -0.37433797121047974, 0.07819204032421112, 0.978734016418457, 0.8774060606956482, 0.9968000054359436, -1.2225561141967773, -1.1950279474258423] [0.17096112668514252, -0.07766451686620712, 0.04199030250310898, 1.1080787181854248, 0.20385703444480896, 0.6161180138587952]
[1.8102307319641113, -0.03460095077753067, -1.4330813884735107] [0.3267839550971985, -0.37433797121047974, 0.07819204032421112, 0.978734016418457, 0.8774060606956482, 0.9968000054359436, -1.2240900993347168, -1.1950279474258423] [0.17096112668514252, -0.07766451686620712, 0.04199030250310898, 1.1080787181854248, 0.20385703444480896, 0.6161180138587952]
[1.8102307319641113, -0.03460095077753067, -1.4330813884735107] [0.3267839550971985, -0.37433797121047974, 0.07819204032421112, 0.978734016418457, 0.8774060606956482, 0.9968000054359436, -1.221022129058838, -1.1934939622879028] [0.17096112668514252, -0.07766451686620712, 0.04199030250310898, 1.1080787181854248, 0.20385703444480896, 0.6161180138587952]
[1.8102307319641113, -0.03460095077753067, -1.4330813884735107] [0.3267839550971985, -0.37433797121047974, 0.07819204032421112, 0.978734016418457, 0.8774060606956482, 0.9968000054359436, -1.221022129058838, -1.1934939622879028] [0.17104990780353546, -0.07766451686620712, 0.04225262999534607, 1.1071738004684448, 0.20260502398014069, 0.6159354448318481]
[1.8102307319641113, -0.03460095077753067, -1.4330813884735107] [0.3267839550971985, -0.37433797121047974, 0.07819204032421112, 0.978734016418457, 0.8774060606956482, 0.9968000054359436, -1.221022129058838, -1.1919599771499634] [0.17104990780353546, -0.07766451686620712, 0.04225262999534607, 1.1071738004684448, 0.20260502398014069, 0.6159354448318481]
[1.8102307319641113, -0.03460095077753067, -1.4330813884735107] [0.32524996995925903, -0.37433797121047974, 0.07819204032421112, 0.978734016418457, 0.8774060606956482, 0.9968000054359436, -1.221022129058838, -1.1919599771499634] [0.17096112668514252, -0.07766451686620712, 0.04199030250310898, 1.1080787181854248, 0.20385703444480896, 0.6161180138587952]
[1.1463892459869385, -0.3425094783306122, -0.8986759185791016] [0.3267839550971985, -0.37433797121047974, 0.07819204032421112, 0.978734016418457, 0.8774060606956482, 0.9968000054359436, -1.221022129058838, -1.1919599771499634] [0.17096112668514252, -0.07766451686620712, 0.04199030250310898, 1.1080787181854248, 0.20385703444480896, 0.6161180138587952]
[1.1463892459869385, -0.3425094783306122, -0.8986759185791016] [0.32524996995925903, -0.37433797121047974, 0.07819204032421112, 0.978734016418457, 0.8774060606956482, 0.9968000054359436, -1.2194880247116089, -1.1919599771499634] [0.1709313690662384, -0.07738759368658066, 0.04200039058923721, 1.1084887981414795, 0.20357218384742737, 0.6176538467407227]
[1.4796106815338135, -0.4708830714225769, -1.2352689504623413] [0.3267839550971985, -0.37433797121047974, 0.07819204032421112, 0.978734016418457, 0.8774060606956482, 0.9968000054359436, -1.2194880247116089, -1.1919599771499634] [0.17096112668514252, -0.07766451686620712, 0.04199030250310898, 1.1080787181854248, 0.20385703444480896, 0.6161180138587952]
[1.4796106815338135, -0.4708830714225769, -1.2352689504623413] [0.3267839550971985, -0.3728039860725403, 0.07819204032421112, 0.978734016418457, 0.8774060606956482, 0.9968000054359436, -1.2194880247116089, -1.1919599771499634] [0.17088209092617035, -0.07738779485225677, 0.04185521602630615, 1.107693076133728, 0.20481136441230774, 0.6179510354995728]
[1.4796106815338135, -0.4708830714225769, -1.2352689504623413] [0.3267839550971985, -0.37433797121047974, 0.07819204032421112, 0.978734016418457, 0.8774060606956482, 0.9968000054359436, -1.2194880247116089, -1.1919599771499634] [0.17091183364391327, -0.07766470313072205, 0.041845131665468216, 1.1072828769683838, 0.20509633421897888, 0.6164147853851318]
[1.4796106815338135, -0.4708830714225769, -1.2352689504623413] [0.3283179700374603, -0.37433797121047974, 0.07665804028511047, 0.978734016418457, 0.8774060606956482, 0.9968000054359436, -1.2194880247116089, -1.1919599771499634] [0.17096112668514252, -0.07766451686620712, 0.04199030250310898, 1.1080787181854248, 0.20385703444480896, 0.6161180138587952]
[1.4796106815338135, -0.4708830714225769, -1.2352689504623413] [0.3283179700374603, -0.37433797121047974, 0.07819204032421112, 0.978734016418457, 0.8774060606956482, 0.9968000054359436, -1.2194880247116089, -1.1919599771499634] [0.17087194323539734, -0.07766451686620712, 0.04172812029719353, 1.108984112739563, 0.2051089107990265, 0.6163018941879272]
[1.4796106815338135, -0.4708830714225769, -1.2352689504623413] [0.3283179700374603, -0.3728039860725403, 0.07665804028511047, 0.978734016418457, 0.8774060606956482, 0.9968000054359436, -1.2194880247116089, -1.1919599771499634] [0.17079269886016846, -0.07738779485225677, 0.041593149304389954, 1.1086009740829468, 0.20606161653995514, 0.6181362271308899]
[1.4796106815338135, -0.4708830714225769, -1.2352689504623413] [0.3283179700374603, -0.3728039860725403, 0.07819204032421112, 0.978734016418457, 0.8774060606956482, 0.9968000054359436, -1.2194880247116089, -1.1919599771499634] [0.1708422154188156, -0.07738759368658066, 0.04173824563622475, 1.10939621925354, 0.20482268929481506, 0.6178378462791443]
[1.4796106815338135, -0.4708830714225769, -1.2352689504623413] [0.27002596855163574, -0.37433797121047974, 0.08279404044151306, 0.9771999716758728, 0.8774060606956482, 0.035200003534555435, -1.2194880247116089, -1.1919599771499634] [0.17505469918251038, -0.07780031114816666, 0.05540349707007408, 1.0664829015731812, 0.13887538015842438, 0.6063180565834045]
[1.4796106815338135, -0.4708830714225769, -1.2352689504623413] [0.22553996741771698, -0.37433797121047974, 0.08279404044151306, 0.9771999716758728, 0.8774060606956482, 0.030000004917383194, -1.2194880247116089, -1.1919599771499634] [0.17675751447677612, -0.07766522467136383, 0.06326228380203247, 1.0411603450775146, 0.10202816873788834, 0.6047743558883667]
[1.4796106815338135, -0.4708830714225769, -1.2352689504623413] [0.17645196616649628, -0.37433797121047974, 0.08279404044151306, 0.9771999716758728, 0.8774060606956482, 0.030000004917383194, -1.221022129058838, -1.1919599771499634] [0.178593710064888, -0.07752322405576706, 0.07305551320314407, 1.0098272562026978, 0.05662735551595688, 0.6022873520851135]
[1.4796106815338135, -0.4708830714225769, -1.2352689504623413] [0.12582996487617493, -0.37433797121047974, 0.08279404044151306, 0.978734016418457, 0.8774060606956482, 0.030000004917383194, -1.221022129058838, -1.1919599771499634] [0.1798911839723587, -0.07780031114816666, 0.08350305259227753, 0.9766963720321655, 0.008651180192828178, 0.599682629108429]
[1.4796106815338135, -0.4708830714225769, -1.2352689504623413] [0.055265963077545166, -0.37433797121047974, 0.08279404044151306, 0.9771999716758728, 0.8774060606956482, 0.030000004917383194, -1.2194880247116089, -1.1919599771499634] [0.1805172860622406, -0.07780031114816666, 0.09318054467439651, 0.946385383605957, -0.03566789999604225, 0.6000921726226807]
[1.4796106815338135, -0.4708830714225769, -1.2352689504623413] [0.009245961904525757, -0.37433797121047974, 0.08126004040241241, 0.9771999716758728, 0.8774060606956482, 0.030000004917383194, -1.221022129058838, -1.1919599771499634] [0.180599182844162, -0.07779986411333084, 0.10410983115434647, 0.9107580184936523, -0.08500479906797409, 0.6022546887397766]
[1.4796106815338135, -0.4708830714225769, -1.2352689504623413] [-0.04137603938579559, -0.37433797121047974, 0.08126004040241241, 0.9771999716758728, 0.8774060606956482, 0.030000004917383194, -1.2194880247116089, -1.1919599771499634] [0.18033954501152039, -0.07807698100805283, 0.11103293299674988, 0.8889637589454651, -0.11663688719272614, 0.6029155850410461]
[1.4796106815338135, -0.4708830714225769, -1.2352689504623413] [-0.07359004020690918, -0.37433797121047974, 0.08126004040241241, 0.9771999716758728, 0.8789400458335876, 0.030000004917383194, -1.2225561141967773, -1.1950279474258423] [0.1799355447292328, -0.07779986411333084, 0.11600493639707565, 0.8730433583259583, -0.13928891718387604, 0.6064773797988892]
[1.4796106815338135, -0.4708830714225769, -1.2352689504623413] [-0.08893004059791565, -0.37433797121047974, 0.08126004040241241, 0.9771999716758728, 0.8774060606956482, 0.030000004917383194, -1.2240900993347168, -1.1950279474258423] [0.1799107789993286, -0.07779986411333084, 0.1162809431552887, 0.8721603155136108, -0.14054930210113525, 0.6066005825996399]
[1.4796106815338135, -0.4708830714225769, -1.2352689504623413] [-0.08893004059791565, -0.37433797121047974, 0.08126004040241241, 0.978734016418457, 0.8774060606956482, 0.030000004917383194, -1.2240900993347168, -1.1965620517730713] [0.17979952692985535, -0.07766476273536682, 0.11627799272537231, 0.8719432950019836, -0.14054109156131744, 0.6081498861312866]
[0.48565569519996643, -0.13634565472602844, 0.04311209172010422] [-0.08893004059791565, -0.37433797121047974, 0.08126004040241241, 0.9771999716758728, 0.8774060606956482, 0.030000004917383194, -1.2240900993347168, -1.1965620517730713] [0.17979952692985535, -0.07766476273536682, 0.11627799272537231, 0.8719432950019836, -0.14054109156131744, 0.6081498861312866]
