[0.1803334802389145, 0.056690651923418045, 0.2945188581943512] [0.3820079565048218, -0.8023239970207214, -0.0660039633512497, 0.912771999835968, 0.8835420608520508, 0.9971999526023865, -1.1857401132583618, -1.1934939622879028] [0.15586139261722565, -0.1624182015657425, 0.022193042561411858, 0.8895004391670227, 0.43176472187042236, 0.12033288180828094]
[0.1803334802389145, 0.056690651923418045, 0.2945188581943512] [0.3820079565048218, -0.8023239970207214, -0.06446996331214905, 0.912771999835968, 0.8835420608520508, 0.9971999526023865, -1.1857401132583618, -1.1934939622879028] [0.15585672855377197, -0.1624307632446289, 0.022179726511240005, 0.8879663944244385, 0.43176472187042236, 0.12033288180828094]
[0.1803334802389145, 0.056690651923418045, 0.2945188581943512] [0.3820079565048218, -0.8023239970207214, -0.0660039633512497, 0.912771999835968, 0.8835420608520508, 0.9971999526023865, -1.1857401132583618, -1.1934939622879028] [0.15573716163635254, -0.1624307632446289, 0.02194073237478733, 0.8881692886352539, 0.4332876205444336, 0.12041793018579483]
[0.1803334802389145, 0.056690651923418045, 0.2945188581943512] [0.3820079565048218, -0.8023239970207214, -0.0660039633512497, 0.912771999835968, 0.8835420608520508, 0.9971999526023865, -1.1857401132583618, -1.1934939622879028] [0.15585672855377197, -0.1624307632446289, 0.022179726511240005, 0.8879663944244385, 0.43176472187042236, 0.12033288180828094]
[0.1803334802389145, 0.056690651923418045, 0.2945188581943512] [0.3820079565048218, -0.8023239970207214, -0.0660039633512497, 0.9112379550933838, 0.8835420608520508, 0.9971999526023865, -1.1857401132583618, -1.1950279474258423] [0.15585672855377197, -0.1624307632446289, 0.022179726511240005, 0.8879663944244385, 0.43176472187042236, 0.12033288180828094]
[0.1803334802389145, 0.056690651923418045, 0.2945188581943512] [0.3820079565048218, -0.8023239970207214, -0.06446996331214905, 0.912771999835968, 0.8835420608520508, 0.9971999526023865, -1.1857401132583618, -1.1934939622879028] [0.15585672855377197, -0.1624307632446289, 0.022179726511240005, 0.8879663944244385, 0.43176472187042236, 0.12033288180828094]
[0.1803334802389145, 0.056690651923418045, 0.2945188581943512] [0.3820079565048218, -0.8023239970207214, -0.06446996331214905, 0.912771999835968, 0.8835420608520508, 0.9971999526023865, -1.1857401132583618, -1.1934939622879028] [0.15585672855377197, -0.1624307632446289, 0.022179726511240005, 0.8879663944244385, 0.43176472187042236, 0.12033288180828094]
[0.1803334802389145, 0.056690651923418045, 0.2945188581943512] [0.3820079565048218, -0.8023239970207214, -0.0660039633512497, 0.912771999835968, 0.8835420608520508, 0.9971999526023865, -1.1857401132583618, -1.1934939622879028] [0.15585672855377197, -0.1624307632446289, 0.022179726511240005, 0.8879663944244385, 0.43176472187042236, 0.12033288180828094]
[0.1803334802389145, 0.056690651923418045, 0.2945188581943512] [0.3820079565048218, -0.8023239970207214, -0.0660039633512497, 0.912771999835968, 0.8850760459899902, 0.9971999526023865, -1.1857401132583618, -1.1950279474258423] [0.15585672855377197, -0.1624307632446289, 0.022179726511240005, 0.8879663944244385, 0.43176472187042236, 0.12033288180828094]
[0.1803334802389145, 0.056690651923418045, 0.2945188581943512] [0.3820079565048218, -0.8023239970207214, -0.0660039633512497, 0.912771999835968, 0.8835420608520508, 0.9971999526023865, -1.1857401132583618, -1.1934939622879028] [0.15585672855377197, -0.1624307632446289, 0.022179726511240005, 0.8879663944244385, 0.43176472187042236, 0.12033288180828094]
[0.1803334802389145, 0.056690651923418045, 0.2945188581943512] [0.3820079565048218, -0.8023239970207214, -0.0660039633512497, 0.912771999835968, 0.8835420608520508, 0.9971999526023865, -1.1857401132583618, -1.1934939622879028] [0.15586139261722565, -0.1624182015657425, 0.022193042561411858, 0.8895004391670227, 0.43176472187042236, 0.12033288180828094]
[0.1803334802389145, 0.056690651923418045, 0.2945188581943512] [0.3820079565048218, -0.8023239970207214, -0.0660039633512497, 0.912771999835968, 0.8835420608520508, 0.9971999526023865, -1.1857401132583618, -1.1950279474258423] [0.15585672855377197, -0.1624307632446289, 0.022179726511240005, 0.8879663944244385, 0.43176472187042236, 0.12033288180828094]
[0.1803334802389145, 0.056690651923418045, 0.2945188581943512] [0.3820079565048218, -0.8023239970207214, -0.0660039633512497, 0.912771999835968, 0.8835420608520508, 0.9971999526023865, -1.1857401132583618, -1.1950279474258423] [0.15586139261722565, -0.1624182015657425, 0.022193042561411858, 0.8895004391670227, 0.43176472187042236, 0.12033288180828094]
[0.1803334802389145, 0.056690651923418045, 0.2945188581943512] [0.3820079565048218, -0.8023239970207214, -0.0660039633512497, 0.912771999835968, 0.8835420608520508, 0.9971999526023865, -1.1857401132583618, -1.1934939622879028] [0.15585672855377197, -0.1624307632446289, 0.022179726511240005, 0.8879663944244385, 0.43176472187042236, 0.12033288180828094]
[0.1803334802389145, 0.056690651923418045, 0.2945188581943512] [0.3820079565048218, -0.8023239970207214, -0.0660039633512497, 0.912771999835968, 0.8835420608520508, 0.9971999526023865, -1.1857401132583618, -1.1950279474258423] [0.15585672855377197, -0.1624307632446289, 0.022179726511240005, 0.8879663944244385, 0.43176472187042236, 0.12033288180828094]
[0.1803334802389145, 0.056690651923418045, 0.2945188581943512] [0.3835419714450836, -0.8023239970207214, -0.0660039633512497, 0.9112379550933838, 0.8835420608520508, 0.9971999526023865, -1.1857401132583618, -1.1934939622879028] [0.15586139261722565, -0.1624182015657425, 0.022193042561411858, 0.8895004391670227, 0.43176472187042236, 0.12033288180828094]
[0.1803334802389145, 0.056690651923418045, 0.2945188581943512] [0.3820079565048218, -0.8023239970207214, -0.0660039633512497, 0.912771999835968, 0.8835420608520508, 0.9971999526023865, -1.1857401132583618, -1.1934939622879028] [0.15585672855377197, -0.1624307632446289, 0.022179726511240005, 0.8879663944244385, 0.43176472187042236, 0.12033288180828094]
[0.1803334802389145, 0.056690651923418045, 0.2945188581943512] [0.3820079565048218, -0.8023239970207214, -0.0660039633512497, 0.912771999835968, 0.8835420608520508, 0.9971999526023865, -1.1857401132583618, -1.1934939622879028] [0.15585672855377197, -0.1624307632446289, 0.022179726511240005, 0.8879663944244385, 0.43176472187042236, 0.12033288180828094]
[0.1803334802389145, 0.056690651923418045, 0.2945188581943512] [0.3820079565048218, -0.8023239970207214, -0.0660039633512497, 0.9112379550933838, 0.8835420608520508, 0.9971999526023865, -1.1857401132583618, -1.1950279474258423] [0.15585672855377197, -0.1624307632446289, 0.022179726511240005, 0.8879663944244385, 0.43176472187042236, 0.12033288180828094]
[0.1803334802389145, 0.056690651923418045, 0.2945188581943512] [0.3820079565048218, -0.8023239970207214, -0.0660039633512497, 0.912771999835968, 0.8835420608520508, 0.9971999526023865, -1.1857401132583618, -1.1934939622879028] [0.15585672855377197, -0.1624307632446289, 0.022179726511240005, 0.8879663944244385, 0.43176472187042236, 0.12033288180828094]
[0.1803334802389145, 0.056690651923418045, 0.2945188581943512] [0.3820079565048218, -0.8023239970207214, -0.0660039633512497, 0.912771999835968, 0.8835420608520508, 0.9971999526023865, -1.1857401132583618, -1.1950279474258423] [0.15585672855377197, -0.1624307632446289, 0.022179726511240005, 0.8879663944244385, 0.43176472187042236, 0.12033288180828094]
[0.1803334802389145, 0.056690651923418045, 0.2945188581943512] [0.3835419714450836, -0.8023239970207214, -0.0660039633512497, 0.912771999835968, 0.8835420608520508, 0.9971999526023865, -1.1857401132583618, -1.1934939622879028] [0.15585672855377197, -0.1624307632446289, 0.022179726511240005, 0.8879663944244385, 0.43176472187042236, 0.12033288180828094]
[0.1803334802389145, 0.056690651923418045, 0.2945188581943512] [0.3820079565048218, -0.8023239970207214, -0.0660039633512497, 0.912771999835968, 0.8835420608520508, 0.9971999526023865, -1.1842060089111328, -1.1934939622879028] [0.15585672855377197, -0.1624307632446289, 0.022179726511240005, 0.8879663944244385, 0.43176472187042236, 0.12033288180828094]
[0.1803334802389145, 0.056690651923418045, 0.2945188581943512] [0.3820079565048218, -0.8023239970207214, -0.0660039633512497, 0.912771999835968, 0.8835420608520508, 0.9971999526023865, -1.1857401132583618, -1.1934939622879028] [0.155925452709198, -0.1624157875776291, 0.02230927348136902, 0.8889017701148987, 0.43055105209350586, 0.12032634019851685]
[0.1803334802389145, 0.056690651923418045, 0.2945188581943512] [0.3820079565048218, -0.8023239970207214, -0.0660039633512497, 0.912771999835968, 0.8835420608520508, 0.9971999526023865, -1.1857401132583618, -1.1934939622879028] [0.15585672855377197, -0.1624307632446289, 0.022179726511240005, 0.8879663944244385, 0.43176472187042236, 0.12033288180828094]
