[0.3094934821128845, -0.08968351781368256, 0.07087867707014084] [0.10588795691728592, -0.38814395666122437, 0.20398004353046417, 0.978734016418457, 0.8758720755577087, 0.9968000054359436, -1.5094140768051147, -1.4987599849700928] [0.1808163970708847, -0.0808897465467453, 0.09331370890140533, 1.0490202903747559, -0.08013443648815155, 0.5736116766929626]
[0.3094934821128845, -0.08968351781368256, 0.07087867707014084] [0.10588795691728592, -0.38814395666122437, 0.20398004353046417, 0.978734016418457, 0.8758720755577087, 0.9968000054359436, -1.5094140768051147, -1.4987599849700928] [0.1808163970708847, -0.0808897465467453, 0.09331370890140533, 1.0490202903747559, -0.08013443648815155, 0.5736116766929626]
[0.3094934821128845, -0.08968351781368256, 0.07087867707014084] [0.10588795691728592, -0.38814395666122437, 0.20398004353046417, 0.978734016418457, 0.8774060606956482, 0.9971999526023865, -1.5094140768051147, -1.4987599849700928] [0.1808163970708847, -0.0808897465467453, 0.09331370890140533, 1.0490202903747559, -0.08013443648815155, 0.5736116766929626]
[0.3094934821128845, -0.08968351781368256, 0.07087867707014084] [0.10588795691728592, -0.38814395666122437, 0.20398004353046417, 0.978734016418457, 0.8758720755577087, 0.9971999526023865, -1.5094140768051147, -1.5002939701080322] [0.1808163970708847, -0.0808897465467453, 0.09331370890140533, 1.0490202903747559, -0.08013443648815155, 0.5736116766929626]
[0.3094934821128845, -0.08968351781368256, 0.07087867707014084] [0.10588795691728592, -0.38814395666122437, 0.20398004353046417, 0.978734016418457, 0.8758720755577087, 0.9971999526023865, -1.5094140768051147, -1.5002939701080322] [0.1808163970708847, -0.0808897465467453, 0.09331370890140533, 1.0490202903747559, -0.08013443648815155, 0.5736116766929626]
[0.3094934821128845, -0.08968351781368256, 0.07087867707014084] [0.10588795691728592, -0.38814395666122437, 0.20398004353046417, 0.978734016418457, 0.8758720755577087, 0.9968000054359436, -1.5094140768051147, -1.5002939701080322] [0.1808163970708847, -0.0808897465467453, 0.09331370890140533, 1.0490202903747559, -0.08013443648815155, 0.5736116766929626]
[0.3094934821128845, -0.08968351781368256, 0.07087867707014084] [0.10588795691728592, -0.38814395666122437, 0.20244604349136353, 0.978734016418457, 0.8758720755577087, 0.9968000054359436, -1.5094140768051147, -1.4987599849700928] [0.1808163970708847, -0.0808897465467453, 0.09331370890140533, 1.0490202903747559, -0.08013443648815155, 0.5736116766929626]
[0.3094934821128845, -0.08968351781368256, 0.07087867707014084] [0.10588795691728592, -0.38814395666122437, 0.20398004353046417, 0.978734016418457, 0.8758720755577087, 0.9971999526023865, -1.5094140768051147, -1.4987599849700928] [0.18079008162021637, -0.08061286062002182, 0.09331651777029037, 1.0491567850112915, -0.08022251725196838, 0.5751261711120605]
[0.3094934821128845, -0.08968351781368256, 0.07087867707014084] [0.10588795691728592, -0.38814395666122437, 0.20398004353046417, 0.978734016418457, 0.8758720755577087, 0.9971999526023865, -1.5094140768051147, -1.4987599849700928] [0.1808163970708847, -0.0808897465467453, 0.09331370890140533, 1.0490202903747559, -0.08013443648815155, 0.5736116766929626]
[0.3094934821128845, -0.08968351781368256, 0.07087867707014084] [0.10588795691728592, -0.38814395666122437, 0.20398004353046417, 0.978734016418457, 0.8758720755577087, 0.9971999526023865, -1.5094140768051147, -1.5002939701080322] [0.1808163970708847, -0.0808897465467453, 0.09331370890140533, 1.0490202903747559, -0.08013443648815155, 0.5736116766929626]
[0.3094934821128845, -0.08968351781368256, 0.07087867707014084] [0.10588795691728592, -0.38814395666122437, 0.20398004353046417, 0.978734016418457, 0.8758720755577087, 0.9968000054359436, -1.5094140768051147, -1.5002939701080322] [0.1808163970708847, -0.0808897465467453, 0.09331370890140533, 1.0490202903747559, -0.08013443648815155, 0.5736116766929626]
[0.3094934821128845, -0.08968351781368256, 0.07087867707014084] [0.10588795691728592, -0.3866099715232849, 0.20398004353046417, 0.978734016418457, 0.8758720755577087, 0.9968000054359436, -1.5094140768051147, -1.5002939701080322] [0.1808163970708847, -0.0808897465467453, 0.09331370890140533, 1.0490202903747559, -0.08013443648815155, 0.5736116766929626]
