[0.5427422523498535, -0.10381928831338882, 0.36520764231681824] [0.36206597089767456, -0.7977219820022583, 0.7055980563163757, 0.9204419851303101, 0.6319660544395447, 0.9968000054359436, -1.5201520919799805, -1.5094980001449585] [0.1714913249015808, -0.17382016777992249, 0.09276378154754639, 1.1038459539413452, -0.1802624613046646, -0.010466206818819046]
[0.5427422523498535, -0.10381928831338882, 0.36520764231681824] [0.36206597089767456, -0.7977219820022583, 0.7055980563163757, 0.9204419851303101, 0.6319660544395447, 0.9968000054359436, -1.5201520919799805, -1.5094980001449585] [0.1714913249015808, -0.17382016777992249, 0.09276378154754639, 1.1038459539413452, -0.1802624613046646, -0.010466206818819046]
[0.5427422523498535, -0.10381928831338882, 0.36520764231681824] [0.36206597089767456, -0.7977219820022583, 0.7055980563163757, 0.9204419851303101, 0.6319660544395447, 0.9968000054359436, -1.518618106842041, -1.5094980001449585] [0.1714913249015808, -0.17382016777992249, 0.09276378154754639, 1.1038459539413452, -0.1802624613046646, -0.010466206818819046]
[0.5427422523498535, -0.10381928831338882, 0.36520764231681824] [0.36206597089767456, -0.7977219820022583, 0.7055980563163757, 0.9204419851303101, 0.6319660544395447, 0.9968000054359436, -1.518618106842041, -1.5094980001449585] [0.1714913249015808, -0.17382016777992249, 0.09276378154754639, 1.1038459539413452, -0.1802624613046646, -0.010466206818819046]
[0.5427422523498535, -0.10381928831338882, 0.36520764231681824] [0.36206597089767456, -0.7977219820022583, 0.7055980563163757, 0.9204419851303101, 0.6319660544395447, 0.9968000054359436, -1.518618106842041, -1.5094980001449585] [0.1714676469564438, -0.17366458475589752, 0.09283975511789322, 1.1035964488983154, -0.1809595823287964, -0.009077188558876514]
[0.5427422523498535, -0.10381928831338882, 0.36520764231681824] [0.36206597089767456, -0.7977219820022583, 0.7055980563163757, 0.9219759702682495, 0.6319660544395447, 0.9968000054359436, -1.518618106842041, -1.5094980001449585] [0.1714913249015808, -0.17382016777992249, 0.09276378154754639, 1.1038459539413452, -0.1802624613046646, -0.010466206818819046]
[0.5427422523498535, -0.10381928831338882, 0.36520764231681824] [0.36206597089767456, -0.7977219820022583, 0.7055980563163757, 0.9204419851303101, 0.6319660544395447, 0.9968000054359436, -1.518618106842041, -1.5094980001449585] [0.171494260430336, -0.17382872104644775, 0.09274720400571823, 1.1023119688034058, -0.1802624613046646, -0.010466206818819046]
[0.5427422523498535, -0.10381928831338882, 0.36520764231681824] [0.36206597089767456, -0.7977219820022583, 0.7055980563163757, 0.9204419851303101, 0.6304320693016052, 0.9968000054359436, -1.518618106842041, -1.5094980001449585] [0.1714913249015808, -0.17382016777992249, 0.09276378154754639, 1.1038459539413452, -0.1802624613046646, -0.010466206818819046]
[0.5427422523498535, -0.10381928831338882, 0.36520764231681824] [0.36206597089767456, -0.7977219820022583, 0.7055980563163757, 0.9204419851303101, 0.6319660544395447, 0.9968000054359436, -1.518618106842041, -1.5094980001449585] [0.171494260430336, -0.17382872104644775, 0.09274720400571823, 1.1023119688034058, -0.1802624613046646, -0.010466206818819046]
[0.5427422523498535, -0.10381928831338882, 0.36520764231681824] [0.36206597089767456, -0.7977219820022583, 0.7055980563163757, 0.9204419851303101, 0.6319660544395447, 0.9968000054359436, -1.518618106842041, -1.5094980001449585] [0.1714676469564438, -0.17366458475589752, 0.09283975511789322, 1.1035964488983154, -0.1809595823287964, -0.009077188558876514]
