[0.8687795400619507, -0.10385095328092575, -0.16006621718406677] [-0.026036038994789124, -0.8023239970207214, 0.045978039503097534, 0.912771999835968, 0.8835420608520508, 0.9968000054359436, -1.5247540473937988, -1.511031985282898] [0.17440105974674225, -0.1619168221950531, 0.10128419101238251, 0.9098483324050903, -0.06342481821775436, 0.10850951075553894]
[0.8687795400619507, -0.10385095328092575, -0.16006621718406677] [-0.026036038994789124, -0.8023239970207214, 0.04751203954219818, 0.912771999835968, 0.8835420608520508, 0.9971999526023865, -1.5247540473937988, -1.511031985282898] [0.17436742782592773, -0.16174866259098053, 0.10114046931266785, 0.9088107347488403, -0.062251802533864975, 0.11007746309041977]
[0.8687795400619507, -0.10385095328092575, -0.16006621718406677] [-0.026036038994789124, -0.8023239970207214, 0.04751203954219818, 0.912771999835968, 0.8835420608520508, 0.9971999526023865, -1.5247540473937988, -1.511031985282898] [0.17436742782592773, -0.16174866259098053, 0.10114046931266785, 0.9088107347488403, -0.062251802533864975, 0.11007746309041977]
[0.8687795400619507, -0.10385095328092575, -0.16006621718406677] [-0.026036038994789124, -0.8023239970207214, 0.045978039503097534, 0.912771999835968, 0.8835420608520508, 0.9971999526023865, -1.5247540473937988, -1.511031985282898] [0.17436742782592773, -0.16174866259098053, 0.10114046931266785, 0.9088107347488403, -0.062251802533864975, 0.11007746309041977]
[0.8687795400619507, -0.10385095328092575, -0.16006621718406677] [-0.026036038994789124, -0.8023239970207214, 0.045978039503097534, 0.912771999835968, 0.8835420608520508, 0.9971999526023865, -1.5247540473937988, -1.511031985282898] [0.17436742782592773, -0.16174866259098053, 0.10114046931266785, 0.9088107347488403, -0.062251802533864975, 0.11007746309041977]
[0.8687795400619507, -0.10385095328092575, -0.16006621718406677] [-0.026036038994789124, -0.8023239970207214, 0.04751203954219818, 0.912771999835968, 0.8835420608520508, 0.9971999526023865, -1.5247540473937988, -1.511031985282898] [0.1743672639131546, -0.1617451161146164, 0.101287841796875, 0.9097508788108826, -0.06346509605646133, 0.1100461483001709]
[0.8687795400619507, -0.10385095328092575, -0.16006621718406677] [-0.026036038994789124, -0.8023239970207214, 0.04751203954219818, 0.912771999835968, 0.8835420608520508, 0.9968000054359436, -1.5247540473937988, -1.511031985282898] [0.17436523735523224, -0.16173724830150604, 0.1011553481221199, 0.9103447794914246, -0.062251802533864975, 0.11007746309041977]
[0.8687795400619507, -0.10385095328092575, -0.16006621718406677] [-0.026036038994789124, -0.8023239970207214, 0.045978039503097534, 0.912771999835968, 0.8835420608520508, 0.9968000054359436, -1.5247540473937988, -1.511031985282898] [0.17436742782592773, -0.16174866259098053, 0.10114046931266785, 0.9088107347488403, -0.062251802533864975, 0.11007746309041977]
[0.8687795400619507, -0.10385095328092575, -0.16006621718406677] [-0.026036038994789124, -0.8023239970207214, 0.045978039503097534, 0.912771999835968, 0.8835420608520508, 0.9971999526023865, -1.5247540473937988, -1.511031985282898] [0.1743689924478531, -0.16174866259098053, 0.10087299346923828, 0.908979594707489, -0.0607270821928978, 0.11006707698106766]
[0.8687795400619507, -0.10385095328092575, -0.16006621718406677] [-0.026036038994789124, -0.8023239970207214, 0.045978039503097534, 0.912771999835968, 0.8835420608520508, 0.9971999526023865, -1.5247540473937988, -1.511031985282898] [0.1743672639131546, -0.1617451161146164, 0.101287841796875, 0.9097508788108826, -0.06346509605646133, 0.1100461483001709]
[0.8687795400619507, -0.10385095328092575, -0.16006621718406677] [-0.026036038994789124, -0.8023239970207214, 0.045978039503097534, 0.912771999835968, 0.8835420608520508, 0.9971999526023865, -1.5247540473937988, -1.511031985282898] [0.17436742782592773, -0.16174866259098053, 0.10114046931266785, 0.9088107347488403, -0.062251802533864975, 0.11007746309041977]
[0.8687795400619507, -0.10385095328092575, -0.16006621718406677] [-0.026036038994789124, -0.8023239970207214, 0.045978039503097534, 0.912771999835968, 0.8835420608520508, 0.9968000054359436, -1.5247540473937988, -1.511031985282898] [0.17436742782592773, -0.16174866259098053, 0.10114046931266785, 0.9088107347488403, -0.062251802533864975, 0.11007746309041977]
[0.8687795400619507, -0.10385095328092575, -0.16006621718406677] [-0.026036038994789124, -0.8023239970207214, 0.045978039503097534, 0.912771999835968, 0.8835420608520508, 0.9971999526023865, -1.5247540473937988, -1.511031985282898] [0.17436742782592773, -0.16174866259098053, 0.10114046931266785, 0.9088107347488403, -0.062251802533864975, 0.11007746309041977]
[0.8687795400619507, -0.10385095328092575, -0.16006621718406677] [-0.026036038994789124, -0.8023239970207214, 0.04751203954219818, 0.912771999835968, 0.8835420608520508, 0.9971999526023865, -1.5247540473937988, -1.511031985282898] [0.1743672639131546, -0.1617451161146164, 0.101287841796875, 0.9097508788108826, -0.06346509605646133, 0.1100461483001709]
[0.8687795400619507, -0.10385095328092575, -0.16006621718406677] [-0.026036038994789124, -0.8023239970207214, 0.045978039503097534, 0.912771999835968, 0.8835420608520508, 0.9971999526023865, -1.5247540473937988, -1.511031985282898] [0.17436742782592773, -0.16174866259098053, 0.10114046931266785, 0.9088107347488403, -0.062251802533864975, 0.11007746309041977]
[0.8687795400619507, -0.10385095328092575, -0.16006621718406677] [-0.026036038994789124, -0.8023239970207214, 0.045978039503097534, 0.912771999835968, 0.8835420608520508, 0.9971999526023865, -1.5247540473937988, -1.511031985282898] [0.17436742782592773, -0.16174866259098053, 0.10114046931266785, 0.9088107347488403, -0.062251802533864975, 0.11007746309041977]
[0.8687795400619507, -0.10385095328092575, -0.16006621718406677] [-0.026036038994789124, -0.8023239970207214, 0.04751203954219818, 0.912771999835968, 0.8835420608520508, 0.9971999526023865, -1.5247540473937988, -1.511031985282898] [0.1743672639131546, -0.1617451161146164, 0.101287841796875, 0.9097508788108826, -0.06346509605646133, 0.1100461483001709]
[0.8687795400619507, -0.10385095328092575, -0.16006621718406677] [-0.026036038994789124, -0.8023239970207214, 0.04751203954219818, 0.912771999835968, 0.8835420608520508, 0.9971999526023865, -1.5247540473937988, -1.5125659704208374] [0.1743672639131546, -0.1617451161146164, 0.101287841796875, 0.9097508788108826, -0.06346509605646133, 0.1100461483001709]
