[0.2994007170200348, -0.12068682163953781, 0.0781083032488823] [-0.15796004235744476, -0.5415439605712891, -0.1641799658536911, 0.978734016418457, 0.8804740905761719, 0.9971999526023865, -1.5247540473937988, -1.511031985282898] [0.18141916394233704, -0.11048422008752823, 0.10457529872655869, 0.7225253582000732, -0.007668592501431704, 0.42667457461357117]
[0.2994007170200348, -0.12068682163953781, 0.0781083032488823] [-0.15796004235744476, -0.5415439605712891, -0.1641799658536911, 0.9771999716758728, 0.8804740905761719, 0.9971999526023865, -1.5247540473937988, -1.511031985282898] [0.18150340020656586, -0.11063514649868011, 0.10460284352302551, 0.7225372195243835, -0.007909877225756645, 0.4251595735549927]
[0.2994007170200348, -0.12068682163953781, 0.0781083032488823] [-0.15796004235744476, -0.5415439605712891, -0.1641799658536911, 0.978734016418457, 0.8804740905761719, 0.9971999526023865, -1.5247540473937988, -1.511031985282898] [0.18150340020656586, -0.11063514649868011, 0.10460284352302551, 0.7225372195243835, -0.007909877225756645, 0.4251595735549927]
[0.2994007170200348, -0.12068682163953781, 0.0781083032488823] [-0.15796004235744476, -0.5415439605712891, -0.1641799658536911, 0.978734016418457, 0.8804740905761719, 0.9971999526023865, -1.5247540473937988, -1.511031985282898] [0.18141916394233704, -0.11048422008752823, 0.10457529872655869, 0.7225253582000732, -0.007668592501431704, 0.42667457461357117]
[0.2994007170200348, -0.12068682163953781, 0.0781083032488823] [-0.15796004235744476, -0.5415439605712891, -0.1641799658536911, 0.978734016418457, 0.8804740905761719, 0.9971999526023865, -1.5247540473937988, -1.511031985282898] [0.18141916394233704, -0.11048422008752823, 0.10457529872655869, 0.7225253582000732, -0.007668592501431704, 0.42667457461357117]
[0.2994007170200348, -0.12068682163953781, 0.0781083032488823] [-0.15796004235744476, -0.5415439605712891, -0.1641799658536911, 0.978734016418457, 0.8804740905761719, 0.9971999526023865, -1.5247540473937988, -1.511031985282898] [0.18150340020656586, -0.11063514649868011, 0.10460284352302551, 0.7225372195243835, -0.007909877225756645, 0.4251595735549927]
[0.2994007170200348, -0.12068682163953781, 0.0781083032488823] [-0.15796004235744476, -0.5415439605712891, -0.1641799658536911, 0.9771999716758728, 0.8804740905761719, 0.9971999526023865, -1.5247540473937988, -1.511031985282898] [0.18141916394233704, -0.11048422008752823, 0.10457529872655869, 0.7225253582000732, -0.007668592501431704, 0.42667457461357117]
[0.2994007170200348, -0.12068682163953781, 0.0781083032488823] [-0.15796004235744476, -0.5415439605712891, -0.1641799658536911, 0.978734016418457, 0.8804740905761719, 0.9971999526023865, -1.5247540473937988, -1.511031985282898] [0.18141916394233704, -0.11048422008752823, 0.10457529872655869, 0.7225253582000732, -0.007668592501431704, 0.42667457461357117]
[0.2994007170200348, -0.12068682163953781, 0.0781083032488823] [-0.15796004235744476, -0.5415439605712891, -0.1641799658536911, 0.978734016418457, 0.8804740905761719, 0.9971999526023865, -1.5247540473937988, -1.511031985282898] [0.18141916394233704, -0.11048422008752823, 0.10457529872655869, 0.7225253582000732, -0.007668592501431704, 0.42667457461357117]
[0.2994007170200348, -0.12068682163953781, 0.0781083032488823] [-0.15796004235744476, -0.5415439605712891, -0.1641799658536911, 0.978734016418457, 0.8804740905761719, 0.9971999526023865, -1.5247540473937988, -1.511031985282898] [0.18141916394233704, -0.11048422008752823, 0.10457529872655869, 0.7225253582000732, -0.007668592501431704, 0.42667457461357117]
[0.2994007170200348, -0.12068682163953781, 0.0781083032488823] [-0.15796004235744476, -0.5415439605712891, -0.1641799658536911, 0.978734016418457, 0.8804740905761719, 0.9971999526023865, -1.5247540473937988, -1.511031985282898] [0.18142595887184143, -0.11048422008752823, 0.10429699718952179, 0.7231602072715759, -0.006272127386182547, 0.4266701340675354]
[0.2994007170200348, -0.12068682163953781, 0.0781083032488823] [-0.15642604231834412, -0.5415439605712891, -0.1641799658536911, 0.9771999716758728, 0.8804740905761719, 0.9971999526023865, -1.5247540473937988, -1.511031985282898] [0.1814323365688324, -0.11048422008752823, 0.1040186807513237, 0.7237950563430786, -0.004875654820352793, 0.42666661739349365]
[0.2994007170200348, -0.12068682163953781, 0.0781083032488823] [-0.15489204227924347, -0.5415439605712891, -0.1641799658536911, 0.978734016418457, 0.8804740905761719, 0.9971999526023865, -1.5247540473937988, -1.511031985282898] [0.1814323365688324, -0.11048422008752823, 0.1040186807513237, 0.7237950563430786, -0.004875654820352793, 0.42666661739349365]
[0.2994007170200348, -0.12068682163953781, 0.0781083032488823] [-0.15335804224014282, -0.5415439605712891, -0.1641799658536911, 0.978734016418457, 0.8804740905761719, 0.9971999526023865, -1.5247540473937988, -1.511031985282898] [0.1815282106399536, -0.11063514649868011, 0.10348906368017197, 0.7250680923461914, -0.0023201347794383764, 0.4251466393470764]
[0.2994007170200348, -0.12068682163953781, 0.0781083032488823] [-0.15182404220104218, -0.5415439605712891, -0.15650996565818787, 0.978734016418457, 0.8804740905761719, 0.9971999526023865, -1.5247540473937988, -1.511031985282898] [0.18157842755317688, -0.10986871272325516, 0.10587829351425171, 0.733670175075531, -0.020226668566465378, 0.4289771318435669]
[0.2994007170200348, -0.12068682163953781, 0.0781083032488823] [-0.17483404278755188, -0.5369420051574707, -0.11969395726919174, 0.978734016418457, 0.8804740905761719, 0.9971999526023865, -1.5247540473937988, -1.5094980001449585] [0.1809464395046234, -0.1086936667561531, 0.11414647102355957, 0.7403756380081177, -0.0724257081747055, 0.4380815029144287]
[0.2994007170200348, -0.12068682163953781, 0.0781083032488823] [-0.2085820436477661, -0.5277379751205444, -0.0890139639377594, 0.9802680015563965, 0.8789400458335876, 0.9971999526023865, -1.5232200622558594, -1.511031985282898] [0.17942661046981812, -0.10321958363056183, 0.12737822532653809, 0.726652204990387, -0.1457468420267105, 0.4736756682395935]
[0.2994007170200348, -0.12068682163953781, 0.0781083032488823] [-0.2576700448989868, -0.4617759585380554, -0.07827596366405487, 0.9818019866943359, 0.8804740905761719, 0.9971999526023865, -1.5247540473937988, -1.5094980001449585] [0.1774131804704666, -0.08404427766799927, 0.13604259490966797, 0.6799483895301819, -0.17538248002529144, 0.5841017365455627]
[0.2994007170200348, -0.12068682163953781, 0.0781083032488823] [-0.32670003175735474, -0.29610395431518555, -0.07827596366405487, 0.9818019866943359, 0.8804740905761719, 0.9971999526023865, -1.5247540473937988, -1.511031985282898] [0.16929776966571808, -0.05155780166387558, 0.14638294279575348, 0.5885680913925171, -0.1926056146621704, 0.773684024810791]
[0.2994007170200348, -0.12068682163953781, 0.0781083032488823] [-0.381924033164978, -0.14270396530628204, -0.09054796397686005, 0.9818019866943359, 0.8804740905761719, 0.9971999526023865, -1.5247540473937988, -1.5094980001449585] [0.1649141162633896, -0.03814195096492767, 0.14694179594516754, 0.5378684997558594, -0.17161564528942108, 0.8493519425392151]
[0.2994007170200348, -0.12068682163953781, 0.0781083032488823] [-0.3803900480270386, -0.14730596542358398, -0.13963596522808075, 0.9818019866943359, 0.8804740905761719, 0.9971999526023865, -1.5247540473937988, -1.5094980001449585] [0.1668636053800583, -0.03993817791342735, 0.14239268004894257, 0.5146750211715698, -0.1334027200937271, 0.8301666975021362]
[0.2994007170200348, -0.12068682163953781, 0.0781083032488823] [-0.3803900480270386, -0.14730596542358398, -0.1841219663619995, 0.9818019866943359, 0.8789400458335876, 0.9971999526023865, -1.5247540473937988, -1.511031985282898] [0.16868038475513458, -0.041247766464948654, 0.13711613416671753, 0.48976340889930725, -0.09101249277591705, 0.8137981295585632]
[0.2994007170200348, -0.12068682163953781, 0.0781083032488823] [-0.374254047870636, -0.14730596542358398, -0.22093796730041504, 0.9818019866943359, 0.8804740905761719, 0.9971999526023865, -1.5247540473937988, -1.511031985282898] [0.16962914168834686, -0.041919153183698654, 0.13398246467113495, 0.4804949462413788, -0.06911873072385788, 0.8060630559921265]
[0.2994007170200348, -0.12068682163953781, 0.0781083032488823] [-0.3711860477924347, -0.14883996546268463, -0.23781196773052216, 0.9818019866943359, 0.8804740905761719, 0.9971999526023865, -1.5247540473937988, -1.511031985282898] [0.1700744330883026, -0.04249453917145729, 0.13279053568840027, 0.4777835011482239, -0.06023336574435234, 0.8010484576225281]
[0.2994007170200348, -0.12068682163953781, 0.0781083032488823] [-0.3711860477924347, -0.14883996546268463, -0.2393459677696228, 0.9818019866943359, 0.8804740905761719, 0.9971999526023865, -1.5247540473937988, -1.5094980001449585] [0.1700744330883026, -0.04249453917145729, 0.13279053568840027, 0.4777835011482239, -0.06023336574435234, 0.8010484576225281]
[0.2994007170200348, -0.12068682163953781, 0.0781083032488823] [-0.3711860477924347, -0.14883996546268463, -0.2393459677696228, 0.9818019866943359, 0.8804740905761719, 0.9971999526023865, -1.5247540473937988, -1.5094980001449585] [0.1701706349849701, -0.04254188388586044, 0.13239094614982605, 0.4780641198158264, -0.057991884648799896, 0.8004826903343201]
[0.2994007170200348, -0.12068682163953781, 0.0781083032488823] [-0.36965203285217285, -0.14883996546268463, -0.2393459677696228, 0.9818019866943359, 0.8804740905761719, 0.9971999526023865, -1.5247540473937988, -1.511031985282898] [0.1701706349849701, -0.04254188388586044, 0.13239094614982605, 0.4780641198158264, -0.057991884648799896, 0.8004826903343201]
[0.2994007170200348, -0.12068682163953781, 0.0781083032488823] [-0.36965203285217285, -0.14883996546268463, -0.2393459677696228, 0.9818019866943359, 0.8804740905761719, 0.9971999526023865, -1.5247540473937988, -1.511031985282898] [0.1702621579170227, -0.04281465336680412, 0.13241294026374817, 0.47691699862480164, -0.058389369398355484, 0.7990298271179199]
[0.2994007170200348, -0.12068682163953781, 0.0781083032488823] [-0.3681180477142334, -0.15190796554088593, -0.2393459677696228, 0.9818019866943359, 0.8804740905761719, 0.9971999526023865, -1.5232200622558594, -1.511031985282898] [0.17029930651187897, -0.0428033210337162, 0.13216042518615723, 0.47955214977264404, -0.057319529354572296, 0.7989661693572998]
[0.2994007170200348, -0.12068682163953781, 0.0781083032488823] [-0.37272006273269653, -0.15190796554088593, -0.22553996741771698, 0.9802680015563965, 0.8789400458335876, 0.03160000592470169, -1.5247540473937988, -1.511031985282898] [0.1699567437171936, -0.04301394894719124, 0.1345832794904709, 0.4834010899066925, -0.07356424629688263, 0.7993950247764587]
[0.2994007170200348, -0.12068682163953781, 0.0781083032488823] [-0.374254047870636, -0.15344196557998657, -0.22400596737861633, 0.9802680015563965, 0.8804740905761719, 0.03360000252723694, -1.5247540473937988, -1.511031985282898] [0.1699567437171936, -0.04301394894719124, 0.1345832794904709, 0.4834010899066925, -0.07356424629688263, 0.7993950247764587]
[0.2994007170200348, -0.12068682163953781, 0.0781083032488823] [-0.37578803300857544, -0.15344196557998657, -0.22400596737861633, 0.9802680015563965, 0.8804740905761719, 0.03360000252723694, -1.5247540473937988, -1.511031985282898] [0.1698434054851532, -0.0427178218960762, 0.13468247652053833, 0.48229309916496277, -0.07433700561523438, 0.8013456463813782]
[0.2994007170200348, -0.12068682163953781, 0.0781083032488823] [-0.3773220479488373, -0.15497596561908722, -0.22247196733951569, 0.978734016418457, 0.8789400458335876, 0.03320000320672989, -1.5247540473937988, -1.511031985282898] [0.17000402510166168, -0.04357064515352249, 0.13611887395381927, 0.4843798279762268, -0.0834672674536705, 0.7958732843399048]
[0.2994007170200348, -0.12068682163953781, 0.0781083032488823] [-0.39266204833984375, -0.16571396589279175, -0.18565596640110016, 0.9756659865379333, 0.8804740905761719, 0.03360000252723694, -1.5247540473937988, -1.511031985282898] [0.16829454898834229, -0.04407580569386482, 0.14402605593204498, 0.49334433674812317, -0.13561731576919556, 0.8014817237854004]
[0.2994007170200348, -0.12068682163953781, 0.0781083032488823] [-0.44481804966926575, -0.16571396589279175, -0.1150919571518898, 0.9741320013999939, 0.8804740905761719, 0.03360000252723694, -1.5247540473937988, -1.511031985282898] [0.16146758198738098, -0.04238269105553627, 0.16310171782970428, 0.48861801624298096, -0.24927635490894318, 0.8376046419143677]
[0.2994007170200348, -0.12068682163953781, 0.0781083032488823] [-0.5061780214309692, -0.1672479659318924, -0.03225596249103546, 0.9741320013999939, 0.8804740905761719, 0.03360000252723694, -1.5247540473937988, -1.511031985282898] [0.15431328117847443, -0.04171387106180191, 0.17834389209747314, 0.47973719239234924, -0.34226173162460327, 0.8733992576599121]
[0.2994007170200348, -0.12068682163953781, 0.0781083032488823] [-0.552198052406311, -0.1672479659318924, 0.03370603919029236, 0.9741320013999939, 0.8804740905761719, 0.03360000252723694, -1.5232200622558594, -1.511031985282898] [0.14196795225143433, -0.04141516983509064, 0.19892385601997375, 0.45364195108413696, -0.4700997769832611, 0.9360105395317078]
[0.2994007170200348, -0.12068682163953781, 0.0781083032488823] [-0.6687820553779602, -0.17338396608829498, 0.18097004294395447, 0.9725979566574097, 0.8789400458335876, 0.03360000252723694, -1.5232200622558594, -1.5094980001449585] [0.12469279021024704, -0.04567776620388031, 0.22353510558605194, 0.4158843755722046, -0.6351410746574402, 1.0103950500488281]
[0.2994007170200348, -0.12068682163953781, 0.0781083032488823] [-0.725540041923523, -0.1841219663619995, 0.26534003019332886, 0.9557240009307861, 0.8789400458335876, 0.03360000252723694, -1.5232200622558594, -1.511031985282898] [0.11623883247375488, -0.04834013059735298, 0.23266993463039398, 0.39936360716819763, -0.705308735370636, 1.0556206703186035]
[0.2994007170200348, -0.12068682163953781, 0.0781083032488823] [-0.7516180276870728, -0.18872396647930145, 0.3251660466194153, 0.9572579860687256, 0.8789400458335876, 0.03360000252723694, -1.5232200622558594, -1.511031985282898] [0.10489814728498459, -0.05161488428711891, 0.2432609498500824, 0.40552234649658203, -0.8072159290313721, 1.1376075744628906]
[0.2994007170200348, -0.12068682163953781, 0.0781083032488823] [-0.7684920430183411, -0.1933259665966034, 0.6672480702400208, 0.9526559710502625, 0.8804740905761719, 0.03360000252723694, -1.5232200622558594, -1.511031985282898] [0.08637832850217819, -0.07053200155496597, 0.26100999116897583, 0.45131877064704895, -1.0450763702392578, 1.271834373474121]
[0.2994007170200348, -0.12068682163953781, 0.0781083032488823] [-0.7577540874481201, -0.22707396745681763, 0.7132680416107178, 0.9526559710502625, 0.8789400458335876, 0.03360000252723694, -1.5232200622558594, -1.511031985282898] [0.08549679070711136, -0.07218487560749054, 0.261739045381546, 0.4534517228603363, -1.0595386028289795, 1.278648018836975]
[0.2994007170200348, -0.12068682163953781, 0.0781083032488823] [-0.7546860575675964, -0.22707396745681763, 0.7408800721168518, 0.9541900157928467, 0.8804740905761719, 0.03360000252723694, -1.5232200622558594, -1.511031985282898] [0.08337179571390152, -0.07462009787559509, 0.2634415626525879, 0.4578762352466583, -1.0894784927368164, 1.302449345588684]
[0.2994007170200348, -0.12068682163953781, 0.0781083032488823] [-0.7546860575675964, -0.22860796749591827, 0.7715600728988647, 0.9541900157928467, 0.8804740905761719, 0.03360000252723694, -1.5232200622558594, -1.511031985282898] [0.08215253055095673, -0.076103076338768, 0.2643764615058899, 0.45696499943733215, -1.1053290367126465, 1.3154516220092773]
[0.2994007170200348, -0.12068682163953781, 0.0781083032488823] [-0.7546860575675964, -0.22860796749591827, 0.8083760738372803, 0.9572579860687256, 0.8804740905761719, 0.03320000320672989, -1.5232200622558594, -1.511031985282898] [0.07967032492160797, -0.07703227549791336, 0.26564517617225647, 0.4477175176143646, -1.1272573471069336, 1.3577874898910522]
[0.2994007170200348, -0.12068682163953781, 0.0781083032488823] [-0.7516180276870728, -0.2163359671831131, 0.8206480741500854, 0.9618600010871887, 0.8804740905761719, 0.03360000252723694, -1.5247540473937988, -1.511031985282898] [0.07954264432191849, -0.07579951733350754, 0.26534298062324524, 0.44337621331214905, -1.1215516328811646, 1.3673906326293945]
[0.2994007170200348, -0.12068682163953781, 0.0781083032488823] [-0.7424140572547913, -0.21480196714401245, 0.7930360436439514, 0.9603259563446045, 0.8804740905761719, 0.03360000252723694, -1.5247540473937988, -1.5094980001449585] [0.08863472938537598, -0.0720297321677208, 0.25982069969177246, 0.5170189142227173, -1.067568063735962, 1.2610915899276733]
[0.2994007170200348, -0.12068682163953781, 0.0781083032488823] [-0.6933260560035706, -0.21480196714401245, 0.6979280710220337, 0.958791971206665, 0.8804740905761719, 0.03360000252723694, -1.5247540473937988, -1.511031985282898] [0.09674624353647232, -0.06909007579088211, 0.25425198674201965, 0.5600008964538574, -1.0115039348602295, 1.1779955625534058]
[0.2994007170200348, -0.12068682163953781, 0.0781083032488823] [-0.6979280710220337, -0.2424139678478241, 0.6917920708656311, 0.9572579860687256, 0.8804740905761719, 0.03360000252723694, -1.5232200622558594, -1.511031985282898] [0.09685114771127701, -0.07619962096214294, 0.25546789169311523, 0.5743471384048462, -1.0384212732315063, 1.1353113651275635]
[0.2994007170200348, -0.12068682163953781, 0.0781083032488823] [-0.6994620561599731, -0.30223995447158813, 0.7102000713348389, 0.9541900157928467, 0.8804740905761719, 0.03360000252723694, -1.52168607711792, -1.511031985282898] [0.09523026645183563, -0.09542108327150345, 0.25840774178504944, 0.6487457156181335, -1.126928448677063, 1.02157461643219]
[0.2994007170200348, -0.12068682163953781, 0.0781083032488823] [-0.6994620561599731, -0.3927459716796875, 0.7623560428619385, 0.9541900157928467, 0.8804740905761719, 0.03360000252723694, -1.52168607711792, -1.511031985282898] [0.09240834414958954, -0.10635148733854294, 0.2600857615470886, 0.6970353722572327, -1.1844040155410767, 0.9606021642684937]
[0.2994007170200348, -0.12068682163953781, 0.0781083032488823] [-0.6994620561599731, -0.4280279874801636, 0.8114440441131592, 0.9541900157928467, 0.8804740905761719, 0.03360000252723694, -1.5232200622558594, -1.5094980001449585] [0.0881514847278595, -0.11685874313116074, 0.26190057396888733, 0.753398597240448, -1.2495969533920288, 0.9054621458053589]
[0.2994007170200348, -0.12068682163953781, 0.0781083032488823] [-0.6994620561599731, -0.5016599893569946, 0.8728040456771851, 0.9526559710502625, 0.8804740905761719, 0.03360000252723694, -1.5232200622558594, -1.5094980001449585] [0.0836411863565445, -0.13221502304077148, 0.2623339295387268, 0.9042904376983643, -1.3252897262573242, 0.7382886409759521]
[0.2994007170200348, -0.12068682163953781, 0.0781083032488823] [-0.6979280710220337, -0.56455397605896, 0.9004160761833191, 0.951121985912323, 0.8804740905761719, 0.03360000252723694, -1.5232200622558594, -1.5094980001449585] [0.07932096719741821, -0.1453288048505783, 0.2614092528820038, 1.0963882207870483, -1.375723958015442, 0.515828013420105]
[0.2994007170200348, -0.12068682163953781, 0.0781083032488823] [-0.6979280710220337, -0.6320499777793884, 0.9433680772781372, 0.951121985912323, 0.8804740905761719, 0.03360000252723694, -1.5232200622558594, -1.511031985282898] [0.07261178642511368, -0.16033817827701569, 0.2597878873348236, 1.4894663095474243, -1.4265657663345337, 0.09537220001220703]
[0.2994007170200348, -0.12068682163953781, 0.0781083032488823] [-0.6979280710220337, -0.6857399940490723, 0.977116048336029, 0.9495880007743835, 0.8804740905761719, 0.03360000252723694, -1.5232200622558594, -1.511031985282898] [0.07088599354028702, -0.16730926930904388, 0.2587594985961914, 1.7767049074172974, -1.4263827800750732, -0.20269843935966492]
[0.2994007170200348, -0.12068682163953781, 0.0781083032488823] [-0.6933260560035706, -0.6888079643249512, 0.9648440480232239, 0.9112379550933838, 0.8804740905761719, 0.03360000252723694, -1.5232200622558594, -1.511031985282898] [0.07884127646684647, -0.16789409518241882, 0.2566796541213989, 1.73589026927948, -1.3667813539505005, -0.1787337362766266]
[0.2994007170200348, -0.12068682163953781, 0.0781083032488823] [-0.6258300542831421, -0.6872739791870117, 0.5383920669555664, 0.8989659547805786, 0.8804740905761719, 0.03360000252723694, -1.5232200622558594, -1.511031985282898] [0.1261948049068451, -0.1451491117477417, 0.22860164940357208, 0.9586057662963867, -0.925235390663147, 0.29176703095436096]
[0.2994007170200348, -0.12068682163953781, 0.0781083032488823] [-0.6258300542831421, -0.6842060089111328, 0.23926204442977905, 0.9112379550933838, 0.8804740905761719, 0.03360000252723694, -1.5232200622558594, -1.511031985282898] [0.13935287296772003, -0.14134810864925385, 0.2148790955543518, 0.8344367742538452, -0.7679842710494995, 0.30076438188552856]
[0.2994007170200348, -0.12068682163953781, 0.0781083032488823] [-0.5951500535011292, -0.6842060089111328, 0.19784404337406158, 0.9143059849739075, 0.8804740905761719, 0.03360000252723694, -1.5232200622558594, -1.511031985282898] [0.14789170026779175, -0.14080582559108734, 0.20351636409759521, 0.8430059552192688, -0.6852902173995972, 0.286796510219574]
[0.2994007170200348, -0.12068682163953781, 0.0781083032488823] [-0.5046440362930298, -0.6750019788742065, 0.15796004235744476, 0.9189079999923706, 0.8820080757141113, 0.03360000252723694, -1.5247540473937988, -1.511031985282898] [0.15727096796035767, -0.13636398315429688, 0.19019898772239685, 0.8358193635940552, -0.5862925052642822, 0.30001115798950195]
[0.2994007170200348, -0.12068682163953781, 0.0781083032488823] [-0.4340800642967224, -0.6458559632301331, 0.13495004177093506, 0.9204419851303101, 0.8804740905761719, 0.03360000252723694, -1.5247540473937988, -1.511031985282898] [0.16501672565937042, -0.13303795456886292, 0.17647133767604828, 0.8365662693977356, -0.49427637457847595, 0.3069721758365631]
[0.2994007170200348, -0.12068682163953781, 0.0781083032488823] [-0.3681180477142334, -0.6458559632301331, 0.12114404141902924, 0.9281119704246521, 0.8804740905761719, 0.03360000252723694, -1.5247540473937988, -1.511031985282898] [0.16896668076515198, -0.13051967322826385, 0.16727952659130096, 0.8449109792709351, -0.4383793771266937, 0.3174555003643036]
[0.2994007170200348, -0.12068682163953781, 0.0781083032488823] [-0.34971004724502563, -0.6090399622917175, 0.12114404141902924, 0.9342479705810547, 0.8804740905761719, 0.03360000252723694, -1.5247540473937988, -1.511031985282898] [0.170423224568367, -0.12233565747737885, 0.16605927050113678, 0.8291206955909729, -0.42463284730911255, 0.3678549826145172]
[0.2994007170200348, -0.12068682163953781, 0.0781083032488823] [-0.34971004724502563, -0.5400099754333496, 0.12114404141902924, 0.9342479705810547, 0.8804740905761719, 0.03360000252723694, -1.5247540473937988, -1.511031985282898] [0.17177286744117737, -0.10826203227043152, 0.16624875366687775, 0.8035696744918823, -0.41284018754959106, 0.4503667652606964]
[0.2994007170200348, -0.12068682163953781, 0.0781083032488823] [-0.3389720320701599, -0.47251397371292114, 0.12114404141902924, 0.9342479705810547, 0.8804740905761719, 0.03360000252723694, -1.5247540473937988, -1.511031985282898] [0.1729600727558136, -0.09469912201166153, 0.16382966935634613, 0.7887659072875977, -0.3890479803085327, 0.5260441899299622]
[0.2994007170200348, -0.12068682163953781, 0.0781083032488823] [-0.32363206148147583, -0.3820079565048218, 0.12114404141902924, 0.9342479705810547, 0.8804740905761719, 0.03360000252723694, -1.5247540473937988, -1.511031985282898] [0.1699705421924591, -0.059950221329927444, 0.1605292558670044, 0.752032458782196, -0.34753867983818054, 0.7224527597427368]
[0.2994007170200348, -0.12068682163953781, 0.0781083032488823] [-0.3128940463066101, -0.20866596698760986, 0.13495004177093506, 0.9342479705810547, 0.8804740905761719, 0.03360000252723694, -1.5247540473937988, -1.511031985282898] [0.16816861927509308, -0.051701001822948456, 0.159812331199646, 0.7429210543632507, -0.33799776434898376, 0.7697511315345764]
[0.2994007170200348, -0.12068682163953781, 0.0781083032488823] [-0.31136006116867065, -0.2101999670267105, 0.13495004177093506, 0.9342479705810547, 0.8789400458335876, 0.03360000252723694, -1.5247540473937988, -1.511031985282898] [0.1681211143732071, -0.051708824932575226, 0.1599537581205368, 0.7437735795974731, -0.33921974897384644, 0.7699299454689026]
[0.2994007170200348, -0.12068682163953781, 0.0781083032488823] [-0.31442803144454956, -0.2132679671049118, 0.13801804184913635, 0.9296460151672363, 0.8804740905761719, 0.03360000252723694, -1.5232200622558594, -1.5094980001449585] [0.1679682433605194, -0.05404134467244148, 0.16294226050376892, 0.7417184114456177, -0.3571392297744751, 0.7579766511917114]
[0.2994007170200348, -0.12068682163953781, 0.0781083032488823] [-0.3420400619506836, -0.22400596737861633, 0.165630042552948, 0.9296460151672363, 0.8789400458335876, 0.03360000252723694, -1.5232200622558594, -1.511031985282898] [0.16434206068515778, -0.054870445281267166, 0.1724398136138916, 0.7353889346122742, -0.4136625826358795, 0.7695721387863159]
[0.2994007170200348, -0.12068682163953781, 0.0781083032488823] [-0.4034000635147095, -0.22247196733951569, 0.20398004353046417, 0.9296460151672363, 0.8789400458335876, 0.03360000252723694, -1.5232200622558594, -1.511031985282898] [0.15658295154571533, -0.055737338960170746, 0.18848642706871033, 0.7061176300048828, -0.5051836371421814, 0.8003053665161133]
[0.2994007170200348, -0.12068682163953781, 0.0781083032488823] [-0.4340800642967224, -0.22247196733951569, 0.2377280443906784, 0.9296460151672363, 0.8789400458335876, 0.03360000252723694, -1.5247540473937988, -1.511031985282898] [0.15557833015918732, -0.055642083287239075, 0.19022709131240845, 0.7082012295722961, -0.5176036357879639, 0.8057341575622559]
[0.2994007170200348, -0.12068682163953781, 0.0781083032488823] [-0.4570900499820709, -0.22247196733951569, 0.2500000596046448, 0.9296460151672363, 0.8789400458335876, 0.03360000252723694, -1.5232200622558594, -1.5094980001449585] [0.14929470419883728, -0.056238915771245956, 0.20058198273181915, 0.670356273651123, -0.5725704431533813, 0.832755982875824]
[0.2994007170200348, -0.12068682163953781, 0.0781083032488823] [-0.5245860815048218, -0.23474396765232086, 0.2760780453681946, 0.9296460151672363, 0.8789400458335876, 0.03360000252723694, -1.5232200622558594, -1.511031985282898] [0.14516682922840118, -0.05987241119146347, 0.20785488188266754, 0.6536304354667664, -0.618422269821167, 0.8349115252494812]
[0.2994007170200348, -0.12068682163953781, 0.0781083032488823] [-0.5322560667991638, -0.24394796788692474, 0.28528204560279846, 0.9296460151672363, 0.8789400458335876, 0.03360000252723694, -1.5247540473937988, -1.511031985282898] [0.14489777386188507, -0.06066308543086052, 0.20866377651691437, 0.6574889421463013, -0.6257399916648865, 0.8318305611610413]
[0.2994007170200348, -0.12068682163953781, 0.0781083032488823] [-0.5322560667991638, -0.26695796847343445, 0.2868160605430603, 0.9097039699554443, 0.8789400458335876, 0.03360000252723694, -1.5247540473937988, -1.511031985282898] [0.150895893573761, -0.07508716732263565, 0.2069331705570221, 0.7149542570114136, -0.6341753602027893, 0.7136020064353943]
[0.2994007170200348, -0.12068682163953781, 0.0781083032488823] [-0.4954400658607483, -0.355929970741272, 0.26227205991744995, 0.9020339846611023, 0.8789400458335876, 0.03360000252723694, -1.5247540473937988, -1.511031985282898] [0.1589442789554596, -0.08640114963054657, 0.19669921696186066, 0.7709001302719116, -0.5875710844993591, 0.6124956607818604]
[0.2994007170200348, -0.12068682163953781, 0.0781083032488823] [-0.39879804849624634, -0.41115397214889526, 0.21318404376506805, 0.9004999995231628, 0.8789400458335876, 0.03360000252723694, -1.5247540473937988, -1.511031985282898] [0.17366571724414825, -0.09764637798070908, 0.16756445169448853, 0.8453544974327087, -0.42962929606437683, 0.49485981464385986]
[0.2994007170200348, -0.12068682163953781, 0.0781083032488823] [-0.23312604427337646, -0.506261944770813, 0.12114404141902924, 0.9020339846611023, 0.8789400458335876, 0.03320000320672989, -1.5247540473937988, -1.511031985282898] [0.1811557561159134, -0.11148439347743988, 0.14136512577533722, 0.8668450117111206, -0.28116515278816223, 0.3953627645969391]
[0.2994007170200348, -0.12068682163953781, 0.0781083032488823] [-0.17790204286575317, -0.5476799607276917, 0.07972604036331177, 0.9020339846611023, 0.8789400458335876, 0.03360000252723694, -1.5247540473937988, -1.511031985282898] [0.1831173151731491, -0.11971118301153183, 0.12657411396503448, 0.8696621060371399, -0.196017324924469, 0.3442724049091339]
[0.2994007170200348, -0.12068682163953781, 0.0781083032488823] [-0.12114404141902924, -0.6259139776229858, 0.050580039620399475, 0.9004999995231628, 0.8820080757141113, 0.03360000252723694, -1.5247540473937988, -1.511031985282898] [0.18140697479248047, -0.13830867409706116, 0.11845643818378448, 0.8837469816207886, -0.15336157381534576, 0.23681873083114624]
[0.2994007170200348, -0.12068682163953781, 0.0781083032488823] [-0.11500804126262665, -0.6934099793434143, 0.04904603958129883, 0.8744219541549683, 0.8820080757141113, 0.03360000252723694, -1.5247540473937988, -1.511031985282898] [0.1799924224615097, -0.1486763209104538, 0.11753620952367783, 0.893822431564331, -0.15101081132888794, 0.1715317815542221]
[0.2994007170200348, -0.12068682163953781, 0.0781083032488823] [-0.11500804126262665, -0.7087500095367432, 0.04904603958129883, 0.8759559988975525, 0.8820080757141113, 0.03360000252723694, -1.5247540473937988, -1.511031985282898] [0.17911365628242493, -0.15199600160121918, 0.11660154908895493, 0.8966397643089294, -0.14680366218090057, 0.1528225839138031]
[0.2994007170200348, -0.12068682163953781, 0.0781083032488823] [-0.10733804106712341, -0.7271579504013062, 0.04751203954219818, 0.8759559988975525, 0.8820080757141113, 0.03360000252723694, -1.5247540473937988, -1.511031985282898] [0.17901024222373962, -0.1525513082742691, 0.11589085310697556, 0.8964552879333496, -0.14264269173145294, 0.1496746689081192]
[0.2994007170200348, -0.12068682163953781, 0.0781083032488823] [-0.10733804106712341, -0.7271579504013062, 0.04751203954219818, 0.8759559988975525, 0.8820080757141113, 0.03320000320672989, -1.5247540473937988, -1.511031985282898] [0.17891637980937958, -0.1522071659564972, 0.11603519320487976, 0.8969956636428833, -0.14386756718158722, 0.1527564972639084]
[0.2994007170200348, -0.12068682163953781, 0.0781083032488823] [-0.10733804106712341, -0.7271579504013062, 0.050580039620399475, 0.8790239691734314, 0.8820080757141113, 0.03360000252723694, -1.5247540473937988, -1.511031985282898] [0.17890414595603943, -0.15220355987548828, 0.11617874354124069, 0.897976815700531, -0.14504878222942352, 0.15273801982402802]
[0.2994007170200348, -0.12068682163953781, 0.0781083032488823] [-0.10733804106712341, -0.7271579504013062, 0.05211403965950012, 0.8790239691734314, 0.8820080757141113, 0.03360000252723694, -1.5247540473937988, -1.511031985282898] [0.17890428006649017, -0.15219683945178986, 0.11619140207767487, 0.9001756906509399, -0.14589501917362213, 0.15266305208206177]
[0.2994007170200348, -0.12068682163953781, 0.0781083032488823] [-0.10733804106712341, -0.7271579504013062, 0.05364803969860077, 0.8790239691734314, 0.8820080757141113, 0.03360000252723694, -1.5247540473937988, -1.511031985282898] [0.17896167933940887, -0.15192124247550964, 0.1164747104048729, 0.8997756838798523, -0.14738604426383972, 0.15424680709838867]
[0.2994007170200348, -0.12068682163953781, 0.0781083032488823] [-0.10733804106712341, -0.7256239652633667, 0.05364803969860077, 0.8790239691734314, 0.8820080757141113, 0.03360000252723694, -1.5247540473937988, -1.511031985282898] [0.17892007529735565, -0.15175123512744904, 0.11647561192512512, 0.8995479345321655, -0.14741311967372894, 0.15579745173454285]
[0.2994007170200348, -0.12068682163953781, 0.0781083032488823] [-0.10733804106712341, -0.7256239652633667, 0.05364803969860077, 0.8790239691734314, 0.8820080757141113, 0.03360000252723694, -1.5247540473937988, -1.511031985282898] [0.1788526028394699, -0.1515752375125885, 0.1167641431093216, 0.9012764692306519, -0.14980816841125488, 0.15730421245098114]
[0.2994007170200348, -0.12068682163953781, 0.0781083032488823] [-0.10733804106712341, -0.7225559949874878, 0.05825003981590271, 0.8943639993667603, 0.8820080757141113, 0.03360000252723694, -1.5247540473937988, -1.511031985282898] [0.1786733716726303, -0.14921817183494568, 0.11708857864141464, 0.9006233811378479, -0.1523696631193161, 0.17587058246135712]
[0.2994007170200348, -0.12068682163953781, 0.0781083032488823] [-0.10733804106712341, -0.7210220098495483, 0.05825003981590271, 0.8958979845046997, 0.8820080757141113, 0.03360000252723694, -1.5232200622558594, -1.511031985282898] [0.17880232632160187, -0.14866727590560913, 0.11737962067127228, 0.9000197649002075, -0.15382114052772522, 0.17901279032230377]
[0.2994007170200348, -0.12068682163953781, 0.0781083032488823] [-0.11194004118442535, -0.6934099793434143, 0.05978403985500336, 0.9035679697990417, 0.8820080757141113, 0.03360000252723694, -1.5247540473937988, -1.511031985282898] [0.17977485060691833, -0.14330698549747467, 0.11833073198795319, 0.8937445878982544, -0.15786957740783691, 0.21172674000263214]
[0.2994007170200348, -0.12068682163953781, 0.0781083032488823] [-0.1165420413017273, -0.6918759942054749, 0.05978403985500336, 0.9020339846611023, 0.8820080757141113, 0.03360000252723694, -1.5247540473937988, -1.511031985282898] [0.1797865927219391, -0.14302973449230194, 0.11889026314020157, 0.8929148316383362, -0.16083139181137085, 0.213382288813591]
[0.2994007170200348, -0.12068682163953781, 0.0781083032488823] [-0.11807604134082794, -0.6903419494628906, 0.05978403985500336, 0.9035679697990417, 0.8804740905761719, 0.03360000252723694, -1.5247540473937988, -1.511031985282898] [0.17970596253871918, -0.1428624391555786, 0.11916573345661163, 0.8923344612121582, -0.16234898567199707, 0.2149895280599594]
[0.2994007170200348, -0.12068682163953781, 0.0781083032488823] [-0.11961004137992859, -0.6780699491500854, 0.061318039894104004, 0.9158399701118469, 0.8804740905761719, 0.03320000320672989, -1.5247540473937988, -1.5094980001449585] [0.17988717555999756, -0.1380329430103302, 0.12022663652896881, 0.8877272009849548, -0.1676647812128067, 0.24778223037719727]
[0.2994007170200348, -0.12068682163953781, 0.0781083032488823] [-0.12881404161453247, -0.6596620082855225, 0.06285203993320465, 0.9219759702682495, 0.8804740905761719, 0.03360000252723694, -1.5247540473937988, -1.511031985282898] [0.18032394349575043, -0.13336333632469177, 0.12241324037313461, 0.882148802280426, -0.1785152554512024, 0.2762529253959656]
[0.2994007170200348, -0.12068682163953781, 0.0781083032488823] [-0.14875604212284088, -0.6243799924850464, 0.06745404005050659, 0.9219759702682495, 0.8804740905761719, 0.03360000252723694, -1.5247540473937988, -1.511031985282898] [0.18082904815673828, -0.1274852305650711, 0.12647360563278198, 0.8759774565696716, -0.19970209896564484, 0.310005247592926]
[0.2994007170200348, -0.12068682163953781, 0.0781083032488823] [-0.15182404220104218, -0.6167099475860596, 0.07052204012870789, 0.9219759702682495, 0.8804740905761719, 0.03360000252723694, -1.5247540473937988, -1.511031985282898] [0.1808694452047348, -0.1274852305650711, 0.12619619071483612, 0.8764547109603882, -0.1982412189245224, 0.30991092324256897]
[0.2994007170200348, -0.12068682163953781, 0.0781083032488823] [-0.15182404220104218, -0.6121079921722412, 0.07052204012870789, 0.9219759702682495, 0.8804740905761719, 0.03360000252723694, -1.5247540473937988, -1.511031985282898] [0.18111011385917664, -0.1255197674036026, 0.1266665905714035, 0.8753278851509094, -0.20042049884796143, 0.32093873620033264]
[0.2994007170200348, -0.12068682163953781, 0.0781083032488823] [-0.17330004274845123, -0.5553499460220337, 0.08126004040241241, 0.9219759702682495, 0.8804740905761719, 0.03360000252723694, -1.5247540473937988, -1.511031985282898] [0.18136849999427795, -0.1145206168293953, 0.13319173455238342, 0.8619711399078369, -0.23289580643177032, 0.38431045413017273]
[0.2994007170200348, -0.12068682163953781, 0.0781083032488823] [-0.19017404317855835, -0.5308059453964233, 0.08279404044151306, 0.9219759702682495, 0.8804740905761719, 0.03360000252723694, -1.5247540473937988, -1.511031985282898] [0.18120631575584412, -0.11084078252315521, 0.13561664521694183, 0.8545071482658386, -0.24401597678661346, 0.40591317415237427]
[0.2994007170200348, -0.12068682163953781, 0.0781083032488823] [-0.19631004333496094, -0.5108639597892761, 0.08586204051971436, 0.9219759702682495, 0.8804740905761719, 0.03360000252723694, -1.5247540473937988, -1.511031985282898] [0.18122436106204987, -0.10432203114032745, 0.13724306225776672, 0.8507007956504822, -0.25149601697921753, 0.44275808334350586]
[0.2994007170200348, -0.12068682163953781, 0.0781083032488823] [-0.20398004353046417, -0.4740479588508606, 0.09506604075431824, 0.9204419851303101, 0.8804740905761719, 0.03360000252723694, -1.5247540473937988, -1.511031985282898] [0.18093478679656982, -0.10006826370954514, 0.1390865594148636, 0.8456869721412659, -0.26002413034439087, 0.4673883318901062]
[0.2994007170200348, -0.12068682163953781, 0.0781083032488823] [-0.20551404356956482, -0.4525719881057739, 0.09506604075431824, 0.9219759702682495, 0.8804740905761719, 0.03320000320672989, -1.5247540473937988, -1.511031985282898] [0.18091684579849243, -0.09467311203479767, 0.13908281922340393, 0.8402366638183594, -0.25726523995399475, 0.49731507897377014]
[0.2994007170200348, -0.12068682163953781, 0.0781083032488823] [-0.20551404356956482, -0.4157559871673584, 0.09506604075431824, 0.9219759702682495, 0.8804740905761719, 0.03360000252723694, -1.5247540473937988, -1.511031985282898] [0.18066641688346863, -0.0895664393901825, 0.13947181403636932, 0.8352744579315186, -0.2570551633834839, 0.525890052318573]
[0.2994007170200348, -0.12068682163953781, 0.0781083032488823] [-0.2085820436477661, -0.3927459716796875, 0.09660004079341888, 0.9219759702682495, 0.8804740905761719, 0.03360000252723694, -1.5247540473937988, -1.511031985282898] [0.18021823465824127, -0.0844622328877449, 0.1400943398475647, 0.826828122138977, -0.25682857632637024, 0.5547518134117126]
[0.2994007170200348, -0.12068682163953781, 0.0781083032488823] [-0.21318404376506805, -0.36820197105407715, 0.09660004079341888, 0.9204419851303101, 0.8804740905761719, 0.03320000320672989, -1.5247540473937988, -1.511031985282898] [0.17954538762569427, -0.077960304915905, 0.14039012789726257, 0.8204166293144226, -0.2553054690361023, 0.5911668539047241]
[0.2994007170200348, -0.12068682163953781, 0.0781083032488823] [-0.21318404376506805, -0.3329199552536011, 0.09660004079341888, 0.9219759702682495, 0.8804740905761719, 0.03360000252723694, -1.5247540473937988, -1.511031985282898] [0.1790471374988556, -0.07373154908418655, 0.1402822583913803, 0.8162739872932434, -0.25254490971565247, 0.6146966218948364]
[0.2994007170200348, -0.12068682163953781, 0.0781083032488823] [-0.21318404376506805, -0.31604596972465515, 0.09660004079341888, 0.9204419851303101, 0.8804740905761719, 0.03360000252723694, -1.5247540473937988, -1.5094980001449585] [0.17839214205741882, -0.06951561570167542, 0.14042754471302032, 0.8112590312957764, -0.2509227991104126, 0.638431191444397]
[0.2994007170200348, -0.12068682163953781, 0.0781083032488823] [-0.2208540439605713, -0.2884339690208435, 0.09506604075431824, 0.9219759702682495, 0.8804740905761719, 0.03360000252723694, -1.5247540473937988, -1.511031985282898] [0.17724473774433136, -0.06615154445171356, 0.1428883969783783, 0.7974324226379395, -0.2594711184501648, 0.6595529317855835]
[0.2994007170200348, -0.12068682163953781, 0.0781083032488823] [-0.23312604427337646, -0.28076398372650146, 0.09506604075431824, 0.9219759702682495, 0.8804740905761719, 0.03360000252723694, -1.5247540473937988, -1.511031985282898] [0.1769496202468872, -0.06559225171804428, 0.14368069171905518, 0.7939292192459106, -0.2626684010028839, 0.6634426712989807]
[0.2994007170200348, -0.12068682163953781, 0.0781083032488823] [-0.2346600443124771, -0.27616196870803833, 0.09660004079341888, 0.9219759702682495, 0.8804740905761719, 0.03360000252723694, -1.5247540473937988, -1.511031985282898] [0.17637945711612701, -0.06336017698049545, 0.1442704200744629, 0.7905223369598389, -0.26450732350349426, 0.6766071915626526]
[0.2994007170200348, -0.12068682163953781, 0.0781083032488823] [-0.24233004450798035, -0.2500839829444885, 0.09660004079341888, 0.9219759702682495, 0.8789400458335876, 0.03360000252723694, -1.5247540473937988, -1.511031985282898] [0.17512384057044983, -0.058905769139528275, 0.14552712440490723, 0.7788492441177368, -0.2666410207748413, 0.703141987323761]
[0.2994007170200348, -0.12068682163953781, 0.0781083032488823] [-0.2530680298805237, -0.23167596757411957, 0.09660004079341888, 0.9219759702682495, 0.8804740905761719, 0.03360000252723694, -1.5247540473937988, -1.511031985282898] [0.17394426465034485, -0.05614463612437248, 0.1475527286529541, 0.7731729745864868, -0.2759762704372406, 0.7210054993629456]
[0.2994007170200348, -0.12068682163953781, 0.0781083032488823] [-0.25613605976104736, -0.23474396765232086, 0.10580404102802277, 0.9204419851303101, 0.8804740905761719, 0.03360000252723694, -1.5247540473937988, -1.511031985282898] [0.1749792844057083, -0.06100143492221832, 0.14813850820064545, 0.7834280729293823, -0.2841060161590576, 0.6929768919944763]
[0.2994007170200348, -0.12068682163953781, 0.0781083032488823] [-0.25613605976104736, -0.28076398372650146, 0.10733804106712341, 0.912771999835968, 0.8804740905761719, 0.03360000252723694, -1.5247540473937988, -1.5094980001449585] [0.17679810523986816, -0.06921140849590302, 0.1488502323627472, 0.7932697534561157, -0.2924950122833252, 0.642781138420105]
[0.2994007170200348, -0.12068682163953781, 0.0781083032488823] [-0.2576700448989868, -0.3329199552536011, 0.10887204110622406, 0.9004999995231628, 0.8804740905761719, 0.03360000252723694, -1.5247540473937988, -1.511031985282898] [0.17967821657657623, -0.09764347225427628, 0.15024030208587646, 0.8302673697471619, -0.31704747676849365, 0.47650453448295593]
[0.2994007170200348, -0.12068682163953781, 0.0781083032488823] [-0.25920403003692627, -0.47864997386932373, 0.10887204110622406, 0.8974319696426392, 0.8804740905761719, 0.03360000252723694, -1.5232200622558594, -1.511031985282898] [0.179500013589859, -0.10652147978544235, 0.1501772552728653, 0.8402838706970215, -0.32236742973327637, 0.4269082844257355]
[0.2994007170200348, -0.12068682163953781, 0.0781083032488823] [-0.2607380449771881, -0.5093299746513367, 0.10887204110622406, 0.8974319696426392, 0.8804740905761719, 0.03360000252723694, -1.5232200622558594, -1.5094980001449585] [0.17866580188274384, -0.11707977205514908, 0.15025056898593903, 0.8538565039634705, -0.3294261395931244, 0.36771106719970703]
[0.2994007170200348, -0.12068682163953781, 0.0781083032488823] [-0.25920403003692627, -0.5967679619789124, 0.10887204110622406, 0.8958979845046997, 0.8804740905761719, 0.03360000252723694, -1.5232200622558594, -1.511031985282898] [0.17729319632053375, -0.128868967294693, 0.14958110451698303, 0.8710665106773376, -0.3332988917827606, 0.2998795807361603]
[0.2994007170200348, -0.12068682163953781, 0.0781083032488823] [-0.2576700448989868, -0.6565939784049988, 0.10733804106712341, 0.8943639993667603, 0.8804740905761719, 0.03320000320672989, -1.5247540473937988, -1.511031985282898] [0.1744401454925537, -0.14387044310569763, 0.1483915001153946, 0.8938592672348022, -0.33587923645973206, 0.21253256499767303]
[0.2994007170200348, -0.12068682163953781, 0.0781083032488823] [-0.2576700448989868, -0.7563039660453796, 0.10733804106712341, 0.8912959694862366, 0.8804740905761719, 0.03360000252723694, -1.5232200622558594, -1.5094980001449585] [0.17031651735305786, -0.15903246402740479, 0.14700283110141754, 0.9171875715255737, -0.33779236674308777, 0.12180685251951218]
[0.2994007170200348, -0.12068682163953781, 0.0781083032488823] [-0.2546020448207855, -0.8130619525909424, 0.10733804106712341, 0.8897619843482971, 0.8804740905761719, 0.03360000252723694, -1.5232200622558594, -1.511031985282898] [0.16646984219551086, -0.17106451094150543, 0.14348486065864563, 0.9322692155838013, -0.32379150390625, 0.048982132226228714]
[0.2994007170200348, -0.12068682163953781, 0.0781083032488823] [-0.23159204423427582, -0.8422079682350159, 0.09660004079341888, 0.8928300142288208, 0.8804740905761719, 0.03360000252723694, -1.5247540473937988, -1.511031985282898] [0.16831573843955994, -0.17027412354946136, 0.13587971031665802, 0.9278450012207031, -0.27666956186294556, 0.05503961443901062]
[0.2994007170200348, -0.12068682163953781, 0.0781083032488823] [-0.1886400431394577, -0.8406739830970764, 0.0904640406370163, 0.8958979845046997, 0.8804740905761719, 0.03360000252723694, -1.5247540473937988, -1.511031985282898] [0.16937384009361267, -0.17027068138122559, 0.13050220906734467, 0.9245498180389404, -0.24311703443527222, 0.05491938069462776]
[0.2994007170200348, -0.12068682163953781, 0.0781083032488823] [-0.15489204227924347, -0.8299359679222107, 0.07665804028511047, 0.8958979845046997, 0.8804740905761719, 0.03360000252723694, -1.5247540473937988, -1.511031985282898] [0.17304310202598572, -0.16576574742794037, 0.11746811121702194, 0.913841187953949, -0.16116929054260254, 0.08113338053226471]
[0.2994007170200348, -0.12068682163953781, 0.0781083032488823] [-0.10273604094982147, -0.8130619525909424, 0.06592004001140594, 0.8958979845046997, 0.8804740905761719, 0.03360000252723694, -1.5247540473937988, -1.511031985282898] [0.1732502430677414, -0.16549886763095856, 0.11641664057970047, 0.9141857624053955, -0.15504056215286255, 0.08260461688041687]
[0.2994007170200348, -0.12068682163953781, 0.0781083032488823] [-0.10120204091072083, -0.8145959973335266, 0.06592004001140594, 0.8958979845046997, 0.8804740905761719, 0.03320000320672989, -1.5247540473937988, -1.511031985282898] [0.17327523231506348, -0.16549886763095856, 0.116150863468647, 0.9143138527870178, -0.15351179242134094, 0.0825849324464798]
[0.2994007170200348, -0.12068682163953781, 0.0781083032488823] [-0.10120204091072083, -0.8130619525909424, 0.06745404005050659, 0.8958979845046997, 0.8804740905761719, 0.03360000252723694, -1.5247540473937988, -1.511031985282898] [0.1732502430677414, -0.16549886763095856, 0.11641664057970047, 0.9141857624053955, -0.15504056215286255, 0.08260461688041687]
[0.2994007170200348, -0.12068682163953781, 0.0781083032488823] [-0.10120204091072083, -0.8145959973335266, 0.06745404005050659, 0.8958979845046997, 0.8789400458335876, 0.03320000320672989, -1.5247540473937988, -1.511031985282898] [0.1731470376253128, -0.16576574742794037, 0.11640600115060806, 0.9143445491790771, -0.15505343675613403, 0.08105412870645523]
[0.2994007170200348, -0.12068682163953781, 0.0781083032488823] [-0.10273604094982147, -0.8130619525909424, 0.06745404005050659, 0.8958979845046997, 0.8789400458335876, 0.03360000252723694, -1.5247540473937988, -1.511031985282898] [0.1732502430677414, -0.16549886763095856, 0.11641664057970047, 0.9141857624053955, -0.15504056215286255, 0.08260461688041687]
