0.186941756609428	-0.535094906225773	0.409520361342425	0.835719458492272	0.700949023158810	0.979655953887303	-1.43853305125552	-1.46294053246414
0.186941756609428	-0.535094906225773	0.409520361342425	0.835719458492272	0.700949023158810	0.979655953887303	-1.43853305125552	-1.46294053246414
0.186941756609428	-0.535094906225773	0.409520361342425	0.835719458492272	0.700949023158810	0.979655953887303	-1.43853305125552	-1.46294053246414
0.186941756609428	-0.535094906225773	0.409520361342425	0.835719458492272	0.700949023158810	0.979655953887303	-1.43853305125552	-1.46294053246414
0.186941756609428	-0.535094906225773	0.409520361342425	0.835719458492272	0.700949023158810	0.979655953887303	-1.43853305125552	-1.46294053246414
0.186941756609428	-0.535094906225773	0.409520361342425	0.835719458492272	0.700949023158810	0.979655953887303	-1.43853305125552	-1.46294053246414
0.186941756609428	-0.535094906225773	0.409520361342425	0.835719458492272	0.700949023158810	0.979655953887303	-1.43853305125552	-1.46294053246414
0.186941756609428	-0.535094906225773	0.409520361342425	0.835719458492272	0.700949023158810	0.979655953887303	-1.43853305125552	-1.46294053246414
0.186941756609428	-0.535094906225773	0.409520361342425	0.835719458492272	0.700949023158810	0.979655953887303	-1.43853305125552	-1.46294053246414
0.186941756609428	-0.535094906225773	0.409520361342425	0.835719458492272	0.700949023158810	0.979655953887303	-1.43853305125552	-1.46294053246414
0.186941756609428	-0.535094906225773	0.409520361342425	0.835719458492272	0.700949023158810	0.979655953887303	-1.43853305125552	-1.46294053246414
0.186941756609428	-0.535094906225773	0.409520361342425	0.835719458492272	0.700949023158810	0.979655953887303	-1.43853305125552	-1.46294053246414
0.186941756609428	-0.535094906225773	0.409520361342425	0.835719458492272	0.700949023158810	0.979655953887303	-1.43853305125552	-1.46294053246414
0.186941756609428	-0.535094906225773	0.409520361342425	0.835719458492272	0.700949023158810	0.979655953887303	-1.43853305125552	-1.46294053246414
0.186941756609428	-0.535094906225773	0.409520361342425	0.835719458492272	0.700949023158810	0.979655953887303	-1.43853305125552	-1.46294053246414
0.186941756609428	-0.535094906225773	0.409520361342425	0.835719458492272	0.700949023158810	0.979655953887303	-1.43853305125552	-1.46294053246414
0.186941756609428	-0.535094906225773	0.409520361342425	0.835719458492272	0.700949023158810	0.979655953887303	-1.43853305125552	-1.46294053246414
0.186941756609428	-0.535094906225773	0.409520361342425	0.835719458492272	0.700949023158810	0.979655953887303	-1.43853305125552	-1.46294053246414
0.186941756609428	-0.535094906225773	0.409520361342425	0.835719458492272	0.700949023158810	0.979655953887303	-1.43853305125552	-1.46294053246414
0.186941756609428	-0.535094906225773	0.409520361342425	0.835719458492272	0.700949023158810	0.979655953887303	-1.43853305125552	-1.46294053246414
0.186941756609428	-0.535094906225773	0.409520361342425	0.835719458492272	0.700949023158810	0.979655953887303	-1.43853305125552	-1.46294053246414
0.186941756609428	-0.535094906225773	0.409520361342425	0.835719458492272	0.700949023158810	0.979655953887303	-1.43853305125552	-1.46294053246414
0.186941756609428	-0.535094906225773	0.409520361342425	0.835719458492272	0.700949023158810	0.979655953887303	-1.43853305125552	-1.46294053246414
0.0929508812784825	-0.262205628958989	0.338183826211154	0.971645680179597	0.717487796508313	0.248618826531752	-1.28947789112230	-1.30798619070795
0.0929508812784825	-0.262205628958989	0.338183826211154	0.971645680179597	0.717487796508313	0.248618826531752	-1.28947789112230	-1.30798619070795
0.0977571770700753	-0.294242762580984	0.373961508863351	0.893964287015502	0.710190223536087	0.393378632210821	-1.33834060878959	-1.35754119120663
0.0977571770700753	-0.294242762580984	0.373961508863351	0.893964287015502	0.710190223536087	0.393378632210821	-1.33834060878959	-1.35754119120663
0.0977571770700753	-0.294242762580984	0.373961508863351	0.893964287015502	0.710190223536087	0.393378632210821	-1.33834060878959	-1.35754119120663
0.100495143933411	-0.330975858799768	0.413231116202728	0.844016402899272	0.704150952716221	0.475954634241598	-1.38039925324185	-1.40064772747717
0.100495143933411	-0.330975858799768	0.413231116202728	0.844016402899272	0.704150952716221	0.475954634241598	-1.38039925324185	-1.40064772747717
0.106513596784013	-0.322233144811674	0.396702630250905	0.766487125159737	0.700308001105215	0.743244742422898	-1.41159174146346	-1.43062335760143
0.106513596784013	-0.322233144811674	0.396702630250905	0.766487125159737	0.700308001105215	0.743244742422898	-1.41159174146346	-1.43062335760143
0.106513596784013	-0.322233144811674	0.396702630250905	0.766487125159737	0.700308001105215	0.743244742422898	-1.41159174146346	-1.43062335760143
0.0917205435516022	-0.247271790281476	0.339880455106302	0.943874932412051	0.713080036232065	0.363478790035154	-1.30758845205343	-1.32520059349073
0.0917205435516022	-0.247271790281476	0.339880455106302	0.943874932412051	0.713080036232065	0.363478790035154	-1.30758845205343	-1.32520059349073
0.0977753073385435	-0.284499989506169	0.376746159946229	0.805152074110442	0.703224720818870	0.656537161872537	-1.38336896313346	-1.40141000585284
0.0945685600145122	-0.363287190720148	0.384181350461968	1.06829746520668	0.724046562854761	0.277849649913560	-1.34848350735132	-1.37110001780278
0.0945685600145122	-0.363287190720148	0.384181350461968	1.06829746520668	0.724046562854761	0.277849649913560	-1.34848350735132	-1.37110001780278
0.0907700221712015	-0.379703685391162	0.405939293687325	1.05987586683209	0.721623887131897	0.356965195553783	-1.37745385421663	-1.40059320993675
0.0907700221712015	-0.379703685391162	0.405939293687325	1.05987586683209	0.721623887131897	0.356965195553783	-1.37745385421663	-1.40059320993675
0.125854609952363	-0.362535982638194	0.389239939814492	1.15373628847939	0.717358070358018	0.00695007663544073	-1.28906868347534	-1.31151739085047
0.125854609952363	-0.362535982638194	0.389239939814492	1.15373628847939	0.717358070358018	0.00695007663544073	-1.28906868347534	-1.31151739085047
0.125854609952363	-0.362535982638194	0.389239939814492	1.15373628847939	0.717358070358018	0.00695007663544073	-1.28906868347534	-1.31151739085047
0.0895164656215769	-0.356760808376089	0.387404398681920	1.07088263312796	0.723685260283846	0.236682481968005	-1.33922050987559	-1.36170330527341
0.0895164656215769	-0.356760808376089	0.387404398681920	1.07088263312796	0.723685260283846	0.236682481968005	-1.33922050987559	-1.36170330527341
0.0895164656215769	-0.356760808376089	0.387404398681920	1.07088263312796	0.723685260283846	0.236682481968005	-1.33922050987559	-1.36170330527341
0.0894742347713664	-0.358750949202722	0.421030798273016	1.11137840511781	0.716816613481334	0.0873294477957284	-1.31844938922348	-1.34109659727841
0.0894742347713664	-0.358750949202722	0.421030798273016	1.11137840511781	0.716816613481334	0.0873294477957284	-1.31844938922348	-1.34109659727841
0.0894742347713664	-0.358750949202722	0.421030798273016	1.11137840511781	0.716816613481334	0.0873294477957284	-1.31844938922348	-1.34109659727841
0.0350885750088444	-0.341213423229408	0.476233426875032	1.07792658785885	0.713334933810951	0.0534844979419873	-1.32833190643716	-1.35098995455262
-0.239265906608195	-0.317697865358461	0.730398741775702	0.768911105243139	0.706673422289513	0.636255840554497	-1.55091902047582	-1.57525347428457
-0.239265906608195	-0.317697865358461	0.730398741775702	0.768911105243139	0.706673422289513	0.636255840554497	-1.55091902047582	-1.57525347428457
-0.177991517512167	-0.309121835853038	0.659169352354283	0.842132813069087	0.709960100514983	0.444401787166177	-1.47936746012917	-1.50291683496442
-0.177991517512167	-0.309121835853038	0.659169352354283	0.842132813069087	0.709960100514983	0.444401787166177	-1.47936746012917	-1.50291683496442
-0.177991517512167	-0.309121835853038	0.659169352354283	0.842132813069087	0.709960100514983	0.444401787166177	-1.47936746012917	-1.50291683496442
0.0308800526421750	-0.336605422455845	0.494887117576060	1.09950619336000	0.709756832054466	-0.0528188158165625	-1.31048890464735	-1.33311023091289
0.0308800526421750	-0.336605422455845	0.494887117576060	1.09950619336000	0.709756832054466	-0.0528188158165625	-1.31048890464735	-1.33311023091289
0.0224299419184075	-0.322390678345167	0.492260217655986	1.09884622185959	0.710539860696154	-0.113442237479765	-1.29326092455488	-1.31554544902163
0.0224299419184075	-0.322390678345167	0.492260217655986	1.09884622185959	0.710539860696154	-0.113442237479765	-1.29326092455488	-1.31554544902163
0.0189217906094347	-0.280547309505675	0.423171199190121	1.06986621092816	0.721919576056279	-0.146345827133659	-1.25241383177313	-1.27339002599426
0.0189217906094347	-0.280547309505675	0.423171199190121	1.06986621092816	0.721919576056279	-0.146345827133659	-1.25241383177313	-1.27339002599426
0.0189217906094347	-0.280547309505675	0.423171199190121	1.06986621092816	0.721919576056279	-0.146345827133659	-1.25241383177313	-1.27339002599426
0.0179444966867351	-0.251076764958035	0.357240760159935	1.03055011121623	0.733291005236288	-0.0939429545188531	-1.23424578289909	-1.25423494389874
0.0179444966867351	-0.251076764958035	0.357240760159935	1.03055011121623	0.733291005236288	-0.0939429545188531	-1.23424578289909	-1.25423494389874
0.0758615160794754	-0.336067190561520	0.474411172354656	1.04376381331570	0.702307316269319	0.0713115516430545	-1.33570538101789	-1.35738612716269
0.0758615160794754	-0.336067190561520	0.474411172354656	1.04376381331570	0.702307316269319	0.0713115516430545	-1.33570538101789	-1.35738612716269
0.0798750277297093	-0.349811790263976	0.467284351026641	1.13363081195595	0.707023519980522	-0.0446750495767447	-1.30474717379303	-1.32718491350401
0.0925764490783438	-0.328481299673272	0.424459989720579	1.11475349770238	0.710345334185141	0.0154176381761664	-1.29575702547373	-1.31715598409623
0.0925764490783438	-0.328481299673272	0.424459989720579	1.11475349770238	0.710345334185141	0.0154176381761664	-1.29575702547373	-1.31715598409623
0.0925764490783438	-0.328481299673272	0.424459989720579	1.11475349770238	0.710345334185141	0.0154176381761664	-1.29575702547373	-1.31715598409623
0.0941998791470892	-0.351243850664748	0.441476532593989	1.14434256062706	0.710224613268802	-0.0371792844861206	-1.29595646406462	-1.31830519927537
0.0941998791470892	-0.351243850664748	0.441476532593989	1.14434256062706	0.710224613268802	-0.0371792844861206	-1.29595646406462	-1.31830519927537
0.115736369331974	-0.334903729582164	0.346749811936881	1.11930639391170	0.725601324723000	0.0289606594113837	-1.27315050531761	-1.29478669752153
0.115736369331974	-0.334903729582164	0.346749811936881	1.11930639391170	0.725601324723000	0.0289606594113837	-1.27315050531761	-1.29478669752153
0.115736369331974	-0.334903729582164	0.346749811936881	1.11930639391170	0.725601324723000	0.0289606594113837	-1.27315050531761	-1.29478669752153
0.130137244967431	-0.348027178728280	0.333909013138012	1.11631919068127	0.726908129687821	0.111408885920287	-1.28931933543112	-1.31118086308271
0.130137244967431	-0.348027178728280	0.333909013138012	1.11631919068127	0.726908129687821	0.111408885920287	-1.28931933543112	-1.31118086308271
0.200531382167537	-0.434804979496872	0.335553623584587	1.14805640757340	0.721805228169180	0.410607142630448	-1.37311195361128	-1.39688269470775
0.200531382167537	-0.434804979496872	0.335553623584587	1.14805640757340	0.721805228169180	0.410607142630448	-1.37311195361128	-1.39688269470775
0.200531382167537	-0.434804979496872	0.335553623584587	1.14805640757340	0.721805228169180	0.410607142630448	-1.37311195361128	-1.39688269470775
0.302865195368150	-0.532804888810300	0.382869174513846	1.29990616697048	0.702448051561175	0.346137487267666	-1.39391058466436	-1.41986849871510
0.302865195368150	-0.532804888810300	0.382869174513846	1.29990616697048	0.702448051561175	0.346137487267666	-1.39391058466436	-1.41986849871510
0.315432246348002	-0.561292213010588	0.403427515464966	1.31033331857468	0.698447016725473	0.424002964598807	-1.42432083970006	-1.45102776591898
0.315432246348002	-0.561292213010588	0.403427515464966	1.31033331857468	0.698447016725473	0.424002964598807	-1.42432083970006	-1.45102776591898
0.315432246348002	-0.561292213010588	0.403427515464966	1.31033331857468	0.698447016725473	0.424002964598807	-1.42432083970006	-1.45102776591898
0.256498971477255	-0.463299494415645	0.377229902633730	1.29368383408681	0.705661312784067	0.0519355396190144	-1.31285771939743	-1.33721921207818
0.256498971477255	-0.463299494415645	0.377229902633730	1.29368383408681	0.705661312784067	0.0519355396190144	-1.31285771939743	-1.33721921207818
0.265238478918924	-0.471418162747548	0.385335332655255	1.31238366540740	0.703132837862783	0.0235530340272484	-1.31094592054512	-1.33550115671275
0.265238478918924	-0.471418162747548	0.385335332655255	1.31238366540740	0.703132837862783	0.0235530340272484	-1.31094592054512	-1.33550115671275
0.265238478918924	-0.471418162747548	0.385335332655255	1.31238366540740	0.703132837862783	0.0235530340272484	-1.31094592054512	-1.33550115671275
0.274591793599133	-0.489268533965603	0.407447981051931	1.33463944331738	0.698426837404533	0.0146965856531500	-1.32044122793237	-1.34548876727948
0.274591793599133	-0.489268533965603	0.407447981051931	1.33463944331738	0.698426837404533	0.0146965856531500	-1.32044122793237	-1.34548876727948
0.274591793599133	-0.489268533965603	0.407447981051931	1.33463944331738	0.698426837404533	0.0146965856531500	-1.32044122793237	-1.34548876727948
0.311593019718870	-0.496987494598818	0.358868848769546	1.35012379781389	0.702723800669333	0.0519216975475132	-1.31204492959878	-1.33693758893653
0.311593019718870	-0.496987494598818	0.358868848769546	1.35012379781389	0.702723800669333	0.0519216975475132	-1.31204492959878	-1.33693758893653
0.274597080790766	-0.468310309818676	0.373780241447786	1.32571337045741	0.703613708116888	-0.0199047404308130	-1.29624679040425	-1.32063262571986
0.274597080790766	-0.468310309818676	0.373780241447786	1.32571337045741	0.703613708116888	-0.0199047404308130	-1.29624679040425	-1.32063262571986
0.274597080790766	-0.468310309818676	0.373780241447786	1.32571337045741	0.703613708116888	-0.0199047404308130	-1.29624679040425	-1.32063262571986
0.308103646903070	-0.460894955108935	0.296004196676573	1.32013463599246	0.713262963102425	0.0421943331189114	-1.27984908405193	-1.30360251002070
0.308103646903070	-0.460894955108935	0.296004196676573	1.32013463599246	0.713262963102425	0.0421943331189114	-1.27984908405193	-1.30360251002070
0.456480747453939	-0.564123022174825	0.385782305998088	1.63049931039072	0.689842263747971	0.0308143201262607	-1.35318185174077	-1.38241339772301
0.456480747453939	-0.564123022174825	0.385782305998088	1.63049931039072	0.689842263747971	0.0308143201262607	-1.35318185174077	-1.38241339772301
0.456480747453939	-0.564123022174825	0.385782305998088	1.63049931039072	0.689842263747971	0.0308143201262607	-1.35318185174077	-1.38241339772301
0.252684167813582	-0.566190690238170	0.0370647639567582	1.56093419072908	0.704521651876587	0.120077959530714	-1.30760891634858	-1.33021292855441
0.252684167813582	-0.566190690238170	0.0370647639567582	1.56093419072908	0.704521651876587	0.120077959530714	-1.30760891634858	-1.33021292855441
0.378569709387880	-0.479669498951717	0.192299389795644	1.36405271333508	0.720840246622634	0.100101824687563	-1.26094017446188	-1.28432331142026
0.378569709387880	-0.479669498951717	0.192299389795644	1.36405271333508	0.720840246622634	0.100101824687563	-1.26094017446188	-1.28432331142026
0.380359909595677	-0.481277658307552	0.186912238803882	1.36264587326748	0.721442596887972	0.117492739196294	-1.26349400122039	-1.28687578036229
0.380359909595677	-0.481277658307552	0.186912238803882	1.36264587326748	0.721442596887972	0.117492739196294	-1.26349400122039	-1.28687578036229
0.271462859731288	-0.638859748431167	0.309306295426761	1.06698469575430	0.716176175728772	0.988836507391009	-1.33313067019517	-1.35961629538858
0.272374333142445	-0.658896696727990	0.327473963090678	1.05379476684510	0.714656607376984	0.988828673328886	-1.34752267796714	-1.37473617308809
0.272374333142445	-0.658896696727990	0.327473963090678	1.05379476684510	0.714656607376984	0.988828673328886	-1.34752267796714	-1.37473617308809
0.274515276156452	-0.560819910223129	0.221995775387122	1.14628071676959	0.724080546306807	0.986229369819784	-1.26166786495875	-1.28517571294045
0.274515276156452	-0.560819910223129	0.221995775387122	1.14628071676959	0.724080546306807	0.986229369819784	-1.26166786495875	-1.28517571294045
0.274515276156452	-0.560819910223129	0.221995775387122	1.14628071676959	0.724080546306807	0.986229369819784	-1.26166786495875	-1.28517571294045
0.278963075338980	-0.679326088710450	0.331507948823117	1.06438569829393	0.714811844403698	0.988869978882258	-1.34896347950014	-1.37678591896419
0.278963075338980	-0.679326088710450	0.331507948823117	1.06438569829393	0.714811844403698	0.988869978882258	-1.34896347950014	-1.37678591896419
0.277836657215567	-0.670183130928868	0.325340479689583	1.06632553866898	0.715265801665457	0.988850927659710	-1.34422612369106	-1.37173935668876
0.277836657215567	-0.670183130928868	0.325340479689583	1.06632553866898	0.715265801665457	0.988850927659710	-1.34422612369106	-1.37173935668876
0.277836657215567	-0.670183130928868	0.325340479689583	1.06632553866898	0.715265801665457	0.988850927659710	-1.34422612369106	-1.37173935668876
0.277679582079103	-0.679391988678697	0.336360280115899	1.05377413944049	0.714296743478613	0.988464425643301	-1.35282795247306	-1.38071428981529
0.277679582079103	-0.679391988678697	0.336360280115899	1.05377413944049	0.714296743478613	0.988464425643301	-1.35282795247306	-1.38071428981529
0.280319698379896	-0.612024459456946	0.256608994787896	1.13698429582145	0.721471192706116	0.987865544382984	-1.28879131940041	-1.31401455188811
0.280319698379896	-0.612024459456946	0.256608994787896	1.13698429582145	0.721471192706116	0.987865544382984	-1.28879131940041	-1.31401455188811
0.280319698379896	-0.612024459456946	0.256608994787896	1.13698429582145	0.721471192706116	0.987865544382984	-1.28879131940041	-1.31401455188811
0.280447965437059	-0.706211411208928	0.354291772086457	1.05110556892873	0.712930577033718	0.988739172683105	-1.36713739319035	-1.39591174491077
0.280447965437059	-0.706211411208928	0.354291772086457	1.05110556892873	0.712930577033718	0.988739172683105	-1.36713739319035	-1.39591174491077
0.283674687130150	-0.724644030375832	0.360832740038229	1.06326697547113	0.712592080052647	0.989016449996316	-1.37254378740100	-1.40184856583910
0.283674687130150	-0.724644030375832	0.360832740038229	1.06326697547113	0.712592080052647	0.989016449996316	-1.37254378740100	-1.40184856583910
0.283674687130150	-0.724644030375832	0.360832740038229	1.06326697547113	0.712592080052647	0.989016449996316	-1.37254378740100	-1.40184856583910
0.289809542015038	-0.813891954787418	0.435629335488849	1.01781883028089	0.706531515824158	0.986051615184909	-1.43111875814099	-1.46360369760236
0.289809542015038	-0.813891954787418	0.435629335488849	1.01781883028089	0.706531515824158	0.986051615184909	-1.43111875814099	-1.46360369760236
0.289879746311167	-0.810247097663916	0.430254364168178	1.02614576352553	0.706999194279217	0.986530322213655	-1.42716726491710	-1.45948370689146
0.289879746311167	-0.810247097663916	0.430254364168178	1.02614576352553	0.706999194279217	0.986530322213655	-1.42716726491710	-1.45948370689146
0.289837718644372	-0.822351934547445	0.442760401779383	1.01607209496831	0.705904444059011	0.985738270031232	-1.43719248135162	-1.46996363743169
0.289837718644372	-0.822351934547445	0.442760401779383	1.01607209496831	0.705904444059011	0.985738270031232	-1.43719248135162	-1.46996363743169
0.289837718644372	-0.822351934547445	0.442760401779383	1.01607209496831	0.705904444059011	0.985738270031232	-1.43719248135162	-1.46996363743169
0.290632563250158	-0.841093380930311	0.458674404503200	1.00859119356979	0.704570995713615	0.984509969021847	-1.45000567877988	-1.48343486337635
0.290632563250158	-0.841093380930311	0.458674404503200	1.00859119356979	0.704570995713615	0.984509969021847	-1.45000567877988	-1.48343486337635
0.290632563250158	-0.841093380930311	0.458674404503200	1.00859119356979	0.704570995713615	0.984509969021847	-1.45000567877988	-1.48343486337635
0.290632563250158	-0.841093380930311	0.458674404503200	1.00859119356979	0.704570995713615	0.984509969021847	-1.45000567877988	-1.48343486337635
0.290632563250158	-0.841093380930311	0.458674404503200	1.00859119356979	0.704570995713615	0.984509969021847	-1.45000567877988	-1.48343486337635
0.292784107096319	-0.858008730978279	0.470255220627484	1.00496332639164	0.703725095126937	0.983140960552579	-1.45869509782770	-1.49270275619214
