[0.22400596737861633, -0.32524996995925903, 1.2578380107879639, 0.9833359718322754, 1.3299360275268555, 0.2635999917984009, -0.23005804419517517] [0.1731008142232895, -0.13077300786972046, 0.15844960510730743, 2.402867078781128, -0.6909358501434326, 0.08416484296321869] [0.5193779468536377, -0.08032577484846115, 0.2693858742713928]
[0.22400596737861633, -0.3267839550971985, 1.2578380107879639, 0.9833359718322754, 1.3299360275268555, 0.2639999985694885, -0.23005804419517517] [0.1731008142232895, -0.13077300786972046, 0.15844960510730743, 2.402867078781128, -0.6909358501434326, 0.08416484296321869] [0.5193779468536377, -0.08032577484846115, 0.2693858742713928]
[0.22400596737861633, -0.32524996995925903, 1.2578380107879639, 0.9833359718322754, 1.3299360275268555, 0.2639999985694885, -0.23005804419517517] [0.1732260137796402, -0.13083204627037048, 0.15833328664302826, 2.40193772315979, -0.6895878314971924, 0.08321530371904373] [0.5193779468536377, -0.08032577484846115, 0.2693858742713928]
[0.22400596737861633, -0.3267839550971985, 1.2578380107879639, 0.9833359718322754, 1.3299360275268555, 0.2635999917984009, -0.23005804419517517] [0.1731008142232895, -0.13077300786972046, 0.15844960510730743, 2.402867078781128, -0.6909358501434326, 0.08416484296321869] [0.5193779468536377, -0.08032577484846115, 0.2693858742713928]
[0.22400596737861633, -0.3267839550971985, 1.2578380107879639, 0.9833359718322754, 1.328402042388916, 0.2639999985694885, -0.23005804419517517] [0.1731155812740326, -0.13067276775836945, 0.1584995836019516, 2.4050869941711426, -0.6915730237960815, 0.08392249792814255] [0.5193779468536377, -0.08032577484846115, 0.2693858742713928]
[0.22247196733951569, -0.32524996995925903, 1.2624400854110718, 0.9833359718322754, 1.328402042388916, 0.2635999917984009, -0.23005804419517517] [0.17181085050106049, -0.1320071667432785, 0.16159291565418243, 2.4226531982421875, -0.7126785516738892, 0.07098501175642014] [0.5193779468536377, -0.08032577484846115, 0.2693858742713928]
[0.18105396628379822, -0.32524996995925903, 1.2961881160736084, 1.0048120021820068, 1.331470012664795, 0.2635999917984009, -0.23005804419517517] [0.16593125462532043, -0.1334809809923172, 0.17292235791683197, 2.441861152648926, -0.7939385771751404, 0.05992287024855614] [0.5193779468536377, -0.08032577484846115, 0.2693858742713928]
[0.11355795711278915, -0.3237159848213196, 1.3023240566253662, 1.0063459873199463, 1.3345381021499634, 0.2639999985694885, -0.23005804419517517] [0.1580885648727417, -0.131008118391037, 0.18943467736244202, 2.438140869140625, -0.8970023989677429, 0.08211202174425125] [0.5193779468536377, -0.08032577484846115, 0.2693858742713928]
[0.02765396237373352, -0.28996795415878296, 1.294654130935669, 1.0078799724578857, 1.3345381021499634, 0.2639999985694885, -0.23005804419517517] [0.1560184210538864, -0.12537206709384918, 0.19449034333229065, 2.419489860534668, -0.9284789562225342, 0.128299742937088] [0.5193779468536377, -0.08032577484846115, 0.2693858742713928]
[0.024585962295532227, -0.2746279835700989, 1.2777800559997559, 1.0078799724578857, 1.3345381021499634, 0.2639999985694885, -0.23005804419517517] [0.1574971228837967, -0.12364541739225388, 0.19220905005931854, 2.3941774368286133, -0.9104000329971313, 0.14890697598457336] [0.5193779468536377, -0.08032577484846115, 0.2693858742713928]
[0.03378996253013611, -0.2853659689426422, 1.2731781005859375, 1.0063459873199463, 1.3360720872879028, 0.2639999985694885, -0.23005804419517517] [0.15729647874832153, -0.12489522993564606, 0.19237802922725677, 2.3943932056427, -0.9105451107025146, 0.14061018824577332] [0.5193779468536377, -0.08032577484846115, 0.2693858742713928]
[0.024585962295532227, -0.27616196870803833, 1.2762460708618164, 0.9818019866943359, 1.3360720872879028, 0.2635999917984009, -0.23005804419517517] [0.15927273035049438, -0.12428717315196991, 0.1920662522315979, 2.4100735187530518, -0.8951699733734131, 0.13289889693260193] [0.5193779468536377, -0.08032577484846115, 0.2693858742713928]
[0.00771196186542511, -0.2654239535331726, 1.2777800559997559, 1.0048120021820068, 1.3391400575637817, 0.2639999985694885, -0.23005804419517517] [0.15432186424732208, -0.12035278975963593, 0.19842639565467834, 2.3933045864105225, -0.9491020441055298, 0.17706844210624695] [0.5193779468536377, -0.08032577484846115, 0.2693858742713928]
[-0.04137603938579559, -0.23474396765232086, 1.2394300699234009, 1.0063459873199463, 1.3422080278396606, 0.2639999985694885, -0.23005804419517517] [0.14945989847183228, -0.10854344815015793, 0.20643141865730286, 2.242299795150757, -0.9800994396209717, 0.3296510577201843] [0.5193779468536377, -0.08032577484846115, 0.2693858742713928]
[-0.113474041223526, -0.22553996741771698, 0.961776077747345, 1.0094139575958252, 1.348344087600708, 0.2639999985694885, -0.23005804419517517] [0.1501016914844513, -0.08082571625709534, 0.19983863830566406, 1.8093560934066772, -0.8323023319244385, 0.6524330973625183] [0.5193779468536377, -0.08032577484846115, 0.2693858742713928]
[-0.2147180438041687, -0.1611119657754898, 0.8160460591316223, 1.012481927871704, 1.351412057876587, 0.2639999985694885, -0.23005804419517517] [0.13264910876750946, -0.05651143565773964, 0.21557562053203583, 1.555135726928711, -0.8558323979377747, 0.9379284381866455] [0.5193779468536377, -0.08032577484846115, 0.2693858742713928]
[-0.34357404708862305, -0.04299396276473999, 0.7730940580368042, 1.0002100467681885, 1.3590821027755737, 0.2639999985694885, -0.23005804419517517] [0.12221861630678177, -0.03820135071873665, 0.21998605132102966, 1.4245960712432861, -0.8224675059318542, 1.1051445007324219] [0.5193779468536377, -0.08032577484846115, 0.2693858742713928]
[-0.3711860477924347, 0.004560038447380066, 0.6381020545959473, 0.978734016418457, 1.3606160879135132, 0.2639999985694885, -0.23005804419517517] [0.12791892886161804, -0.028791457414627075, 0.20913052558898926, 1.361767292022705, -0.7005829215049744, 1.09392249584198] [0.5193779468536377, -0.08032577484846115, 0.2693858742713928]
[-0.36351603269577026, -0.013847962021827698, 0.5000420808792114, 0.9710639715194702, 1.3606160879135132, 0.2639999985694885, -0.23005804419517517] [0.1337345391511917, -0.02572675235569477, 0.1997915506362915, 1.3167632818222046, -0.6109040379524231, 1.0629552602767944] [0.5193779468536377, -0.08032577484846115, 0.2693858742713928]
[-0.3619820475578308, -0.013847962021827698, 0.4954400658607483, 0.9526559710502625, 1.3606160879135132, 0.2639999985694885, -0.23005804419517517] [0.13690344989299774, -0.026840394362807274, 0.1993551403284073, 1.3341892957687378, -0.6060957908630371, 1.028183937072754] [0.5193779468536377, -0.08032577484846115, 0.2693858742713928]
[-0.34971004724502563, -0.015381962060928345, 0.48777005076408386, 0.9066359996795654, 1.3606160879135132, 0.2639999985694885, -0.23005804419517517] [0.14327092468738556, -0.02911166101694107, 0.19651475548744202, 1.3803306818008423, -0.5921729207038879, 0.9649370312690735] [0.5193779468536377, -0.08032577484846115, 0.2693858742713928]
[-0.3251660466194153, -0.01231396198272705, 0.49390605092048645, 0.8161299824714661, 1.3590821027755737, 0.2639999985694885, -0.23005804419517517] [0.1551261693239212, -0.03428000956773758, 0.19360771775245667, 1.4754568338394165, -0.5750713348388672, 0.8339684009552002] [0.5193779468536377, -0.08032577484846115, 0.2693858742713928]
[-0.31136006116867065, 0.004560038447380066, 0.5153820514678955, 0.6903419494628906, 1.3590821027755737, 0.2639999985694885, -0.23005804419517517] [0.16485492885112762, -0.039300572127103806, 0.19131357967853546, 1.5640432834625244, -0.5569851398468018, 0.7196020483970642] [0.5193779468536377, -0.08032577484846115, 0.2693858742713928]
[-0.2929520606994629, 0.01836603879928589, 0.5230520367622375, 0.6903419494628906, 1.3590821027755737, 0.2639999985694885, -0.23005804419517517] [0.1646094024181366, -0.03620774298906326, 0.18975092470645905, 1.5742453336715698, -0.5501608848571777, 0.7340847849845886] [0.5193779468536377, -0.08032577484846115, 0.2693858742713928]
[-0.28835004568099976, 0.030638039112091064, 0.5245860815048218, 0.6903419494628906, 1.3590821027755737, 0.2639999985694885, -0.23005804419517517] [0.16529561579227448, -0.03535747528076172, 0.18788272142410278, 1.5800025463104248, -0.5413205623626709, 0.7347152829170227] [0.5193779468536377, -0.08032577484846115, 0.2693858742713928]
[-0.26840806007385254, 0.030638039112091064, 0.5245860815048218, 0.6888079643249512, 1.3575481176376343, 0.2639999985694885, -0.23005804419517517] [0.16714836657047272, -0.03546655550599098, 0.18455912172794342, 1.5978646278381348, -0.5261082053184509, 0.7251224517822266] [0.5193779468536377, -0.08032577484846115, 0.2693858742713928]
[-0.2530680298805237, 0.030638039112091064, 0.5245860815048218, 0.6872739791870117, 1.3590821027755737, 0.2639999985694885, -0.23005804419517517] [0.1684322953224182, -0.03545989841222763, 0.1819687932729721, 1.608017921447754, -0.5145977735519409, 0.719311535358429] [0.5193779468536377, -0.08032577484846115, 0.2693858742713928]
[-0.243864044547081, 0.030638039112091064, 0.5245860815048218, 0.6872739791870117, 1.3590821027755737, 0.2639999985694885, -0.23005804419517517] [0.1684257835149765, -0.03546655550599098, 0.18198521435260773, 1.6095519065856934, -0.5145977735519409, 0.719311535358429] [0.5193779468536377, -0.08032577484846115, 0.2693858742713928]
[-0.243864044547081, 0.029104039072990417, 0.5245860815048218, 0.6888079643249512, 1.3590821027755737, 0.26440000534057617, -0.23005804419517517] [0.16880831122398376, -0.03579156845808029, 0.18161368370056152, 1.6105477809906006, -0.5123616456985474, 0.7156683206558228] [0.5193779468536377, -0.08032577484846115, 0.2693858742713928]
[-0.24539804458618164, 0.02757003903388977, 0.5215180516242981, 0.6888079643249512, 1.3621500730514526, 0.2651999890804291, -0.23005804419517517] [0.16864848136901855, -0.03592438995838165, 0.18184956908226013, 1.6106241941452026, -0.5131983757019043, 0.7165714502334595] [0.5193779468536377, -0.08032577484846115, 0.2693858742713928]
[-0.24539804458618164, 0.02757003903388977, 0.5184500217437744, 0.7026139497756958, 1.3652180433273315, 0.2651999890804291, -0.23005804419517517] [0.16739676892757416, -0.035177525132894516, 0.1821938157081604, 1.602647066116333, -0.5160079002380371, 0.7314375638961792] [0.5193779468536377, -0.08032577484846115, 0.2693858742713928]
[-0.2469320446252823, 0.026036038994789124, 0.5184500217437744, 0.7026139497756958, 1.3682861328125, 0.2651999890804291, -0.23005804419517517] [0.16752895712852478, -0.035138148814439774, 0.18187712132930756, 1.607123613357544, -0.5139026045799255, 0.7311257123947144] [0.5193779468536377, -0.08032577484846115, 0.2693858742713928]
[-0.24539804458618164, 0.024502038955688477, 0.516916036605835, 0.7102839946746826, 1.3728880882263184, 0.2651999890804291, -0.23005804419517517] [0.1668391078710556, -0.03458408638834953, 0.18193134665489197, 1.604678750038147, -0.514716625213623, 0.7399600744247437] [0.5193779468536377, -0.08032577484846115, 0.2693858742713928]
[-0.24539804458618164, 0.024502038955688477, 0.5153820514678955, 0.7102839946746826, 1.3774900436401367, 0.2651999890804291, -0.23005804419517517] [0.16678805649280548, -0.034883253276348114, 0.18226012587547302, 1.608410120010376, -0.5161018967628479, 0.7389013767242432] [0.5193779468536377, -0.08032577484846115, 0.2693858742713928]
[-0.24539804458618164, 0.024502038955688477, 0.5153820514678955, 0.7256239652633667, 1.3805580139160156, 0.2651999890804291, -0.23005804419517517] [0.165390282869339, -0.033615052700042725, 0.1822640597820282, 1.6038621664047241, -0.5181772708892822, 0.7571461200714111] [0.5193779468536377, -0.08032577484846115, 0.2693858742713928]
[-0.24233004450798035, 0.024502038955688477, 0.5153820514678955, 0.7440319657325745, 1.3851600885391235, 0.2651999890804291, -0.23005804419517517] [0.16412724554538727, -0.032730165868997574, 0.18186555802822113, 1.6021898984909058, -0.5191359519958496, 0.7743685841560364] [0.5193779468536377, -0.08032577484846115, 0.2693858742713928]
[-0.23619404435157776, 0.026036038994789124, 0.5153820514678955, 0.7624399662017822, 1.389762043952942, 0.2651999890804291, -0.23005804419517517] [0.16263128817081451, -0.03107006475329399, 0.1808437556028366, 1.5995365381240845, -0.5169811248779297, 0.7973272800445557] [0.5193779468536377, -0.08032577484846115, 0.2693858742713928]
[-0.22852404415607452, 0.024502038955688477, 0.513848066329956, 0.7869839668273926, 1.3958981037139893, 0.2651999890804291, -0.23005804419517517] [0.1611538678407669, -0.030051108449697495, 0.18022967875003815, 1.597559928894043, -0.5173942446708679, 0.8173571228981018] [0.5193779468536377, -0.08032577484846115, 0.2693858742713928]
[-0.22238804399967194, 0.024502038955688477, 0.5046440362930298, 0.8145959973335266, 1.402034044265747, 0.2651999890804291, -0.23005804419517517] [0.158781960606575, -0.027737824246287346, 0.1786833554506302, 1.5871397256851196, -0.5108524560928345, 0.8521589636802673] [0.5193779468536377, -0.08032577484846115, 0.2693858742713928]
[-0.2147180438041687, 0.02296803891658783, 0.49697405099868774, 0.8422079682350159, 1.4081701040267944, 0.2651999890804291, -0.23005804419517517] [0.15685313940048218, -0.02618630975484848, 0.17737285792827606, 1.5789424180984497, -0.5065281391143799, 0.8793209195137024] [0.5193779468536377, -0.08032577484846115, 0.2693858742713928]
[-0.20551404356956482, 0.01836603879928589, 0.4893040657043457, 0.8820919990539551, 1.4143060445785522, 0.2651999890804291, -0.23005804419517517] [0.15457630157470703, -0.025226470082998276, 0.17607048153877258, 1.566772222518921, -0.5029037594795227, 0.908820390701294] [0.5193779468536377, -0.08032577484846115, 0.2693858742713928]
[-0.19631004333496094, 0.009162038564682007, 0.4831680655479431, 0.9158399701118469, 1.4173741340637207, 0.2651999890804291, -0.23005804419517517] [0.15189798176288605, -0.023831859230995178, 0.17427502572536469, 1.5567216873168945, -0.49726301431655884, 0.9436811208724976] [0.5193779468536377, -0.08032577484846115, 0.2693858742713928]
[-0.18710604310035706, 0.009162038564682007, 0.47089606523513794, 0.958791971206665, 1.4235100746154785, 0.2651999890804291, -0.23005804419517517] [0.1485006958246231, -0.02125663124024868, 0.1721562296152115, 1.5399866104125977, -0.4874266982078552, 0.987670361995697] [0.5193779468536377, -0.08032577484846115, 0.2693858742713928]
[-0.18250404298305511, 0.00762803852558136, 0.4555560350418091, 1.0186179876327515, 1.4281120300292969, 0.2651999890804291, -0.23005804419517517] [0.14263637363910675, -0.017631851136684418, 0.1695527583360672, 1.4999792575836182, -0.46923139691352844, 1.0578330755233765] [0.5193779468536377, -0.08032577484846115, 0.2693858742713928]
[-0.17636804282665253, 0.003026038408279419, 0.4172060489654541, 1.090716004371643, 1.4388500452041626, 0.2651999890804291, -0.23005804419517517] [0.13671547174453735, -0.014571777544915676, 0.1661548614501953, 1.4655382633209229, -0.44457846879959106, 1.1261039972305298] [0.5193779468536377, -0.08032577484846115, 0.2693858742713928]
[-0.17636804282665253, -0.006177961826324463, 0.4003320336341858, 1.129065990447998, 1.4434521198272705, 0.2651999890804291, -0.23005804419517517] [0.13305780291557312, -0.013845588080585003, 0.1645553857088089, 1.4442065954208374, -0.4316978454589844, 1.1645065546035767] [0.5193779468536377, -0.08032577484846115, 0.2693858742713928]
[-0.17176604270935059, -0.01844996213912964, 0.3911280632019043, 1.170483946800232, 1.4465200901031494, 0.2651999890804291, -0.23005804419517517] [0.1307426244020462, -0.0136768389493227, 0.16277678310871124, 1.4405361413955688, -0.4258582890033722, 1.1892831325531006] [0.5193779468536377, -0.08032577484846115, 0.2693858742713928]
[-0.1625620424747467, -0.019983962178230286, 0.4202740490436554, 1.1689499616622925, 1.44498610496521, 0.2651999890804291, -0.23005804419517517] [0.13138851523399353, -0.01688465289771557, 0.16928742825984955, 1.452260136604309, -0.474110871553421, 1.1703011989593506] [0.5193779468536377, -0.08032577484846115, 0.2693858742713928]
[-0.19631004333496094, -0.035323962569236755, 0.4770320653915405, 1.1275320053100586, 1.44498610496521, 0.2651999890804291, -0.23005804419517517] [0.13370011746883392, -0.02330087497830391, 0.17761248350143433, 1.469412088394165, -0.5324885845184326, 1.1238209009170532] [0.5193779468536377, -0.08032577484846115, 0.2693858742713928]
[-0.20704804360866547, -0.06446996331214905, 0.5061780214309692, 1.0692399740219116, 1.4434521198272705, 0.2651999890804291, -0.23005804419517517] [0.14138396084308624, -0.030865859240293503, 0.18079988658428192, 1.5161374807357788, -0.5563436150550842, 1.0244131088256836] [0.5193779468536377, -0.08032577484846115, 0.2693858742713928]
[-0.2116500437259674, -0.0660039633512497, 0.5675380229949951, 0.8636839985847473, 1.4434521198272705, 0.2651999890804291, -0.23005804419517517] [0.16469593346118927, -0.04688674211502075, 0.18738491833209991, 1.748774528503418, -0.5859290957450867, 0.7122033834457397] [0.5193779468536377, -0.08032577484846115, 0.2693858742713928]
[-0.22392204403877258, -0.019983962178230286, 0.6503740549087524, 0.7102839946746826, 1.4388500452041626, 0.2651999890804291, -0.23159204423427582] [0.16850170493125916, -0.048010412603616714, 0.18876242637634277, 1.8144375085830688, -0.5874549150466919, 0.6574084162712097] [0.5193779468536377, -0.08032577484846115, 0.2693858742713928]
[-0.2208540439605713, 0.003026038408279419, 0.6457720398902893, 0.7026139497756958, 1.4388500452041626, 0.2651999890804291, -0.23005804419517517] [0.16932882368564606, -0.045374251902103424, 0.18641725182533264, 1.817072868347168, -0.57161945104599, 0.6636355519294739] [0.5193779468536377, -0.08032577484846115, 0.2693858742713928]
[-0.21011604368686676, 0.006094038486480713, 0.6365680694580078, 0.6980119943618774, 1.4388500452041626, 0.2651999890804291, -0.23159204423427582] [0.16989099979400635, -0.044280052185058594, 0.18489201366901398, 1.8129198551177979, -0.5607602596282959, 0.6660133600234985] [0.5193779468536377, -0.08032577484846115, 0.2693858742713928]
[-0.21011604368686676, 0.01836603879928589, 0.6335000395774841, 0.6980119943618774, 1.4388500452041626, 0.2651999890804291, -0.23159204423427582] [0.1692730188369751, -0.04188216105103493, 0.18454881012439728, 1.8077608346939087, -0.5573272705078125, 0.680111825466156] [0.5193779468536377, -0.08032577484846115, 0.2693858742713928]
[-0.21011604368686676, 0.03217203915119171, 0.6181600689888, 0.6918759942054749, 1.4388500452041626, 0.2651999890804291, -0.23159204423427582] [0.1698388308286667, -0.03919335454702377, 0.18284492194652557, 1.8004575967788696, -0.5415146946907043, 0.6862867474555969] [0.5193779468536377, -0.08032577484846115, 0.2693858742713928]
[-0.2085820436477661, 0.03677403926849365, 0.6181600689888, 0.6657979488372803, 1.4388500452041626, 0.2651999890804291, -0.23159204423427582] [0.17194542288780212, -0.040581200271844864, 0.18208077549934387, 1.8118387460708618, -0.5323576331138611, 0.6616947650909424] [0.5193779468536377, -0.08032577484846115, 0.2693858742713928]
[-0.2085820436477661, 0.035240039229393005, 0.6166260242462158, 0.6427879929542542, 1.4388500452041626, 0.2651999890804291, -0.23159204423427582] [0.17424564063549042, -0.04207518324255943, 0.18085144460201263, 1.8264131546020508, -0.5213714241981506, 0.6358978748321533] [0.5193779468536377, -0.08032577484846115, 0.2693858742713928]
[-0.20551404356956482, 0.035240039229393005, 0.6181600689888, 0.6243799924850464, 1.4388500452041626, 0.2655999958515167, -0.23159204423427582] [0.17617861926555634, -0.04375326260924339, 0.18005932867527008, 1.8396531343460083, -0.5134837031364441, 0.6121562719345093] [0.5193779468536377, -0.08032577484846115, 0.2693858742713928]
[-0.20551404356956482, 0.024502038955688477, 0.6181600689888, 0.6182439923286438, 1.4388500452041626, 0.2651999890804291, -0.23159204423427582] [0.17728416621685028, -0.04792439565062523, 0.18050792813301086, 1.8435972929000854, -0.5166141390800476, 0.5879579186439514] [0.5193779468536377, -0.08032577484846115, 0.2693858742713928]
[-0.20398004353046417, -0.009245961904525757, 0.6196940541267395, 0.6167099475860596, 1.4388500452041626, 0.2655999958515167, -0.23159204423427582] [0.17881134152412415, -0.05442868918180466, 0.18092454969882965, 1.8517277240753174, -0.5211437940597534, 0.5512009859085083] [0.5193779468536377, -0.08032577484846115, 0.2693858742713928]
[-0.20551404356956482, -0.039925962686538696, 0.6196940541267395, 0.6213119626045227, 1.4388500452041626, 0.2655999958515167, -0.23159204423427582] [0.17934559285640717, -0.058578383177518845, 0.18136776983737946, 1.8553988933563232, -0.5262326002120972, 0.5307996273040771] [0.5193779468536377, -0.08032577484846115, 0.2693858742713928]
[-0.20551404356956482, -0.05679996311664581, 0.6196940541267395, 0.6351180076599121, 1.4388500452041626, 0.2655999958515167, -0.23159204423427582] [0.17885185778141022, -0.06081242859363556, 0.1819601207971573, 1.8514422178268433, -0.5335315465927124, 0.5271840691566467] [0.5193779468536377, -0.08032577484846115, 0.2693858742713928]
[-0.20551404356956482, -0.07213996350765228, 0.6196940541267395, 0.6427879929542542, 1.440384030342102, 0.2655999958515167, -0.23159204423427582] [0.178860604763031, -0.06295249611139297, 0.18218405544757843, 1.8510322570800781, -0.5365549325942993, 0.5191850662231445] [0.5193779468536377, -0.08032577484846115, 0.2693858742713928]
[-0.20398004353046417, -0.0890139639377594, 0.6181600689888, 0.6565939784049988, 1.4388500452041626, 0.2655999958515167, -0.23159204423427582] [0.17809082567691803, -0.06474616378545761, 0.18251056969165802, 1.8422858715057373, -0.5433610677719116, 0.5205594897270203] [0.5193779468536377, -0.08032577484846115, 0.2693858742713928]
[-0.20091204345226288, -0.09821796417236328, 0.6181600689888, 0.6796039938926697, 1.440384030342102, 0.2651999890804291, -0.23159204423427582] [0.176963210105896, -0.06429585814476013, 0.18176469206809998, 1.8362261056900024, -0.546328604221344, 0.5375218391418457] [0.5193779468536377, -0.08032577484846115, 0.2693858742713928]
[-0.18710604310035706, -0.10435395687818527, 0.6181600689888, 0.714885950088501, 1.4434521198272705, 0.2655999958515167, -0.23005804419517517] [0.17513591051101685, -0.0629945918917656, 0.18060079216957092, 1.8290824890136719, -0.5499030947685242, 0.5663814544677734] [0.5193779468536377, -0.08032577484846115, 0.2693858742713928]
[-0.17176604270935059, -0.1181599572300911, 0.6135580539703369, 0.7593719959259033, 1.4465200901031494, 0.2655999958515167, -0.23005804419517517] [0.17357784509658813, -0.06264197826385498, 0.178388774394989, 1.8116991519927979, -0.5472634434700012, 0.5921605825424194] [0.5193779468536377, -0.08032577484846115, 0.2693858742713928]
[-0.15489204227924347, -0.1411699652671814, 0.5951500535011292, 0.8161299824714661, 1.4511220455169678, 0.2655999958515167, -0.23005804419517517] [0.17070724070072174, -0.06276390701532364, 0.1767071783542633, 1.7839345932006836, -0.5485098958015442, 0.6281707286834717] [0.5193779468536377, -0.08032577484846115, 0.2693858742713928]
[-0.1426200419664383, -0.1641799658536911, 0.5890140533447266, 0.8805580139160156, 1.4526560306549072, 0.2655999958515167, -0.23005804419517517] [0.16683638095855713, -0.06161758303642273, 0.17513012886047363, 1.747705101966858, -0.5514670610427856, 0.677343487739563] [0.5193779468536377, -0.08032577484846115, 0.2693858742713928]
[-0.12421204149723053, -0.21480196714401245, 0.5230520367622375, 1.0508320331573486, 1.463394045829773, 0.2655999958515167, -0.23005804419517517] [0.15544363856315613, -0.05553700402379036, 0.16874787211418152, 1.6253862380981445, -0.5202315449714661, 0.8302838206291199] [0.5193779468536377, -0.08032577484846115, 0.2693858742713928]
[-0.113474041223526, -0.2746279835700989, 0.4831680655479431, 1.1352019309997559, 1.4679961204528809, 0.2655999958515167, -0.23005804419517517] [0.1524989902973175, -0.0600971020758152, 0.16700197756290436, 1.5917491912841797, -0.5135200023651123, 0.8424070477485657] [0.5193779468536377, -0.08032577484846115, 0.2693858742713928]
[-0.113474041223526, -0.2884339690208435, 0.4831680655479431, 1.1352019309997559, 1.4679961204528809, 0.2655999958515167, -0.23005804419517517] [0.15242834389209747, -0.06003184989094734, 0.16710780560970306, 1.591224193572998, -0.5131607055664062, 0.8432505130767822] [0.5193779468536377, -0.08032577484846115, 0.2693858742713928]
[-0.11500804126262665, -0.28383195400238037, 0.4831680655479431, 1.1352019309997559, 1.4679961204528809, 0.2655999958515167, -0.23005804419517517] [0.15207573771476746, -0.05890651047229767, 0.16753129661083221, 1.5887655019760132, -0.514337420463562, 0.8507508039474487] [0.5193779468536377, -0.08032577484846115, 0.2693858742713928]
[-0.11961004137992859, -0.26082196831703186, 0.4831680655479431, 1.1352019309997559, 1.4679961204528809, 0.2655999958515167, -0.23005804419517517] [0.15061351656913757, -0.05492645129561424, 0.16811519861221313, 1.5816832780838013, -0.5152565836906433, 0.8799302577972412] [0.5193779468536377, -0.08032577484846115, 0.2693858742713928]
[-0.12421204149723053, -0.24087996780872345, 0.4831680655479431, 1.1336679458618164, 1.4679961204528809, 0.2655999958515167, -0.23159204423427582] [0.14981211721897125, -0.052357614040374756, 0.16847561299800873, 1.578295111656189, -0.515397310256958, 0.8970176577568054] [0.5193779468536377, -0.08032577484846115, 0.2693858742713928]
[-0.12881404161453247, -0.22400596737861633, 0.4816340506076813, 1.1275320053100586, 1.4679961204528809, 0.2655999958515167, -0.23159204423427582] [0.14922624826431274, -0.049263276159763336, 0.1692100465297699, 1.5758357048034668, -0.5158604383468628, 0.9130901098251343] [0.5193779468536377, -0.08032577484846115, 0.2693858742713928]
[-0.139552041888237, -0.17338396608829498, 0.4724300503730774, 1.1106579303741455, 1.4679961204528809, 0.2655999958515167, -0.23159204423427582] [0.14734423160552979, -0.0395338274538517, 0.16815704107284546, 1.5654171705245972, -0.49736878275871277, 0.9650962352752686] [0.5193779468536377, -0.08032577484846115, 0.2693858742713928]
[-0.139552041888237, -0.09361596405506134, 0.46169203519821167, 1.0891820192337036, 1.4679961204528809, 0.2651999890804291, -0.23005804419517517] [0.1443227380514145, -0.027394797652959824, 0.166978657245636, 1.5607030391693115, -0.47844398021698, 1.027603030204773] [0.5193779468536377, -0.08032577484846115, 0.2693858742713928]
[-0.14875604212284088, -0.04145996272563934, 0.4524880647659302, 1.052366018295288, 1.4679961204528809, 0.2655999958515167, -0.23159204423427582] [0.14533056318759918, -0.023680072277784348, 0.1671498417854309, 1.5668694972991943, -0.47066858410835266, 1.0249041318893433] [0.5193779468536377, -0.08032577484846115, 0.2693858742713928]
[-0.15642604231834412, -0.01844996213912964, 0.45402204990386963, 1.014016032218933, 1.4679961204528809, 0.2651999890804291, -0.23159204423427582] [0.14713643491268158, -0.02166890539228916, 0.1683444231748581, 1.5768154859542847, -0.4697352647781372, 1.0083144903182983] [0.5193779468536377, -0.08032577484846115, 0.2693858742713928]
[-0.16409604251384735, 0.001492038369178772, 0.4555560350418091, 0.9818019866943359, 1.4679961204528809, 0.2651999890804291, -0.23159204423427582] [0.14839299023151398, -0.020927708595991135, 0.16942204535007477, 1.5839781761169434, -0.4714171290397644, 0.9947338700294495] [0.5193779468536377, -0.08032577484846115, 0.2693858742713928]
[-0.17943604290485382, 0.0122300386428833, 0.46782803535461426, 0.958791971206665, 1.4679961204528809, 0.2655999958515167, -0.23159204423427582] [0.14819248020648956, -0.020785406231880188, 0.1731991469860077, 1.5826481580734253, -0.4883008897304535, 0.9891713857650757] [0.5193779468536377, -0.08032577484846115, 0.2693858742713928]
[-0.20398004353046417, 0.021434038877487183, 0.48010003566741943, 0.9419180154800415, 1.4679961204528809, 0.2655999958515167, -0.23159204423427582] [0.14823411405086517, -0.021243833005428314, 0.17666266858577728, 1.5819824934005737, -0.5038647055625916, 0.9801906943321228] [0.5193779468536377, -0.08032577484846115, 0.2693858742713928]
[-0.20704804360866547, 0.019900038838386536, 0.47856605052948, 0.923509955406189, 1.4679961204528809, 0.2655999958515167, -0.23159204423427582] [0.1499532163143158, -0.02218458615243435, 0.17646527290344238, 1.5895605087280273, -0.5011016130447388, 0.9613738656044006] [0.5193779468536377, -0.08032577484846115, 0.2693858742713928]
[-0.20398004353046417, 0.01836603879928589, 0.47396403551101685, 0.9189079999923706, 1.4679961204528809, 0.2651999890804291, -0.23159204423427582] [0.15140414237976074, -0.02307187393307686, 0.1748552769422531, 1.5951032638549805, -0.4924565255641937, 0.948807954788208] [0.5193779468536377, -0.08032577484846115, 0.2693858742713928]
[-0.1947760432958603, -0.010779961943626404, 0.4693620502948761, 0.9189079999923706, 1.4679961204528809, 0.2655999958515167, -0.23159204423427582] [0.15430481731891632, -0.028489533811807632, 0.17412884533405304, 1.6031157970428467, -0.491647869348526, 0.9113240242004395] [0.5193779468536377, -0.08032577484846115, 0.2693858742713928]
[-0.19324204325675964, -0.055265963077545166, 0.4693620502948761, 0.9204419851303101, 1.4679961204528809, 0.2655999958515167, -0.23159204423427582] [0.15727649629116058, -0.036677371710538864, 0.17488951981067657, 1.6100904941558838, -0.5003715753555298, 0.8614604473114014] [0.5193779468536377, -0.08032577484846115, 0.2693858742713928]
[-0.19324204325675964, -0.0920819640159607, 0.4693620502948761, 0.9388499855995178, 1.4679961204528809, 0.2655999958515167, -0.23159204423427582] [0.157465860247612, -0.041182179003953934, 0.1746126115322113, 1.6055376529693604, -0.5043924450874329, 0.8486917018890381] [0.5193779468536377, -0.08032577484846115, 0.2693858742713928]
[-0.1855720430612564, -0.12429595738649368, 0.47089606523513794, 0.9526559710502625, 1.4710640907287598, 0.2655999958515167, -0.23159204423427582] [0.15831302106380463, -0.04543132334947586, 0.17362087965011597, 1.6123254299163818, -0.5045552253723145, 0.8300303816795349] [0.5193779468536377, -0.08032577484846115, 0.2693858742713928]
[-0.17023204267024994, -0.15190796554088593, 0.4693620502948761, 0.9864040017127991, 1.4818021059036255, 0.2655999958515167, -0.23159204423427582] [0.15747730433940887, -0.04734785482287407, 0.17177632451057434, 1.6214852333068848, -0.5016579031944275, 0.8360642194747925] [0.5193779468536377, -0.08032577484846115, 0.2693858742713928]
[-0.15642604231834412, -0.17951996624469757, 0.47089606523513794, 1.0339579582214355, 1.4879380464553833, 0.2655999958515167, -0.23159204423427582] [0.1557328701019287, -0.04956992343068123, 0.17023201286792755, 1.6194918155670166, -0.5016786456108093, 0.8485000133514404] [0.5193779468536377, -0.08032577484846115, 0.2693858742713928]
[-0.1334160417318344, -0.22093796730041504, 0.4693620502948761, 1.0968519449234009, 1.4971420764923096, 0.2655999958515167, -0.23159204423427582] [0.1523420810699463, -0.054599132388830185, 0.1665535420179367, 1.6148536205291748, -0.49870091676712036, 0.8676077127456665] [0.5193779468536377, -0.08032577484846115, 0.2693858742713928]
[-0.10887204110622406, -0.2746279835700989, 0.47089606523513794, 1.1643480062484741, 1.5032780170440674, 0.2655999958515167, -0.23159204423427582] [0.1496582329273224, -0.05837174132466316, 0.16428327560424805, 1.6104365587234497, -0.4978598654270172, 0.8792873024940491] [0.5193779468536377, -0.08032577484846115, 0.2693858742713928]
[-0.09353204071521759, -0.317579984664917, 0.47089606523513794, 1.2134360074996948, 1.5048121213912964, 0.2655999958515167, -0.23005804419517517] [0.14613671600818634, -0.05977112799882889, 0.1626126617193222, 1.5970958471298218, -0.4970201253890991, 0.9062031507492065] [0.5193779468536377, -0.08032577484846115, 0.2693858742713928]
[-0.07819204032421112, -0.34212398529052734, 0.4693620502948761, 1.2763299942016602, 1.5094140768051147, 0.2655999958515167, -0.23159204423427582] [0.14184744656085968, -0.06049349159002304, 0.1604515016078949, 1.5823081731796265, -0.49391698837280273, 0.9421229362487793] [0.5193779468536377, -0.08032577484846115, 0.2693858742713928]
[-0.06285203993320465, -0.37126997113227844, 0.46782803535461426, 1.3545639514923096, 1.515550136566162, 0.2655999958515167, -0.23159204423427582] [0.13807246088981628, -0.06015382707118988, 0.15814878046512604, 1.5739821195602417, -0.4865903854370117, 0.9776469469070435] [0.5193779468536377, -0.08032577484846115, 0.2693858742713928]
[-0.04137603938579559, -0.39121198654174805, 0.4662940502166748, 1.395982027053833, 1.5232200622558594, 0.2655999958515167, -0.23159204423427582] [0.13546885550022125, -0.060782693326473236, 0.15600596368312836, 1.574643850326538, -0.47967788577079773, 0.9975385069847107] [0.5193779468536377, -0.08032577484846115, 0.2693858742713928]
[-0.035240039229393005, -0.3958139717578888, 0.46169203519821167, 1.4220600128173828, 1.5247540473937988, 0.2655999958515167, -0.23159204423427582] [0.13266271352767944, -0.059214312583208084, 0.15495435893535614, 1.5622050762176514, -0.4734128415584564, 1.0294415950775146] [0.5193779468536377, -0.08032577484846115, 0.2693858742713928]
[-0.03370603919029236, -0.3958139717578888, 0.4494200348854065, 1.4573420286178589, 1.5293561220169067, 0.2655999958515167, -0.23159204423427582] [0.12960472702980042, -0.057261258363723755, 0.15362268686294556, 1.5504828691482544, -0.46294212341308594, 1.0652021169662476] [0.5193779468536377, -0.08032577484846115, 0.2693858742713928]
[-0.03370603919029236, -0.3896779716014862, 0.4463520646095276, 1.4818860292434692, 1.5324240922927856, 0.2655999958515167, -0.23159204423427582] [0.12648096680641174, -0.054225802421569824, 0.15274658799171448, 1.5396335124969482, -0.4553130865097046, 1.1067707538604736] [0.5193779468536377, -0.08032577484846115, 0.2693858742713928]
[-0.03370603919029236, -0.3574639558792114, 0.42487603425979614, 1.4956920146942139, 1.537026047706604, 0.2655999958515167, -0.23005804419517517] [0.12369798868894577, -0.04712485522031784, 0.15015067160129547, 1.5379709005355835, -0.4295247197151184, 1.1635019779205322] [0.5193779468536377, -0.08032577484846115, 0.2693858742713928]
[-0.035240039229393005, -0.31604596972465515, 0.4064680337905884, 1.4941580295562744, 1.5446960926055908, 0.2655999958515167, -0.23159204423427582] [0.12184982746839523, -0.042102474719285965, 0.14911505579948425, 1.5377858877182007, -0.4147961735725403, 1.2008271217346191] [0.5193779468536377, -0.08032577484846115, 0.2693858742713928]
[-0.04444403946399689, -0.2715599536895752, 0.39266204833984375, 1.4864879846572876, 1.5446960926055908, 0.2651999890804291, -0.23159204423427582] [0.12049224972724915, -0.03686460480093956, 0.14869312942028046, 1.534704327583313, -0.404702365398407, 1.2331619262695312] [0.5193779468536377, -0.08032577484846115, 0.2693858742713928]
[-0.05211403965950012, -0.22247196733951569, 0.381924033164978, 1.4619439840316772, 1.5446960926055908, 0.2655999958515167, -0.23159204423427582] [0.11966825276613235, -0.030057815834879875, 0.1483224779367447, 1.534577488899231, -0.3915172815322876, 1.2637907266616821] [0.5193779468536377, -0.08032577484846115, 0.2693858742713928]
[-0.055182039737701416, -0.17338396608829498, 0.36965203285217285, 1.431264042854309, 1.5446960926055908, 0.2655999958515167, -0.23159204423427582] [0.11945193260908127, -0.023737361654639244, 0.14823146164417267, 1.5388520956039429, -0.3818816542625427, 1.2841153144836426] [0.5193779468536377, -0.08032577484846115, 0.2693858742713928]
[-0.06745404005050659, -0.12276195734739304, 0.3681180477142334, 1.3806419372558594, 1.5446960926055908, 0.2655999958515167, -0.23005804419517517] [0.1212037205696106, -0.019596176221966743, 0.14919379353523254, 1.5473086833953857, -0.3804612159729004, 1.2780567407608032] [0.5193779468536377, -0.08032577484846115, 0.2693858742713928]
[-0.07819204032421112, -0.06753796339035034, 0.36658406257629395, 1.317747950553894, 1.5446960926055908, 0.2655999958515167, -0.23159204423427582] [0.12384950369596481, -0.013557389378547668, 0.15073178708553314, 1.5629992485046387, -0.3803093731403351, 1.265165090560913] [0.5193779468536377, -0.08032577484846115, 0.2693858742713928]
[-0.09353204071521759, -0.006177961826324463, 0.3803900480270386, 1.1858240365982056, 1.5446960926055908, 0.2655999958515167, -0.23005804419517517] [0.13534799218177795, -0.009454871527850628, 0.15442904829978943, 1.6171432733535767, -0.3903244137763977, 1.1605870723724365] [0.5193779468536377, -0.08032577484846115, 0.2693858742713928]
[-0.113474041223526, 0.08126004040241241, 0.41567206382751465, 1.0078799724578857, 1.5400941371917725, 0.2655999958515167, -0.23159204423427582] [0.14038901031017303, -0.0008572941878810525, 0.16042645275592804, 1.6821593046188354, -0.41997483372688293, 1.1085271835327148] [0.5193779468536377, -0.08032577484846115, 0.2693858742713928]
[-0.12574604153633118, 0.20398004353046417, 0.4432840347290039, 0.951121985912323, 1.5385600328445435, 0.2655999958515167, -0.23159204423427582] [0.1350485384464264, 0.010016495361924171, 0.15894190967082977, 1.6830648183822632, -0.4043215215206146, 1.1625312566757202] [0.5193779468536377, -0.08032577484846115, 0.2693858742713928]
[-0.12114404141902924, 0.2085820436477661, 0.44175004959106445, 0.951121985912323, 1.5385600328445435, 0.2655999958515167, -0.23159204423427582] [0.13626660406589508, 0.008186004124581814, 0.1592055857181549, 1.688066840171814, -0.4077679514884949, 1.1507394313812256] [0.5193779468536377, -0.08032577484846115, 0.2693858742713928]
[-0.12267804145812988, 0.20091204345226288, 0.44175004959106445, 0.951121985912323, 1.5385600328445435, 0.2655999958515167, -0.23159204423427582] [0.13659675419330597, 0.00792192853987217, 0.15920881927013397, 1.6888046264648438, -0.4077080488204956, 1.1475317478179932] [0.5193779468536377, -0.08032577484846115, 0.2693858742713928]
[-0.12114404141902924, 0.19017404317855835, 0.44175004959106445, 0.951121985912323, 1.5385600328445435, 0.2655999958515167, -0.23159204423427582] [0.13944004476070404, 0.003876442089676857, 0.15969447791576385, 1.691318392753601, -0.41196516156196594, 1.11930251121521] [0.5193779468536377, -0.08032577484846115, 0.2693858742713928]
[-0.12114404141902924, 0.1456880420446396, 0.4432840347290039, 0.9480539560317993, 1.5385600328445435, 0.2655999958515167, -0.23159204423427582] [0.1438555270433426, -0.002138167852535844, 0.1603604108095169, 1.6982611417770386, -0.41759446263313293, 1.0732545852661133] [0.5193779468536377, -0.08032577484846115, 0.2693858742713928]
[-0.12114404141902924, 0.1165420413017273, 0.4494200348854065, 0.9311800003051758, 1.5385600328445435, 0.2655999958515167, -0.23159204423427582] [0.14816343784332275, -0.007376182358711958, 0.16091418266296387, 1.7099292278289795, -0.4217800498008728, 1.026302456855774] [0.5193779468536377, -0.08032577484846115, 0.2693858742713928]
[-0.12267804145812988, 0.08586204051971436, 0.4693620502948761, 0.9112379550933838, 1.5385600328445435, 0.2655999958515167, -0.23159204423427582] [0.15363003313541412, -0.01579379104077816, 0.16491621732711792, 1.751176357269287, -0.45358479022979736, 0.9544504284858704] [0.5193779468536377, -0.08032577484846115, 0.2693858742713928]
[-0.12421204149723053, 0.05364803969860077, 0.5399260520935059, 0.8790239691734314, 1.5354920625686646, 0.2655999958515167, -0.23159204423427582] [0.15822061896324158, -0.025034014135599136, 0.17063133418560028, 1.8196700811386108, -0.5038618445396423, 0.8782837986946106] [0.5193779468536377, -0.08032577484846115, 0.2693858742713928]
[-0.12728004157543182, 0.04444403946399689, 0.791502058506012, 0.7378959655761719, 1.5324240922927856, 0.2655999958515167, -0.23159204423427582] [0.1712118685245514, -0.04791722446680069, 0.18430867791175842, 2.136274814605713, -0.6123159527778625, 0.6212801933288574] [0.5193779468536377, -0.08032577484846115, 0.2693858742713928]
[-0.13034804165363312, 0.039842039346694946, 1.0553500652313232, 0.5875639915466309, 1.5308901071548462, 0.2655999958515167, -0.23159204423427582] [0.18298763036727905, -0.07432259619235992, 0.18901792168617249, 2.5254335403442383, -0.6343027949333191, 0.33830487728118896] [0.5193779468536377, -0.08032577484846115, 0.2693858742713928]
[-0.11500804126262665, 0.021434038877487183, 1.193410038948059, 0.5538159608840942, 1.5262880325317383, 0.2655999958515167, -0.23159204423427582] [0.18678855895996094, -0.08329936861991882, 0.18590962886810303, 2.6276602745056152, -0.6163737773895264, 0.2578684985637665] [0.5193779468536377, -0.08032577484846115, 0.2693858742713928]
[-0.11500804126262665, 0.01836603879928589, 1.1872740983963013, 0.5538159608840942, 1.5232200622558594, 0.2655999958515167, -0.23005804419517517] [0.18547385931015015, -0.08258472383022308, 0.18847034871578217, 2.608494520187378, -0.6285975575447083, 0.2669006884098053] [0.5193779468536377, -0.08032577484846115, 0.2693858742713928]
[-0.13188204169273376, 0.01836603879928589, 1.1704000234603882, 0.5553499460220337, 1.52168607711792, 0.2655999958515167, -0.23159204423427582] [0.1850786954164505, -0.0812777727842331, 0.1888892501592636, 2.5869884490966797, -0.6291415095329285, 0.27823567390441895] [0.5193779468536377, -0.08032577484846115, 0.2693858742713928]
[-0.08432804048061371, 0.00762803852558136, 1.1673320531845093, 0.5538159608840942, 1.5201520919799805, 0.2655999958515167, -0.23159204423427582] [0.19021810591220856, -0.08485226333141327, 0.17796704173088074, 2.6059913635253906, -0.5733346939086914, 0.24828942120075226] [0.5193779468536377, -0.08032577484846115, 0.2693858742713928]
[-0.06285203993320465, -0.013847962021827698, 1.181138038635254, 0.5538159608840942, 1.5262880325317383, 0.2655999958515167, -0.23159204423427582] [0.1909613013267517, -0.08909108489751816, 0.1769222915172577, 2.629910707473755, -0.5694605112075806, 0.2219254970550537] [0.5193779468536377, -0.08032577484846115, 0.2693858742713928]
[-0.06285203993320465, -0.01844996213912964, 1.1826720237731934, 0.5538159608840942, 1.5262880325317383, 0.2655999958515167, -0.23159204423427582] [0.19095478951931, -0.08925312757492065, 0.17684116959571838, 2.6349387168884277, -0.5700586438179016, 0.2208089530467987] [0.5193779468536377, -0.08032577484846115, 0.2693858742713928]
[-0.061318039894104004, -0.01844996213912964, 1.1842060089111328, 0.5553499460220337, 1.5262880325317383, 0.2655999958515167, -0.23159204423427582] [0.19095055758953094, -0.08935286104679108, 0.17688240110874176, 2.636706829071045, -0.570418655872345, 0.21994850039482117] [0.5193779468536377, -0.08032577484846115, 0.2693858742713928]
[-0.05978403985500336, -0.01691596210002899, 1.1842060089111328, 0.5553499460220337, 1.5262880325317383, 0.2655999958515167, -0.23159204423427582] [0.19106827676296234, -0.08935286104679108, 0.17658938467502594, 2.637104034423828, -0.5689215660095215, 0.21973425149917603] [0.5193779468536377, -0.08032577484846115, 0.2693858742713928]
[-0.061318039894104004, -0.01691596210002899, 1.1857401132583618, 0.5553499460220337, 1.5262880325317383, 0.2655999958515167, -0.23159204423427582] [0.19118687510490417, -0.08930711448192596, 0.17642664909362793, 2.6357734203338623, -0.5671884417533875, 0.21978376805782318] [0.5193779468536377, -0.08032577484846115, 0.2693858742713928]
[-0.05978403985500336, -0.01844996213912964, 1.1857401132583618, 0.5553499460220337, 1.5262880325317383, 0.2655999958515167, -0.23159204423427582] [0.19118687510490417, -0.08930711448192596, 0.17642664909362793, 2.6357734203338623, -0.5671884417533875, 0.21978376805782318] [0.5193779468536377, -0.08032577484846115, 0.2693858742713928]
[-0.05978403985500336, -0.01691596210002899, 1.1842060089111328, 0.5553499460220337, 1.5262880325317383, 0.2655999958515167, -0.23159204423427582] [0.19095478951931, -0.08925312757492065, 0.17684116959571838, 2.6349387168884277, -0.5700586438179016, 0.2208089530467987] [0.5193779468536377, -0.08032577484846115, 0.2693858742713928]
