[0.30377396941185, -0.4541059732437134, 1.0691560506820679, 1.4051859378814697, 1.1842060089111328, 0.2619999945163727, -0.23312604427337646] [0.14397193491458893, -0.10768166929483414, 0.15721763670444489, 1.7818018198013306, -0.8014832139015198, 0.5370079278945923] [0.5193779468536377, -0.08032577484846115, 0.2693858742713928]
[0.30377396941185, -0.4541059732437134, 1.0676220655441284, 1.4051859378814697, 1.1842060089111328, 0.25200000405311584, -0.23312604427337646] [0.14411666989326477, -0.10776332765817642, 0.15716183185577393, 1.7831097841262817, -0.8006191849708557, 0.5351864099502563] [0.5193779468536377, -0.08032577484846115, 0.2693858742713928]
[0.30377396941185, -0.4541059732437134, 1.0676220655441284, 1.4067200422286987, 1.1842060089111328, 0.25200000405311584, -0.23312604427337646] [0.14412148296833038, -0.10758881270885468, 0.15717025101184845, 1.7852106094360352, -0.8008534908294678, 0.5362433195114136] [0.5193779468536377, -0.08032577484846115, 0.2693858742713928]
[0.30377396941185, -0.4541059732437134, 1.0676220655441284, 1.4067200422286987, 1.1842060089111328, 0.25200000405311584, -0.23312604427337646] [0.14411666989326477, -0.10776332765817642, 0.15716183185577393, 1.7831097841262817, -0.8006191849708557, 0.5351864099502563] [0.5193779468536377, -0.08032577484846115, 0.2693858742713928]
[0.30377396941185, -0.4541059732437134, 1.0676220655441284, 1.4051859378814697, 1.1842060089111328, 0.2515999972820282, -0.23312604427337646] [0.14397193491458893, -0.10768166929483414, 0.15721763670444489, 1.7818018198013306, -0.8014832139015198, 0.5370079278945923] [0.5193779468536377, -0.08032577484846115, 0.2693858742713928]
[0.30377396941185, -0.4541059732437134, 1.0676220655441284, 1.4051859378814697, 1.1842060089111328, 0.25200000405311584, -0.23312604427337646] [0.14413082599639893, -0.10757859796285629, 0.15715740621089935, 1.7836765050888062, -0.8008534908294678, 0.5362433195114136] [0.5193779468536377, -0.08032577484846115, 0.2693858742713928]
[0.30377396941185, -0.4525719881057739, 1.0676220655441284, 1.4051859378814697, 1.1842060089111328, 0.25200000405311584, -0.23312604427337646] [0.14397193491458893, -0.10768166929483414, 0.15721763670444489, 1.7818018198013306, -0.8014832139015198, 0.5370079278945923] [0.5193779468536377, -0.08032577484846115, 0.2693858742713928]
[0.30377396941185, -0.4541059732437134, 1.0676220655441284, 1.4051859378814697, 1.1842060089111328, 0.25200000405311584, -0.23312604427337646] [0.14398597180843353, -0.10749717056751251, 0.1572132408618927, 1.7823684215545654, -0.8017181754112244, 0.5380645394325256] [0.5193779468536377, -0.08032577484846115, 0.2693858742713928]
[0.30377396941185, -0.4541059732437134, 1.0676220655441284, 1.4051859378814697, 1.1842060089111328, 0.25200000405311584, -0.23312604427337646] [0.14397193491458893, -0.10768166929483414, 0.15721763670444489, 1.7818018198013306, -0.8014832139015198, 0.5370079278945923] [0.5193779468536377, -0.08032577484846115, 0.2693858742713928]
[0.30377396941185, -0.4541059732437134, 1.066088080406189, 1.4051859378814697, 1.1842060089111328, 0.25200000405311584, -0.23312604427337646] [0.14400748908519745, -0.1075470894575119, 0.15711145102977753, 1.7806737422943115, -0.8002316355705261, 0.5382301807403564] [0.5193779468536377, -0.08032577484846115, 0.2693858742713928]
[0.30377396941185, -0.4541059732437134, 1.0645540952682495, 1.4051859378814697, 1.1842060089111328, 0.25200000405311584, -0.23312604427337646] [0.14418764412403107, -0.10749434679746628, 0.1569492518901825, 1.7808527946472168, -0.7981179356575012, 0.537629246711731] [0.5193779468536377, -0.08032577484846115, 0.2693858742713928]
[0.30377396941185, -0.4541059732437134, 1.06302011013031, 1.4051859378814697, 1.1842060089111328, 0.25200000405311584, -0.23312604427337646] [0.1442229300737381, -0.10736004263162613, 0.1568426787853241, 1.7797296047210693, -0.7968658804893494, 0.5388453006744385] [0.5193779468536377, -0.08032577484846115, 0.2693858742713928]
[0.30377396941185, -0.4541059732437134, 1.061486005783081, 1.4067200422286987, 1.1842060089111328, 0.25200000405311584, -0.23312604427337646] [0.14404290914535522, -0.10741263628005981, 0.15700505673885345, 1.779549241065979, -0.7989791035652161, 0.5394488573074341] [0.5193779468536377, -0.08032577484846115, 0.2693858742713928]
[0.2776959538459778, -0.4878539741039276, 1.0967680215835571, 1.418992042541504, 1.1842060089111328, 0.25200000405311584, -0.23312604427337646] [0.13655942678451538, -0.11656297743320465, 0.1691577285528183, 1.747326135635376, -0.8970603346824646, 0.5180672407150269] [0.5193779468536377, -0.08032577484846115, 0.2693858742713928]
[0.22707396745681763, -0.49859195947647095, 1.142788052558899, 1.4266619682312012, 1.1842060089111328, 0.25200000405311584, -0.23312604427337646] [0.1313507854938507, -0.11893872171640396, 0.1783047765493393, 1.722246766090393, -0.9689232110977173, 0.5336540937423706] [0.5193779468536377, -0.08032577484846115, 0.2693858742713928]
[0.1672479659318924, -0.4970579743385315, 1.1565940380096436, 1.4281959533691406, 1.1842060089111328, 0.25200000405311584, -0.23159204423427582] [0.12797389924526215, -0.11945497989654541, 0.1837199628353119, 1.6933062076568604, -1.0084174871444702, 0.5581658482551575] [0.5193779468536377, -0.08032577484846115, 0.2693858742713928]
[0.13963596522808075, -0.47558197379112244, 1.1565940380096436, 1.4281959533691406, 1.1842060089111328, 0.25200000405311584, -0.23159204423427582] [0.12567302584648132, -0.1137586236000061, 0.18829034268856049, 1.6594140529632568, -1.041122317314148, 0.6346227526664734] [0.5193779468536377, -0.08032577484846115, 0.2693858742713928]
[0.08441196382045746, -0.41422197222709656, 1.1366521120071411, 1.4174580574035645, 1.1842060089111328, 0.25200000405311584, -0.23005804419517517] [0.12321347743272781, -0.10496991127729416, 0.19406920671463013, 1.5860520601272583, -1.059572696685791, 0.7538079023361206] [0.5193779468536377, -0.08032577484846115, 0.2693858742713928]
[4.1961669921875e-05, -0.3237159848213196, 1.0783600807189941, 1.4021179676055908, 1.1857401132583618, 0.25200000405311584, -0.22852404415607452] [0.11882971227169037, -0.08867131173610687, 0.20011137425899506, 1.4295427799224854, -1.0425859689712524, 0.9678568243980408] [0.5193779468536377, -0.08032577484846115, 0.2693858742713928]
[-0.12421204149723053, -0.26388996839523315, 0.8405900597572327, 1.2978060245513916, 1.1857401132583618, 0.25200000405311584, -0.23005804419517517] [0.12227226793766022, -0.05973505973815918, 0.2007008194923401, 1.221106767654419, -0.8289200067520142, 1.1072918176651] [0.5193779468536377, -0.08032577484846115, 0.2693858742713928]
[-0.3328360319137573, -0.12736396491527557, 0.6779860258102417, 1.0508320331573486, 1.1857401132583618, 0.25200000405311584, -0.23005804419517517] [0.1230912134051323, -0.038275428116321564, 0.21710807085037231, 1.1701306104660034, -0.7868505120277405, 1.1110883951187134] [0.5193779468536377, -0.08032577484846115, 0.2693858742713928]
[-0.44788604974746704, 0.07512404024600983, 0.6749180555343628, 0.8023239970207214, 1.1857401132583618, 0.25200000405311584, -0.23005804419517517] [0.13515636324882507, -0.019690250977873802, 0.21799656748771667, 1.3091926574707031, -0.7191681265830994, 0.9749130010604858] [0.5193779468536377, -0.08032577484846115, 0.2693858742713928]
[-0.4233420491218567, 0.1625620424747467, 0.656510055065155, 0.7072159647941589, 1.1842060089111328, 0.25200000405311584, -0.23005804419517517] [0.14262813329696655, -0.015551739372313023, 0.2085355669260025, 1.3625212907791138, -0.6628080606460571, 0.9326231479644775] [0.5193779468536377, -0.08032577484846115, 0.2693858742713928]
[-0.3803900480270386, 0.139552041888237, 0.6227620840072632, 0.696478009223938, 1.1826720237731934, 0.25200000405311584, -0.23005804419517517] [0.14925362169742584, -0.02095445990562439, 0.20440484583377838, 1.3725025653839111, -0.6381654739379883, 0.871414840221405] [0.5193779468536377, -0.08032577484846115, 0.2693858742713928]
[-0.3681180477142334, 0.10887204110622406, 0.590548038482666, 0.6811379790306091, 1.1796040534973145, 0.2515999972820282, -0.23005804419517517] [0.15325665473937988, -0.02467343956232071, 0.2022235244512558, 1.3697782754898071, -0.6218349933624268, 0.8315638303756714] [0.5193779468536377, -0.08032577484846115, 0.2693858742713928]
[-0.36044806241989136, 0.0904640406370163, 0.5583340525627136, 0.6673319935798645, 1.1796040534973145, 0.25200000405311584, -0.23005804419517517] [0.15788447856903076, -0.028075000271201134, 0.19870847463607788, 1.3614882230758667, -0.5956377983093262, 0.7899940013885498] [0.5193779468536377, -0.08032577484846115, 0.2693858742713928]
[-0.3481760621070862, 0.06285203993320465, 0.5353240370750427, 0.6581279635429382, 1.1796040534973145, 0.25200000405311584, -0.23005804419517517] [0.16238662600517273, -0.03350332751870155, 0.1955324113368988, 1.3755569458007812, -0.5794299244880676, 0.7434414625167847] [0.5193779468536377, -0.08032577484846115, 0.2693858742713928]
[-0.3282340466976166, 0.03370603919029236, 0.5307220220565796, 0.6581279635429382, 1.178070068359375, 0.25200000405311584, -0.23005804419517517] [0.16552111506462097, -0.03771726414561272, 0.19286330044269562, 1.3939203023910522, -0.5697307586669922, 0.7103688716888428] [0.5193779468536377, -0.08032577484846115, 0.2693858742713928]
[-0.3036900460720062, 0.0122300386428833, 0.5307220220565796, 0.6581279635429382, 1.178070068359375, 0.25200000405311584, -0.23005804419517517] [0.16869734227657318, -0.04087109863758087, 0.18906362354755402, 1.4171841144561768, -0.5541965365409851, 0.6819002032279968] [0.5193779468536377, -0.08032577484846115, 0.2693858742713928]
[-0.28528204560279846, 0.010696038603782654, 0.5322560667991638, 0.6581279635429382, 1.178070068359375, 0.25200000405311584, -0.23005804419517517] [0.16987939178943634, -0.04081759601831436, 0.18659697473049164, 1.428928256034851, -0.5435487031936646, 0.6774809956550598] [0.5193779468536377, -0.08032577484846115, 0.2693858742713928]
[-0.2745440602302551, 0.010696038603782654, 0.5383920669555664, 0.6596620082855225, 1.1796040534973145, 0.25200000405311584, -0.23005804419517517] [0.17042431235313416, -0.041038960218429565, 0.18570591509342194, 1.439950942993164, -0.5412004590034485, 0.6734774112701416] [0.5193779468536377, -0.08032577484846115, 0.2693858742713928]
[-0.2745440602302551, 0.010696038603782654, 0.5383920669555664, 0.6596620082855225, 1.178070068359375, 0.25200000405311584, -0.23005804419517517] [0.17038673162460327, -0.041098836809396744, 0.185825377702713, 1.4428439140319824, -0.5421083569526672, 0.6731926798820496] [0.5193779468536377, -0.08032577484846115, 0.2693858742713928]
[-0.2745440602302551, 0.0122300386428833, 0.544528067111969, 0.6642639636993408, 1.1796040534973145, 0.25200000405311584, -0.23005804419517517] [0.1698392778635025, -0.04060233384370804, 0.18609806895256042, 1.4424965381622314, -0.5448656678199768, 0.679483950138092] [0.5193779468536377, -0.08032577484846115, 0.2693858742713928]
[-0.2745440602302551, 0.0122300386428833, 0.5429940223693848, 0.668865978717804, 1.1796040534973145, 0.25200000405311584, -0.23005804419517517] [0.16929510235786438, -0.0401761457324028, 0.18621577322483063, 1.4388973712921143, -0.5464496612548828, 0.6864190697669983] [0.5193779468536377, -0.08032577484846115, 0.2693858742713928]
[-0.2760780453681946, 0.0122300386428833, 0.5429940223693848, 0.6811379790306091, 1.1796040534973145, 0.2515999972820282, -0.23005804419517517] [0.16820402443408966, -0.03943657502532005, 0.18667428195476532, 1.431402325630188, -0.5503442883491516, 0.6991921663284302] [0.5193779468536377, -0.08032577484846115, 0.2693858742713928]
[-0.2745440602302551, 0.0122300386428833, 0.5429940223693848, 0.6811379790306091, 1.181138038635254, 0.25200000405311584, -0.23159204423427582] [0.16833676397800446, -0.03943657502532005, 0.18641617894172668, 1.4325597286224365, -0.5491699576377869, 0.6985874176025391] [0.5193779468536377, -0.08032577484846115, 0.2693858742713928]
[-0.2745440602302551, 0.0122300386428833, 0.5429940223693848, 0.6811379790306091, 1.181138038635254, 0.25200000405311584, -0.23005804419517517] [0.16829867660999298, -0.039498575031757355, 0.18653753399848938, 1.4354339838027954, -0.5501050353050232, 0.6983031630516052] [0.5193779468536377, -0.08032577484846115, 0.2693858742713928]
[-0.2745440602302551, 0.013764038681983948, 0.544528067111969, 0.6811379790306091, 1.181138038635254, 0.25200000405311584, -0.23159204423427582] [0.16829867660999298, -0.039498575031757355, 0.18653753399848938, 1.4354339838027954, -0.5501050353050232, 0.6983031630516052] [0.5193779468536377, -0.08032577484846115, 0.2693858742713928]
[-0.269942045211792, 0.0122300386428833, 0.544528067111969, 0.6826719641685486, 1.1826720237731934, 0.25200000405311584, -0.23005804419517517] [0.1682668924331665, -0.03908437117934227, 0.18563450872898102, 1.4379751682281494, -0.5469607710838318, 0.7028447389602661] [0.5193779468536377, -0.08032577484846115, 0.2693858742713928]
[-0.2668740451335907, 0.0122300386428833, 0.544528067111969, 0.6918759942054749, 1.1842060089111328, 0.25200000405311584, -0.23159204423427582] [0.1679580956697464, -0.038677312433719635, 0.1852644979953766, 1.4397597312927246, -0.5461713075637817, 0.7085849046707153] [0.5193779468536377, -0.08032577484846115, 0.2693858742713928]
[-0.2638060450553894, 0.0122300386428833, 0.544528067111969, 0.7010799646377563, 1.1903420686721802, 0.2515999972820282, -0.23159204423427582] [0.1674889177083969, -0.038072098046541214, 0.18471011519432068, 1.442473292350769, -0.5449945330619812, 0.7171819806098938] [0.5193779468536377, -0.08032577484846115, 0.2693858742713928]
[-0.25613605976104736, 0.0122300386428833, 0.544528067111969, 0.7133519649505615, 1.193410038948059, 0.25200000405311584, -0.23159204423427582] [0.16658882796764374, -0.03706367313861847, 0.18399536609649658, 1.4412939548492432, -0.5441955327987671, 0.7320953607559204] [0.5193779468536377, -0.08032577484846115, 0.2693858742713928]
[-0.2530680298805237, 0.0122300386428833, 0.544528067111969, 0.7256239652633667, 1.1949440240859985, 0.25200000405311584, -0.23005804419517517] [0.16580812633037567, -0.03632775694131851, 0.18357551097869873, 1.4405407905578613, -0.544773519039154, 0.7438424229621887] [0.5193779468536377, -0.08032577484846115, 0.2693858742713928]
[-0.24846604466438293, 0.0122300386428833, 0.544528067111969, 0.7440319657325745, 1.198012113571167, 0.2515999972820282, -0.23005804419517517] [0.1640838384628296, -0.03453254699707031, 0.18287214636802673, 1.4349302053451538, -0.5445281267166138, 0.7693606019020081] [0.5193779468536377, -0.08032577484846115, 0.2693858742713928]
[-0.2377280443906784, 0.0122300386428833, 0.544528067111969, 0.773177981376648, 1.2026140689849854, 0.25200000405311584, -0.23005804419517517] [0.16257230937480927, -0.03320072591304779, 0.18161867558956146, 1.4333224296569824, -0.5431603789329529, 0.7927995324134827] [0.5193779468536377, -0.08032577484846115, 0.2693858742713928]
[-0.22852404415607452, 0.0122300386428833, 0.544528067111969, 0.7946540117263794, 1.2056820392608643, 0.25200000405311584, -0.23005804419517517] [0.1611306518316269, -0.031909309327602386, 0.18073436617851257, 1.4286748170852661, -0.5426491498947144, 0.813913106918335] [0.5193779468536377, -0.08032577484846115, 0.2693858742713928]
[-0.2208540439605713, 0.0122300386428833, 0.544528067111969, 0.8161299824714661, 1.2072160243988037, 0.2515999972820282, -0.23005804419517517] [0.16007037460803986, -0.030837012454867363, 0.17957308888435364, 1.4288108348846436, -0.5404303669929504, 0.8308131694793701] [0.5193779468536377, -0.08032577484846115, 0.2693858742713928]
[-0.2085820436477661, 0.0122300386428833, 0.544528067111969, 0.8406739830970764, 1.2102841138839722, 0.25200000405311584, -0.23005804419517517] [0.15869010984897614, -0.029612964019179344, 0.1784476637840271, 1.4257808923721313, -0.5389338135719299, 0.8511470556259155] [0.5193779468536377, -0.08032577484846115, 0.2693858742713928]
[-0.19784404337406158, 0.0122300386428833, 0.544528067111969, 0.8759559988975525, 1.2148860692977905, 0.25200000405311584, -0.23005804419517517] [0.1562633514404297, -0.027620762586593628, 0.1767101138830185, 1.4209331274032593, -0.5362582206726074, 0.8853158354759216] [0.5193779468536377, -0.08032577484846115, 0.2693858742713928]
[-0.17943604290485382, 0.010696038603782654, 0.5429940223693848, 0.9081699848175049, 1.21642005443573, 0.25200000405311584, -0.22699004411697388] [0.15407390892505646, -0.025807425379753113, 0.17373639345169067, 1.4205771684646606, -0.530327558517456, 0.9183950424194336] [0.5193779468536377, -0.08032577484846115, 0.2693858742713928]
[-0.15796004235744476, 0.009162038564682007, 0.544528067111969, 0.9495880007743835, 1.2194880247116089, 0.2515999972820282, -0.22699004411697388] [0.15180064737796783, -0.024441005662083626, 0.1712886244058609, 1.4206148386001587, -0.5265782475471497, 0.949336051940918] [0.5193779468536377, -0.08032577484846115, 0.2693858742713928]
[-0.1426200419664383, 0.003026038408279419, 0.536858081817627, 0.9956079721450806, 1.2225561141967773, 0.25200000405311584, -0.22699004411697388] [0.14836207032203674, -0.023124484345316887, 0.16951771080493927, 1.4056072235107422, -0.5233466625213623, 0.9908710718154907] [0.5193779468536377, -0.08032577484846115, 0.2693858742713928]
[-0.12881404161453247, -0.006177961826324463, 0.5337900519371033, 1.0431619882583618, 1.2286920547485352, 0.25200000405311584, -0.22699004411697388] [0.14426656067371368, -0.022055359557271004, 0.16672125458717346, 1.3969933986663818, -0.5204350352287292, 1.038800597190857] [0.5193779468536377, -0.08032577484846115, 0.2693858742713928]
[-0.10273604094982147, -0.015381962060928345, 0.5291880369186401, 1.1075899600982666, 1.231760025024414, 0.25200000405311584, -0.22699004411697388] [0.14062850177288055, -0.02113574743270874, 0.164162740111351, 1.3864163160324097, -0.515293538570404, 1.0804826021194458] [0.5193779468536377, -0.08032577484846115, 0.2693858742713928]
[-0.08893004059791565, -0.029187962412834167, 0.516916036605835, 1.1582119464874268, 1.2332940101623535, 0.25200000405311584, -0.22699004411697388] [0.13698533177375793, -0.020518263801932335, 0.16209737956523895, 1.3691575527191162, -0.509425699710846, 1.1205040216445923] [0.5193779468536377, -0.08032577484846115, 0.2693858742713928]
[-0.07512404024600983, -0.04299396276473999, 0.5107800364494324, 1.2165039777755737, 1.2348281145095825, 0.25200000405311584, -0.22699004411697388] [0.1329353004693985, -0.02082340233027935, 0.15961135923862457, 1.3526325225830078, -0.5041580200195312, 1.1622188091278076] [0.5193779468536377, -0.08032577484846115, 0.2693858742713928]
[-0.061318039894104004, -0.05373196303844452, 0.5092460513114929, 1.2594560384750366, 1.2348281145095825, 0.25200000405311584, -0.22699004411697388] [0.12911398708820343, -0.020596014335751534, 0.15944328904151917, 1.3387531042099, -0.5119069814682007, 1.1999826431274414] [0.5193779468536377, -0.08032577484846115, 0.2693858742713928]
[-0.07512404024600983, -0.055265963077545166, 0.544528067111969, 1.260990023612976, 1.2332940101623535, 0.25200000405311584, -0.22699004411697388] [0.12843187153339386, -0.023371998220682144, 0.16646836698055267, 1.3306244611740112, -0.5579116344451904, 1.1952732801437378] [0.5193779468536377, -0.08032577484846115, 0.2693858742713928]
[-0.09813404083251953, -0.0660039633512497, 0.5997520685195923, 1.222640037536621, 1.231760025024414, 0.25200000405311584, -0.22852404415607452] [0.13187643885612488, -0.029096538200974464, 0.17310971021652222, 1.3581305742263794, -0.6060926914215088, 1.1397953033447266] [0.5193779468536377, -0.08032577484846115, 0.2693858742713928]
[-0.10887204110622406, -0.07827596366405487, 0.6166260242462158, 1.1781539916992188, 1.231760025024414, 0.25200000405311584, -0.22852404415607452] [0.13732071220874786, -0.03313169255852699, 0.17567773163318634, 1.391375184059143, -0.6183353662490845, 1.0696653127670288] [0.5193779468536377, -0.08032577484846115, 0.2693858742713928]
[-0.11807604134082794, -0.07827596366405487, 0.6196940541267395, 1.1060559749603271, 1.231760025024414, 0.25200000405311584, -0.22852404415607452] [0.14348618686199188, -0.0356404073536396, 0.17687027156352997, 1.4247127771377563, -0.6140426397323608, 0.9969832301139832] [0.5193779468536377, -0.08032577484846115, 0.2693858742713928]
[-0.12881404161453247, -0.07827596366405487, 0.621228039264679, 1.001744031906128, 1.2286920547485352, 0.25200000405311584, -0.23005804419517517] [0.15465602278709412, -0.04021550714969635, 0.17738351225852966, 1.4925965070724487, -0.5969125628471375, 0.86599200963974] [0.5193779468536377, -0.08032577484846115, 0.2693858742713928]
[-0.15029004216194153, -0.03839196264743805, 0.6902580261230469, 0.7593719959259033, 1.2240900993347168, 0.25200000405311584, -0.23005804419517517] [0.17165498435497284, -0.051482778042554855, 0.1811194270849228, 1.6948870420455933, -0.5933874249458313, 0.6275485157966614] [0.5193779468536377, -0.08032577484846115, 0.2693858742713928]
[-0.16102804243564606, -0.015381962060928345, 0.7516180276870728, 0.7271579504013062, 1.2240900993347168, 0.25200000405311584, -0.23005804419517517] [0.1716538816690445, -0.05001269280910492, 0.1827712506055832, 1.7295660972595215, -0.6033249497413635, 0.6221270561218262] [0.5193779468536377, -0.08032577484846115, 0.2693858742713928]
[-0.1594940423965454, -4.1961669921875e-05, 0.7454820871353149, 0.7256239652633667, 1.2240900993347168, 0.2515999972820282, -0.22852404415607452] [0.17141738533973694, -0.0473635271191597, 0.1817663162946701, 1.7207934856414795, -0.5948446989059448, 0.6366257071495056] [0.5193779468536377, -0.08032577484846115, 0.2693858742713928]
[-0.14722204208374023, 0.006094038486480713, 0.7301420569419861, 0.7256239652633667, 1.2240900993347168, 0.25200000405311584, -0.23005804419517517] [0.1725209653377533, -0.046708397567272186, 0.17886528372764587, 1.7177995443344116, -0.577810525894165, 0.6364262700080872] [0.5193779468536377, -0.08032577484846115, 0.2693858742713928]
[-0.1456880420446396, -4.1961669921875e-05, 0.7240060567855835, 0.7256239652633667, 1.2240900993347168, 0.25200000405311584, -0.23005804419517517] [0.1732812225818634, -0.04882342368364334, 0.1784677952528, 1.7124329805374146, -0.5745036005973816, 0.6245768070220947] [0.5193779468536377, -0.08032577484846115, 0.2693858742713928]
[-0.14875604212284088, -0.029187962412834167, 0.7178700566291809, 0.7256239652633667, 1.2256240844726562, 0.25200000405311584, -0.23005804419517517] [0.17451216280460358, -0.05414247512817383, 0.17882680892944336, 1.710444450378418, -0.5759966969490051, 0.5952453017234802] [0.5193779468536377, -0.08032577484846115, 0.2693858742713928]
[-0.15029004216194153, -0.0629359632730484, 0.7163360714912415, 0.7378959655761719, 1.2271580696105957, 0.25200000405311584, -0.23005804419517517] [0.17464126646518707, -0.0592430904507637, 0.1796715259552002, 1.7071679830551147, -0.5847107768058777, 0.5748916864395142] [0.5193779468536377, -0.08032577484846115, 0.2693858742713928]
[-0.14875604212284088, -0.07980996370315552, 0.7132680416107178, 0.7486339807510376, 1.2271580696105957, 0.25200000405311584, -0.23005804419517517] [0.17419587075710297, -0.060174763202667236, 0.17975355684757233, 1.701767921447754, -0.5881813168525696, 0.5764950513839722] [0.5193779468536377, -0.08032577484846115, 0.2693858742713928]
[-0.1426200419664383, -0.09054796397686005, 0.7117340564727783, 0.7685759663581848, 1.2302260398864746, 0.25200000405311584, -0.23005804419517517] [0.1734641194343567, -0.06080837547779083, 0.17913414537906647, 1.6981383562088013, -0.5907310247421265, 0.5841418504714966] [0.5193779468536377, -0.08032577484846115, 0.2693858742713928]
[-0.13034804165363312, -0.09975196421146393, 0.7102000713348389, 0.8007899522781372, 1.2332940101623535, 0.25200000405311584, -0.23005804419517517] [0.172188863158226, -0.06083995848894119, 0.17715385556221008, 1.6905016899108887, -0.590973436832428, 0.6033787131309509] [0.5193779468536377, -0.08032577484846115, 0.2693858742713928]
[-0.10273604094982147, -0.11969395726919174, 0.7086660861968994, 0.8514119982719421, 1.2394300699234009, 0.25200000405311584, -0.23005804419517517] [0.1704029142856598, -0.06183173879981041, 0.1745012402534485, 1.688079833984375, -0.593686044216156, 0.624355673789978] [0.5193779468536377, -0.08032577484846115, 0.2693858742713928]
[-0.08126004040241241, -0.15037396550178528, 0.7102000713348389, 0.9035679697990417, 1.2409640550613403, 0.25200000405311584, -0.23005804419517517] [0.1682431846857071, -0.06340081244707108, 0.17260168492794037, 1.6739258766174316, -0.5989500284194946, 0.6445515751838684] [0.5193779468536377, -0.08032577484846115, 0.2693858742713928]
[-0.05825003981590271, -0.17798596620559692, 0.7086660861968994, 0.9695299863815308, 1.2409640550613403, 0.25200000405311584, -0.23005804419517517] [0.16441965103149414, -0.06398303806781769, 0.17039810121059418, 1.6499251127243042, -0.6083784103393555, 0.6844035983085632] [0.5193779468536377, -0.08032577484846115, 0.2693858742713928]
[-0.02757003903388977, -0.20099596679210663, 0.7086660861968994, 1.040094017982483, 1.2409640550613403, 0.25200000405311584, -0.23005804419517517] [0.16087597608566284, -0.06383112072944641, 0.16807925701141357, 1.629583716392517, -0.6139729619026184, 0.7232338786125183] [0.5193779468536377, -0.08032577484846115, 0.2693858742713928]
[-0.006094038486480713, -0.2163359671831131, 0.7102000713348389, 1.0891820192337036, 1.2409640550613403, 0.25200000405311584, -0.23005804419517517] [0.15711449086666107, -0.061949919909238815, 0.1662166714668274, 1.6086087226867676, -0.6192508339881897, 0.7698267102241516] [0.5193779468536377, -0.08032577484846115, 0.2693858742713928]
[0.010779961943626404, -0.2132679671049118, 0.7071320414543152, 1.1259980201721191, 1.2409640550613403, 0.25200000405311584, -0.23005804419517517] [0.15539272129535675, -0.059786777943372726, 0.16523176431655884, 1.602829098701477, -0.6191446185112, 0.7965500354766846] [0.5193779468536377, -0.08032577484846115, 0.2693858742713928]
[0.010779961943626404, -0.18105396628379822, 0.6933260560035706, 1.132133960723877, 1.2394300699234009, 0.25200000405311584, -0.23005804419517517] [0.15343360602855682, -0.0520535483956337, 0.16345448791980743, 1.5861072540283203, -0.6036596894264221, 0.8500887155532837] [0.5193779468536377, -0.08032577484846115, 0.2693858742713928]
[0.009245961904525757, -0.14577196538448334, 0.6733840703964233, 1.132133960723877, 1.2394300699234009, 0.25200000405311584, -0.23005804419517517] [0.1517917364835739, -0.04605164751410484, 0.16277357935905457, 1.5700520277023315, -0.5916199684143066, 0.8903079032897949] [0.5193779468536377, -0.08032577484846115, 0.2693858742713928]
[-0.001492038369178772, -0.11355795711278915, 0.6519080400466919, 1.1198619604110718, 1.2394300699234009, 0.25200000405311584, -0.23005804419517517] [0.1506185084581375, -0.039779771119356155, 0.1629101186990738, 1.550337791442871, -0.5769470930099487, 0.9245901107788086] [0.5193779468536377, -0.08032577484846115, 0.2693858742713928]
[-0.01683203876018524, -0.07213996350765228, 0.6304320693016052, 1.1029880046844482, 1.2394300699234009, 0.25200000405311584, -0.23005804419517517] [0.14857500791549683, -0.03202930465340614, 0.1623574197292328, 1.5322004556655884, -0.5597363114356995, 0.9688702821731567] [0.5193779468536377, -0.08032577484846115, 0.2693858742713928]
[-0.03217203915119171, -0.030721962451934814, 0.6074220538139343, 1.0876480340957642, 1.2394300699234009, 0.25200000405311584, -0.23005804419517517] [0.14780238270759583, -0.027793413028120995, 0.1624915599822998, 1.517842173576355, -0.5476763248443604, 0.9882119297981262] [0.5193779468536377, -0.08032577484846115, 0.2693858742713928]
[-0.03677403926849365, -0.03225596249103546, 0.6043540239334106, 1.0799779891967773, 1.2409640550613403, 0.25200000405311584, -0.23005804419517517] [0.1489683985710144, -0.029768746346235275, 0.1624753177165985, 1.5214680433273315, -0.5472047924995422, 0.9723414182662964] [0.5193779468536377, -0.08032577484846115, 0.2693858742713928]
[-0.03677403926849365, -0.05986796319484711, 0.6058880686759949, 1.0815119743347168, 1.2455661296844482, 0.25200000405311584, -0.23005804419517517] [0.15117895603179932, -0.0354292206466198, 0.16279670596122742, 1.5285718441009521, -0.5500349402427673, 0.9363594055175781] [0.5193779468536377, -0.08032577484846115, 0.2693858742713928]
[-0.03677403926849365, -0.11969395726919174, 0.610490083694458, 1.0968519449234009, 1.251702070236206, 0.25200000405311584, -0.23005804419517517] [0.15302987396717072, -0.04578164219856262, 0.16319411993026733, 1.5272853374481201, -0.5582321882247925, 0.8876149654388428] [0.5193779468536377, -0.08032577484846115, 0.2693858742713928]
[-0.03370603919029236, -0.17951996624469757, 0.6089560389518738, 1.1244640350341797, 1.2639740705490112, 0.25200000405311584, -0.23005804419517517] [0.15307468175888062, -0.05291406437754631, 0.16162338852882385, 1.5315314531326294, -0.5580083727836609, 0.8636627197265625] [0.5193779468536377, -0.08032577484846115, 0.2693858742713928]
[-0.00762803852558136, -0.23474396765232086, 0.6089560389518738, 1.1812219619750977, 1.271644115447998, 0.2524000108242035, -0.23005804419517517] [0.15113891661167145, -0.056720003485679626, 0.15926504135131836, 1.5273101329803467, -0.557701587677002, 0.8684282898902893] [0.5193779468536377, -0.08032577484846115, 0.2693858742713928]
[0.021517962217330933, -0.2776959538459778, 0.6074220538139343, 1.248718023300171, 1.274712085723877, 0.2524000108242035, -0.23005804419517517] [0.14860562980175018, -0.059731800109148026, 0.15642274916172028, 1.518052101135254, -0.5536813139915466, 0.8805379867553711] [0.5193779468536377, -0.08032577484846115, 0.2693858742713928]
[0.05219796299934387, -0.3313859701156616, 0.6058880686759949, 1.3300199508666992, 1.274712085723877, 0.25200000405311584, -0.23005804419517517] [0.14356014132499695, -0.06375104933977127, 0.15253807604312897, 1.4914515018463135, -0.5481149554252625, 0.9083794355392456] [0.5193779468536377, -0.08032577484846115, 0.2693858742713928]
[0.07827596366405487, -0.38507598638534546, 0.6028200387954712, 1.3975160121917725, 1.2762460708618164, 0.2524000108242035, -0.23005804419517517] [0.13898223638534546, -0.0673900842666626, 0.14967375993728638, 1.4672445058822632, -0.5421972870826721, 0.9298090934753418] [0.5193779468536377, -0.08032577484846115, 0.2693858742713928]
[0.0890139639377594, -0.4249599575996399, 0.5951500535011292, 1.452739953994751, 1.274712085723877, 0.25200000405311584, -0.23005804419517517] [0.13533461093902588, -0.06777134537696838, 0.14862513542175293, 1.4374555349349976, -0.5362492799758911, 0.9596162438392639] [0.5193779468536377, -0.08032577484846115, 0.2693858742713928]
[0.09054796397686005, -0.43416398763656616, 0.582878053188324, 1.492624044418335, 1.274712085723877, 0.25200000405311584, -0.23005804419517517] [0.13183072209358215, -0.0660460963845253, 0.1478685438632965, 1.41374671459198, -0.5308651328086853, 0.9993110299110413] [0.5193779468536377, -0.08032577484846115, 0.2693858742713928]
[0.09054796397686005, -0.4387659728527069, 0.5614020824432373, 1.5386439561843872, 1.274712085723877, 0.25200000405311584, -0.23005804419517517] [0.12749728560447693, -0.06338747590780258, 0.14584562182426453, 1.3844122886657715, -0.5134075284004211, 1.050824761390686] [0.5193779468536377, -0.08032577484846115, 0.2693858742713928]
[0.09054796397686005, -0.44029998779296875, 0.5491300821304321, 1.566256046295166, 1.274712085723877, 0.25200000405311584, -0.23005804419517517] [0.12755915522575378, -0.06262446194887161, 0.14446064829826355, 1.382454514503479, -0.49983665347099304, 1.0540952682495117] [0.5193779468536377, -0.08032577484846115, 0.2693858742713928]
[0.0920819640159607, -0.4387659728527069, 0.5353240370750427, 1.5831300020217896, 1.274712085723877, 0.25200000405311584, -0.23005804419517517] [0.1275721937417984, -0.06167328357696533, 0.14350247383117676, 1.3835586309432983, -0.4918248653411865, 1.058786153793335] [0.5193779468536377, -0.08032577484846115, 0.2693858742713928]
[0.09054796397686005, -0.4249599575996399, 0.5307220220565796, 1.5831300020217896, 1.274712085723877, 0.25200000405311584, -0.23005804419517517] [0.12694339454174042, -0.059489645063877106, 0.14333733916282654, 1.382293701171875, -0.4884214997291565, 1.0758856534957886] [0.5193779468536377, -0.08032577484846115, 0.2693858742713928]
[0.0859459638595581, -0.4019499719142914, 0.5184500217437744, 1.5831300020217896, 1.274712085723877, 0.25200000405311584, -0.23005804419517517] [0.12580804526805878, -0.055801957845687866, 0.1429661363363266, 1.3730626106262207, -0.48008787631988525, 1.1050020456314087] [0.5193779468536377, -0.08032577484846115, 0.2693858742713928]
[0.07674196362495422, -0.3866099715232849, 0.5061780214309692, 1.5800620317459106, 1.2762460708618164, 0.25200000405311584, -0.23005804419517517] [0.12494374811649323, -0.05341356247663498, 0.1428791582584381, 1.3650959730148315, -0.4738447070121765, 1.124722957611084] [0.5193779468536377, -0.08032577484846115, 0.2693858742713928]
[0.06907196342945099, -0.3605319857597351, 0.49390605092048645, 1.5754599571228027, 1.274712085723877, 0.25200000405311584, -0.23005804419517517] [0.1232733428478241, -0.04904428496956825, 0.1427001953125, 1.3557310104370117, -0.4658416211605072, 1.1604597568511963] [0.5193779468536377, -0.08032577484846115, 0.2693858742713928]
[0.05219796299934387, -0.317579984664917, 0.48010003566741943, 1.5539840459823608, 1.274712085723877, 0.25200000405311584, -0.22852404415607452] [0.12022838741540909, -0.04312606155872345, 0.14387613534927368, 1.3318126201629639, -0.4597216248512268, 1.2148770093917847] [0.5193779468536377, -0.08032577484846115, 0.2693858742713928]
[0.03378996253013611, -0.2884339690208435, 0.46476006507873535, 1.5340420007705688, 1.274712085723877, 0.25200000405311584, -0.22852404415607452] [0.11968085914850235, -0.0394652783870697, 0.1441282033920288, 1.325293779373169, -0.4518675208091736, 1.2350574731826782] [0.5193779468536377, -0.08032577484846115, 0.2693858742713928]
[0.019983962178230286, -0.25775396823883057, 0.46169203519821167, 1.5002939701080322, 1.274712085723877, 0.25200000405311584, -0.23005804419517517] [0.12155734747648239, -0.03536631166934967, 0.14657725393772125, 1.3286007642745972, -0.45669129490852356, 1.2340357303619385] [0.5193779468536377, -0.08032577484846115, 0.2693858742713928]
[-0.001492038369178772, -0.2101999670267105, 0.46169203519821167, 1.4389339685440063, 1.274712085723877, 0.25200000405311584, -0.23005804419517517] [0.12421739846467972, -0.031212298199534416, 0.14999474585056305, 1.336509108543396, -0.46675413846969604, 1.2234011888504028] [0.5193779468536377, -0.08032577484846115, 0.2693858742713928]
[-0.021434038877487183, -0.16571396589279175, 0.4724300503730774, 1.3775739669799805, 1.274712085723877, 0.25200000405311584, -0.23005804419517517] [0.12739114463329315, -0.02946939691901207, 0.15270790457725525, 1.351410150527954, -0.4778844714164734, 1.1982831954956055] [0.5193779468536377, -0.08032577484846115, 0.2693858742713928]
[-0.039842039346694946, -0.11662595719099045, 0.5092460513114929, 1.2119020223617554, 1.2762460708618164, 0.2524000108242035, -0.23005804419517517] [0.14340586960315704, -0.02870389260351658, 0.16096331179141998, 1.4715162515640259, -0.5212711691856384, 1.0377111434936523] [0.5193779468536377, -0.08032577484846115, 0.2693858742713928]
[-0.07205604016780853, 0.013764038681983948, 0.6227620840072632, 0.989471971988678, 1.2701101303100586, 0.2524000108242035, -0.23005804419517517] [0.15021134912967682, -0.02267773263156414, 0.16901472210884094, 1.5841600894927979, -0.562443196773529, 0.9605053663253784] [0.5193779468536377, -0.08032577484846115, 0.2693858742713928]
[-0.08432804048061371, 0.07359004020690918, 0.6335000395774841, 0.9833359718322754, 1.2685760259628296, 0.25200000405311584, -0.23005804419517517] [0.14693082869052887, -0.016835687682032585, 0.16941975057125092, 1.572448492050171, -0.5609363317489624, 1.0023722648620605] [0.5193779468536377, -0.08032577484846115, 0.2693858742713928]
[-0.08586204051971436, 0.07972604036331177, 0.6381020545959473, 0.9833359718322754, 1.2685760259628296, 0.2524000108242035, -0.23005804419517517] [0.14657896757125854, -0.017448442056775093, 0.17099232971668243, 1.5755140781402588, -0.5719391703605652, 1.0016533136367798] [0.5193779468536377, -0.08032577484846115, 0.2693858742713928]
[-0.10120204091072083, 0.07972604036331177, 0.6764520406723022, 0.9833359718322754, 1.2670420408248901, 0.25200000405311584, -0.23005804419517517] [0.1439998298883438, -0.020976029336452484, 0.18012124300003052, 1.5868618488311768, -0.6355154514312744, 1.001702070236206] [0.5193779468536377, -0.08032577484846115, 0.2693858742713928]
[-0.12881404161453247, 0.07819204032421112, 0.7684920430183411, 0.9848699569702148, 1.2655080556869507, 0.25200000405311584, -0.23005804419517517] [0.14241649210453033, -0.02954518049955368, 0.1914951354265213, 1.6694977283477783, -0.7401612997055054, 0.9621111750602722] [0.5193779468536377, -0.08032577484846115, 0.2693858742713928]
[-0.12881404161453247, 0.07819204032421112, 0.9832520484924316, 0.9833359718322754, 1.2655080556869507, 0.25200000405311584, -0.23005804419517517] [0.14259998500347137, -0.045802630484104156, 0.2037823647260666, 1.879046082496643, -0.8871409893035889, 0.8346287608146667] [0.5193779468536377, -0.08032577484846115, 0.2693858742713928]
[-0.11961004137992859, 0.07665804028511047, 1.1857401132583618, 0.9833359718322754, 1.2655080556869507, 0.25200000405311584, -0.23005804419517517] [0.14493152499198914, -0.06058209389448166, 0.20899531245231628, 2.1073110103607178, -0.9725589156150818, 0.6656741499900818] [0.5193779468536377, -0.08032577484846115, 0.2693858742713928]
[-0.08586204051971436, 0.0643860399723053, 1.1796040534973145, 0.9833359718322754, 1.2639740705490112, 0.25200000405311584, -0.23005804419517517] [0.14916636049747467, -0.062013596296310425, 0.20343206822872162, 2.119861364364624, -0.9382719397544861, 0.6331800222396851] [0.5193779468536377, -0.08032577484846115, 0.2693858742713928]
[-0.05978403985500336, 0.019900038838386536, 1.175002098083496, 0.9833359718322754, 1.2532360553741455, 0.25200000405311584, -0.23005804419517517] [0.15253235399723053, -0.07143059372901917, 0.2013481706380844, 2.1257879734039307, -0.9283694624900818, 0.5584647059440613] [0.5193779468536377, -0.08032577484846115, 0.2693858742713928]
[-0.05671603977680206, -0.08287796378135681, 1.1734681129455566, 0.9833359718322754, 1.251702070236206, 0.25200000405311584, -0.23005804419517517] [0.15603527426719666, -0.08867217600345612, 0.19902150332927704, 2.1442251205444336, -0.9168740510940552, 0.43492355942726135] [0.5193779468536377, -0.08032577484846115, 0.2693858742713928]
[-0.004560038447380066, -0.23320996761322021, 1.1734681129455566, 0.9848699569702148, 1.2486340999603271, 0.25200000405311584, -0.23005804419517517] [0.16319286823272705, -0.11521606147289276, 0.18551450967788696, 2.183786392211914, -0.8376578092575073, 0.23511575162410736] [0.5193779468536377, -0.08032577484846115, 0.2693858742713928]
[0.061401963233947754, -0.32985198497772217, 1.1918760538101196, 0.9848699569702148, 1.2394300699234009, 0.25200000405311584, -0.23005804419517517] [0.16470830142498016, -0.12554602324962616, 0.18004557490348816, 2.2061703205108643, -0.8083268404006958, 0.1569288820028305] [0.5193779468536377, -0.08032577484846115, 0.2693858742713928]
[0.08134396374225616, -0.33598798513412476, 1.193410038948059, 0.9848699569702148, 1.2409640550613403, 0.25200000405311584, -0.23005804419517517] [0.16477862000465393, -0.1260029822587967, 0.17963860929012299, 2.2140965461730957, -0.8079309463500977, 0.1513390988111496] [0.5193779468536377, -0.08032577484846115, 0.2693858742713928]
[0.0920819640159607, -0.3344539701938629, 1.2056820392608643, 0.9848699569702148, 1.2409640550613403, 0.25200000405311584, -0.23005804419517517] [0.16650702059268951, -0.1260286271572113, 0.17630934715270996, 2.229790449142456, -0.7890180349349976, 0.14341960847377777] [0.5193779468536377, -0.08032577484846115, 0.2693858742713928]
[0.11969395726919174, -0.3329199552536011, 1.2056820392608643, 0.9833359718322754, 1.2409640550613403, 0.25200000405311584, -0.23005804419517517] [0.16866008937358856, -0.1260286271572113, 0.17142461240291595, 2.2355377674102783, -0.760162889957428, 0.13939936459064484] [0.5193779468536377, -0.08032577484846115, 0.2693858742713928]
[0.14730596542358398, -0.3267839550971985, 1.2056820392608643, 0.9833359718322754, 1.2409640550613403, 0.25200000405311584, -0.23005804419517517] [0.17055641114711761, -0.12493777275085449, 0.16718098521232605, 2.241126537322998, -0.7352952361106873, 0.14292339980602264] [0.5193779468536377, -0.08032577484846115, 0.2693858742713928]
[0.1580439656972885, -0.32524996995925903, 1.2056820392608643, 0.9833359718322754, 1.2409640550613403, 0.25200000405311584, -0.23005804419517517] [0.17059451341629028, -0.1250087469816208, 0.16683323681354523, 2.244321584701538, -0.7342392206192017, 0.14219516515731812] [0.5193779468536377, -0.08032577484846115, 0.2693858742713928]
[0.15957796573638916, -0.3267839550971985, 1.2240900993347168, 0.9848699569702148, 1.2501680850982666, 0.25200000405311584, -0.23005804419517517] [0.1696670651435852, -0.128066748380661, 0.16848309338092804, 2.2913930416107178, -0.7491100430488586, 0.11153752356767654] [0.5193779468536377, -0.08032577484846115, 0.2693858742713928]
[0.15650996565818787, -0.3267839550971985, 1.2639740705490112, 0.9848699569702148, 1.3161300420761108, 0.25200000405311584, -0.23005804419517517] [0.16821329295635223, -0.132296621799469, 0.1707344800233841, 2.409773349761963, -0.7668039798736572, 0.07168999314308167] [0.5193779468536377, -0.08032577484846115, 0.2693858742713928]
[0.1580439656972885, -0.3267839550971985, 1.2777800559997559, 0.9833359718322754, 1.328402042388916, 0.25200000405311584, -0.23005804419517517] [0.16859294474124908, -0.1325671225786209, 0.16995307803153992, 2.4189720153808594, -0.7614458799362183, 0.06882797181606293] [0.5193779468536377, -0.08032577484846115, 0.2693858742713928]
[0.1641799658536911, -0.3267839550971985, 1.2762460708618164, 0.9833359718322754, 1.328402042388916, 0.25200000405311584, -0.23005804419517517] [0.1689516007900238, -0.13242755830287933, 0.16912002861499786, 2.4174885749816895, -0.7562642693519592, 0.0700850710272789] [0.5193779468536377, -0.08032577484846115, 0.2693858742713928]
[0.1672479659318924, -0.32524996995925903, 1.2624400854110718, 0.9833359718322754, 1.328402042388916, 0.25200000405311584, -0.23005804419517517] [0.1698666512966156, -0.1309358924627304, 0.16729292273521423, 2.4015567302703857, -0.7432321310043335, 0.08466129750013351] [0.5193779468536377, -0.08032577484846115, 0.2693858742713928]
[0.17491796612739563, -0.3267839550971985, 1.2639740705490112, 0.9833359718322754, 1.3299360275268555, 0.25200000405311584, -0.23005804419517517] [0.169874906539917, -0.1313282549381256, 0.16710920631885529, 2.404784917831421, -0.7422898411750793, 0.08175285905599594] [0.5193779468536377, -0.08032577484846115, 0.2693858742713928]
[0.17645196616649628, -0.3267839550971985, 1.2639740705490112, 0.9848699569702148, 1.328402042388916, 0.25200000405311584, -0.23005804419517517] [0.1701160967350006, -0.13100194931030273, 0.16640938818454742, 2.4034640789031982, -0.7390751242637634, 0.08365766704082489] [0.5193779468536377, -0.08032577484846115, 0.2693858742713928]
[0.19179196655750275, -0.32524996995925903, 1.2624400854110718, 0.9833359718322754, 1.328402042388916, 0.25200000405311584, -0.23005804419517517] [0.17147791385650635, -0.13131363689899445, 0.16291046142578125, 2.405911684036255, -0.7178260087966919, 0.07997828722000122] [0.5193779468536377, -0.08032577484846115, 0.2693858742713928]
[0.22093796730041504, -0.3267839550971985, 1.2593721151351929, 0.9833359718322754, 1.328402042388916, 0.25200000405311584, -0.23005804419517517] [0.17304623126983643, -0.13083204627037048, 0.15886446833610535, 2.401606321334839, -0.6926451325416565, 0.08342652022838593] [0.5193779468536377, -0.08032577484846115, 0.2693858742713928]
[0.22247196733951569, -0.3267839550971985, 1.2578380107879639, 0.9818019866943359, 1.3299360275268555, 0.25200000405311584, -0.23005804419517517] [0.17313632369041443, -0.13083204627037048, 0.15859894454479218, 2.4017722606658936, -0.6911165118217468, 0.08332068473100662] [0.5193779468536377, -0.08032577484846115, 0.2693858742713928]
[0.22247196733951569, -0.3267839550971985, 1.2578380107879639, 0.9833359718322754, 1.3299360275268555, 0.25200000405311584, -0.23005804419517517] [0.1730109453201294, -0.13077300786972046, 0.15871506929397583, 2.4026994705200195, -0.6924644708633423, 0.08427171409130096] [0.5193779468536377, -0.08032577484846115, 0.2693858742713928]
