[0.7839159965515137, -0.47251397371292114, 1.8760401010513306, 1.0370259284973145, 1.5262880325317383, 0.2011999934911728, 0.055265963077545166] [0.15144434571266174, -0.20800372958183289, 0.08959519118070602, 2.997072219848633, -0.35348305106163025, -0.5143351554870605] [0.0, 0.0, 0.0]
[0.7854499816894531, -0.47251397371292114, 1.8760401010513306, 1.0385600328445435, 1.5262880325317383, 0.20200000703334808, 0.055265963077545166] [0.1514933854341507, -0.20807288587093353, 0.08944137394428253, 2.9986624717712402, -0.3519566059112549, -0.5144983530044556] [0.0, 0.0, 0.0]
[0.7854499816894531, -0.47251397371292114, 1.87757408618927, 1.0370259284973145, 1.5262880325317383, 0.20200000703334808, 0.055265963077545166] [0.15144434571266174, -0.20800372958183289, 0.08959519118070602, 2.997072219848633, -0.35348305106163025, -0.5143351554870605] [0.0, 0.0, 0.0]
[0.7839159965515137, -0.47251397371292114, 1.87757408618927, 1.0385600328445435, 1.5262880325317383, 0.20200000703334808, 0.055265963077545166] [0.15144434571266174, -0.20800372958183289, 0.08959519118070602, 2.997072219848633, -0.35348305106163025, -0.5143351554870605] [0.0, 0.0, 0.0]
[0.7839159965515137, -0.47251397371292114, 1.8760401010513306, 1.0385600328445435, 1.5278220176696777, 0.20200000703334808, 0.055265963077545166] [0.15140444040298462, -0.20819294452667236, 0.08922208100557327, 2.9975857734680176, -0.3507530689239502, -0.5156209468841553] [0.0, 0.0, 0.0]
[0.7839159965515137, -0.47251397371292114, 1.8760401010513306, 1.0370259284973145, 1.5262880325317383, 0.20200000703334808, 0.055265963077545166] [0.15150338411331177, -0.20805707573890686, 0.08943883329629898, 2.997128486633301, -0.3519566059112549, -0.5144983530044556] [0.0, 0.0, 0.0]
[0.7839159965515137, -0.47251397371292114, 1.8760401010513306, 1.0385600328445435, 1.5262880325317383, 0.20200000703334808, 0.055265963077545166] [0.15144434571266174, -0.20800372958183289, 0.08959519118070602, 2.997072219848633, -0.35348305106163025, -0.5143351554870605] [0.0, 0.0, 0.0]
[0.7839159965515137, -0.47251397371292114, 1.8760401010513306, 1.0370259284973145, 1.5262880325317383, 0.20200000703334808, 0.055265963077545166] [0.15150338411331177, -0.20805707573890686, 0.08943883329629898, 2.997128486633301, -0.3519566059112549, -0.5144983530044556] [0.0, 0.0, 0.0]
[0.7839159965515137, -0.47251397371292114, 1.87757408618927, 1.0370259284973145, 1.5262880325317383, 0.20200000703334808, 0.055265963077545166] [0.15136168897151947, -0.20813967287540436, 0.08961071819067001, 2.99833607673645, -0.3536142110824585, -0.5157371759414673] [0.0, 0.0, 0.0]
[0.7839159965515137, -0.47251397371292114, 1.87757408618927, 1.0385600328445435, 1.5262880325317383, 0.20200000703334808, 0.055265963077545166] [0.15142078697681427, -0.20819294452667236, 0.08945435285568237, 2.998391628265381, -0.3520875573158264, -0.5158982872962952] [0.0, 0.0, 0.0]
[0.7839159965515137, -0.47251397371292114, 1.87757408618927, 1.0385600328445435, 1.5262880325317383, 0.20200000703334808, 0.055265963077545166] [0.15136168897151947, -0.20813967287540436, 0.08961071819067001, 2.99833607673645, -0.3536142110824585, -0.5157371759414673] [0.0, 0.0, 0.0]
[0.7839159965515137, -0.47251397371292114, 1.87757408618927, 1.0385600328445435, 1.5262880325317383, 0.20200000703334808, 0.055265963077545166] [0.15136168897151947, -0.20813967287540436, 0.08961071819067001, 2.99833607673645, -0.3536142110824585, -0.5157371759414673] [0.0, 0.0, 0.0]
[0.7823820114135742, -0.47251397371292114, 1.8760401010513306, 1.0385600328445435, 1.5262880325317383, 0.20200000703334808, 0.055265963077545166] [0.1517227739095688, -0.20759543776512146, 0.09001290053129196, 2.994880199432373, -0.35575661063194275, -0.5106852650642395] [0.0, 0.0, 0.0]
[0.78084796667099, -0.4709799885749817, 1.8683700561523438, 1.0569679737091064, 1.52168607711792, 0.20200000703334808, 0.055265963077545166] [0.15111176669597626, -0.20668695867061615, 0.09316353499889374, 2.9907002449035645, -0.38215747475624084, -0.5085533261299133] [0.0, 0.0, 0.0]
[0.7655079960823059, -0.4740479588508606, 1.8699040412902832, 1.0631040334701538, 1.5094140768051147, 0.20200000703334808, 0.055265963077545166] [0.15112660825252533, -0.20627249777317047, 0.09498061239719391, 2.9833247661590576, -0.39464500546455383, -0.508458137512207] [0.0, 0.0, 0.0]
[0.7455660104751587, -0.4740479588508606, 1.8668360710144043, 1.0631040334701538, 1.4495880603790283, 0.20360000431537628, 0.055265963077545166] [0.1516541987657547, -0.205563485622406, 0.09958651661872864, 2.936195135116577, -0.4216799736022949, -0.512763261795044] [0.0, 0.0, 0.0]
[0.714885950088501, -0.47251397371292114, 1.8484281301498413, 1.0631040334701538, 1.2486340999603271, 0.25360000133514404, 0.055265963077545166] [0.15418581664562225, -0.20147915184497833, 0.10413485020399094, 2.7358622550964355, -0.4520101249217987, -0.4992089867591858] [0.0, 0.0, 0.0]
[0.6550599932670593, -0.47251397371292114, 1.8208160400390625, 1.0769100189208984, 1.2118180990219116, 0.20720000565052032, 0.055265963077545166] [0.15461891889572144, -0.19752348959445953, 0.1172308698296547, 2.7076690196990967, -0.533769965171814, -0.484673410654068] [0.0, 0.0, 0.0]
[0.5660879611968994, -0.47251397371292114, 1.780932068824768, 1.078444004058838, 1.1995460987091064, 0.20200000703334808, 0.055265963077545166] [0.15507639944553375, -0.19300073385238647, 0.12883010506629944, 2.685997486114502, -0.6020623445510864, -0.458604633808136] [0.0, 0.0, 0.0]
[0.5308059453964233, -0.47251397371292114, 1.7318440675735474, 1.0815119743347168, 1.162730097770691, 0.20200000703334808, 0.055265963077545166] [0.15751507878303528, -0.18812984228134155, 0.12952761352062225, 2.5973422527313232, -0.6058120727539062, -0.4095744788646698] [0.0, 0.0, 0.0]
[0.5200679898262024, -0.47251397371292114, 1.6674160957336426, 1.0815119743347168, 1.142788052558899, 0.20319999754428864, 0.055265963077545166] [0.1601656675338745, -0.1808541715145111, 0.1320754885673523, 2.5169436931610107, -0.6194987893104553, -0.33634066581726074] [0.0, 0.0, 0.0]
[0.48325198888778687, -0.47251397371292114, 1.5232200622558594, 1.0830459594726562, 1.1412540674209595, 0.20319999754428864, 0.055265963077545166] [0.16579127311706543, -0.1626816838979721, 0.13410025835037231, 2.320741891860962, -0.6179671883583069, -0.14230212569236755] [0.0, 0.0, 0.0]
[0.44029998779296875, -0.47251397371292114, 1.3191981315612793, 1.093783974647522, 1.1412540674209595, 0.20319999754428864, 0.055265963077545166] [0.16963966190814972, -0.14480072259902954, 0.1332368552684784, 2.128291368484497, -0.5879493951797485, 0.04295520484447479] [0.0, 0.0, 0.0]
[0.4034839868545532, -0.47251397371292114, 1.1888080835342407, 1.0922499895095825, 1.142788052558899, 0.20280000567436218, 0.055265963077545166] [0.17090457677841187, -0.13673831522464752, 0.1331171691417694, 2.045025587081909, -0.5698735117912292, 0.12334506958723068] [0.0, 0.0, 0.0]
[0.37126997113227844, -0.44643598794937134, 1.1504580974578857, 1.093783974647522, 1.1443220376968384, 0.20319999754428864, 0.055265963077545166] [0.1717088222503662, -0.12820196151733398, 0.13654348254203796, 2.0339605808258057, -0.589580774307251, 0.1779688596725464] [0.0, 0.0, 0.0]
[0.34519195556640625, -0.4050179719924927, 1.124380111694336, 1.093783974647522, 1.1443220376968384, 0.20319999754428864, 0.055265963077545166] [0.1723671704530716, -0.12017972767353058, 0.1383236199617386, 2.025930881500244, -0.5998804569244385, 0.22812503576278687] [0.0, 0.0, 0.0]
[0.3329199552536011, -0.355929970741272, 1.0875641107559204, 1.093783974647522, 1.1443220376968384, 0.20319999754428864, 0.055265963077545166] [0.1731226146221161, -0.11221352964639664, 0.1375836879014969, 2.0088541507720947, -0.5926986336708069, 0.2804219722747803] [0.0, 0.0, 0.0]
[0.32218196988105774, -0.3083759546279907, 1.0369420051574707, 1.093783974647522, 1.1443220376968384, 0.20319999754428864, 0.055265963077545166] [0.1739187091588974, -0.09742208570241928, 0.13463394343852997, 1.9711037874221802, -0.5672101974487305, 0.3779640793800354] [0.0, 0.0, 0.0]
[0.3206479549407959, -0.25928795337677, 0.9878540635108948, 1.093783974647522, 1.1458560228347778, 0.20319999754428864, 0.055265963077545166] [0.17369000613689423, -0.08547569066286087, 0.13115713000297546, 1.9375550746917725, -0.5388036370277405, 0.45781826972961426] [0.0, 0.0, 0.0]
[0.3206479549407959, -0.22247196733951569, 0.9280280470848083, 1.093783974647522, 1.1458560228347778, 0.20319999754428864, 0.055265963077545166] [0.17288249731063843, -0.07644782960414886, 0.12803269922733307, 1.9069706201553345, -0.5135447978973389, 0.5197708606719971] [0.0, 0.0, 0.0]
[0.31604596972465515, -0.1902579665184021, 0.8804740905761719, 1.093783974647522, 1.1458560228347778, 0.20319999754428864, 0.055265963077545166] [0.17122051119804382, -0.06671740114688873, 0.1260235756635666, 1.8497073650360107, -0.4857383966445923, 0.594745934009552] [0.0, 0.0, 0.0]
[0.28383195400238037, -0.18258796632289886, 0.7439480423927307, 1.093783974647522, 1.1704000234603882, 0.20399999618530273, 0.055265963077545166] [0.1685347557067871, -0.05546680465340614, 0.12065733969211578, 1.7518173456192017, -0.4102523624897003, 0.6981824040412903] [0.0, 0.0, 0.0]
[0.2562199831008911, -0.1580439656972885, 0.6519080400466919, 1.093783974647522, 1.1949440240859985, 0.20360000431537628, 0.055265963077545166] [0.1664891541004181, -0.04862675443291664, 0.11956510692834854, 1.7370095252990723, -0.3904132843017578, 0.7486611008644104] [0.0, 0.0, 0.0]
[0.24701596796512604, -0.12122795730829239, 0.6519080400466919, 1.093783974647522, 1.198012113571167, 0.20360000431537628, 0.055265963077545166] [0.16464167833328247, -0.043636471033096313, 0.12178962677717209, 1.7382376194000244, -0.40366363525390625, 0.7805911898612976] [0.0, 0.0, 0.0]
[0.2424139678478241, -0.09821796417236328, 0.6396360397338867, 1.0876480340957642, 1.198012113571167, 0.20360000431537628, 0.055265963077545166] [0.1637999266386032, -0.03896363079547882, 0.12026902288198471, 1.7387951612472534, -0.3921195864677429, 0.8032155632972717] [0.0, 0.0, 0.0]
[0.2454819679260254, -0.0660039633512497, 0.6166260242462158, 1.0677059888839722, 1.198012113571167, 0.20399999618530273, 0.055265963077545166] [0.16289310157299042, -0.03299011290073395, 0.11767885833978653, 1.7335522174835205, -0.3697425127029419, 0.8307701945304871] [0.0, 0.0, 0.0]
[0.2454819679260254, -0.04299396276473999, 0.5951500535011292, 1.0661720037460327, 1.198012113571167, 0.20399999618530273, 0.055265963077545166] [0.16155588626861572, -0.02852492406964302, 0.11587943136692047, 1.7255126237869263, -0.35461777448654175, 0.8562060594558716] [0.0, 0.0, 0.0]
[0.2454819679260254, -0.013847962021827698, 0.5782760381698608, 1.035491943359375, 1.198012113571167, 0.20399999618530273, 0.055265963077545166] [0.1617041677236557, -0.023628907278180122, 0.11332730203866959, 1.728552222251892, -0.331603080034256, 0.8674500584602356] [0.0, 0.0, 0.0]
[0.2454819679260254, 0.013764038681983948, 0.5583340525627136, 0.9986760020256042, 1.198012113571167, 0.20399999618530273, 0.055265963077545166] [0.16289666295051575, -0.02059810794889927, 0.11035885661840439, 1.7300348281860352, -0.3045194149017334, 0.8648866415023804] [0.0, 0.0, 0.0]
[0.2454819679260254, 0.039842039346694946, 0.5475960373878479, 0.9679960012435913, 1.198012113571167, 0.20399999618530273, 0.055265963077545166] [0.16391746699810028, -0.018170347437262535, 0.10851597785949707, 1.7363687753677368, -0.28735557198524475, 0.860491931438446] [0.0, 0.0, 0.0]
[0.2454819679260254, 0.055182039737701416, 0.536858081817627, 0.9465199708938599, 1.198012113571167, 0.20399999618530273, 0.055265963077545166] [0.16456112265586853, -0.016416555270552635, 0.10649339109659195, 1.7376431226730347, -0.2703614830970764, 0.8584255576133728] [0.0, 0.0, 0.0]
[0.24701596796512604, 0.05671603977680206, 0.5337900519371033, 0.9419180154800415, 1.198012113571167, 0.20399999618530273, 0.055265963077545166] [0.1646544486284256, -0.01641242392361164, 0.10653556138277054, 1.7357254028320312, -0.26951196789741516, 0.8580411672592163] [0.0, 0.0, 0.0]
[0.2454819679260254, 0.055182039737701416, 0.5353240370750427, 0.9311800003051758, 1.198012113571167, 0.20399999618530273, 0.055265963077545166] [0.16697275638580322, -0.01860322244465351, 0.10617028921842575, 1.738551139831543, -0.26282355189323425, 0.8338743448257446] [0.0, 0.0, 0.0]
[0.2393459677696228, 0.035240039229393005, 0.5429940223693848, 0.912771999835968, 1.198012113571167, 0.20399999618530273, 0.055265963077545166] [0.17018692195415497, -0.023429004475474358, 0.10661535710096359, 1.7406210899353027, -0.260376513004303, 0.7968612313270569] [0.0, 0.0, 0.0]
[0.22860796749591827, 0.01683203876018524, 0.5460620522499084, 0.8958979845046997, 1.198012113571167, 0.20399999618530273, 0.055265963077545166] [0.17315895855426788, -0.027812235057353973, 0.10792767256498337, 1.7336812019348145, -0.2596375644207001, 0.7632476687431335] [0.0, 0.0, 0.0]
[0.2163359671831131, -0.009245961904525757, 0.5537320375442505, 0.8759559988975525, 1.1995460987091064, 0.20399999618530273, 0.055265963077545166] [0.17749382555484772, -0.035870760679244995, 0.10953904688358307, 1.734279751777649, -0.2616550326347351, 0.7063144445419312] [0.0, 0.0, 0.0]
[0.20866596698760986, -0.04912996292114258, 0.5782760381698608, 0.8560140132904053, 1.1995460987091064, 0.20399999618530273, 0.055265963077545166] [0.18077102303504944, -0.043026234954595566, 0.11048900336027145, 1.7458126544952393, -0.265107125043869, 0.6564706563949585] [0.0, 0.0, 0.0]
[0.20406396687030792, -0.08287796378135681, 0.6028200387954712, 0.8360719680786133, 1.1995460987091064, 0.20399999618530273, 0.055265963077545166] [0.1843620240688324, -0.05207601189613342, 0.11194158345460892, 1.7644686698913574, -0.27198612689971924, 0.594468891620636] [0.0, 0.0, 0.0]
[0.20406396687030792, -0.11662595719099045, 0.6258300542831421, 0.8284019827842712, 1.1995460987091064, 0.20399999618530273, 0.055265963077545166] [0.18614022433757782, -0.058203063905239105, 0.1130182296037674, 1.778218150138855, -0.27913588285446167, 0.5558996796607971] [0.0, 0.0, 0.0]
[0.20406396687030792, -0.13349996507167816, 0.6381020545959473, 0.8284019827842712, 1.1995460987091064, 0.20399999618530273, 0.055265963077545166] [0.18663690984249115, -0.06052017956972122, 0.11323101818561554, 1.783191204071045, -0.28141114115715027, 0.5424632430076599] [0.0, 0.0, 0.0]
[0.20559796690940857, -0.13349996507167816, 0.6411700248718262, 0.8284019827842712, 1.1995460987091064, 0.20399999618530273, 0.055265963077545166] [0.18663690984249115, -0.06052017956972122, 0.11323101818561554, 1.783191204071045, -0.28141114115715027, 0.5424632430076599] [0.0, 0.0, 0.0]
[0.20713196694850922, -0.13963596522808075, 0.6411700248718262, 0.8284019827842712, 1.2118180990219116, 0.20399999618530273, 0.055265963077545166] [0.18692795932292938, -0.06202857196331024, 0.11314483731985092, 1.796094536781311, -0.2802312970161438, 0.5344696640968323] [0.0, 0.0, 0.0]
[0.21173396706581116, -0.16264596581459045, 0.6427040696144104, 0.8284019827842712, 1.2440320253372192, 0.20399999618530273, 0.055265963077545166] [0.18788698315620422, -0.06730722635984421, 0.11240577697753906, 1.8287140130996704, -0.2739284932613373, 0.5067218542098999] [0.0, 0.0, 0.0]
[0.21480196714401245, -0.18258796632289886, 0.6427040696144104, 0.8330039978027344, 1.2624400854110718, 0.20399999618530273, 0.05679996311664581] [0.18806110322475433, -0.07012157887220383, 0.11219728738069534, 1.8442994356155396, -0.27204519510269165, 0.4946955144405365] [0.0, 0.0, 0.0]
[0.2194039672613144, -0.20252996683120728, 0.6442380547523499, 0.8452759981155396, 1.2777800559997559, 0.20399999618530273, 0.05679996311664581] [0.18774457275867462, -0.07338020205497742, 0.1118895635008812, 1.856359839439392, -0.2718347907066345, 0.48465779423713684] [0.0, 0.0, 0.0]
[0.22860796749591827, -0.22247196733951569, 0.6442380547523499, 0.8483439683914185, 1.3038580417633057, 0.20399999618530273, 0.05679996311664581] [0.1881238967180252, -0.07672278583049774, 0.1104649230837822, 1.8841763734817505, -0.26259246468544006, 0.46790793538093567] [0.0, 0.0, 0.0]
[0.23474396765232086, -0.24087996780872345, 0.6442380547523499, 0.8529459834098816, 1.328402042388916, 0.20399999618530273, 0.05679996311664581] [0.18830083310604095, -0.08088202029466629, 0.10967130959033966, 1.9086341857910156, -0.25609835982322693, 0.4493189752101898] [0.0, 0.0, 0.0]
[0.2393459677696228, -0.2623559832572937, 0.6427040696144104, 0.854479968547821, 1.3590821027755737, 0.20399999618530273, 0.05679996311664581] [0.18852221965789795, -0.0847969651222229, 0.109428770840168, 1.9340358972549438, -0.25198283791542053, 0.43064552545547485] [0.0, 0.0, 0.0]
[0.2424139678478241, -0.28996795415878296, 0.6427040696144104, 0.854479968547821, 1.3805580139160156, 0.20399999618530273, 0.05679996311664581] [0.18887104094028473, -0.08897731453180313, 0.10903014242649078, 1.9503718614578247, -0.2472306489944458, 0.408702552318573] [0.0, 0.0, 0.0]
[0.2454819679260254, -0.30684196949005127, 0.6427040696144104, 0.854479968547821, 1.4035680294036865, 0.20399999618530273, 0.05679996311664581] [0.18902595341205597, -0.09242703020572662, 0.10836519300937653, 1.9694355726242065, -0.24124450981616974, 0.39143311977386475] [0.0, 0.0, 0.0]
[0.24854996800422668, -0.3206479549407959, 0.6427040696144104, 0.854479968547821, 1.4158400297164917, 0.20399999618530273, 0.05679996311664581] [0.18898801505565643, -0.09451604634523392, 0.10816279798746109, 1.9779399633407593, -0.23852162063121796, 0.3820556104183197] [0.0, 0.0, 0.0]
[0.2500839829444885, -0.3375219702720642, 0.6442380547523499, 0.854479968547821, 1.4265780448913574, 0.20399999618530273, 0.05679996311664581] [0.18910227715969086, -0.09831124544143677, 0.10818736255168915, 1.9842628240585327, -0.23591379821300507, 0.3625069260597229] [0.0, 0.0, 0.0]
[0.24854996800422668, -0.3574639558792114, 0.6442380547523499, 0.854479968547821, 1.441918134689331, 0.20399999618530273, 0.05679996311664581] [0.1889687329530716, -0.10159693658351898, 0.10843212157487869, 1.993362545967102, -0.23513801395893097, 0.3470384180545807] [0.0, 0.0, 0.0]
[0.2500839829444885, -0.37740597128868103, 0.6442380547523499, 0.854479968547821, 1.4526560306549072, 0.20399999618530273, 0.05679996311664581] [0.1888330727815628, -0.10582076758146286, 0.10858175903558731, 1.9985744953155518, -0.23325757682323456, 0.3260265588760376] [0.0, 0.0, 0.0]
[0.2500839829444885, -0.40655195713043213, 0.6427040696144104, 0.854479968547821, 1.4649280309677124, 0.20399999618530273, 0.05679996311664581] [0.18851400911808014, -0.11151943355798721, 0.1086447611451149, 2.0065643787384033, -0.2304529994726181, 0.29729267954826355] [0.0, 0.0, 0.0]
[0.251617968082428, -0.42649397253990173, 0.6427040696144104, 0.854479968547821, 1.4756660461425781, 0.20399999618530273, 0.05679996311664581] [0.1882891207933426, -0.11426089704036713, 0.10868027806282043, 2.0108652114868164, -0.22836501896381378, 0.28389865159988403] [0.0, 0.0, 0.0]
[0.25315195322036743, -0.44336795806884766, 0.6442380547523499, 0.854479968547821, 1.4894720315933228, 0.20399999618530273, 0.055265963077545166] [0.18801692128181458, -0.11719729006290436, 0.10876347869634628, 2.0255303382873535, -0.22683925926685333, 0.2691965401172638] [0.0, 0.0, 0.0]
[0.25315195322036743, -0.45563995838165283, 0.6442380547523499, 0.854479968547821, 1.5032780170440674, 0.20399999618530273, 0.055265963077545166] [0.18773284554481506, -0.11974123120307922, 0.10894977301359177, 2.032841682434082, -0.22594067454338074, 0.25659966468811035] [0.0, 0.0, 0.0]
[0.2546859681606293, -0.4709799885749817, 0.6427040696144104, 0.854479968547821, 1.514016032218933, 0.20399999618530273, 0.055265963077545166] [0.18740075826644897, -0.12248001247644424, 0.10874444246292114, 2.038999319076538, -0.2225016951560974, 0.24311354756355286] [0.0, 0.0, 0.0]
[0.2562199831008911, -0.481717973947525, 0.6442380547523499, 0.8529459834098816, 1.5170841217041016, 0.20399999618530273, 0.05679996311664581] [0.1872851401567459, -0.1233317032456398, 0.10882257670164108, 2.042447090148926, -0.22222492098808289, 0.2389146387577057] [0.0, 0.0, 0.0]
[0.2562199831008911, -0.481717973947525, 0.6457720398902893, 0.854479968547821, 1.5324240922927856, 0.20399999618530273, 0.055265963077545166] [0.18723948299884796, -0.12389325350522995, 0.10915735363960266, 2.0668985843658447, -0.22524060308933258, 0.2351662963628769] [0.0, 0.0, 0.0]
[0.25775396823883057, -0.481717973947525, 0.6810540556907654, 0.8529459834098816, 1.5554341077804565, 0.20399999618530273, 0.055265963077545166] [0.18689508736133575, -0.1268603354692459, 0.11332450062036514, 2.1360814571380615, -0.25695303082466125, 0.213263139128685] [0.0, 0.0, 0.0]
[0.25928795337677, -0.481717973947525, 0.7424140572547913, 0.8514119982719421, 1.5968520641326904, 0.20640000700950623, 0.05373196303844452] [0.18650153279304504, -0.13086248934268951, 0.11698296666145325, 2.2170584201812744, -0.2857487201690674, 0.18371477723121643] [0.0, 0.0, 0.0]
[0.2623559832572937, -0.481717973947525, 0.865134060382843, 0.8422079682350159, 1.6229300498962402, 0.20440000295639038, 0.055265963077545166] [0.18461748957633972, -0.1415596902370453, 0.12574957311153412, 2.3835043907165527, -0.36684390902519226, 0.09558029472827911] [0.0, 0.0, 0.0]
[0.2853659689426422, -0.481717973947525, 1.124380111694336, 0.8345379829406738, 1.6244640350341797, 0.20440000295639038, 0.055265963077545166] [0.17978732287883759, -0.16069647669792175, 0.13468357920646667, 2.62412166595459, -0.4589569866657257, -0.07169932872056961] [0.0, 0.0, 0.0]
[0.3145119547843933, -0.4801839590072632, 1.3161300420761108, 0.8345379829406738, 1.6244640350341797, 0.20440000295639038, 0.055265963077545166] [0.17611368000507355, -0.17211343348026276, 0.13615325093269348, 2.7684924602508545, -0.4881238639354706, -0.1768665909767151] [0.0, 0.0, 0.0]
[0.3497939705848694, -0.47558197379112244, 1.4281120300292969, 0.8345379829406738, 1.6612800359725952, 0.20360000431537628, 0.055265963077545166] [0.17425952851772308, -0.18051613867282867, 0.13099786639213562, 2.910010576248169, -0.4711225628852844, -0.25273841619491577] [0.0, 0.0, 0.0]
[0.41422197222709656, -0.4709799885749817, 1.4480540752410889, 0.8345379829406738, 1.6950280666351318, 0.20319999754428864, 0.055265963077545166] [0.17668449878692627, -0.17954431474208832, 0.11828245967626572, 2.9393887519836426, -0.4011484980583191, -0.23972605168819427] [0.0, 0.0, 0.0]
[0.467911958694458, -0.4510379731655121, 1.4495880603790283, 0.8345379829406738, 1.722640037536621, 0.2011999934911728, 0.055265963077545166] [0.17762526869773865, -0.17848104238510132, 0.11305242776870728, 2.9642014503479004, -0.3742632567882538, -0.23211529850959778] [0.0, 0.0, 0.0]
[0.4709799885749817, -0.4510379731655121, 1.4541900157928467, 0.8345379829406738, 1.722640037536621, 0.20160000026226044, 0.055265963077545166] [0.17759649455547333, -0.17860807478427887, 0.1128201112151146, 2.96527361869812, -0.373137503862381, -0.23313219845294952] [0.0, 0.0, 0.0]
[0.481717973947525, -0.4510379731655121, 1.4541900157928467, 0.8345379829406738, 1.722640037536621, 0.20160000026226044, 0.055265963077545166] [0.17784444987773895, -0.17860807478427887, 0.10873057693243027, 2.959613561630249, -0.3507446050643921, -0.23112788796424866] [0.0, 0.0, 0.0]
[0.5016599893569946, -0.4510379731655121, 1.4587920904159546, 0.8345379829406738, 1.7241740226745605, 0.20160000026226044, 0.055265963077545166] [0.17776942253112793, -0.17900705337524414, 0.1072205975651741, 2.9631481170654297, -0.3429022431373596, -0.23378853499889374] [0.0, 0.0, 0.0]
[0.5031939744949341, -0.4510379731655121, 1.4572581052780151, 0.8345379829406738, 1.7241740226745605, 0.20160000026226044, 0.055265963077545166] [0.17781703174114227, -0.178879976272583, 0.10717944800853729, 2.9617347717285156, -0.3425312042236328, -0.2326478213071823] [0.0, 0.0, 0.0]
[0.5047279596328735, -0.4525719881057739, 1.4572581052780151, 0.8345379829406738, 1.7241740226745605, 0.20160000026226044, 0.055265963077545166] [0.1776713728904724, -0.17924050986766815, 0.10700806975364685, 2.962005376815796, -0.34158211946487427, -0.23474828898906708] [0.0, 0.0, 0.0]
[0.5031939744949341, -0.4510379731655121, 1.4572581052780151, 0.8345379829406738, 1.7241740226745605, 0.2011999934911728, 0.05373196303844452] [0.1778278350830078, -0.178879976272583, 0.10690666735172272, 2.9613595008850098, -0.3410385251045227, -0.23252202570438385] [0.0, 0.0, 0.0]
[0.5047279596328735, -0.4510379731655121, 1.4572581052780151, 0.8345379829406738, 1.7241740226745605, 0.20160000026226044, 0.055265963077545166] [0.1778278350830078, -0.178879976272583, 0.10690666735172272, 2.9613595008850098, -0.3410385251045227, -0.23252202570438385] [0.0, 0.0, 0.0]
[0.5047279596328735, -0.4510379731655121, 1.4572581052780151, 0.8345379829406738, 1.7241740226745605, 0.20160000026226044, 0.055265963077545166] [0.1778278350830078, -0.178879976272583, 0.10690666735172272, 2.9613595008850098, -0.3410385251045227, -0.23252202570438385] [0.0, 0.0, 0.0]
[0.5047279596328735, -0.4525719881057739, 1.4587920904159546, 0.8345379829406738, 1.7241740226745605, 0.20160000026226044, 0.05373196303844452] [0.17760251462459564, -0.17916810512542725, 0.10742951929569244, 2.962204694747925, -0.3445238769054413, -0.23434339463710785] [0.0, 0.0, 0.0]
