1	[1.639888048171997, -1.1950279474258423, 1.989556074142456, 1.5233039855957031, 1.4173741340637207, 0.012400005012750626, -0.22392204403877258]	[0.10615742206573486, -0.2113029956817627, 0.11203291267156601, 1.828514814376831, -0.2995718717575073, -0.20363199710845947]	[0.1958630234003067, 0.1823435127735138, 0.2685639560222626]
2	[1.6414220333099365, -1.1950279474258423, 1.989556074142456, 1.5233039855957031, 1.4173741340637207, 0.012000004760921001, -0.22392204403877258]	[0.10614511370658875, -0.21129938960075378, 0.11217830330133438, 1.8273056745529175, -0.30107420682907104, -0.2037280946969986]	[0.1958630234003067, 0.1823435127735138, 0.2685639560222626]
3	[1.6414220333099365, -1.1950279474258423, 1.989556074142456, 1.5233039855957031, 1.4173741340637207, 0.012000004760921001, -0.22392204403877258]	[0.10616367310285568, -0.21129938960075378, 0.11201546341180801, 1.8269808292388916, -0.2995718717575073, -0.20363199710845947]	[0.1958630234003067, 0.1823435127735138, 0.2685639560222626]
4	[1.6414220333099365, -1.1950279474258423, 1.989556074142456, 1.5248379707336426, 1.4173741340637207, 0.012000004760921001, -0.22392204403877258]	[0.10616367310285568, -0.21129938960075378, 0.11201546341180801, 1.8269808292388916, -0.2995718717575073, -0.20363199710845947]	[0.1958630234003067, 0.1823435127735138, 0.2685639560222626]
5	[1.639888048171997, -1.1950279474258423, 1.989556074142456, 1.5233039855957031, 1.4173741340637207, 0.012000004760921001, -0.22392204403877258]	[0.10616367310285568, -0.21129938960075378, 0.11201546341180801, 1.8269808292388916, -0.2995718717575073, -0.20363199710845947]	[0.1958630234003067, 0.1823435127735138, 0.2685639560222626]
6	[1.6414220333099365, -1.1950279474258423, 1.989556074142456, 1.5233039855957031, 1.4189081192016602, 0.012000004760921001, -0.22392204403877258]	[0.10614511370658875, -0.21129938960075378, 0.11217830330133438, 1.8273056745529175, -0.30107420682907104, -0.2037280946969986]	[0.1958630234003067, 0.1823435127735138, 0.2685639560222626]
7	[1.639888048171997, -1.1950279474258423, 1.989556074142456, 1.5233039855957031, 1.4189081192016602, 0.012000004760921001, -0.22545604407787323]	[0.10614511370658875, -0.21129938960075378, 0.11217830330133438, 1.8273056745529175, -0.30107420682907104, -0.2037280946969986]	[0.1958630234003067, 0.1823435127735138, 0.2685639560222626]
8	[1.6414220333099365, -1.1950279474258423, 1.989556074142456, 1.5233039855957031, 1.4173741340637207, 0.012000004760921001, -0.22392204403877258]	[0.10614511370658875, -0.21129938960075378, 0.11217830330133438, 1.8273056745529175, -0.30107420682907104, -0.2037280946969986]	[0.1958630234003067, 0.1823435127735138, 0.2685639560222626]
9	[1.6414220333099365, -1.1950279474258423, 1.9880220890045166, 1.5233039855957031, 1.4189081192016602, 0.012000004760921001, -0.22392204403877258]	[0.10616367310285568, -0.21129938960075378, 0.11201546341180801, 1.8269808292388916, -0.2995718717575073, -0.20363199710845947]	[0.1958630234003067, 0.1823435127735138, 0.2685639560222626]
10	[1.6414220333099365, -1.1950279474258423, 1.989556074142456, 1.5233039855957031, 1.4173741340637207, 0.012000004760921001, -0.22392204403877258]	[0.10614511370658875, -0.21129938960075378, 0.11217830330133438, 1.8273056745529175, -0.30107420682907104, -0.2037280946969986]	[0.1958630234003067, 0.1823435127735138, 0.2685639560222626]
11	[1.6414220333099365, -1.1950279474258423, 1.989556074142456, 1.5233039855957031, 1.4189081192016602, 0.012000004760921001, -0.22392204403877258]	[0.10615742206573486, -0.2113029956817627, 0.11203291267156601, 1.828514814376831, -0.2995718717575073, -0.20363199710845947]	[0.1958630234003067, 0.1823435127735138, 0.2685639560222626]
12	[1.6414220333099365, -1.1950279474258423, 1.989556074142456, 1.5233039855957031, 1.4173741340637207, 0.012000004760921001, -0.22392204403877258]	[0.10616367310285568, -0.21129938960075378, 0.11201546341180801, 1.8269808292388916, -0.2995718717575073, -0.20363199710845947]	[0.1958630234003067, 0.1823435127735138, 0.2685639560222626]
13	[1.639888048171997, -1.1950279474258423, 1.989556074142456, 1.5233039855957031, 1.4189081192016602, 0.012000004760921001, -0.22392204403877258]	[0.10615742206573486, -0.2113029956817627, 0.11203291267156601, 1.828514814376831, -0.2995718717575073, -0.20363199710845947]	[0.1958630234003067, 0.1823435127735138, 0.2685639560222626]
14	[1.6414220333099365, -1.1950279474258423, 1.989556074142456, 1.5233039855957031, 1.4173741340637207, 0.012000004760921001, -0.22392204403877258]	[0.10616367310285568, -0.21129938960075378, 0.11201546341180801, 1.8269808292388916, -0.2995718717575073, -0.20363199710845947]	[0.1958630234003067, 0.1823435127735138, 0.2685639560222626]
15	[1.6414220333099365, -1.1950279474258423, 1.989556074142456, 1.5233039855957031, 1.4173741340637207, 0.012000004760921001, -0.22392204403877258]	[0.10616367310285568, -0.21129938960075378, 0.11201546341180801, 1.8269808292388916, -0.2995718717575073, -0.20363199710845947]	[0.1958630234003067, 0.1823435127735138, 0.2685639560222626]
16	[1.6414220333099365, -1.1950279474258423, 1.989556074142456, 1.5233039855957031, 1.4173741340637207, 0.012000004760921001, -0.22545604407787323]	[0.10614511370658875, -0.21129938960075378, 0.11217830330133438, 1.8273056745529175, -0.30107420682907104, -0.2037280946969986]	[0.1958630234003067, 0.1823435127735138, 0.2685639560222626]
17	[1.6414220333099365, -1.1950279474258423, 1.989556074142456, 1.5233039855957031, 1.4173741340637207, 0.012000004760921001, -0.22392204403877258]	[0.10615742206573486, -0.2113029956817627, 0.11203291267156601, 1.828514814376831, -0.2995718717575073, -0.20363199710845947]	[0.1958630234003067, 0.1823435127735138, 0.2685639560222626]
18	[1.6414220333099365, -1.1950279474258423, 1.989556074142456, 1.5233039855957031, 1.4173741340637207, 0.012000004760921001, -0.22392204403877258]	[0.10616367310285568, -0.21129938960075378, 0.11201546341180801, 1.8269808292388916, -0.2995718717575073, -0.20363199710845947]	[0.1958630234003067, 0.1823435127735138, 0.2685639560222626]
19	[1.6414220333099365, -1.1950279474258423, 1.989556074142456, 1.5233039855957031, 1.4173741340637207, 0.012000004760921001, -0.22392204403877258]	[0.10616367310285568, -0.21129938960075378, 0.11201546341180801, 1.8269808292388916, -0.2995718717575073, -0.20363199710845947]	[0.1958630234003067, 0.1823435127735138, 0.2685639560222626]
20	[1.639888048171997, -1.1950279474258423, 1.989556074142456, 1.5233039855957031, 1.4173741340637207, 0.012000004760921001, -0.22392204403877258]	[0.10616367310285568, -0.21129938960075378, 0.11201546341180801, 1.8269808292388916, -0.2995718717575073, -0.20363199710845947]	[0.1958630234003067, 0.1823435127735138, 0.2685639560222626]
21	[1.6414220333099365, -1.1965620517730713, 1.989556074142456, 1.5233039855957031, 1.4173741340637207, 0.012000004760921001, -0.22392204403877258]	[0.10616367310285568, -0.21129938960075378, 0.11201546341180801, 1.8269808292388916, -0.2995718717575073, -0.20363199710845947]	[0.1958630234003067, 0.1823435127735138, 0.2685639560222626]
22	[1.6414220333099365, -1.1950279474258423, 1.989556074142456, 1.5233039855957031, 1.4173741340637207, 0.012000004760921001, -0.22392204403877258]	[0.10616367310285568, -0.21129938960075378, 0.11201546341180801, 1.8269808292388916, -0.2995718717575073, -0.20363199710845947]	[0.1958630234003067, 0.1823435127735138, 0.2685639560222626]
23	[1.6414220333099365, -1.1950279474258423, 1.989556074142456, 1.5233039855957031, 1.4189081192016602, 0.012000004760921001, -0.13034804165363312]	[0.10512129217386246, -0.2294393628835678, 0.09640487283468246, 1.813015341758728, -0.1375633329153061, -0.3549063205718994]	[2.0724925994873047, 1.668798565864563, 0.12161439657211304]
24	[1.7656760215759277, -1.2671259641647339, 2.0033621788024902, 1.3545639514923096, 1.4189081192016602, 0.012000004760921001, -0.12421204149723053]	[0.10695794969797134, -0.22774943709373474, 0.1048615500330925, 1.7448874711990356, -0.15561728179454803, -0.3295445442199707]	[2.0724925994873047, 1.668798565864563, 0.12161439657211304]
25	[1.7641420364379883, -1.3039419651031494, 2.0048961639404297, 1.357632040977478, 1.4189081192016602, 0.012000004760921001, -0.12267804145812988]	[0.10736867040395737, -0.2273004800081253, 0.10752969235181808, 1.7284601926803589, -0.1642899364233017, -0.3237873911857605]	[2.0724925994873047, 1.668798565864563, 0.12161439657211304]
26	[1.7641420364379883, -1.3039419651031494, 2.0048961639404297, 1.357632040977478, 1.4189081192016602, 0.012000004760921001, -0.12267804145812988]	[0.10742247104644775, -0.22696810960769653, 0.10762832313776016, 1.72797429561615, -0.1652238667011261, -0.3208248019218445]	[2.0724925994873047, 1.668798565864563, 0.12161439657211304]
27	[1.7641420364379883, -1.30240797996521, 2.015634059906006, 1.3591660261154175, 1.4189081192016602, 0.012000004760921001, -0.12267804145812988]	[0.10678114742040634, -0.2276495397090912, 0.10901367664337158, 1.737062692642212, -0.1808757185935974, -0.3284808397293091]	[2.0724925994873047, 1.668798565864563, 0.12161439657211304]
28	[1.7641420364379883, -1.2978060245513916, 2.026372194290161, 1.357632040977478, 1.4189081192016602, 0.012000004760921001, -0.12267804145812988]	[0.10661224275827408, -0.22782236337661743, 0.1093091070652008, 1.7397387027740479, -0.1846606433391571, -0.3304782509803772]	[2.0724925994873047, 1.668798565864563, 0.12161439657211304]
29	[1.7641420364379883, -1.299340009689331, 2.0417120456695557, 1.3591660261154175, 1.4189081192016602, 0.012000004760921001, -0.11961004137992859]	[0.10614717751741409, -0.22835689783096313, 0.1116073876619339, 1.7422164678573608, -0.2022562325000763, -0.33623048663139343]	[2.0724925994873047, 1.668798565864563, 0.12161439657211304]
30	[1.7641420364379883, -1.299340009689331, 2.0509161949157715, 1.3453600406646729, 1.4189081192016602, 0.012000004760921001, -0.11807604134082794]	[0.10566742718219757, -0.230061873793602, 0.11160078644752502, 1.7480838298797607, -0.20299606025218964, -0.35212650895118713]	[2.0724925994873047, 1.668798565864563, 0.12161439657211304]
31	[1.7656760215759277, -1.2947380542755127, 2.069324016571045, 1.3300199508666992, 1.4189081192016602, 0.012000004760921001, -0.11807604134082794]	[0.10431124269962311, -0.23261533677577972, 0.11157481372356415, 1.770115852355957, -0.21322037279605865, -0.3782811164855957]	[2.0724925994873047, 1.668798565864563, 0.12161439657211304]
32	[1.7672100067138672, -1.2594560384750366, 2.086198091506958, 1.3300199508666992, 1.4189081192016602, 0.012000004760921001, -0.11807604134082794]	[0.10284288972616196, -0.23429438471794128, 0.10707128047943115, 1.8120737075805664, -0.2064894139766693, -0.3994598686695099]	[2.0724925994873047, 1.668798565864563, 0.12161439657211304]
33	[1.7610740661621094, -1.2134360074996948, 2.086198091506958, 1.3284859657287598, 1.4189081192016602, 0.012000004760921001, -0.1165420413017273]	[0.10168340802192688, -0.23519594967365265, 0.10210321843624115, 1.8564509153366089, -0.1982463300228119, -0.4154205620288849]	[2.0724925994873047, 1.668798565864563, 0.12161439657211304]
34	[1.758005976676941, -1.1505420207977295, 2.0877320766448975, 1.3238840103149414, 1.4189081192016602, 0.012000004760921001, -0.11040604114532471]	[0.0987994521856308, -0.2373741865158081, 0.08731870353221893, 1.953344702720642, -0.15060192346572876, -0.45849815011024475]	[2.0724925994873047, 1.668798565864563, 0.12161439657211304]
35	[1.774880051612854, -0.9219759702682495, 2.089266061782837, 1.299340009689331, 1.4189081192016602, 0.012400005012750626, -0.11040604114532471]	[0.08972254395484924, -0.23731932044029236, 0.049650244414806366, 2.125839948654175, 0.016477061435580254, -0.5404330492019653]	[2.0724925994873047, 1.668798565864563, 0.12161439657211304]
36	[1.8883960247039795, -0.696478009223938, 2.1214799880981445, 1.284000039100647, 1.4189081192016602, 0.012000004760921001, -0.10887204110622406]	[0.0737050399184227, -0.22854483127593994, 0.011843965388834476, 2.247856855392456, 0.22369085252285004, -0.5959997177124023]	[2.0724925994873047, 1.668798565864563, 0.12161439657211304]
37	[1.948222041130066, -0.5123980045318604, 2.152160167694092, 1.284000039100647, 1.4189081192016602, 0.012000004760921001, -0.11040604114532471]	[0.06154652312397957, -0.21635451912879944, -0.011580065824091434, 2.3610219955444336, 0.353993684053421, -0.6256387829780579]	[2.0724925994873047, 1.668798565864563, 0.12161439657211304]
38	[1.9574260711669922, -0.4188239574432373, 2.1536941528320312, 1.2686599493026733, 1.4189081192016602, 0.012000004760921001, -0.11040604114532471]	[0.05794708430767059, -0.21261084079742432, -0.01893288642168045, 2.3971409797668457, 0.39890220761299133, -0.6409544944763184]	[2.0724925994873047, 1.668798565864563, 0.12161439657211304]
39	[1.96356201171875, -0.4188239574432373, 2.1552281379699707, 1.260990023612976, 1.4189081192016602, 0.012000004760921001, -0.113474041223526]	[0.056301411241292953, -0.2129368633031845, -0.02029811032116413, 2.3888914585113525, 0.41387102007865906, -0.6489660143852234]	[2.0724925994873047, 1.668798565864563, 0.12161439657211304]
40	[1.9696979522705078, -0.41728997230529785, 2.1552281379699707, 1.2241740226745605, 1.4189081192016602, 0.012000004760921001, -0.11500804126262665]	[0.05370799079537392, -0.21380315721035004, -0.0238333847373724, 2.3804805278778076, 0.44578787684440613, -0.6711064577102661]	[2.0724925994873047, 1.668798565864563, 0.12161439657211304]
41	[1.9696979522705078, -0.41728997230529785, 2.1552281379699707, 1.190425992012024, 1.4189081192016602, 0.012000004760921001, -0.11807604134082794]	[0.051316697150468826, -0.21496833860874176, -0.02709607593715191, 2.369940996170044, 0.4758704602718353, -0.6948038339614868]	[2.0724925994873047, 1.668798565864563, 0.12161439657211304]
42	[1.9543579816818237, -0.4096199870109558, 2.1475582122802734, 1.1781539916992188, 1.4189081192016602, 0.012000004760921001, -0.11807604134082794]	[0.05448212847113609, -0.2135733962059021, -0.027870619669556618, 2.4060866832733154, 0.4662884473800659, -0.6893200278282166]	[2.0724925994873047, 1.668798565864563, 0.12161439657211304]
43	[1.8270360231399536, -0.3666679859161377, 2.1444900035858154, 1.1781539916992188, 1.4189081192016602, 0.012000004760921001, -0.11500804126262665]	[0.07167872786521912, -0.20984643697738647, -0.022733638063073158, 2.5360054969787598, 0.3738020658493042, -0.6474713087081909]	[2.0724925994873047, 1.668798565864563, 0.12161439657211304]
44	[1.6859079599380493, -0.35899797081947327, 2.1444900035858154, 1.1597459316253662, 1.4189081192016602, 0.012000004760921001, -0.113474041223526]	[0.08976097404956818, -0.20978783071041107, -0.012120806612074375, 2.638065814971924, 0.2636987268924713, -0.6228957772254944]	[2.0724925994873047, 1.668798565864563, 0.12161439657211304]
45	[1.5524499416351318, -0.34519195556640625, 2.1444900035858154, 1.1398040056228638, 1.4189081192016602, 0.012000004760921001, -0.113474041223526]	[0.10344099998474121, -0.20722220838069916, -0.004918459802865982, 2.737739324569702, 0.19379207491874695, -0.6066344976425171]	[2.0724925994873047, 1.668798565864563, 0.12161439657211304]
46	[1.4558080434799194, -0.3083759546279907, 2.1506261825561523, 1.1336679458618164, 1.4189081192016602, 0.012000004760921001, -0.11194004118442535]	[0.11100257933139801, -0.20284859836101532, -0.00176751590333879, 2.809168577194214, 0.15972091257572174, -0.5901346206665039]	[2.0724925994873047, 1.668798565864563, 0.12161439657211304]
47	[1.4021179676055908, -0.2776959538459778, 2.1552281379699707, 1.1352019309997559, 1.4189081192016602, 0.012000004760921001, -0.10733804106712341]	[0.11435487866401672, -0.2001161426305771, -0.000661160855088383, 2.8446593284606934, 0.1464676856994629, -0.5808040499687195]	[2.0724925994873047, 1.668798565864563, 0.12161439657211304]
48	[1.3867779970169067, -0.24854996800422668, 2.15676212310791, 1.1352019309997559, 1.4189081192016602, 0.012000004760921001, -0.10273604094982147]	[0.11745975911617279, -0.19604220986366272, -0.0011352887377142906, 2.88627028465271, 0.14389143884181976, -0.5685052871704102]	[0.7176920771598816, 0.506665825843811, -0.04541635140776634]
49	[1.3499619960784912, -0.2163359671831131, 2.1552281379699707, 1.1336679458618164, 1.4189081192016602, 0.012000004760921001, -0.10120204091072083]	[0.12224218249320984, -0.19224810600280762, 0.0007751317461952567, 2.9340949058532715, 0.12632784247398376, -0.5554834008216858]	[0.7176920771598816, 0.506665825843811, -0.04541635140776634]
50	[1.317747950553894, -0.18105396628379822, 2.1552281379699707, 1.1336679458618164, 1.4189081192016602, 0.012000004760921001, -0.10120204091072083]	[0.12285912781953812, -0.187762051820755, -0.002566271461546421, 2.9627864360809326, 0.14553099870681763, -0.5432071089744568]	[0.7176920771598816, 0.506665825843811, -0.04541635140776634]
51	[1.3944480419158936, -0.1611119657754898, 2.15676212310791, 1.132133960723877, 1.4189081192016602, 0.012000004760921001, -0.10273604094982147]	[0.11000288277864456, -0.18637292087078094, -0.017452174797654152, 2.90926194190979, 0.25343820452690125, -0.5519843101501465]	[0.7176920771598816, 0.506665825843811, -0.04541635140776634]
52	[1.6061400175094604, 0.07052204012870789, 2.1506261825561523, 1.132133960723877, 1.4189081192016602, 0.012000004760921001, -0.09966804087162018]	[0.08976519107818604, -0.1544206589460373, -0.049881089478731155, 3.0398383140563965, 0.5036722421646118, -0.4933462142944336]	[0.2568592131137848, 0.16853031516075134, 0.11420854181051254]
53	[1.6015379428863525, 0.07052204012870789, 2.1506261825561523, 1.132133960723877, 1.4189081192016602, 0.012000004760921001, -0.09813404083251953]	[0.09159772843122482, -0.1544206589460373, -0.048768237233161926, 3.0464351177215576, 0.49285444617271423, -0.49019357562065125]	[0.2568592131137848, 0.16853031516075134, 0.11420854181051254]
54	[1.589266061782837, 0.07052204012870789, 2.1475582122802734, 1.132133960723877, 1.4189081192016602, 0.012000004760921001, -0.09813404083251953]	[0.09250884503126144, -0.1544206589460373, -0.04820339009165764, 3.0497045516967773, 0.48743873834609985, -0.48865437507629395]	[0.2568592131137848, 0.16853031516075134, 0.11420854181051254]
55	[1.589266061782837, 0.07052204012870789, 2.1475582122802734, 1.132133960723877, 1.4189081192016602, 0.012000004760921001, -0.09813404083251953]	[0.09205370396375656, -0.1544206589460373, -0.048486512154340744, 3.048072099685669, 0.490147203207016, -0.48942095041275024]	[0.2568592131137848, 0.16853031516075134, 0.11420854181051254]
56	[1.5908000469207764, 0.07052204012870789, 2.1475582122802734, 1.132133960723877, 1.4189081192016602, 0.012000004760921001, -0.09813404083251953]	[0.09228137880563736, -0.1544206589460373, -0.04834512993693352, 3.048888921737671, 0.48879313468933105, -0.4890369176864624]	[0.2568592131137848, 0.16853031516075134, 0.11420854181051254]
57	[1.5908000469207764, 0.07052204012870789, 2.146023988723755, 1.132133960723877, 1.4189081192016602, 0.012000004760921001, -0.09813404083251953]	[0.09228137880563736, -0.1544206589460373, -0.04834512993693352, 3.048888921737671, 0.48879313468933105, -0.4890369176864624]	[0.2568592131137848, 0.16853031516075134, 0.11420854181051254]
58	[1.5908000469207764, 0.07052204012870789, 2.146023988723755, 1.132133960723877, 1.4189081192016602, 0.012000004760921001, -0.09813404083251953]	[0.09228137880563736, -0.1544206589460373, -0.04834512993693352, 3.048888921737671, 0.48879313468933105, -0.4890369176864624]	[0.2568592131137848, 0.16853031516075134, 0.11420854181051254]
59	[1.5908000469207764, 0.07052204012870789, 2.146023988723755, 1.1305999755859375, 1.4189081192016602, 0.012000004760921001, -0.09813404083251953]	[0.09228137880563736, -0.1544206589460373, -0.04834512993693352, 3.048888921737671, 0.48879313468933105, -0.4890369176864624]	[0.2568592131137848, 0.16853031516075134, 0.11420854181051254]
60	[1.589266061782837, 0.07052204012870789, 2.146023988723755, 1.1305999755859375, 1.4189081192016602, 0.012000004760921001, -0.09813404083251953]	[0.09205370396375656, -0.1544206589460373, -0.048486512154340744, 3.048072099685669, 0.490147203207016, -0.48942095041275024]	[0.2568592131137848, 0.16853031516075134, 0.11420854181051254]
61	[1.5908000469207764, 0.07052204012870789, 2.146023988723755, 1.1305999755859375, 1.4189081192016602, 0.012000004760921001, -0.09813404083251953]	[0.0920005813241005, -0.15438082814216614, -0.048648860305547714, 3.0481200218200684, 0.49167850613594055, -0.48931944370269775]	[0.2568592131137848, 0.16853031516075134, 0.11420854181051254]
62	[1.589266061782837, 0.07052204012870789, 2.146023988723755, 1.132133960723877, 1.4189081192016602, 0.012000004760921001, -0.09813404083251953]	[0.09228137880563736, -0.1544206589460373, -0.04834512993693352, 3.048888921737671, 0.48879313468933105, -0.4890369176864624]	[0.2568592131137848, 0.16853031516075134, 0.11420854181051254]
63	[1.5923340320587158, 0.07052204012870789, 2.146023988723755, 1.132133960723877, 1.4189081192016602, 0.012000004760921001, -0.09813404083251953]	[0.09159772843122482, -0.1544206589460373, -0.048768237233161926, 3.0464351177215576, 0.49285444617271423, -0.49019357562065125]	[0.2568592131137848, 0.16853031516075134, 0.11420854181051254]
64	[1.5938680171966553, 0.07052204012870789, 2.146023988723755, 1.1305999755859375, 1.4189081192016602, 0.012000004760921001, -0.09813404083251953]	[0.09154409170150757, -0.15438082814216614, -0.04893042519688606, 3.0464818477630615, 0.4943859279155731, -0.4900948107242584]	[0.42696109414100647, 0.11959101259708405, -0.0363437682390213]
65	[1.5938680171966553, 0.07052204012870789, 2.146023988723755, 1.1305999755859375, 1.4189081192016602, 0.012000004760921001, -0.09813404083251953]	[0.09154409170150757, -0.15438082814216614, -0.04893042519688606, 3.0464818477630615, 0.4943859279155731, -0.4900948107242584]	[0.42696109414100647, 0.11959101259708405, -0.0363437682390213]
66	[1.5923340320587158, 0.07052204012870789, 2.146023988723755, 1.132133960723877, 1.4189081192016602, 0.012000004760921001, -0.09813404083251953]	[0.09182583540678024, -0.1544206589460373, -0.04862755909562111, 3.0472540855407715, 0.49150094389915466, -0.48980647325515747]	[0.42696109414100647, 0.11959101259708405, -0.0363437682390213]
67	[1.5923340320587158, 0.07052204012870789, 2.146023988723755, 1.132133960723877, 1.4189081192016602, 0.012000004760921001, -0.09813404083251953]	[0.09159772843122482, -0.1544206589460373, -0.048768237233161926, 3.0464351177215576, 0.49285444617271423, -0.49019357562065125]	[0.42696109414100647, 0.11959101259708405, -0.0363437682390213]
68	[1.5923340320587158, 0.07205604016780853, 2.1444900035858154, 1.1305999755859375, 1.4189081192016602, 0.012000004760921001, -0.09813404083251953]	[0.09177058935165405, -0.15415559709072113, -0.048876117914915085, 3.0488383769989014, 0.49375325441360474, -0.4890114665031433]	[0.42696109414100647, 0.11959101259708405, -0.0363437682390213]
69	[1.5923340320587158, 0.07052204012870789, 2.1444900035858154, 1.1305999755859375, 1.4189081192016602, 0.012000004760921001, -0.09813404083251953]	[0.09177245199680328, -0.15438082814216614, -0.04878982529044151, 3.0473015308380127, 0.4930323660373688, -0.4897063374519348]	[0.42696109414100647, 0.11959101259708405, -0.0363437682390213]
70	[1.5923340320587158, 0.07052204012870789, 2.1444900035858154, 1.132133960723877, 1.4189081192016602, 0.012000004760921001, -0.09813404083251953]	[0.09114088118076324, -0.1544206589460373, -0.04904855787754059, 3.044793128967285, 0.49556058645248413, -0.4909723997116089]	[0.42696109414100647, 0.11959101259708405, -0.0363437682390213]
71	[1.6061400175094604, 0.06592004001140594, 2.146023988723755, 1.132133960723877, 1.4189081192016602, 0.012000004760921001, -0.09813404083251953]	[0.08977751433849335, -0.1553192138671875, -0.04953236132860184, 3.0336811542510986, 0.5007607936859131, -0.49609336256980896]	[0.42696109414100647, 0.11959101259708405, -0.0363437682390213]
72	[1.6138100624084473, 0.03677403926849365, 2.1506261825561523, 1.132133960723877, 1.4189081192016602, 0.012000004760921001, -0.09813404083251953]	[0.08873960375785828, -0.16154685616493225, -0.04762282967567444, 2.986833095550537, 0.4866490364074707, -0.5166151523590088]	[0.42696109414100647, 0.11959101259708405, -0.0363437682390213]
73	[1.6138100624084473, -0.01691596210002899, 2.1552281379699707, 1.1367360353469849, 1.4204421043395996, 0.012000004760921001, -0.09813404083251953]	[0.08946668356657028, -0.1703808456659317, -0.042330022901296616, 2.9301154613494873, 0.4452105462551117, -0.5399385690689087]	[0.42696109414100647, 0.11959101259708405, -0.0363437682390213]
74	[1.5969359874725342, -0.07060596346855164, 2.1582961082458496, 1.1444059610366821, 1.4204421043395996, 0.012000004760921001, -0.09813404083251953]	[0.09434407204389572, -0.1767014116048813, -0.035418350249528885, 2.906263828277588, 0.38946226239204407, -0.5482725501060486]	[0.29175540804862976, 0.05206318199634552, 0.061046287417411804]
75	[1.5524499416351318, -0.10742195695638657, 2.1552281379699707, 1.1444059610366821, 1.4204421043395996, 0.012000004760921001, -0.09660004079341888]	[0.10109035670757294, -0.18081800639629364, -0.02748410403728485, 2.906625509262085, 0.32568779587745667, -0.5483202338218689]	[0.29175540804862976, 0.05206318199634552, 0.061046287417411804]
76	[1.4512059688568115, -0.13656796514987946, 2.1552281379699707, 1.1505420207977295, 1.4204421043395996, 0.012000004760921001, -0.09660004079341888]	[0.11618403345346451, -0.1850186139345169, -0.010567089542746544, 2.9473628997802734, 0.19733324646949768, -0.5411280393600464]	[0.29175540804862976, 0.05206318199634552, 0.061046287417411804]
77	[1.317747950553894, -0.1611119657754898, 2.1536941528320312, 1.14900803565979, 1.4204421043395996, 0.012000004760921001, -0.09660004079341888]	[0.12753498554229736, -0.1871967762708664, 0.004558897577226162, 2.993579626083374, 0.09302573651075363, -0.538515031337738]	[0.29175540804862976, 0.05206318199634552, 0.061046287417411804]
78	[1.2671259641647339, -0.16571396589279175, 2.1444900035858154, 1.14900803565979, 1.4204421043395996, 0.012000004760921001, -0.09660004079341888]	[0.12931104004383087, -0.18700112402439117, 0.0067921788431704044, 3.0043094158172607, 0.07796841114759445, -0.5371534824371338]	[0.29175540804862976, 0.05206318199634552, 0.061046287417411804]
79	[1.2747960090637207, -0.16571396589279175, 2.1414220333099365, 1.1045219898223877, 1.4173741340637207, 0.012000004760921001, -0.09813404083251953]	[0.05972260236740112, -0.23775672912597656, -0.005740730091929436, 2.1904006004333496, 0.3818596303462982, -0.7329255938529968]	[0.29175540804862976, 0.05206318199634552, 0.061046287417411804]
