1 [1.905269980430603, -0.5906319618225098, 2.0371100902557373, 1.1014540195465088, 0.892746090888977, 0.01280000526458025, 0.02765396237373352] [0.06259585916996002, -0.22670789062976837, -0.018611004576086998, 1.7218064069747925, 0.4153610169887543, -0.6939020752906799] [0.29175540804862976, 0.05206318199634552, 0.061046287417411804]
2 [1.9037359952926636, -0.5921659469604492, 2.0371100902557373, 1.1014540195465088, 0.892746090888977, 0.01280000526458025, 0.02765396237373352] [0.06253136694431305, -0.22656716406345367, -0.018797503784298897, 1.7230247259140015, 0.41628822684288025, -0.6939112544059753] [0.29175540804862976, 0.05206318199634552, 0.061046287417411804]
3 [1.905269980430603, -0.5906319618225098, 2.0371100902557373, 1.1014540195465088, 0.892746090888977, 0.0132000045850873, 0.02765396237373352] [0.06253136694431305, -0.22656716406345367, -0.018797503784298897, 1.7230247259140015, 0.41628822684288025, -0.6939112544059753] [0.29175540804862976, 0.05206318199634552, 0.061046287417411804]
4 [1.905269980430603, -0.5906319618225098, 2.0371100902557373, 1.1014540195465088, 0.892746090888977, 0.01280000526458025, 0.029187962412834167] [0.06234906241297722, -0.22656716406345367, -0.01889328472316265, 1.7219514846801758, 0.41746726632118225, -0.6943457722663879] [0.29175540804862976, 0.05206318199634552, 0.061046287417411804]
5 [1.8945319652557373, -1.245650053024292, 2.0033621788024902, 0.9296460151672363, 0.892746090888977, 0.0132000045850873, -0.019900038838386536] [0.07809733599424362, -0.2774503827095032, 0.0632939338684082, 1.196191668510437, 0.12257815152406693, -0.8302966952323914] [0.29175540804862976, 0.05206318199634552, 0.061046287417411804]
6 [1.8730560541152954, -1.245650053024292, 2.0447800159454346, 0.4740479588508606, 0.892746090888977, 0.0132000045850873, -0.02296803891658783] [0.041151393204927444, -0.3030255436897278, 0.05409937724471092, 1.1981439590454102, 0.2036827802658081, -1.2400850057601929] [0.29175540804862976, 0.05206318199634552, 0.061046287417411804]
7 [1.8546479940414429, -1.2425819635391235, 2.1475582122802734, 0.2623559832572937, 0.892746090888977, 0.0132000045850873, -0.010696038603782654] [0.023531338199973106, -0.3079269826412201, 0.04847784340381622, 1.1826605796813965, 0.2500759959220886, -1.4071202278137207] [0.29175540804862976, 0.05206318199634552, 0.061046287417411804]
8 [1.851580023765564, -1.2425819635391235, 2.146023988723755, 0.2546859681606293, 0.892746090888977, 0.01280000526458025, -0.003026038408279419] [0.023281192407011986, -0.30798467993736267, 0.048409730195999146, 1.1834713220596313, 0.250706285238266, -1.4097672700881958] [0.29175540804862976, 0.05206318199634552, 0.061046287417411804]
9 [1.8500460386276245, -1.244115948677063, 2.1444900035858154, 0.2546859681606293, 0.892746090888977, 0.01280000526458025, -0.01683203876018524] [0.023370467126369476, -0.30805060267448425, 0.04871927201747894, 1.1832271814346313, 0.24925148487091064, -1.40940260887146] [0.29175540804862976, 0.05206318199634552, 0.061046287417411804]
10 [1.8531140089035034, -1.244115948677063, 2.142956018447876, 0.2546859681606293, 0.892746090888977, 0.01280000526458025, -0.02757003903388977] [0.023624362424016, -0.30808699131011963, 0.049080971628427505, 1.183354139328003, 0.24735738337039948, -1.4075216054916382] [0.29175540804862976, 0.05206318199634552, 0.061046287417411804]
11 [1.851580023765564, -1.2563879489898682, 2.139888048171997, 0.2562199831008911, 0.892746090888977, 0.01280000526458025, -0.02757003903388977] [0.02549016661942005, -0.3092006742954254, 0.055032044649124146, 1.178904414176941, 0.21930859982967377, -1.3990424871444702] [1.0706579685211182, 0.5950196385383606, -0.8584764003753662]
12 [1.848512053489685, -1.2932039499282837, 2.136820077896118, 0.27309396862983704, 0.892746090888977, 0.0132000045850873, -0.02757003903388977] [0.02885022945702076, -0.30962908267974854, 0.06066891923546791, 1.1809592247009277, 0.19077090919017792, -1.3760136365890503] [1.0706579685211182, 0.5950196385383606, -0.8584764003753662]
13 [1.848512053489685, -1.3116120100021362, 2.1352860927581787, 0.27616196870803833, 0.892746090888977, 0.0132000045850873, -0.02757003903388977] [0.029888616874814034, -0.3099028468132019, 0.06327074021100998, 1.179149866104126, 0.1783297061920166, -1.370088815689087] [1.0706579685211182, 0.5950196385383606, -0.8584764003753662]
14 [1.846977949142456, -1.3116120100021362, 2.136820077896118, 0.2915019690990448, 0.892746090888977, 0.0132000045850873, -0.026036038994789124] [0.03173040971159935, -0.30945873260498047, 0.0638839453458786, 1.183547019958496, 0.17320863902568817, -1.3533929586410522] [1.0706579685211182, 0.5950196385383606, -0.8584764003753662]
15 [1.8301039934158325, -1.3100780248641968, 2.142956018447876, 0.3267839550971985, 0.892746090888977, 0.0132000045850873, -0.026036038994789124] [0.03746292367577553, -0.3079335391521454, 0.06565546244382858, 1.2208467721939087, 0.1560460329055786, -1.3037830591201782] [1.0706579685211182, 0.5950196385383606, -0.8584764003753662]
16 [1.796355962753296, -1.2886019945144653, 2.142956018447876, 0.40041595697402954, 0.892746090888977, 0.01280000526458025, -0.01836603879928589] [0.04342537745833397, -0.3053019344806671, 0.06455396115779877, 1.2642946243286133, 0.1484748274087906, -1.2469338178634644] [1.0706579685211182, 0.5950196385383606, -0.8584764003753662]
17 [1.751870036125183, -1.248718023300171, 2.1444900035858154, 0.4648439884185791, 0.892746090888977, 0.01280000526458025, -0.003026038408279419] [0.050765011459589005, -0.3009934425354004, 0.05983121693134308, 1.3631958961486816, 0.1468348652124405, -1.1802234649658203] [1.0706579685211182, 0.5950196385383606, -0.8584764003753662]
18 [1.6874420642852783, -1.1796879768371582, 2.1444900035858154, 0.4709799885749817, 0.892746090888977, 0.01280000526458025, 0.01231396198272705] [0.051095280796289444, -0.29667380452156067, 0.04242449998855591, 1.454172968864441, 0.2186603993177414, -1.175465703010559] [1.0706579685211182, 0.5950196385383606, -0.8584764003753662]
19 [1.6475579738616943, -1.0094139575958252, 2.136820077896118, 0.46944597363471985, 0.892746090888977, 0.01280000526458025, 0.015381962060928345] [0.04885192587971687, -0.2862723767757416, 0.013029043562710285, 1.5203303098678589, 0.35780423879623413, -1.169922113418579] [0.6219397783279419, 0.24929119646549225, -0.3470474183559418]
20 [1.6598299741744995, -0.9143059849739075, 2.1276161670684814, 0.46944597363471985, 0.892746090888977, 0.0132000045850873, 0.013847962021827698] [0.046934034675359726, -0.2787972390651703, -0.002501227194443345, 1.5492849349975586, 0.4361272156238556, -1.1659613847732544] [0.6219397783279419, 0.24929119646549225, -0.3470474183559418]
21 [1.661363959312439, -0.8560140132904053, 2.1153440475463867, 0.46944597363471985, 0.892746090888977, 0.01280000526458025, 0.013847962021827698] [0.045798733830451965, -0.2704102098941803, -0.01643449254333973, 1.5854429006576538, 0.5080351233482361, -1.155657172203064] [0.6219397783279419, 0.24929119646549225, -0.3470474183559418]
22 [1.6521600484848022, -0.7363619804382324, 2.1214799880981445, 0.46944597363471985, 0.892746090888977, 0.01280000526458025, 0.01691596210002899] [0.04508281126618385, -0.25542783737182617, -0.036312002688646317, 1.6545360088348389, 0.6165370345115662, -1.1302794218063354] [0.6219397783279419, 0.24929119646549225, -0.3470474183559418]
23 [1.6521600484848022, -0.5983020067214966, 2.1276161670684814, 0.4479699730873108, 0.892746090888977, 0.01280000526458025, 0.01844996213912964] [0.04048309475183487, -0.23527947068214417, -0.05857880413532257, 1.7128196954727173, 0.7599154114723206, -1.1166597604751587] [0.6219397783279419, 0.24929119646549225, -0.3470474183559418]
24 [1.65829598903656, -0.49859195947647095, 2.1276161670684814, 0.4479699730873108, 0.892746090888977, 0.01280000526458025, 0.009245961904525757] [0.03939365595579147, -0.22577613592147827, -0.06664201617240906, 1.7475959062576294, 0.8150540590286255, -1.0980079174041748] [0.6219397783279419, 0.24929119646549225, -0.3470474183559418]
25 [1.662898063659668, -0.48631995916366577, 2.126082181930542, 0.44643598794937134, 0.892746090888977, 0.01280000526458025, 4.1961669921875e-05] [0.03757431358098984, -0.22572748363018036, -0.06719648092985153, 1.7334028482437134, 0.8214976787567139, -1.1097559928894043] [0.6219397783279419, 0.24929119646549225, -0.3470474183559418]
26 [1.6828399896621704, -0.48631995916366577, 2.1153440475463867, 0.43416398763656616, 0.892746090888977, 0.01280000526458025, -0.01836603879928589] [0.0297941155731678, -0.2252490222454071, -0.06954396516084671, 1.6719986200332642, 0.8490514755249023, -1.1618602275848389] [0.6219397783279419, 0.24929119646549225, -0.3470474183559418]
27 [1.7380640506744385, -0.4878539741039276, 2.1107420921325684, 0.4188239574432373, 0.892746090888977, 0.0132000045850873, -0.030638039112091064] [0.01853911392390728, -0.2250617891550064, -0.07159888744354248, 1.5767951011657715, 0.8778976798057556, -1.2394424676895142] [0.6219397783279419, 0.24929119646549225, -0.3470474183559418]
28 [1.793287992477417, -0.48938798904418945, 2.1076741218566895, 0.4188239574432373, 0.892746090888977, 0.0132000045850873, -0.030638039112091064] [0.012050064280629158, -0.22707311809062958, -0.07067365199327469, 1.5115737915039062, 0.8785483241081238, -1.2870094776153564] [0.6219397783279419, 0.24929119646549225, -0.3470474183559418]
29 [1.8178319931030273, -0.5231359601020813, 2.109208106994629, 0.4188239574432373, 0.892746090888977, 0.01280000526458025, -0.03370603919029236] [0.010998280718922615, -0.23225967586040497, -0.06669717282056808, 1.480238914489746, 0.8517953157424927, -1.3031305074691772] [0.6219397783279419, 0.24929119646549225, -0.3470474183559418]
30 [1.8178319931030273, -0.5461459755897522, 2.1276161670684814, 0.42035797238349915, 0.892746090888977, 0.01280000526458025, -0.04291003942489624] [0.01307892706245184, -0.2354210466146469, -0.06390086561441422, 1.4849402904510498, 0.8302443623542786, -1.2939441204071045] [0.6219397783279419, 0.24929119646549225, -0.3470474183559418]
31 [1.7948219776153564, -0.5507479906082153, 2.1444900035858154, 0.42035797238349915, 0.892746090888977, 0.0132000045850873, -0.06745404005050659] [0.01734820380806923, -0.2354210466146469, -0.06350410729646683, 1.5218238830566406, 0.8227757811546326, -1.2668119668960571] [0.6219397783279419, 0.24929119646549225, -0.3470474183559418]
32 [1.248718023300171, -1.1198619604110718, 2.1046061515808105, 0.7256239652633667, 0.895814061164856, 0.0132000045850873, -0.1165420413017273] [0.0874735563993454, -0.27880018949508667, 0.0955047458410263, 1.8266656398773193, -0.21479696035385132, -0.9137929677963257] [0.3507646918296814, 0.07676077634096146, -0.012578356079757214]
33 [1.248718023300171, -1.0953179597854614, 1.9757500886917114, 1.032423973083496, 0.895814061164856, 0.01280000526458025, -0.12114404141902924] [0.10377570986747742, -0.25330278277397156, 0.1048886626958847, 1.6870611906051636, -0.3291764259338379, -0.6509536504745483] [0.3507646918296814, 0.07676077634096146, -0.012578356079757214]
34 [1.241047978401184, -1.0677059888839722, 1.839224100112915, 1.3116120100021362, 0.895814061164856, 0.0132000045850873, -0.12421204149723053] [0.11395853757858276, -0.22298204898834229, 0.10969369113445282, 1.5901519060134888, -0.421932578086853, -0.3746223747730255] [0.3507646918296814, 0.07676077634096146, -0.012578356079757214]
35 [1.2318439483642578, -1.0063459873199463, 1.8376901149749756, 1.3300199508666992, 0.895814061164856, 0.0132000045850873, -0.12728004157543182] [0.11862274259328842, -0.2189650684595108, 0.097220778465271, 1.6873599290847778, -0.38220521807670593, -0.375093936920166] [0.3507646918296814, 0.07676077634096146, -0.012578356079757214]
36 [1.222640037536621, -0.8928300142288208, 1.8315540552139282, 1.3315539360046387, 0.895814061164856, 0.01280000526458025, -0.13034804165363312] [0.12179367989301682, -0.21532349288463593, 0.0911126509308815, 1.7633683681488037, -0.37451252341270447, -0.3770240545272827] [0.3507646918296814, 0.07676077634096146, -0.012578356079757214]
37 [1.187358021736145, -0.8345379829406738, 1.8315540552139282, 1.3315539360046387, 0.895814061164856, 0.0132000045850873, -0.1364840418100357] [0.1244749128818512, -0.21258936822414398, 0.09287243336439133, 1.835447907447815, -0.4112052619457245, -0.384879469871521] [0.3507646918296814, 0.07676077634096146, -0.012578356079757214]
38 [1.1213959455490112, -0.7992559671401978, 1.8315540552139282, 1.3315539360046387, 0.895814061164856, 0.0132000045850873, -0.1426200419664383] [0.1271052211523056, -0.20984803140163422, 0.09686779975891113, 1.9066137075424194, -0.45932742953300476, -0.39480334520339966] [0.3507646918296814, 0.07676077634096146, -0.012578356079757214]
39 [1.075376033782959, -0.7624399662017822, 1.8315540552139282, 1.3330880403518677, 0.895814061164856, 0.0132000045850873, -0.14722204208374023] [0.12711882591247559, -0.20968298614025116, 0.10127051174640656, 1.9378751516342163, -0.4968002140522003, -0.40838244557380676] [0.3507646918296814, 0.07676077634096146, -0.012578356079757214]
40 [1.0247540473937988, -0.7624399662017822, 1.842292070388794, 1.3346220254898071, 0.895814061164856, 0.0132000045850873, -0.14722204208374023] [0.12633998692035675, -0.21051396429538727, 0.10657753795385361, 1.9602086544036865, -0.5354213118553162, -0.42589831352233887] [0.3507646918296814, 0.07676077634096146, -0.012578356079757214]
41 [1.0063459873199463, -0.7624399662017822, 1.859166145324707, 1.3346220254898071, 0.895814061164856, 0.0132000045850873, -0.14722204208374023] [0.1257789582014084, -0.21139086782932281, 0.10763470828533173, 1.973028302192688, -0.5441070795059204, -0.43886154890060425] [0.3507646918296814, 0.07676077634096146, -0.012578356079757214]
42 [1.001744031906128, -0.7624399662017822, 1.8699040412902832, 1.3330880403518677, 0.895814061164856, 0.01280000526458025, -0.14722204208374023] [0.12482860684394836, -0.2123761922121048, 0.10902944207191467, 1.9854273796081543, -0.5558993816375732, -0.453144907951355] [1.3869163990020752, 0.11069425195455551, -0.32041820883750916]
43 [1.0002100467681885, -0.7639739513397217, 1.9067200422286987, 1.3346220254898071, 0.895814061164856, 0.01280000526458025, -0.14722204208374023] [0.12264834344387054, -0.215047687292099, 0.11066199839115143, 2.0118205547332764, -0.5707018971443176, -0.487779438495636] [1.3869163990020752, 0.11069425195455551, -0.32041820883750916]
44 [1.0002100467681885, -0.7624399662017822, 1.9097881317138672, 1.3330880403518677, 0.895814061164856, 0.01280000526458025, -0.15029004216194153] [0.12249533087015152, -0.21540242433547974, 0.11068212240934372, 2.014693021774292, -0.5706290602684021, -0.4917635917663574] [1.3869163990020752, 0.11069425195455551, -0.32041820883750916]
45 [1.0002100467681885, -0.7624399662017822, 1.9113221168518066, 1.3330880403518677, 0.895814061164856, 0.0132000045850873, -0.15182404220104218] [0.12249533087015152, -0.21540242433547974, 0.11068212240934372, 2.014693021774292, -0.5706290602684021, -0.4917635917663574] [1.3869163990020752, 0.11069425195455551, -0.32041820883750916]
46 [1.0002100467681885, -0.7624399662017822, 1.9113221168518066, 1.3330880403518677, 0.895814061164856, 0.01280000526458025, -0.15182404220104218] [0.12249533087015152, -0.21540242433547974, 0.11068212240934372, 2.014693021774292, -0.5706290602684021, -0.4917635917663574] [1.3869163990020752, 0.11069425195455551, -0.32041820883750916]
47 [1.0002100467681885, -0.7624399662017822, 1.9113221168518066, 1.3330880403518677, 0.895814061164856, 0.01280000526458025, -0.15182404220104218] [0.12249533087015152, -0.21540242433547974, 0.11068212240934372, 2.014693021774292, -0.5706290602684021, -0.4917635917663574] [1.3869163990020752, 0.11069425195455551, -0.32041820883750916]
48 [1.0002100467681885, -0.7624399662017822, 1.9113221168518066, 1.3330880403518677, 0.895814061164856, 0.0132000045850873, -0.15182404220104218] [0.12249533087015152, -0.21540242433547974, 0.11068212240934372, 2.014693021774292, -0.5706290602684021, -0.4917635917663574] [0.3408784866333008, 0.03749874234199524, 0.1240869089961052]
49 [1.0002100467681885, -0.7624399662017822, 1.9113221168518066, 1.3330880403518677, 0.895814061164856, 0.01280000526458025, -0.15182404220104218] [0.12249533087015152, -0.21540242433547974, 0.11068212240934372, 2.014693021774292, -0.5706290602684021, -0.4917635917663574] [0.3408784866333008, 0.03749874234199524, 0.1240869089961052]
50 [1.0002100467681885, -0.7624399662017822, 1.9113221168518066, 1.3330880403518677, 0.895814061164856, 0.01280000526458025, -0.15182404220104218] [0.12249533087015152, -0.21540242433547974, 0.11068212240934372, 2.014693021774292, -0.5706290602684021, -0.4917635917663574] [0.3408784866333008, 0.03749874234199524, 0.1240869089961052]
