0.727307309114965	-0.314637568634050	1.76334486003146	1.11650537603427	1.58665559952943	0.523334321269363	-0.101898279054285	0.159959763701514	-0.172542819029312	0.0933164088165994	3.07750658968753	-0.401476949383072	-0.324524948016849	0.564076573223046	-0.316957051596758	-0.109853594441226
0.724872612700403	-0.316894386550932	1.76498301036951	1.12311123311800	1.57523136925213	0.510343755016272	-0.101904906233941	0.159376511979023	-0.172607022863322	0.0945138324031818	3.06498341944123	-0.412047843859055	-0.325358528928198	0.576114788667086	-0.329782042503143	-0.123299379378889
0.722421807481449	-0.319146229225909	1.76656555847374	1.12974216558360	1.56380434857293	0.497345387831943	-0.101911327391497	0.158791992637349	-0.172664249578798	0.0957133651092158	3.05240121193621	-0.422632788250261	-0.326114264458241	0.588129447435325	-0.342586500106032	-0.136733833882140
0.719949609607380	-0.321390776297225	1.76807301531498	1.13640566168476	1.55237395977691	0.484337679864175	-0.101917488951425	0.158205825493395	-0.172712054233406	0.0969155560319510	3.03974050869825	-0.433235056908071	-0.326765496019800	0.600112557516406	-0.355363146055747	-0.150152113080579
0.717448884594190	-0.323624662132371	1.76947864490749	1.14311158280981	1.54093953523510	0.471318894613627	-0.101923323289487	0.157617509299951	-0.172747082849839	0.0981210984877169	3.02697500421958	-0.443858621415208	-0.327275850367894	0.612053238290971	-0.368101969811207	-0.163547295201941
0.714909965439770	-0.325843005350579	1.77074564004710	1.14987294603843	1.52950032512320	0.458287151825368	-0.101928745282007	0.157026381600320	-0.172764718170405	0.0993308655284585	3.01406901144305	-0.454508242770242	-0.327595522260650	0.623936623309420	-0.380789154844229	-0.176909477132524
0.712319711435299	-0.328038725310864	1.77182316264774	1.15670696742063	1.51805552424677	0.445240550462387	-0.101933648230864	0.156431565113261	-0.172758582999882	0.100545951927148	3.00097395879940	-0.465189532849937	-0.327656088692657	0.635742332626840	-0.393405569681154	-0.190224470476635
0.709660209298172	-0.330201549513164	1.77264079060804	1.16363644836205	1.50660433237175	0.432177410588533	-0.101937899233409	0.155831896346669	-0.172719843679516	0.101767721948622	2.98762354934191	-0.475908944164189	-0.327363273294180	0.647442345469381	-0.405924646705684	-0.203471921781122
0.706906983934723	-0.332316574263951	1.77310073888449	1.17069160741937	1.49514607124628	0.419096711802526	-0.101941334252625	0.155225831071043	-0.172636234375163	0.102997860319030	2.97392708257015	-0.486673617055874	-0.326586863840415	0.658998041805477	-0.418309403501187	-0.216622605934787
0.704026543916116	-0.334362183897459	1.77306699754922	1.17791247788541	1.48368039503459	0.405998849867094	-0.101943753489329	0.154611320287347	-0.172490694647646	0.104238420255693	2.95976027886791	-0.497490965445994	-0.325146711189768	0.670356102544557	-0.430508273021499	-0.229634540343565
0.700973039767173	-0.336307058827600	1.77235025881697	1.18535199903335	1.47220765127211	0.392886898892166	-0.101944918273753	0.153985649837467	-0.172259478796400	0.105491856096509	2.94495276620423	-0.508367806588065	-0.322793414218239	0.681442865799895	-0.442449301315348	-0.242447435924770
0.697683772081931	-0.338105911333371	1.77068722228464	1.19307990719177	1.46072947919029	0.379768661354353	-0.101944551746497	0.153345237773510	-0.171909559982812	0.106761017237118	2.92927122775184	-0.519308724578896	-0.319181971587049	0.692156645765382	-0.454032157105188	-0.254974844057093
0.694073277904921	-0.339693493141279	1.76771267358327	1.20118744522045	1.44924977347028	0.366659918158188	-0.101942347330177	0.152685387903029	-0.171395127765075	0.108049062236327	2.91239716564654	-0.530313187474263	-0.313836494250689	0.702357471824520	-0.465117313762442	-0.267093202799959
0.690025805719753	-0.340976359719241	1.76292286527404	1.20979268761651	1.43777619366108	0.353589452373214	-0.101937991708545	0.152000009054348	-0.170652994378376	0.109359223901738	2.89389852576468	-0.541370704379689	-0.306104337882528	0.711853791237613	-0.475511801611454	-0.278626906527215
0.685386276271777	-0.341821946509524	1.75562969147775	1.21904580737586	1.42632245405452	0.340606582443669	-0.101931213004225	0.151281333574356	-0.169596845747524	0.110694315006386	2.87319547901180	-0.552453024844432	-0.295099380807521	0.720386088734778	-0.484951278730670	-0.289328696552355
0.679950522890170	-0.342044907429507	1.74490788467853	1.22913271300513	1.41491165756134	0.327792008194791	-0.101921870016032	0.150519714627341	-0.168110616382757	0.112055810527940	2.84952323426817	-0.563502124984181	-0.279637843824496	0.727608460250202	-0.493079195912267	-0.298855455825827
0.673457028180710	-0.341391742526965	1.72954353606041	1.24027394435062	1.40358087152755	0.315272519802143	-0.101910103568994	0.149703661445621	-0.166042028878858	0.113442287804991	2.82190006487382	-0.574412715360901	-0.258177974126609	0.733071499260136	-0.499426143689700	-0.306741533094131
0.665584896113386	-0.339527041717135	1.70800370221172	1.25271341671112	1.39238684596805	0.303239101291914	-0.101896572401522	0.148820391548378	-0.163198776240900	0.114846990094595	2.78911818619489	-0.585008743215674	-0.228789579997067	0.736214122392227	-0.503396876570015	-0.312375978059158
0.655966537336273	-0.336028750432191	1.67846504487352	1.26668892708710	1.38141202455370	0.291965477526083	-0.101882784681784	0.147857320528761	-0.159352106188041	0.116254393087843	2.74978922641888	-0.595015742053297	-0.189202197388277	0.736378551746668	-0.504279570907453	-0.314997465049717
0.644227518254069	-0.330405570673683	1.63896122108443	1.28237499664644	1.37076856725549	0.281819519836840	-0.101871496775074	0.146804986390793	-0.154255298027859	0.117636057617141	2.70249119986437	-0.604036051810013	-0.137007057307082	0.732870215140206	-0.501300459278478	-0.313730771180056
0.630066651974342	-0.322154415292706	1.58771913922163	1.29979268245623	1.36059607524749	0.273253522938062	-0.101867066712919	0.145661707101092	-0.147685828794469	0.118946918089539	2.64606680027159	-0.611542252723788	-0.0700983498576271	0.725087052882301	-0.493751418278337	-0.307696603678528
0.613379497556790	-0.310872668024753	1.52371962818423	1.31869645255351	1.35104716618676	0.266754835437779	-0.101875527122181	0.144439482493619	-0.139515692560642	0.120124426383274	2.58008644464481	-0.616912548269489	0.0126090783392147	0.712728255716998	-0.481205397077845	-0.296219377758168
0.594400604007774	-0.296418198752544	1.44739797608989	1.33847749600466	1.34225668157855	0.262744372568706	-0.101904055790797	0.143169136755504	-0.129799276839701	0.121093881469351	2.50538563658826	-0.619530564735235	0.110304619515704	0.696046763392180	-0.463788758175094	-0.279116383141308
0.573799300119371	-0.279066350166602	1.36120352296334	1.35815237587234	1.33429821898319	0.261436749142521	-0.101959635090703	0.141901137000033	-0.118843580719768	0.121782138288961	2.42443337001530	-0.618947161244949	0.219614772767288	0.676038581606072	-0.442403422440366	-0.256972378948918
0.552643456145731	-0.259571828231006	1.26960441950686	1.37649965342007	1.32714457428264	0.262716992383275	-0.102047133707794	0.140698779870378	-0.107208859247290	0.122137348601406	2.34120893645143	-0.615052228808658	0.334663647344682	0.654418549271756	-0.418738192270884	-0.231232411287976
0.532191435966049	-0.239057269742843	1.17828197642936	1.39233481538666	1.32065617232231	0.266110867731896	-0.102167626562718	0.139624119520580	-0.0956076213174270	0.122146356354213	2.26043251445910	-0.608164170869016	0.448158569681033	0.633298694782477	-0.394966626577692	-0.203977602042451
0.513581015618909	-0.218744674584806	1.09274417294229	1.40480987383694	1.31461087182204	0.270888661640531	-0.102317919443071	0.138722415360702	-0.0847307527629791	0.121839743820974	2.18640129251882	-0.598967703176991	0.553174326957729	0.614667240883904	-0.373214934211015	-0.177424420159177
0.497566103521161	-0.199655308137898	1.01702246401994	1.41358706361436	1.30876287512797	0.276258866400037	-0.102491598939348	0.138012912072899	-0.0750840559446231	0.121281120057503	2.12199504704851	-0.588321111501145	0.644777904549736	0.599918811826701	-0.355054032970667	-0.153382575396784
0.484419914353168	-0.182421375615968	0.953053662213370	1.41881687909092	1.30290054720131	0.281552856315447	-0.102680971288330	0.137489699005012	-0.0669106974277181	0.120547120141345	2.06830061794966	-0.577035138286453	0.720748458767861	0.589650442400512	-0.341250780782700	-0.132928727857522
0.474008093670995	-0.167264228293060	0.900854741526370	1.42097366955653	1.29687893804781	0.286324233027001	-0.102878862044731	0.137130037349729	-0.0602131152757814	0.119708695323128	2.02487518675382	-0.565723640325438	0.781290797356170	0.583749568515779	-0.331825127165503	-0.116385596654807
0.465947725676385	-0.154092477309464	0.859162094789155	1.42065825075224	1.29062309238811	0.290353186090739	-0.103079630733188	0.136904544894984	-0.0548332058292505	0.118820396581481	1.99033717792079	-0.554759130701873	0.828183723604423	0.581643491157694	-0.326289912058137	-0.103513306064528
0.459762811345074	-0.142637590217529	0.826127333149699	1.41844800980404	1.28411315930419	0.293593326213064	-0.103279369296403	0.136785042236689	-0.0505396327622434	0.117918026447485	1.96294952012843	-0.544305278209119	0.863884479354241	0.582558572444474	-0.323916291102794	-0.0937605656963344
0.454990487615515	-0.132568380407050	0.799831681515869	1.41481765237684	1.27736456768306	0.296104071921411	-0.103475596567710	0.136748802670245	-0.0470924116763834	0.117021466668024	1.94102167950516	-0.534380435651069	0.890881803095014	0.585705046836888	-0.323931473042182	-0.0864710098183874
0.451233934534607	-0.123564160172875	0.778571024917272	1.41011615123571	1.27041147266151	0.297994341338227	-0.103666776801031	0.136779908222699	-0.0442787544714234	0.116139298183057	1.92311316683513	-0.524919127416464	0.911347277497140	0.590374002495193	-0.325628558683904	-0.0810109147580365
0.448177281177545	-0.115351002354699	0.760964135257874	1.40457550699427	1.26329617759367	0.299385308236208	-0.103851861085160	0.136868953950902	-0.0419267634248946	0.115273149296199	1.90809472870439	-0.515817567950753	0.927011037437571	0.595968631063061	-0.328407645205968	-0.0768285687423695
0.445579837434144	-0.107713712409993	0.745956992476429	1.39833205751018	1.25606410492535	0.300390008909540	-0.104029925975332	0.137012093379909	-0.0399061252091632	0.114420993965504	1.89513179695514	-0.506962018087806	0.939166301940663	0.601997775315057	-0.331775886299031	-0.0734692263540215
0.443262044734203	-0.100495085175183	0.732779822072097	1.39144946028529	1.24876288595042	0.301104548515784	-0.104199912585252	0.137209988174153	-0.0381229133068976	0.113579368581289	1.88363667432631	-0.498244038706364	0.948730536679434	0.608052892115982	-0.335328369474501	-0.0705669122538153
0.441090084633318	-0.0935902600968150	0.720890769578965	1.38393892803678	1.24144421882817	0.301606085725049	-0.104360443599730	0.137466886577947	-0.0365127588392786	0.112744764801001	1.87321553831526	-0.489567504190862	0.956321052830579	0.613780934052176	-0.338723213558913	-0.0678271754340655
0.438962284318814	-0.0869405487574359	0.709922816298948	1.37577603912566	1.23416752951823	0.301954212443944	-0.104509695124683	0.137789850933045	-0.0350344728161972	0.111914497534420	1.86362191257421	-0.480851319922815	0.962325187136267	0.618859474765927	-0.341657882947803	-0.0650086794619246
0.436798365352390	-0.0805287536932847	0.699640144265126	1.36691523352109	1.22700478278461	0.302193686927965	-0.104645310732040	0.138188046290854	-0.0336648876892510	0.111087292388872	1.85472004321226	-0.472030588115601	0.966958448751949	0.622977073239315	-0.343850062890667	-0.0619075475493737
0.434531653914366	-0.0743765497407207	0.689904822722660	1.35730378659575	1.22004588957192	0.302357425389835	-0.104764359601921	0.138671946617671	-0.0323949967610236	0.110263759437905	1.84645760768618	-0.463057987579179	0.970310772089841	0.625820627630376	-0.345024883517849	-0.0583463178878837
0.432104093668926	-0.0685435706174703	0.680652301152686	1.34689712733048	1.21340400049388	0.302469237204062	-0.104863356563173	0.139252288697446	-0.0312271388200734	0.109446843708107	1.83884547271499	-0.453906415378529	0.972384012300966	0.627071451945407	-0.344909985590144	-0.0541685043467586
0.429463922992617	-0.0631271136512017	0.671873277796543	1.33567697666807	1.20721956448978	0.302546110799243	-0.104938376995879	0.139938605946005	-0.0301728169157633	0.108642267400868	1.83194158819129	-0.444573343770884	0.973124841139781	0.626412280463874	-0.343240165330674	-0.0492394644485870
0.426565964234783	-0.0582606808158359	0.663599251972931	1.32367280990324	1.20166143386679	0.302600020518585	-0.104985309723559	0.140737225260777	-0.0292506592639707	0.107858898535274	1.82583597437058	-0.435086693377789	0.972457072766499	0.623547629397262	-0.339773435972142	-0.0434540146585268
0.423374448569249	-0.0541089624167143	0.655889144966510	1.31098537767236	1.19692271898771	0.302639298547508	-0.105000287866743	0.141648743868879	-0.0284840077516309	0.107108895852215	1.82063402328506	-0.425511173757598	0.970316305399295	0.618239051422587	-0.334319541716916	-0.0367505224776501
0.419868020951831	-0.0508566534232922	0.648814814836842	1.29780840613948	1.19320896581015	0.302669643614387	-0.104980309274550	0.142665247945040	-0.0278976973955831	0.106407408898600	1.81643620857406	-0.415953002844249	0.966687384921711	0.610353875077365	-0.326779482349370	-0.0291296674710567
0.416045962562903	-0.0486892244997954	0.642444309756207	1.28444166636241	1.19071717363854	0.302694844339461	-0.104923994869326	0.143767872168220	-0.0275138441197743	0.105771598957675	1.81331410080231	-0.406559978806369	0.961641495677925	0.599920550859975	-0.317190088764480	-0.0206736564848897
0.411933842871042	-0.0477659862560203	0.636823454765998	1.27128681410179	1.18960672056840	0.302717292468967	-0.104832340171039	0.144925613730554	-0.0273469346643058	0.105218850643536	1.81128535578198	-0.397513688911304	0.955365376169198	0.587176700010960	-0.305761982767910	-0.0115590781315250
0.407586170809967	-0.0481894249351531	0.631958579225118	1.25881893054112	1.18996722683293	0.302738354269596	-0.104709226965848	0.146096379224394	-0.0273991287727356	0.104764300663847	1.81029334898411	-0.389011995357376	0.948172250985818	0.572590682806908	-0.292895120783010	-0.00205539188225580
0.403083774282028	-0.0499785620202901	0.627804922651119	1.24753309485826	1.19179221889526	0.302758656613166	-0.104561441911740	0.147230819440225	-0.0276571588688304	0.104418165479351	1.81019869622775	-0.381243143826024	0.940485396800887	0.556838972929253	-0.279157653363853	0.00749675864481201
0.398525037627742	-0.0530555799014694	0.624265167146622	1.23787539627301	1.19496850629527	0.302778326344575	-0.104398054174041	0.148278567419925	-0.0280921536442762	0.104183627503522	1.81078816979032	-0.374356936897820	0.932792476846348	0.540733239256170	-0.265223690003023	0.0167268944418473
0.394012466630159	-0.0572520916017940	0.621199903919356	1.23017667081673	1.19928740875601	0.302797199372652	-0.104229226384839	0.149195408980923	-0.0286629110105903	0.104056019344044	1.81180110938287	-0.368441139347712	0.925579867437983	0.525110093231501	-0.251781315538764	0.0252868763780887
0.389638157361625	-0.0623346299251240	0.618447559850699	1.22460885779620	1.20447620129866	0.302814996416855	-0.104064768782726	0.149949328121168	-0.0293218785072239	0.104023642715653	1.81296663633447	-0.363510452710412	0.919265276241866	0.510713255650806	-0.239435759215838	0.0328993860150123
0.385472299103518	-0.0680416530730238	0.615847748922311	1.22117593369672	1.21024041375965	0.302831453343548	-0.103912853842575	0.150523729469281	-0.0300220613541924	0.104069951241017	1.81404073856327	-0.359510892166085	0.914148067844408	0.498101789012485	-0.228635317975496	0.0393890661181726
0.381557466085588	-0.0741208011775531	0.613261282116978	1.21973810147565	1.21630439533533	0.302846397924543	-0.103779220887296	0.150917276050270	-0.0307228815664967	0.104176357379172	1.81483317275051	-0.356336679737372	0.910388878534661	0.487606279896514	-0.219637501434121	0.0446898550117330
0.377909056506679	-0.0803569146364128	0.610582342664763	1.22005692684802	1.22244020569030	0.302859776275674	-0.103666980906319	0.151141013159706	-0.0313936941911994	0.104324835783997	1.81521923681197	-0.353853035013195	0.908018289883744	0.479335120028252	-0.212516461113303	0.0488311136165824
0.374520223426376	-0.0865865346834000	0.607741903871967	1.22184552292663	1.22848097057100	0.302871642572354	-0.103576916543052	0.151214138499532	-0.0320147189436162	0.104499760673103	1.81513743037945	-0.351918004731302	0.906965238674758	0.473216789139259	-0.207199553280400	0.0519111626608210
0.371368844635165	-0.0926998609527012	0.604704310734331	1.22481130097052	1.23432054953361	0.302882129469977	-0.103508060290216	0.151159754852520	-0.0325759736952989	0.104688810952876	1.81457782393333	-0.350398863452498	0.907092946870581	0.469057896448284	-0.203516140603883	0.0540678594609243
0.368424412098117	-0.0986341638302012	0.601460099149182	1.22868528653431	1.23990437859515	0.302891414072358	-0.103458337056700	0.151001466294768	-0.0330751233839429	0.104883087311286	1.81356672627224	-0.349181683138630	0.908232515577637	0.466599774356384	-0.201244518214424	0.0554531780141485
0.365653588489194	-0.104363164443383	0.598017829649588	1.23323772052925	1.24521658803148	0.302899688622557	-0.103425126823474	0.150761126179520	-0.0335150610743282	0.105076722760162	1.81215192114161	-0.348174919420520	0.910208842308372	0.465563655237881	-0.200148956565882	0.0562149812444743
0.363024019429340	-0.109885865009467	0.594396738828486	1.23828289619871	1.25026714219510	0.302907139612635	-0.103405683388607	0.150457651027203	-0.0339017466447004	0.105266261768843	1.81039077301772	-0.347308853988177	0.912857563838992	0.465681347830929	-0.200004545452159	0.0564861684381793
0.360506537946379	-0.115216843497738	0.590621019454389	1.24367708065049	1.25508104072091	0.302913935337309	-0.103397404190138	0.150106631721186	-0.0342425359052772	0.105450006297504	1.80834185702816	-0.346532757861027	0.916034185872813	0.466712746370257	-0.200611111577510	0.0563797641052816
0.358076137613927	-0.120378795837364	0.586715841398166	1.24931287615591	1.25969026445921	0.302920220165600	-0.103397976986040	0.149720447585680	-0.0345450288338877	0.105627439925289	1.80605978017736	-0.345811195216412	0.919617511782409	0.468453392712979	-0.201798967851632	0.0559880559603997
0.355712121510298	-0.125397331910140	0.582704855926317	1.25511238253773	1.26412833473637	0.302926113390211	-0.103405438380880	0.149308642344833	-0.0348163591829575	0.105798773863907	1.80359245061179	-0.345120350876450	0.923509476334019	0.470735508691645	-0.203429356329152	0.0553840915677511
0.353397762756196	-0.130297656458387	0.578608796758981	1.26102056095766	1.26842699113538	0.302931710782831	-0.103418176395054	0.148878395910363	-0.0350628120309089	0.105964617425037	1.80098000291850	-0.344444825127100	0.927633060639915	0.473425308504973	-0.205391906682178	0.0546242877348434
0.351119712178328	-0.135102654930776	0.574444795893084	1.26699948067551	1.27261441361560	0.302937087475996	-0.103434901874126	0.148434992479886	-0.0352896592916180	0.106125755568750	1.79825470684912	-0.343775046567541	0.931929454198944	0.476418585355670	-0.207600737109236	0.0537513524162096
0.348867296612803	-0.139831930600040	0.570226091267199	1.27302367368479	1.27671447647368	0.302942301267225	-0.103454605744105	0.147982233691068	-0.0355011224349929	0.106283009863687	1.79544135124053	-0.343105288025662	0.936355199480801	0.479635838932119	-0.209990212718849	0.0527970680233758
0.346631780246416	-0.144501417647807	0.565961871352589	1.27907657062420	1.28074663278466	0.302947395807117	-0.103476512715643	0.147522776109774	-0.0357003933326592	0.106437160131363	1.79255774409465	-0.342432193324603	0.940879749598141	0.483017667756640	-0.212510921945185	0.0517847223939919
0.344405611809841	-0.149123278103193	0.561657058617293	1.28514787477585	1.28472614124122	0.302952403377221	-0.103500037423909	0.147058389413830	-0.0358896621797404	0.106588908014974	1.78961508435280	-0.341753698401244	0.945483680146447	0.486520789591494	-0.215126127487575	0.0507311187961749
0.342181648994479	-0.153705857015868	0.557311875209731	1.29123169111146	1.28866444433061	0.302957347103418	-0.103524745943595	0.146590139928298	-0.0360701141251588	0.106738868361753	1.78661804339014	-0.341068234068446	0.950157692844181	0.490114833816908	-0.217808758711634	0.0496481769467992
0.339952335218125	-0.158253512909339	0.552921065106101	1.29732522308816	1.29256958517426	0.302962242509674	-0.103550323739722	0.146118507518235	-0.0362418640449875	0.106887578520609	1.78356445821662	-0.340374115022219	0.954902498714017	0.493779926358216	-0.220538898243118	0.0485441777196151
0.337708802586829	-0.162766159371081	0.548472678891424	1.30342785392759	1.29644661569100	0.302967098313876	-0.103576550014824	0.145643445170750	-0.0364038034239313	0.107035518997976	1.78044460410111	-0.339669043965016	0.959729640822022	0.497505020764219	-0.223301643622135	0.0474247235913578
0.335439892482580	-0.167238352224782	0.543946378792511	1.30954042294575	1.30029801048592	0.302971916313335	-0.103603277773801	0.145164392215270	-0.0365533370356487	0.107183141255065	1.77724010906925	-0.338949690203442	0.964663278229840	0.501286886246177	-0.226085170150788	0.0462934980673843
0.333131130972835	-0.171657742100194	0.539311320817784	1.31566447722327	1.30412417063416	0.302976690108574	-0.103630418503516	0.144680256183415	-0.0366859936899503	0.107330899714976	1.77392273343888	-0.338211342481635	0.969742863490659	0.505129617244276	-0.228878765098554	0.0451529196140524
0.330763786408806	-0.176002697494333	0.534523860443670	1.32180121287528	1.30792419223369	0.302981402276717	-0.103657929962247	0.144189387177442	-0.0367949104373138	0.107479285158610	1.77045351455988	-0.337447693581462	0.975026449513620	0.509044452250993	-0.231670534266735	0.0440048056747662
0.328314295270928	-0.180238914355452	0.529525669691215	1.32794970989944	1.31169719860110	0.302986019448057	-0.103685805035392	0.143689585169102	-0.0368702223302873	0.107628855351980	1.76678323488971	-0.336650899882967	0.980593976715211	0.513049552099467	-0.234444396434827	0.0428511944522282
0.325754599614139	-0.184314914742262	0.524243426648239	1.33410391143824	1.31544469835924	0.302990484612361	-0.103714058813329	0.143178208063045	-0.0368984540040535	0.107780255506383	1.76285587969922	-0.335812184002497	0.986549207232091	0.517169156533597	-0.237175893477224	0.0416955163985690
0.323054319985416	-0.188156590121298	0.518592122545393	1.34024763156442	1.31917461934168	0.302994706009018	-0.103742709939156	0.142652488738789	-0.0368621240150867	0.107934215476453	1.75861774286080	-0.334923417841625	0.993017864981584	0.521431185649991	-0.239826303806772	0.0405443541027553
0.320186175379881	-0.191661512055792	0.512485233495191	1.34634679013108	1.32290781159149	0.302998542394464	-0.103771751028921	0.142110219553540	-0.0367399577595355	0.108091502229649	1.75403600455674	-0.333980316858644	1.00013794614516	0.525861891321280	-0.242334673053629	0.0394100472276242
0.317136516831414	-0.194694807458861	0.505856277613313	1.35233829168869	1.32668773177416	0.303001785786800	-0.103801102271639	0.141551005271330	-0.0365083618372364	0.108252796354322	1.74913145115956	-0.332988009121473	1.00803629810348	0.530475721659183	-0.244607899339270	0.0383143158908494
0.313922847793542	-0.197090107147789	0.498696766719128	1.35811590586115	1.33059335298400	0.303004145587080	-0.103830543851334	0.140978271286997	-0.0361450789285482	0.108418455427892	1.74402926588844	-0.331969599234898	1.01678436905784	0.535258530817980	-0.246510288275520	0.0372927579223484
0.310618894084619	-0.198661159909683	0.491113326070184	1.36351574631387	1.33475353947869	0.303005242697408	-0.103859629652552	0.140402045943553	-0.0356360028799399	0.108588137629993	1.73902707489212	-0.330977523257377	1.02632784653633	0.540143475708932	-0.247856371586952	0.0363993431305858
0.307383904028576	-0.199230855354373	0.483398737227397	1.36830781225536	1.33935775342125	0.303004628004574	-0.103887600434954	0.139842080698787	-0.0349855357795390	0.108760307537367	1.73466760555601	-0.330105481243108	1.03639375083200	0.544982605343159	-0.248414077979192	0.0357087916882888
0.304485727884256	-0.198681673836214	0.476095582555466	1.37220449628534	1.34465366511808	0.303001842217193	-0.103913339318087	0.139330076772323	-0.0342290207472227	0.108931751876446	1.73178372693417	-0.329495459264013	1.04639815104785	0.549523966215233	-0.247927787843045	0.0353133492301964
0.302299223327697	-0.197021338503194	0.470011128490836	1.37489799335286	1.35092023639501	0.302996525191073	-0.103935433875611	0.138908954857605	-0.0334425971126237	0.109097376475843	1.73146483827557	-0.329331297004691	1.05540464187649	0.553411832307098	-0.246168191415690	0.0353102565274504
0.301260621505202	-0.194440045009829	0.466135276467397	1.37612974036322	1.35841098287625	0.302988555229035	-0.103952397618007	0.138627145254417	-0.0327429461553214	0.109250627788960	1.73489859592545	-0.329811306729648	1.06219803621236	0.556228865619660	-0.243003484145308	0.0357791840851004
0.301774893459128	-0.191322301051166	0.465444924453965	1.37577402578806	1.36727968857991	0.302978160628205	-0.103963030145615	0.138527868270285	-0.0322706075852913	0.109384706209372	1.74309568111038	-0.331101671777693	1.06550622595842	0.557583712129167	-0.238466215638424	0.0367556815628666
0.304105451853449	-0.188186719909447	0.468650313492219	1.37389669674791	1.37752108602011	0.302965930555486	-0.103966782068868	0.138636991376101	-0.0321586009372622	0.109494265923378	1.75659489295796	-0.333287356940520	1.06431581336732	0.557216720618215	-0.232777552572075	0.0382132832946074
0.308299278419696	-0.185566860679605	0.476001027456161	1.37075196997860	1.38896129013929	0.302952693942011	-0.103963935254716	0.138955440992711	-0.0324989940601512	0.109576837935087	1.77529753939471	-0.336345529313499	1.05814058801464	0.555073192799794	-0.226305436097738	0.0400658197518415
0.314186964344993	-0.183887064902021	0.487251483913631	1.36671413757154	1.40130652309545	0.302939315668605	-0.103955495600966	0.139460245426921	-0.0333236722216547	0.109633256510728	1.79852240016536	-0.340156274579504	1.04710741436682	0.551305697042604	-0.219472070820259	0.0421903603493040
0.321451719515453	-0.183389841868485	0.501788908747018	1.36218020484475	1.41422348404801	0.302926508765074	-0.103942869533988	0.140113054611125	-0.0346068823326233	0.109666975096391	1.82523895818701	-0.344542812486612	1.03183512704750	0.546210007794873	-0.212656590978137	0.0444587800666532
0.329724544694425	-0.184133778508902	0.518837150465002	1.35748952258347	1.42741173515779	0.302914736334582	-0.103927502395710	0.140871069945193	-0.0362839352065651	0.109682785733034	1.85434574304885	-0.349318512105183	1.01319960561790	0.540134899338972	-0.206133861430915	0.0467631841872181
0.338662212479328	-0.186040554136848	0.537637256532687	1.35288472455044	1.44064390369149	0.302904211163554	-0.103910624148073	0.141695592423416	-0.0382740798626568	0.109685602269983	1.88487687423864	-0.354321217223605	0.992107538479278	0.533407309254083	-0.200060627045772	0.0490277414112393
0.347989067154926	-0.188956147284695	0.557554299982177	1.34851058327729	1.45377311198341	0.302894954603936	-0.103893144091581	0.142556303612727	-0.0404983438409119	0.109679684367539	1.91609687085954	-0.359428544251924	0.969350218477946	0.526291540540858	-0.194494906276551	0.0512083772350037
0.357506664608843	-0.192701711125552	0.578112259001338	1.34443395507006	1.46672027594420	0.302886870481679	-0.103875658259887	0.143431945592235	-0.0428893434976403	0.109668332183200	1.94750628091207	-0.364558243915711	0.945544366895850	0.518979154763055	-0.189427843091627	0.0532859145463750
0.367084556032275	-0.197105751637939	0.598983190083166	1.34066914143869	1.47945455657768	0.302879807071648	-0.103858511986665	0.144308995190611	-0.0453944275714029	0.109653900481497	1.97880060444344	-0.369660894209504	0.921132738111144	0.511597100054112	-0.184813449197108	0.0552577064404614
0.376644183052313	-0.202019696218906	0.619956978736277	1.33719985317675	1.49197514493618	0.302873598663890	-0.103841874201274	0.145179687260766	-0.0479748699880586	0.109637963050378	2.00981647314713	-0.374710634132107	0.896413335908971	0.504222686356624	-0.180590291893073	0.0571305241883650
0.386142974662260	-0.207322429945653	0.640908449424342	1.33399494138570	1.50429752506047	0.302868088823298	-0.103825801455042	0.146040153332691	-0.0506033935428415	0.109621512308728	2.04048329089270	-0.379696947009398	0.871575769109624	0.496898578781697	-0.176694838363162	0.0589155357218912
0.395561550756830	-0.212918915912046	0.661769498912355	1.33101829035438	1.51644439280060	0.302863140850864	-0.103810285105931	0.146888965927266	-0.0532613979563241	0.109605137210806	2.07078654263493	-0.384618482162893	0.846733988658510	0.489644957559950	-0.173068446913391	0.0606251939439876
0.404894518248459	-0.218736350677421	0.682508258351572	1.32823436500737	1.52844024264613	0.302858640626986	-0.103795282798285	0.147726115398446	-0.0559365241954547	0.109589161008905	2.10074266403844	-0.389478856815005	0.821951809164369	0.482468318254440	-0.169660271028288	0.0622715253853804
0.414144320456627	-0.224719779413441	0.703114662145876	1.32561091987493	1.54030846232212	0.302854495531690	-0.103780737934846	0.148552341376232	-0.0586207454603316	0.109573739556508	2.13038304974054	-0.394284007058432	0.797261221444594	0.475367387077615	-0.166427847674603	0.0638653218971422
0.423317348235215	-0.230828069124785	0.723590973996986	1.32312002231927	1.55206998766729	0.302850631703324	-0.103766590907414	0.149368720542990	-0.0613089658028549	0.109558927774790	2.15974449621054	-0.399040620989582	0.772674839779197	0.468336884802064	-0.163336534997059	0.0654158612315739
0.432421598151740	-0.237030557847662	0.743945823822022	1.32073815966790	1.56374285572578	0.302846990868158	-0.103752785061813	0.150176426140357	-0.0639980327622264	0.109544722860772	2.18886385555176	-0.403755274923446	0.748194038719514	0.461369810905392	-0.160358484044830	0.0669309097817922
0.441465333674244	-0.243304412627998	0.764190596271558	1.31844590113163	1.57534223409851	0.302843527335778	-0.103739269482054	0.150976596553240	-0.0666860603390316	0.109531091486339	2.21777529992109	-0.408434002138704	0.723814107935761	0.454458763196579	-0.157471509884157	0.0684168582951934
0.450456370376542	-0.249632611396675	0.784337333262633	1.31622738330096	1.58688067486172	0.302840205397826	-0.103725999953206	0.151770270226311	-0.0693719733908702	0.109517986408371	2.24650912933928	-0.413082114962878	0.699527425156018	0.447596653897799	-0.154658036366949	0.0698789065324413
0.459401735154069	-0.256002430534586	0.804397580661444	1.31406976233404	1.59836845141548	0.302836997184737	-0.103712938946227	0.152558359235849	-0.0720552051537877	0.109505356279423	2.27509144635291	-0.417704167350059	0.675325349986699	0.440777061486161	-0.151904183178220	0.0713212529304303
0.468307540612499	-0.262404324076833	0.824381806209131	1.31196270234766	1.60981390354961	0.302833880951240	-0.103700055126893	0.153341644258418	-0.0747354984637894	0.109493151200393	2.30354428492477	-0.422303989610729	0.651199312093989	0.433994371072319	-0.149199009749682	0.0727472685450298
0.477178976605880	-0.268831098206862	0.844299151324325	1.30989792863405	1.62122375480201	0.302830839729973	-0.103687322676355	0.154120780502781	-0.0774127761531061	0.109481325672835	2.33188595037973	-0.426884755355457	0.627141403926135	0.427243798091749	-0.146533905702064	0.0741596472793957
0.486020359955006	-0.275277304854068	0.864157368908499	1.30786885290378	1.63260338764428	0.302827860286833	-0.103674720580583	0.154896308480718	-0.0800870570274616	0.109469840010781	2.36013143216653	-0.431449058196069	0.603144677197196	0.420521352670169	-0.143902108023317	0.0755605309543228
0.494835207759582	-0.281738796354582	0.883962856702028	1.30587026743530	1.64395707324775	0.302824932317197	-0.103662231969428	0.155668666136410	-0.0827584015167535	0.109458660879616	2.38829281425437	-0.435998986183659	0.579203269227988	0.413823778560104	-0.141298323426247	0.0769516108405010
0.503626314569994	-0.288212397923924	0.903720731757192	1.30389810077968	1.65528815795201	0.302822047831642	-0.103649843542624	0.156438200433322	-0.0854268763522616	0.109447761377725	2.41637964474459	-0.440536187997812	0.555312438110287	0.407148486181709	-0.138718436037158	0.0783342084486591
0.512395822491628	-0.294695666130728	0.923434913696724	1.30194922662758	1.66659921069385	0.302819200689851	-0.103637545096620	0.157205177411682	-0.0880925311568521	0.109437120918142	2.44439924689613	-0.445061928249892	0.531468555863671	0.400493490732806	-0.136159283569362	0.0797093385777192
0.521145278324129	-0.301186710147994	0.943108197620763	1.30002131798023	1.67789213606900	0.302816386250431	-0.103625329154536	0.157969790234509	-0.0907553821706842	0.109426725069823	2.47235696463134	-0.449577130998626	0.507669090315983	0.393857361401119	-0.133618488379728	0.0810777573583394
