0.231842715208433	-0.295953181006175	1.47339576043688	0.829790905526982	1.80126538308842	0.203927398791998	-0.217357231413941	0.184804428208250	-0.147297905360469	0.171475811087502	3.09809005000948	-0.789579325786583	-0.0780494142969724	0.346813291311264	-0.0374381244182587	0.265276014804840
0.214897485070154	-0.284307128429188	1.43786910486616	0.839521093483372	1.80021424018867	0.203963946841286	-0.217328433198423	0.182705192631212	-0.142838788283358	0.171538763584009	3.05287912453813	-0.777152334685780	-0.0361357261672401	0.346813291311264	-0.0374381244182587	0.265276014804840
0.197688398703605	-0.272624141403434	1.40167954287923	0.849473155723944	1.79925638071211	0.203999799915675	-0.217297188814977	0.180549334009008	-0.138338920762160	0.171578078217176	3.00693196474232	-0.764269048166022	0.00627023039246803	0.346813291311264	-0.0374381244182587	0.265276014804840
0.180276741059819	-0.260925222630429	1.36496388485883	0.859596231369017	1.79838161679598	0.204034977506443	-0.217263869718391	0.178347833464404	-0.133810438970620	0.171596292182068	2.96041293396055	-0.751003857973663	0.0490340912992932	0.346813291311264	-0.0374381244182587	0.265276014804840
0.162715713365194	-0.249228299832287	1.32784033336460	0.869845387785238	1.79758107692928	0.204069495911076	-0.217228800464523	0.176110274889206	-0.129263839799834	0.171595577681158	2.91346439932099	-0.737421007868772	0.0920388419670206	0.346813291311264	-0.0374381244182587	0.265276014804840
0.145052053023661	-0.237549023743777	1.29041191298829	0.880180413412933	1.79684712019044	0.204103366656882	-0.217192265193416	0.173845093977585	-0.124708348802290	0.171577767415358	2.86621101973215	-0.723576118161521	0.135181016803538	0.346813291311264	-0.0374381244182587	0.265276014804840
0.127327514803182	-0.225901465871044	1.25276960909348	0.890564680543937	1.79617323892012	0.204136595254892	-0.217154513953689	0.171559811482684	-0.120152250846167	0.171544381176981	2.81876366356684	-0.709517614456324	0.178367239841167	0.346813291311264	-0.0374381244182587	0.265276014804840
0.109580220451564	-0.214298732868730	1.21499521860250	0.900964079054681	1.79555395993330	0.204169180156106	-0.217115768710622	0.169261249544269	-0.115603187722387	0.171496651203479	2.77122297101657	-0.695288041243938	0.221511074745478	0.346813291311264	-0.0374381244182587	0.265276014804840
0.0918458956961446	-0.202753516150421	1.17716394409704	0.911346011099211	1.79498475066033	0.204201111806246	-0.217076228984396	0.166955732450112	-0.111068428830499	0.171435544836464	2.72368260829926	-0.680925259548492	0.264530129027031	0.346813291311264	-0.0374381244182587	0.265276014804840
0.0741590201059436	-0.191278595517163	1.13934677841248	0.921678430126581	1.79446193398620	0.204232371714996	-0.217036077133741	0.164649274726639	-0.106555121952189	0.171361783638262	2.67623227877619	-0.666463539359630	0.307343345060437	0.346813291311264	-0.0374381244182587	0.265276014804840
0.0565539184660163	-0.179887314926831	1.10161273498280	0.931928903848582	1.79398261375527	0.204262931471452	-0.216995483344240	0.162347760335235	-0.102070531401534	0.171275858523212	2.62896056478919	-0.651934564354791	0.349868405259252	0.346813291311264	-0.0374381244182587	0.265276014804840
0.0390658234070746	-0.168594047476941	1.06403098237476	0.942063678977558	1.79354461169018	0.204292751649952	-0.216954610407905	0.160057117207434	-0.0976222707696199	0.171178040725837	2.58195767713560	-0.637368370099405	0.392019177758985	0.346813291311264	-0.0374381244182587	0.265276014804840
0.0217319387897906	-0.157414665440183	1.02667294154309	0.952046725129943	1.79314641564799	0.204321780560874	-0.216913618396775	0.157783491526847	-0.0932185371912553	0.171068388603866	2.53531818860933	-0.622794238622974	0.433703130754811	0.346813291311264	-0.0374381244182587	0.265276014804840
0.00459253206350598	-0.146367029793996	0.989614402219380	0.961838736065731	1.79278713855177	0.204349952810692	-0.216872669341715	0.155533426127156	-0.0888683535920503	0.170946750403138	2.48914382484816	-0.608241572689224	0.474818647783192	0.346813291311264	-0.0374381244182587	0.265276014804840
-0.0123079185857065	-0.135471511978076	0.952937710598007	0.971396068568830	1.79246648687089	0.204377187646466	-0.216831932029837	0.153314047127951	-0.0845818246797553	0.170812763229610	2.44354637972089	-0.593740772528743	0.515252183212461	0.346813291311264	-0.0374381244182587	0.265276014804840
-0.0289195004856995	-0.124751558287982	0.916734073434329	0.980669603287057	1.79218473707437	0.204403387074147	-0.216791587029926	0.151133262413748	-0.0803704113951013	0.170665848615156	2.39865081256335	-0.579324136281038	0.554875208439906	0.346813291311264	-0.0374381244182587	0.265276014804840
-0.0451855508114848	-0.114234303873469	0.881106012356064	0.989603518665293	1.79194271796119	0.204428433760510	-0.216751832042992	0.148999974647369	-0.0762472269117258	0.170505205263065	2.35459856855958	-0.565026802581386	0.593540917257540	0.346813291311264	-0.0374381244182587	0.265276014804840
-0.0610412440615578	-0.103951238035576	0.846169984234269	0.998133980118748	1.79174179609300	0.204452188758846	-0.216712887650666	0.146924309987478	-0.0722273547384583	0.170329799854657	2.31155113805738	-0.550887748964193	0.631080687267296	0.346813291311264	-0.0374381244182587	0.265276014804840
-0.0764120939677420	-0.0939389144125530	0.812059155422911	1.00618776375930	1.79158386063949	0.204474489143396	-0.216675003491308	0.144917861246948	-0.0683281855652546	0.170138357233660	2.26969383073490	-0.536950851979417	0.667300338296740	0.346813291311264	-0.0374381244182587	0.265276014804840
-0.0912124058430603	-0.0842396874065538	0.778926274907913	1.01368085986995	1.79147130271820	0.204495145702603	-0.216638464823299	0.142993940471286	-0.0645697635940793	0.169929351908619	2.22923967977161	-0.523266002613148	0.701976295331136	0.346813291311264	-0.0374381244182587	0.265276014804840
-0.105343751848802	-0.0749024382207363	0.746946528050625	1.02051713904510	1.79140698271408	0.204513940933055	-0.216603599324909	0.141167830313488	-0.0609751244541200	0.169701003675366	2.19043330136263	-0.509890251752462	0.734851860947801	0.346813291311264	-0.0374381244182587	0.265276014804840
-0.118693593606751	-0.0659832283453100	0.716320161951178	1.02658721688637	1.79139417708693	0.204530627700772	-0.216570783815420	0.139457015534526	-0.0575705945774861	0.169451281301629	2.15355440677306	-0.496888932579740	0.765633939941366	0.346813291311264	-0.0374381244182587	0.265276014804840
-0.131134247492094	-0.0575457835665797	0.687274548983583	1.03176772434770	1.79143649389450	0.204544929098603	-0.216540450346627	0.137881364885103	-0.0543860053372778	0.169177919644111	2.11892048881703	-0.484336667280319	0.793990745236099	0.346813291311264	-0.0374381244182587	0.265276014804840
-0.142522479746103	-0.0496616666813280	0.660065192783981	1.03592128136362	1.79153774391948	0.204556540226280	-0.216513090793717	0.136463219165967	-0.0514547539492416	0.168878457226740	2.08688797707679	-0.472318112118859	0.819551253227331	0.346813291311264	-0.0374381244182587	0.265276014804840
-0.152700129135996	-0.0424099431910979	0.634974983734475	1.03889757794983	1.79170175239959	0.204565132839857	-0.216489258666273	0.135227323667955	-0.0488136177134698	0.168550303013964	2.05785088110422	-0.460928227349284	0.841907461184252	0.346813291311264	-0.0374381244182587	0.265276014804840
-0.161496274171530	-0.0358760863742972	0.612310795331697	1.04053607782614	1.79193209582572	0.204570364025429	-0.216469566383637	0.134200523928495	-0.0465022011242222	0.168190842476471	2.03223564260532	-0.450271780080109	0.860620800599954	0.346813291311264	-0.0374381244182587	0.265276014804840
-0.168731566356507	-0.0301498179219870	0.592396318696955	1.04067094939924	1.79223175050002	0.204571890181998	-0.216454675776978	0.133411126363231	-0.0445618723554289	0.167797593386225	2.01049065361758	-0.440461709836499	0.875234314183040	0.346813291311264	-0.0374381244182587	0.265276014804840
-0.174225397690358	-0.0253215588977047	0.575559934060899	1.03913885308790	1.79260264644567	0.204569387541766	-0.216445279223702	0.132887816451859	-0.0430340367926959	0.167368420054498	1.99306877345626	-0.431615930073480	0.885292295750853	0.346813291311264	-0.0374381244182587	0.265276014804840
-0.177806493581950	-0.0214772055132329	0.562116531039069	1.03579010596976	1.79304513400314	0.204562580061421	-0.216442068807723	0.132658037099441	-0.0419576160691586	0.166901809587744	1.98040135592360	-0.423852140863301	0.890368847793352	0.346813291311264	-0.0374381244182587	0.265276014804840
-0.179327236471197	-0.0186910865696555	0.552342664925752	1.03050342189470	1.79355739274513	0.204551274610820	-0.216445691539975	0.132745772048296	-0.0413656710760659	0.166397203782513	1.97286299110438	-0.417280339374186	0.890106011228903	0.346813291311264	-0.0374381244182587	0.265276014804840
-0.178681447178579	-0.0170172448484996	0.546445426018929	1.02320381105214	1.79413484310026	0.204535401829202	-0.216456690312937	0.133168767378666	-0.0412812454928193	0.165855364699766	1.97072758246111	-0.411992992126219	0.884260556464554	0.346813291311264	-0.0374381244182587	0.265276014804840
-0.175824442498683	-0.0164796308776615	0.544526979204781	1.01388229303880	1.79476965649890	0.204515058824600	-0.216475433147311	0.133935365066351	-0.0417127201038053	0.165278731572705	1.97411861852332	-0.408053315526720	0.872756113521087	0.346813291311264	-0.0374381244182587	0.265276014804840
-0.170793023813538	-0.0170623663741247	0.546548783585938	1.00261492564393	1.79545049068017	0.204490547363785	-0.216502037331886	0.135041305821982	-0.0426492383245079	0.164671705202191	1.98295938099556	-0.405482781977124	0.855734284302571	0.346813291311264	-0.0374381244182587	0.265276014804840
-0.163721887133551	-0.0187018003592954	0.552301593583515	0.989577551811030	1.79616258816210	0.204462399048755	-0.216536299569314	0.136467045454193	-0.0440570288238492	0.164040780657423	1.99693173531538	-0.404249710555316	0.833595416224966	0.346813291311264	-0.0374381244182587	0.265276014804840
-0.154852228406465	-0.0212824233314828	0.561388692716801	0.975052077231712	1.79688835078480	0.204431378275143	-0.216577646785522	0.138176250125900	-0.0458776065324167	0.163394449832256	2.01545397011554	-0.404261373956363	0.807018011767372	0.346813291311264	-0.0374381244182587	0.265276014804840
-0.144528586707242	-0.0246385617897103	0.573229464800825	0.959420534155499	1.79760843067121	0.204398455623454	-0.216625122894523	0.140116105856813	-0.0480287546797360	0.162742821120172	2.03768755390517	-0.405362135526961	0.776946692871328	0.346813291311264	-0.0374381244182587	0.265276014804840
-0.133181598063713	-0.0285629658243846	0.587087671252488	0.943144993706599	1.79830326341951	0.204364749262359	-0.216677422856753	0.142219834342013	-0.0504087943564068	0.162096956210396	2.06257871322222	-0.407339449119098	0.744543155598076	0.346813291311264	-0.0374381244182587	0.265276014804840
-0.121297224976817	-0.0328219796130787	0.602123802058481	0.926734391096387	1.79895484139971	0.204331439225603	-0.216732976551362	0.144411361348644	-0.0529039639198431	0.161467993726966	2.08893362552177	-0.409938073445306	0.711102284006669	0.346813291311264	-0.0374381244182587	0.265276014804840
-0.109376436441167	-0.0371753173053994	0.617464863773772	0.910702717102672	1.79954842984150	0.204299666928789	-0.216790073255063	0.146611547915014	-0.0553979378069257	0.160866193997001	2.11551757952419	-0.412880905192525	0.677944502555358	0.346813291311264	-0.0374381244182587	0.265276014804840
-0.0978920353940362	-0.0413971462083415	0.632280062519150	0.895525579480616	1.80007391003159	0.204270437165471	-0.216847006777374	0.148744955784746	-0.0577818957510676	0.160300072534134	2.14116165803477	-0.415893071996285	0.646302345832203	0.346813291311264	-0.0374381244182587	0.265276014804840
-0.0872502476623044	-0.0452947492971165	0.645849028554950	0.881602777495475	1.80052650941991	0.204244539879560	-0.216902215726808	0.150745955277238	-0.0599633652941813	0.159775775194818	2.16485812395706	-0.418725037011515	0.617221245988113	0.346813291311264	-0.0374381244182587	0.265276014804840
-0.0777633809344009	-0.0487216978280337	0.657611315135075	0.869232940630676	1.80090682452474	0.204222504011514	-0.216954395247235	0.152563168357084	-0.0618723912818240	0.159296788558828	2.18582880935036	-0.421170816167550	0.591490720061955	0.346813291311264	-0.0374381244182587	0.265276014804840
-0.0696368681988069	-0.0515839439319092	0.667191022813180	0.858603094048458	1.80122020554699	0.204204587586951	-0.217002564959487	0.154161695350579	-0.0634643019127745	0.158863997289383	2.20355813762285	-0.423078832441523	0.569614021191402	0.346813291311264	-0.0374381244182587	0.265276014804840
-0.0629705134938636	-0.0538389581776725	0.674396508091863	0.849792470142831	1.80147569504281	0.204190800022236	-0.217046089251233	0.155523118529661	-0.0647191603136281	0.158476025901128	2.21779103839706	-0.424354835787887	0.551815085537837	0.346813291311264	-0.0374381244182587	0.265276014804840
-0.0577709619273723	-0.0554893998916233	0.679200111322551	0.842787180205600	1.80168476430887	0.204180946989557	-0.217084656314890	0.156643720304397	-0.0656386340296607	0.158129757945971	2.22850296357056	-0.424958011591821	0.538074400759665	0.346813291311264	-0.0374381244182587	0.265276014804840
-0.0539710046119376	-0.0565734876611400	0.681705439370430	0.837501117669421	1.80186007143623	0.204174686226172	-0.217118228602361	0.157531586729076	-0.0662413282867954	0.157820917651069	2.23585276784131	-0.424892420781592	0.528181953807341	0.346813291311264	-0.0374381244182587	0.265276014804840
-0.0514513165826466	-0.0571542316923688	0.682109888272858	0.833798628574851	1.80201439983201	0.204171583916139	-0.217146978976785	0.158203281328933	-0.0665576155358704	0.157544619557112	2.24012931565038	-0.424196159017561	0.521795626249262	0.346813291311264	-0.0374381244182587	0.265276014804840
-0.0500611630936914	-0.0573092215902582	0.680668542055117	0.831515556802968	1.80215985756590	0.204171164349098	-0.217171224868724	0.158680636754547	-0.0666247628700082	0.157295825989268	2.24170040990642	-0.422930275939014	0.518496048469089	0.346813291311264	-0.0374381244182587	0.265276014804840
-0.0496359196624802	-0.0571220165443884	0.677663336261128	0.830476654989124	1.80230735067659	0.204172949036238	-0.217191368971888	0.158988011636635	-0.0664828467080258	0.157069686664345	2.24096942636506	-0.421168857687995	0.517832460319106	0.346813291311264	-0.0374381244182587	0.265276014804840
-0.0500104798581286	-0.0566755816751984	0.673379230460898	0.830508599114178	1.80246629903400	0.204176484363272	-0.217207851032215	0.159150168838141	-0.0661716559138159	0.156861761188975	2.23834200624616	-0.418991010582757	0.519357373430134	0.346813291311264	-0.0374381244182587	0.265276014804840
-0.0510285344818020	-0.0560477695560346	0.668087523623882	0.831448736301261	1.80264454192051	0.204181358781826	-0.217221112059997	0.159190787605577	-0.0657285739825237	0.156668141108319	2.23420290327437	-0.416474949153786	0.522650191565521	0.346813291311264	-0.0374381244182587	0.265276014804840
-0.0525482465787125	-0.0553085828500429	0.662035471326067	0.833150200790254	1.80284837656161	0.204187211510561	-0.217231570167075	0.159131535061928	-0.0651873079301000	0.156485494800914	2.22890173056053	-0.413694041666873	0.527331315916898	0.346813291311264	-0.0374381244182587	0.265276014804840
-0.0544450792604287	-0.0545188420153792	0.655440928174182	0.835484227399694	1.80308267929695	0.204193734974305	-0.217239606120986	0.158991583546646	-0.0645772806405099	0.156311058750063	2.22274576320131	-0.410714485781252	0.533068820645264	0.346813291311264	-0.0374381244182587	0.265276014804840
-0.0566125569336808	-0.0537298720266607	0.648490673934994	0.838340482464804	1.80335106997685	0.204200673034242	-0.217245556350203	0.158787454474591	-0.0639235007706226	0.156142595450778	2.21599788159839	-0.407594230983316	0.539579801764100	0.346813291311264	-0.0374381244182587	0.265276014804840
-0.0589616486094048	-0.0529838681664768	0.641341225833802	0.841626115727309	1.80365609157134	0.204207816686018	-0.217249711239468	0.158533082219555	-0.0632467478505959	0.155978333622848	2.20887795851695	-0.404382784377398	0.546628228621080	0.346813291311264	-0.0374381244182587	0.265276014804840
-0.0614193233756668	-0.0523146694813831	0.634121171339236	0.845264081806029	1.80399938684346	0.204214998479654	-0.217252316887768	0.158240012222614	-0.0625639439057182	0.155816901841396	2.20156632948188	-0.401121593450515	0.554020742242065	0.346813291311264	-0.0374381244182587	0.265276014804840
-0.0639266853180594	-0.0517487388060736	0.626934299845410	0.849191127688276	1.80438186153894	0.204222086529910	-0.217253578906703	0.157917669317896	-0.0618886170084490	0.155657262825938	2.19420833568641	-0.397844767659785	0.561601457914939	0.346813291311264	-0.0374381244182587	0.265276014804840
-0.0664369697580741	-0.0513062098910863	0.619863028733979	0.853355712895425	1.80480382891632	0.204228978673411	-0.217253667224119	0.157573651642927	-0.0612313917841412	0.155498652654988	2.18691923704681	-0.394579965482027	0.569246494679890	0.346813291311264	-0.0374381244182587	0.265276014804840
-0.0689135825300124	-0.0510019113666836	0.612971794308739	0.857716027776420	1.80526513395747	0.204235597095155	-0.217252721185751	0.157214021108087	-0.0606004653568518	0.155340527055315	2.17978904025860	-0.391349328250436	0.576858690204007	0.346813291311264	-0.0374381244182587	0.265276014804840
-0.0713282892893272	-0.0508463140223771	0.606310209827376	0.862238201600829	1.80576525772211	0.204241883583032	-0.217250854504264	0.156843573128577	-0.0600020446108021	0.155182515506173	2.17288697180273	-0.388170384875595	0.584362764489330	0.346813291311264	-0.0374381244182587	0.265276014804840
-0.0736596091150619	-0.0508463738829251	0.599915886663734	0.866894741384662	1.80630340346392	0.204247795460782	-0.217248159794574	0.156466076651805	-0.0594407328347142	0.155024383027457	2.16626545692792	-0.385056883142434	0.591701059773382	0.346813291311264	-0.0374381244182587	0.265276014804840
-0.0758914313875759	-0.0510062610484709	0.593816878078243	0.871663209507989	1.80687856664658	0.204253302182974	-0.217244712567164	0.156084481121622	-0.0589198619184594	0.154865999031238	2.15996355371627	-0.382019525491287	0.598829894105837	0.346813291311264	-0.0374381244182587	0.265276014804840
-0.0780118526843023	-0.0513279753853564	0.588033745631183	0.876525128376680	1.80748959113155	0.204258382538016	-0.217240574639536	0.155701090580561	-0.0584417713372449	0.154707312383122	2.15400984717583	-0.379066602065963	0.605716510401955	0.346813291311264	-0.0374381244182587	0.265276014804840
-0.0800122175084305	-0.0518118567159271	0.582581272355042	0.881465089685153	1.80813521372239	0.204263022387225	-0.217235796981316	0.155317707199641	-0.0580080380699272	0.154548331749881	2.14842484104705	-0.376204523214948	0.612336571247334	0.346813291311264	-0.0374381244182587	0.265276014804840
-0.0818863401178147	-0.0524570005783158	0.577469859486625	0.886470041211510	1.80881409905156	0.204267212862577	-0.217230422040249	0.154935747599965	-0.0576196630415877	0.154389110336940	2.14322290186817	-0.373438259116021	0.618672134568177	0.346813291311264	-0.0374381244182587	0.265276014804840
-0.0836298823661983	-0.0532615919685769	0.572706648668189	0.891528723293847	1.80952486655129	0.204270948947907	-0.217224485611836	0.154556335735675	-0.0572772201653128	0.154229734198879	2.13841381621586	-0.370771696972743	0.624710040726511	0.346813291311264	-0.0374381244182587	0.265276014804840
-0.0852398627317579	-0.0542231694999116	0.568296411830365	0.896631228628057	1.81026611099861	0.204274228374698	-0.217218018320263	0.154180376093216	-0.0569809739482886	0.154070313409292	2.13400402181662	-0.368207927213445	0.630440643546087	0.346813291311264	-0.0374381244182587	0.265276014804840
-0.0867142734906820	-0.0553388316513747	0.564242248417604	0.901768661725883	1.81103641788704	0.204277050771909	-0.217211046776516	0.153808610702151	-0.0567309711754712	0.153910975485311	2.12999756913965	-0.365749469970661	0.635856823388103	0.346813291311264	-0.0374381244182587	0.265276014804840
-0.0880517855521840	-0.0566053955964085	0.560546125542785	0.906932877577378	1.81183437466321	0.204279417018142	-0.217203594474081	0.153441663066831	-0.0565271115604535	0.153751860566434	2.12639686398709	-0.363398452299264	0.640953227780065	0.346813291311264	-0.0374381244182587	0.265276014804840
-0.0892515233189510	-0.0580195177422978	0.557209291945815	0.912116282335820	1.81265857867957	0.204281328753090	-0.217195682475278	0.153080071694212	-0.0563692015686791	0.153593117941571	2.12320323471353	-0.361156745426687	0.645725693032811	0.346813291311264	-0.0374381244182587	0.265276014804840
-0.0903128947685239	-0.0595777837304203	0.554232591844594	0.917311681927955	1.81350764255458	0.204282788013038	-0.217187329933360	0.152724315459880	-0.0562569949419365	0.153434903600052	2.12041736080380	-0.359026070032625	0.650170808008994	0.346813291311264	-0.0374381244182587	0.265276014804840
-0.0912354645879955	-0.0612767743380874	0.551616700243868	0.922512167253163	1.81438019749688	0.204283796962106	-0.217178554487781	0.152374832650632	-0.0561902228253250	0.153277378551372	2.11803959307125	-0.357008076264897	0.654285588305304	0.346813291311264	-0.0374381244182587	0.265276014804840
-0.0920188605442385	-0.0631131125376715	0.549362297191337	0.927711027016492	1.81527489503852	0.204284357696826	-0.217169372562989	0.152032035162580	-0.0561686158391579	0.153120707715232	2.11607018994956	-0.355104403993800	0.658067235372625	0.346813291311264	-0.0374381244182587	0.265276014804840
-0.0926627052991069	-0.0650834959308182	0.547470194920309	0.932901681237761	1.81619040753012	0.204284472106545	-0.217159799594925	0.151696319024395	-0.0561919199561783	0.152965059229420	2.11450948933643	-0.353316727731955	0.661512960457534	0.346813291311264	-0.0374381244182587	0.265276014804840
-0.0931665675843762	-0.0671847178891781	0.545941428806010	0.938077630116739	1.81712542767638	0.204284141776195	-0.217149850204148	0.151368072155819	-0.0562599076383761	0.152810604059491	2.11335803121332	-0.351646789717335	0.664619857728338	0.346813291311264	-0.0374381244182587	0.265276014804840
-0.0935299280569795	-0.0694136799905974	0.544777320558603	0.943232414253223	1.81807866733000	0.204283367921181	-0.217139538330227	0.151047680058480	-0.0563723853519914	0.152657515822875	2.11261664276192	-0.350096423873936	0.667384814624129	0.346813291311264	-0.0374381244182587	0.265276014804840
-0.0937521562955221	-0.0717673977261860	0.543979520026465	0.948359583267636	1.81904885571373	0.204282151346726	-0.217128877338518	0.150735529963819	-0.0565291983056507	0.152505970762176	2.11228649484394	-0.348667572717580	0.669804450437926	0.346813291311264	-0.0374381244182587	0.265276014804840
-0.0938324963134342	-0.0742430009501954	0.543550030322949	0.953452670690379	1.82003473720215	0.204280492426049	-0.217117880107778	0.150432013825358	-0.0567302330353763	0.152356147819564	2.11236913641016	-0.347362298747873	0.671875076527687	0.346813291311264	-0.0374381244182587	0.265276014804840
-0.0937700586928774	-0.0768377301301734	0.543491219648897	0.958505173632060	1.82103506876394	0.204278391093339	-0.217106559104921	0.150137530433335	-0.0569754182814526	0.152208228777374	2.11286651155818	-0.346182791443552	0.673592673455680	0.346813291311264	-0.0374381244182587	0.265276014804840
-0.0935638180258362	-0.0795489291073266	0.543805822091978	0.963510536253572	1.82204861714118	0.204275846848710	-0.217094926451721	0.149852486842541	-0.0572647244558885	0.152062398440479	2.11378096246599	-0.345131370638620	0.674952881897637	0.346813291311264	-0.0374381244182587	0.265276014804840
-0.0932126148216761	-0.0823740347735639	0.544496928774417	0.968462136462001	1.82307415582188	0.204272858773361	-0.217082993987170	0.149577299233463	-0.0575981618757932	0.151918844844626	2.11511522019754	-0.344210486783103	0.675951005443243	0.346813291311264	-0.0374381244182587	0.265276014804840
-0.0927151614385103	-0.0853105637883979	0.545567969926956	0.973353275598936	1.82411046184444	0.204269425553962	-0.217070773328537	0.149312393266936	-0.0579757778278281	0.151777759482731	2.11687238431357	-0.343422718368254	0.676582024529344	0.346813291311264	-0.0374381244182587	0.265276014804840
-0.0920700519519675	-0.0883560961700311	0.547022687723670	0.978177171191939	1.82515631245646	0.204265545515998	-0.217058275933884	0.149058203938451	-0.0583976524223658	0.151639337549049	2.11905589123955	-0.342770766606610	0.676840621805118	0.346813291311264	-0.0374381244182587	0.265276014804840
-0.0912757762215919	-0.0915082552720264	0.548865098953291	0.982926953135478	1.82621048163253	0.204261216666534	-0.217045513168903	0.148815174885128	-0.0588638930829904	0.151503778210228	2.12166947035185	-0.342257447288841	0.676721220324422	0.346813291311264	-0.0374381244182587	0.265276014804840
-0.0903307387848121	-0.0947646832673725	0.551099445758283	0.987595663980737	1.82727173643548	0.204256436747590	-0.217032496381451	0.148583757041084	-0.0593746273865867	0.151371284923807	2.12471708565212	-0.341885679579686	0.676218037199418	0.346813291311264	-0.0374381244182587	0.265276014804840
-0.0892332836354561	-0.0981230107676764	0.553730131667813	0.992176264369645	1.82833883317897	0.204251203302203	-0.217019236988213	0.148364406470597	-0.0599299938093357	0.151242065840172	2.12820285960695	-0.341658471353612	0.675325156845415	0.346813291311264	-0.0374381244182587	0.265276014804840
-0.0879817264651204	-0.101580818562593	0.556761638902568	0.996661645071732	1.82941051331446	0.204245513756387	-0.217005746579595	0.148157581127785	-0.0605301297308121	0.151116334345218	2.13213097412899	-0.341578900497855	0.674036629824854	0.346813291311264	-0.0374381244182587	0.265276014804840
-0.0865743966014219	-0.105135588622793	0.560198421347982	1.00104464759611	1.83048549891745	0.204239365521669	-0.216992037051477	0.147963736191069	-0.0611751557867857	0.150994309830195	2.13650554164683	-0.341650091418698	0.672346605695495	0.346813291311264	-0.0374381244182587	0.265276014804840
-0.0850096917103584	-0.108784640412207	0.564044765581929	1.00531809597502	1.83156248758230	0.204232756124889	-0.216978120776124	0.147783317495178	-0.0618651553246753	0.150876218815293	2.14133043662869	-0.341875185771058	0.670249511330720	0.346813291311264	-0.0374381244182587	0.265276014804840
-0.0832861493852034	-0.112525047142010	0.568304609806179	1.00947484306432	1.83264014644629	0.204225683374617	-0.216964010829605	0.147616752427966	-0.0626001472867169	0.150762296607622	2.14660907466135	-0.342257306190589	0.667740290055871	0.346813291311264	-0.0374381244182587	0.265276014804840
-0.0814025410642611	-0.116353524811351	0.572981307379238	1.01350783558293	1.83371710494530	0.204218145577137	-0.216949721300052	0.147464437470275	-0.0633800503086722	0.150652789746161	2.15234412212235	-0.342799511545424	0.664814721767669	0.346813291311264	-0.0374381244182587	0.265276014804840
-0.0793579953393676	-0.120266284670238	0.578077317817146	1.01741020310487	1.83479194574912	0.204210141819691	-0.216935267710421	0.147326721333370	-0.0642046351639413	0.150547959579901	2.15853711453280	-0.343504741953408	0.661469850068906	0.346813291311264	-0.0374381244182587	0.265276014804840
-0.0771521596540635	-0.124258837084715	0.583593803602723	1.02117537728167	1.83586319312795	0.204201672344877	-0.216920667601618	0.147203882393157	-0.0650734618998306	0.150448087444772	2.16518795581484	-0.344375751552866	0.657704549374554	0.346813291311264	-0.0374381244182587	0.265276014804840
-0.0747854116313308	-0.128325731705331	0.589530105991693	1.02479724863220	1.83692929775814	0.204192739048004	-0.216905941337566	0.147096098843414	-0.0659857971142737	0.150353482052969	2.17229426398418	-0.345415026807857	0.653520272810803	0.346813291311264	-0.0374381244182587	0.265276014804840
-0.0722591337502495	-0.132460215434695	0.595883067430841	1.02827036915589	1.83798861668455	0.204183346139083	-0.216891113213323	0.147003409711350	-0.0669405058404099	0.150264489886359	2.17985052154298	-0.346624688028857	0.648922030203409	0.346813291311264	-0.0374381244182587	0.265276014804840
-0.0695760676626798	-0.136653786174064	0.602646162619249	1.03159020959910	1.83903938682498	0.204173501023186	-0.216876212971139	0.146925664632339	-0.0679359115113962	0.150181509591396	2.18784698152398	-0.348006371877180	0.643919653881345	0.346813291311264	-0.0374381244182587	0.265276014804840
-0.0667407668384396	-0.140895617093678	0.609808395359477	1.03475348013063	1.84007969004729	0.204163215466958	-0.216861277856924	0.146862460120598	-0.0689696165890077	0.150105011598262	2.19626827368575	-0.349561093006146	0.638529417282303	0.346813291311264	-0.0374381244182587	0.265276014804840
-0.0637601680095700	-0.145171823859540	0.617352915297672	1.03775852204221	1.84110740750691	0.204152507134791	-0.216846355380124	0.146813060079896	-0.0700382758512948	0.150035564414243	2.20509165123664	-0.351289083819325	0.632776075654834	0.346813291311264	-0.0374381244182587	0.265276014804840
-0.0606443023653785	-0.149464546854157	0.625255309163894	1.04060577531440	1.84212016066558	0.204141401594378	-0.216831506970947	0.146776298588631	-0.0711373143435667	0.149973869238764	2.21428481889532	-0.353189612782217	0.626695396820491	0.346813291311264	-0.0374381244182587	0.265276014804840
-0.0574071656088001	-0.153750823417344	0.633481527710209	1.04329832173937	1.84311523631986	0.204129934905980	-0.216816812755910	0.146750463726862	-0.0722605830376296	0.149920804662805	2.22380329133291	-0.355260784039385	0.620337239097583	0.346813291311264	-0.0374381244182587	0.265276014804840
-0.0540677603558242	-0.158001233589213	0.641985425742880	1.04584249483874	1.84408949320507	0.204118156919049	-0.216802377688129	0.146733162602440	-0.0733999479294115	0.149877483166792	2.23358725166275	-0.357499324539807	0.613769207659053	0.346813291311264	-0.0374381244182587	0.265276014804840
-0.0506513129173500	-0.162178319606138	0.650705923256929	1.04824853494151	1.84503924852553	0.204106135397872	-0.216788339260737	0.146721170052758	-0.0745448134672511	0.149845320798102	2.24355791886756	-0.359900369768895	0.607080872483356	0.346813291311264	-0.0374381244182587	0.265276014804840
-0.0471906465676133	-0.166234808187410	0.659563846927163	1.05053124925087	1.84596014440104	0.204093961075554	-0.216774876982301	0.146710267079346	-0.0756815899212106	0.149826120621476	2.25361349893344	-0.362457265840115	0.600388451264750	0.346813291311264	-0.0374381244182587	0.265276014804840
-0.0437276616442055	-0.170111709973565	0.668458590630890	1.05271061132511	1.84684699710414	0.204081753679787	-0.216762223676527	0.146695080281884	-0.0767931278861339	0.149822169065245	2.26362489676466	-0.365161414360132	0.593839737919132	0.346813291311264	-0.0374381244182587	0.265276014804840
-0.0403148254908416	-0.173736437278024	0.677264849450725	1.05481220132197	1.84769363656296	0.204069668866682	-0.216750678451005	0.146668940737149	-0.0778581629770037	0.149836341850491	2.27343151527256	-0.368002197192876	0.587618879658570	0.346813291311264	-0.0374381244182587	0.265276014804840
-0.0370165088717646	-0.177021173904732	0.685829840713731	1.05686734789307	1.84849275040068	0.204057905818542	-0.216740620819912	0.146623790097619	-0.0788508411396297	0.149872212477331	2.28283767342245	-0.370967030603890	0.581950363162796	0.346813291311264	-0.0374381244182587	0.265276014804840
-0.0339099183709678	-0.179861850664789	0.693971630079433	1.05891278730517	1.84923575612534	0.204046714984225	-0.216732524920771	0.146550172938803	-0.0797404302244027	0.149934150983621	2.29161043913011	-0.374041611017398	0.577101261282606	0.346813291311264	-0.0374381244182587	0.265276014804840
-0.0310852692964154	-0.182138222205456	0.701479420882132	1.06098961175630	1.84991273690433	0.204036405048796	-0.216726972005148	0.146437366534265	-0.0804913649190051	0.150027393809963	2.29947998337158	-0.377210425114734	0.573380432243575	0.346813291311264	-0.0374381244182587	0.265276014804840
-0.0286447324510226	-0.183715687037494	0.708116909490265	1.06314124973405	1.85051248971258	0.204027347713328	-0.216724658416592	0.146273709893412	-0.0810638144291217	0.150158057475173	2.30614387826988	-0.380457600545219	0.571133003181392	0.346813291311264	-0.0374381244182587	0.265276014804840
-0.0266995970203741	-0.184449605245177	0.713629992458066	1.06541022775783	1.85102274705920	0.204019978288870	-0.216726395187460	0.146047198691458	-0.0814149941147532	0.150333060592598	2.31127699923495	-0.383768162875677	0.570728211141333	0.346813291311264	-0.0374381244182587	0.265276014804840
-0.0253650668483721	-0.184192882397151	0.717760121022813	1.06783353482528	1.85143064029844	0.204014789574686	-0.216733094419669	0.145746404927816	-0.0815014444334133	0.150559913013168	2.31454870532670	-0.387129730044173	0.572538688049268	0.346813291311264	-0.0374381244182587	0.265276014804840
-0.0247522155738256	-0.182807411534473	0.720264277710635	1.07043658288615	1.85172346649800	0.204012316214276	-0.216745737182732	0.145361751153469	-0.0812824459396065	0.150846331601950	2.31564855977095	-0.390534607567728	0.576909798944898	0.346813291311264	-0.0374381244182587	0.265276014804840
-0.0249569453156743	-0.180179494212327	0.720941723376758	1.07322605572372	1.85188979299686	0.204013107022742	-0.216765318378314	0.144887110622916	-0.0807245975790657	0.151199654670310	2.31432078782382	-0.393982140315506	0.584118934503794	0.346813291311264	-0.0374381244182587	0.265276014804840
-0.0260463827584936	-0.176238523973992	0.719666211999962	1.07618236161323	1.85192087624579	0.204017684024780	-0.216792766573752	0.144321613566697	-0.0798073365256644	0.151626056596004	2.31040579805234	-0.397481035875314	0.594326887333527	0.346813291311264	-0.0374381244182587	0.265276014804840
-0.0280439932145022	-0.170977042668144	0.716420356771688	1.07925288910036	1.85181228299901	0.204026489399886	-0.216828841661563	0.143671424942295	-0.0785288317723950	0.152129612719404	2.30388449468429	-0.401051227323769	0.607526493969953	0.346813291311264	-0.0374381244182587	0.265276014804840
-0.0309156516509738	-0.164468989511290	0.711326637017940	1.08234766542258	1.85156549485673	0.204039825109015	-0.216874020110552	0.142951148344817	-0.0769113061552591	0.152711326874788	2.29491827594093	-0.404724742125914	0.623497000012466	0.346813291311264	-0.0374381244182587	0.265276014804840
-0.0345596677760121	-0.156881996374454	0.704667924165962	1.08533911938465	1.85118918257422	0.204057793964542	-0.216928385092779	0.142184451274662	-0.0750045634678100	0.153368293777343	2.28387553026473	-0.408545059033995	0.641774935668305	0.346813291311264	-0.0374381244182587	0.265276014804840
-0.0388038969211560	-0.148479519028023	0.696890364660023	1.08806724455314	1.85069980022605	0.204080253906578	-0.216991544173679	0.141403551966206	-0.0728864887871267	0.154093200116077	2.27133538481442	-0.412564625836956	0.661652185610513	0.346813291311264	-0.0374381244182587	0.265276014804840
-0.0434122239450651	-0.139609893999349	0.688583761543231	1.09035046723512	1.85012121430423	0.204106797551621	-0.217062597294512	0.140647389229432	-0.0706596843620850	0.154874344970215	2.25806242753983	-0.416840583599784	0.682208271595145	0.346813291311264	-0.0374381244182587	0.265276014804840
-0.0481008486731463	-0.130682072058108	0.680439212172139	1.09200112621460	1.84948326198609	0.204136765504880	-0.217140170345075	0.139958592870076	-0.0684441955254911	0.155696270204961	2.24495207625821	-0.421429215332075	0.702376755633879	0.346813291311264	-0.0374381244182587	0.265276014804840
-0.0525623837723676	-0.122131123138358	0.673189495291700	1.09284311573861	1.84881938709732	0.204169294778825	-0.217222515526514	0.139379696822774	-0.0663672668364834	0.156540951627302	2.23295366946092	-0.426380046348696	0.721036986699883	0.346813291311264	-0.0374381244182587	0.265276014804840
-0.0564936501146789	-0.114379438578060	0.667542496565342	1.09272847859698	1.84816374550980	0.204203395063737	-0.217307663210570	0.138949266507796	-0.0645518942155016	0.157389357570571	2.22298454670764	-0.431730694172717	0.737115298899695	0.346813291311264	-0.0374381244182587	0.265276014804840
-0.0596220767296779	-0.107800720769103	0.664119855080607	1.09154992389178	1.84754830832325	0.204238038722306	-0.217393597240060	0.138698646672467	-0.0631062665052704	0.158223088625937	2.21585083757699	-0.437503405333683	0.749677155019981	0.346813291311264	-0.0374381244182587	0.265276014804840
-0.0617261753312748	-0.102692872521257	0.663411227460936	1.08924733641544	1.84700046751274	0.204272247841131	-0.217478421447957	0.138649858493404	-0.0621158853010952	0.159025806441824	2.21218838180507	-0.443703777172513	0.757994700773303	0.346813291311264	-0.0374381244182587	0.265276014804840
-0.0626473738000900	-0.0992632506789092	0.665749950293255	1.08580789825489	1.84654148231935	0.204305164131462	-0.217560490605779	0.138814860685890	-0.0616393601314510	0.159784238010528	2.21243125234481	-0.450321618216651	0.761581369425084	0.346813291311264	-0.0374381244182587	0.265276014804840
-0.0622927765829004	-0.0976265520135833	0.671310379996719	1.08126086743938	1.84618587085681	0.204336093440692	-0.217638490944318	0.139196063808576	-0.0617079308569601	0.160488666903945	2.21680825505878	-0.457333450629809	0.760193557158234	0.346813291311264	-0.0374381244182587	0.265276014804840
-0.0606303417633671	-0.0978129961957635	0.680122756303824	1.07566891700864	1.84594163902426	0.204364523497946	-0.217711468690749	0.139787757552460	-0.0623280064956626	0.161132944947082	2.22536205584742	-0.464705930053225	0.753806027314983	0.346813291311264	-0.0374381244182587	0.265276014804840
-0.0576790282262787	-0.0997831070214409	0.692099157129904	1.06911811070553	1.84581110736039	0.204390118949390	-0.217778815325390	0.140578023475269	-0.0634856167271518	0.161714140288092	2.23798264127142	-0.472399465716109	0.742571006393575	0.346813291311264	-0.0374381244182587	0.265276014804840
-0.0534966242638911	-0.103445288100008	0.707063995511129	1.06170823521705	1.84579205938287	0.204412700609603	-0.217840223443872	0.141550742745967	-0.0651516508144093	0.162231968922723	2.25444666284357	-0.480371493842892	0.726770959082324	0.346813291311264	-0.0374381244182587	0.265276014804840
-0.0481674888539249	-0.108673140019475	0.724783844575355	1.05354460092135	1.84587896990772	0.204432216267237	-0.217895627556396	0.142687417356154	-0.0672869871591256	0.162688145660334	2.27445593470256	-0.488579088436418	0.706772890928228	0.346813291311264	-0.0374381244182587	0.265276014804840
-0.0417916808423367	-0.115320559850348	0.744993278431270	1.04473181218109	1.84606414281492	0.204448709159684	-0.217945141538818	0.143968649310927	-0.0698469430710385	0.163085755981109	2.29767080682429	-0.496980803978859	0.682989082456903	0.346813291311264	-0.0374381244182586	0.265276014804840
-0.0344762102624953	-0.123233702686027	0.767415205286329	1.03536954019902	1.84633866331293	0.204462288325276	-0.217989000631752	0.145375228728867	-0.0727847816235662	0.163428709915954	2.32373644340360	-0.505537792907976	0.655846431729083	0.346813291311264	-0.0374381244182586	0.265276014804840
-0.0263285776336658	-0.132259662383082	0.791775496677382	1.02555004877084	1.84669313125162	0.204473103166947	-0.218027512222718	0.146888853411529	-0.0760542408344370	0.163721304373075	2.35230174979936	-0.514214320583215	0.625764583701349	0.346813291311264	-0.0374381244182587	0.265276014804840
-0.0174524119024950	-0.142252200548724	0.817812514267514	1.01535710180064	1.84711818301154	0.204481323091452	-0.218061016828926	0.148492539981890	-0.0796111878151223	0.163967895905299	2.38303172172624	-0.522977825763226	0.593141842990817	0.346813291311264	-0.0374381244182587	0.265276014804840
-0.00794484639214136	-0.153075068394432	0.845282492562401	1.00486587065365	1.84760483147344	0.204487122121066	-0.218089858880101	0.150170798545132	-0.0834145622229779	0.164172671746667	2.41561445210280	-0.531798665436406	0.558347354750693	0.346813291311264	-0.0374381244182587	0.265276014804840
0.00210477066636476	-0.164603506752782	0.873961794432013	0.994143509396790	1.84814466150659	0.204490667848162	-0.218114365939878	0.151909638902732	-0.0874267837245927	0.164339500773588	2.44976410755647	-0.540649656902935	0.521717974379755	0.346813291311264	-0.0374381244182587	0.265276014804840
0.0126152026608062	-0.176724451748240	0.903646948517799	0.983250139464194	1.84872991765995	0.204492113896031	-0.218134834653567	0.153696464814713	-0.0916137799092265	0.164471845090366	2.48522104834043	-0.549505499533275	0.483558428373218	0.346813291311264	-0.0374381244182587	0.265276014804840
0.0235129942189366	-0.189335873689718	0.934153200113358	0.972240059523207	1.84935351559328	0.204491595040640	-0.218151521731023	0.155519899116467	-0.0959447607901447	0.164572714838690	2.52175003705894	-0.558342130484753	0.444143649452223	0.346813291311264	-0.0374381244182587	0.265276014804840
0.0347317164106575	-0.202345569669280	0.965312119411926	0.961163060108096	1.85000900212146	0.204489224243576	-0.218164638483677	0.157369569697369	-0.100391833932515	0.164644651926790	2.55913723991706	-0.567136045772936	0.403722460263271	0.346813291311264	-0.0374381244182586	0.265276014804840
0.0462109523725285	-0.215669634237346	0.996968643650064	0.950065772236341	1.85069048221508	0.204485090983457	-0.218174347715087	0.159235875765929	-0.104929525607017	0.164689731667274	2.59718650864211	-0.575863601043730	0.362522036621278	0.346813291311264	-0.0374381244182587	0.265276014804840
0.0578951322387801	-0.229230754466220	1.02897779433018	0.938993015075595	1.85139252568175	0.204479260415286	-0.218180762047312	0.161109745766987	-0.109534250201943	0.164709574297271	2.63571525686267	-0.584500294623457	0.320752787099929	0.346813291311264	-0.0374381244182587	0.265276014804840
0.0697322831326730	-0.242956416598759	1.06120120860178	0.927989131821299	1.85211006179692	0.204471773017305	-0.218183943019600	0.162982392583771	-0.114183752640879	0.164705360842848	2.67455011314701	-0.593020028048829	0.278613439952238	0.346813291311264	-0.0374381244182587	0.265276014804840
0.0816727285877580	-0.256777069353777	1.09350355157389	0.917099317596671	1.85283826683430	0.204462644497339	-0.218183900513095	0.164845067881338	-0.118856536140947	0.164677849775879	2.71352243959544	-0.601394335514562	0.236296236914007	0.346813291311264	-0.0374381244182587	0.265276014804840
0.0936677503398602	-0.270624261075793	1.12574882921554	0.906370950290789	1.85357244713048	0.204451865826766	-0.218180592239545	0.166688815269564	-0.123531279488549	0.164627392480267	2.75246374381149	-0.609591573071648	0.193992204035325	0.346813291311264	-0.0374381244182586	0.265276014804840
0.105668212307195	-0.284428751850410	1.15779659576113	0.895854935952793	1.85430791885607	0.204439403355015	-0.218173923194525	0.168504221129190	-0.128186243402309	0.164553946816794	2.79120097815689	-0.617576060946857	0.151896508689202	0.346813291311264	-0.0374381244182586	0.265276014804840
0.117623140688133	-0.298118595914377	1.18949804312431	0.885607074948658	1.85503988494929	0.204425199037270	-0.218163745130190	0.170281162343012	-0.132798664073469	0.164457089181380	2.82955171054133	-0.625307178503145	0.110213923084063	0.346813291311264	-0.0374381244182586	0.265276014804840
0.129478255178845	-0.311617193750233	1.22069197292337	0.875689442973410	1.85576330964905	0.204409170889669	-0.218149856264251	0.172008551853081	-0.137344133552517	0.164336026513916	2.86731916550377	-0.632738422103224	0.0691643984902925	0.346813291311264	-0.0374381244182587	0.265276014804840
0.141174454961217	-0.324841327944922	1.25120068691745	0.866171760774640	1.85647279177409	0.204391213876044	-0.218132001625087	0.173674086125241	-0.141795971594453	0.164189610844186	2.90428717588603	-0.639816452965157	0.0289887081038328	0.346813291311264	-0.0374381244182587	0.265276014804840
0.152646280847789	-0.337699224123188	1.28082589384370	0.857132695960274	1.85716243943288	0.204371201532983	-0.218109874650127	0.175264003580434	-0.146124602551780	0.164016360245165	2.94021515972392	-0.646480186929850	-0.0100459660980345	0.346813291311264	-0.0374381244182586	0.265276014804840
0.163820404087237	-0.350088720836341	1.30934482651081	0.848660997035239	1.85782575137684	0.204348988757415	-0.218083120912924	0.176762870265017	-0.150296964862574	0.163814491549624	2.97483335205932	-0.652660013003371	-0.0476407546025337	0.346813291311264	-0.0374381244182587	0.265276014804840
0.174614235534840	-0.361895693251539	1.33650689965942	0.840856301654820	1.85845551390811	0.204324416308725	-0.218051345149845	0.178153418863151	-0.154276000650678	0.163581971850619	3.00783868578159	-0.658277274333131	-0.0834605633874797	0.346813291311264	-0.0374381244182587	0.265276014804840
0.184934808462257	-0.372992956883231	1.36203142125337	0.833829387453641	1.85904372724691	0.204297317701493	-0.218014123066697	0.179416479730274	-0.158020299631446	0.163316597505901	3.03889193510251	-0.663244204227464	-0.117130954249339	0.346813291311264	-0.0374381244182587	0.265276014804840
0.194678164491153	-0.383239978142289	1.38560709466202	0.827701548057127	1.85958158147459	0.204267529255021	-0.217971019673039	0.180531057438876	-0.161484004506400	0.163016110763348	3.06761700660942	-0.667464577967612	-0.148237416185802	0.346813291311264	-0.0374381244182587	0.265276014804840
0.203729560574502	-0.392483829826814	1.40689429794669	0.822602689636565	1.86005950909139	0.204234904069820	-0.217921616013650	0.181474621652567	-0.164617121641772	0.162678364602748	3.09360356381001	-0.670835409523363	-0.176328331375160	0.346813291311264	-0.0374381244182587	0.265276014804840
