[0.00771196186542511, -0.44643598794937134, -0.251617968082428, 0.6842060089111328, 0.628898024559021, 0.5708000063896179, -1.389762043952942, -1.3745059967041016] [0.19467349350452423, -0.12746500968933105, 0.06957486271858215, 0.43552282452583313, 0.1655433177947998, 0.2224290668964386] 
[0.00771196186542511, -0.44643598794937134, -0.2500839829444885, 0.6842060089111328, 0.6304320693016052, 0.2223999947309494, -1.389762043952942, -1.3745059967041016] [0.19473640620708466, -0.12766163051128387, 0.07019982486963272, 0.4372943043708801, 0.16119469702243805, 0.22140391170978546] 
[0.006177961826324463, -0.4479699730873108, -0.24701596796512604, 0.6842060089111328, 0.628898024559021, 0.22200000286102295, -1.3912960290908813, -1.376039981842041] [0.19473640620708466, -0.12766163051128387, 0.07019982486963272, 0.4372943043708801, 0.16119469702243805, 0.22140391170978546] 
[0.006177961826324463, -0.44643598794937134, -0.24701596796512604, 0.6842060089111328, 0.6304320693016052, 0.22200000286102295, -1.3912960290908813, -1.376039981842041] [0.19479870796203613, -0.12730616331100464, 0.07031890004873276, 0.44005629420280457, 0.16024067997932434, 0.22312583029270172] 
[0.006177961826324463, -0.4479699730873108, -0.2454819679260254, 0.6842060089111328, 0.628898024559021, 0.22200000286102295, -1.3912960290908813, -1.3775739669799805] [0.19475606083869934, -0.12762217223644257, 0.07031124085187912, 0.438512921333313, 0.16024275124073029, 0.22159039974212646] 
[0.006177961826324463, -0.4479699730873108, -0.2454819679260254, 0.6842060089111328, 0.6304320693016052, 0.22200000286102295, -1.3912960290908813, -1.376039981842041] [0.19475355744361877, -0.12760521471500397, 0.07031916826963425, 0.4400469660758972, 0.16024275124073029, 0.22159039974212646] 
[0.006177961826324463, -0.4479699730873108, -0.2454819679260254, 0.6842060089111328, 0.628898024559021, 0.2215999960899353, -1.3912960290908813, -1.3775739669799805] [0.19475606083869934, -0.12762217223644257, 0.07031124085187912, 0.438512921333313, 0.16024275124073029, 0.22159039974212646] 
[0.006177961826324463, -0.44643598794937134, -0.2454819679260254, 0.6842060089111328, 0.628898024559021, 0.2215999960899353, -1.3912960290908813, -1.376039981842041] [0.19475606083869934, -0.12762217223644257, 0.07031124085187912, 0.438512921333313, 0.16024275124073029, 0.22159039974212646] 
[0.006177961826324463, -0.4479699730873108, -0.2454819679260254, 0.6842060089111328, 0.628898024559021, 0.2215999960899353, -1.3912960290908813, -1.376039981842041] [0.19475355744361877, -0.12760521471500397, 0.07031916826963425, 0.4400469660758972, 0.16024275124073029, 0.22159039974212646] 
[0.006177961826324463, -0.4479699730873108, -0.2454819679260254, 0.6842060089111328, 0.628898024559021, 0.2215999960899353, -1.3912960290908813, -1.3775739669799805] [0.19475606083869934, -0.12762217223644257, 0.07031124085187912, 0.438512921333313, 0.16024275124073029, 0.22159039974212646] 
[0.006177961826324463, -0.4479699730873108, -0.2454819679260254, 0.6842060089111328, 0.628898024559021, 0.2215999960899353, -1.3928301334381104, -1.376039981842041] [0.19475606083869934, -0.12762217223644257, 0.07031124085187912, 0.438512921333313, 0.16024275124073029, 0.22159039974212646] 
[0.006177961826324463, -0.4479699730873108, -0.2454819679260254, 0.6842060089111328, 0.628898024559021, 0.2215999960899353, -1.3912960290908813, -1.376039981842041] [0.19475606083869934, -0.12762217223644257, 0.07031124085187912, 0.438512921333313, 0.16024275124073029, 0.22159039974212646] 
[0.006177961826324463, -0.4479699730873108, -0.2454819679260254, 0.6842060089111328, 0.628898024559021, 0.2215999960899353, -1.3912960290908813, -1.3775739669799805] [0.19475355744361877, -0.12760521471500397, 0.07031916826963425, 0.4400469660758972, 0.16024275124073029, 0.22159039974212646] 
[0.00771196186542511, -0.4449019730091095, -0.2454819679260254, 0.6842060089111328, 0.628898024559021, 0.2215999960899353, -1.3943641185760498, -1.3806419372558594] [0.19497433304786682, -0.1269453912973404, 0.07113178074359894, 0.44027474522590637, 0.15534332394599915, 0.22492235898971558] 
[0.001575961709022522, -0.4449019730091095, -0.24087996780872345, 0.6842060089111328, 0.6304320693016052, 0.2215999960899353, -1.3958981037139893, -1.3821760416030884] [0.1951061636209488, -0.12664611637592316, 0.07173009216785431, 0.4395825266838074, 0.15235255658626556, 0.2263503223657608] 
[-0.00762803852558136, -0.42035797238349915, -0.2393459677696228, 0.6857399940490723, 0.628898024559021, 0.22120000422000885, -1.3974320888519287, -1.3852440118789673] [0.196224644780159, -0.11595714837312698, 0.07616044580936432, 0.437732994556427, 0.13121436536312103, 0.28705450892448425] 
[-0.03677403926849365, -0.37126997113227844, -0.2393459677696228, 0.70414799451828, 0.628898024559021, 0.22120000422000885, -1.3989660739898682, -1.3837100267410278] [0.19719721376895905, -0.10857319086790085, 0.08242007344961166, 0.4271598756313324, 0.10181816667318344, 0.3255683481693268] 
[-0.0904640406370163, -0.3344539701938629, -0.2393459677696228, 0.70414799451828, 0.628898024559021, 0.22120000422000885, -1.3989660739898682, -1.3837100267410278] [0.19805827736854553, -0.10059825330972672, 0.09332258999347687, 0.4054175317287445, 0.051303762942552567, 0.3651629388332367] 
[-0.13495004177093506, -0.29917198419570923, -0.2393459677696228, 0.7164199948310852, 0.628898024559021, 0.22120000422000885, -1.3974320888519287, -1.3821760416030884] [0.1973346769809723, -0.0871838629245758, 0.1037362664937973, 0.3779994249343872, 0.00680957455188036, 0.4373297393321991] 
[-0.18403804302215576, -0.20099596679210663, -0.2362779676914215, 0.7225559949874878, 0.6304320693016052, 0.22120000422000885, -1.3943641185760498, -1.3821760416030884] [0.19346562027931213, -0.06007932499051094, 0.10918430238962173, 0.3441420793533325, -0.0084269680082798, 0.5781689286231995] 
[-0.19631004333496094, -0.030721962451934814, -0.23474396765232086, 0.7210220098495483, 0.6304320693016052, 0.22120000422000885, -1.3943641185760498, -1.3821760416030884] [0.18390344083309174, -0.02658730186522007, 0.10761988908052444, 0.31733447313308716, 0.011423678137362003, 0.7527357339859009] 
[-0.19631004333496094, 0.1364840418100357, -0.23474396765232086, 0.7225559949874878, 0.6304320693016052, 0.22120000422000885, -1.3958981037139893, -1.3837100267410278] [0.17482560873031616, -0.006614655256271362, 0.10578527301549911, 0.30227968096733093, 0.02769295871257782, 0.8637323975563049] 
[-0.1947760432958603, 0.23312604427337646, -0.23474396765232086, 0.742497980594635, 0.6304320693016052, 0.22120000422000885, -1.3958981037139893, -1.3837100267410278] [0.1636446714401245, 0.009679140523076057, 0.10250981152057648, 0.29557156562805176, 0.05250024423003197, 0.9767881631851196] 
[-0.19324204325675964, 0.27147603034973145, -0.23474396765232086, 0.7977219820022583, 0.6304320693016052, 0.22120000422000885, -1.3958981037139893, -1.3837100267410278] [0.15463568270206451, 0.0163487046957016, 0.09904289990663528, 0.3003808856010437, 0.08013235777616501, 1.0632950067520142] 
[-0.18710604310035706, 0.2760780453681946, -0.23781196773052216, 0.8866939544677734, 0.6304320693016052, 0.2207999974489212, -1.3958981037139893, -1.3837100267410278] [0.1423758864402771, 0.019736431539058685, 0.09210320562124252, 0.29825499653816223, 0.14088766276836395, 1.1782900094985962] 
[-0.1886400431394577, 0.2730100452899933, -0.30990996956825256, 1.017084002494812, 0.628898024559021, 0.22120000422000885, -1.3958981037139893, -1.3837100267410278] [0.1370268613100052, 0.01852283999323845, 0.08207948505878448, 0.2633321285247803, 0.22988399863243103, 1.2238820791244507] 
[-0.18250404298305511, 0.2730100452899933, -0.3697359561920166, 1.0462299585342407, 0.6273640394210815, 0.2207999974489212, -1.3943641185760498, -1.3837100267410278] [0.13421130180358887, 0.018240535631775856, 0.07786420732736588, 0.25632259249687195, 0.2659406065940857, 1.2477425336837769] 
[-0.18403804302215576, 0.27761203050613403, -0.3697359561920166, 1.0677059888839722, 0.6273640394210815, 0.22120000422000885, -1.3958981037139893, -1.3837100267410278] [0.13220156729221344, 0.018685806542634964, 0.07675336301326752, 0.25787225365638733, 0.2763533890247345, 1.2655104398727417] 
[-0.18403804302215576, 0.2837480306625366, -0.38507598638534546, 1.0891820192337036, 0.6273640394210815, 0.2207999974489212, -1.3958981037139893, -1.3837100267410278] [0.12959517538547516, 0.018610237166285515, 0.07332079857587814, 0.2505425810813904, 0.3070344626903534, 1.2874650955200195] 
[-0.18250404298305511, 0.29448604583740234, -0.42035797238349915, 1.1167939901351929, 0.6242960691452026, 0.2207999974489212, -1.3958981037139893, -1.3852440118789673] [0.1262950450181961, 0.01821855455636978, 0.06846883893013, 0.2402186244726181, 0.3502160906791687, 1.3150568008422852] 
[-0.1686980426311493, 0.29448604583740234, -0.46330997347831726, 1.1398040056228638, 0.6196940541267395, 0.22120000422000885, -1.3989660739898682, -1.3883119821548462] [0.125497505068779, 0.016472334042191505, 0.06241898238658905, 0.24307197332382202, 0.3879479765892029, 1.3216243982315063] 
[-0.14875604212284088, 0.29448604583740234, -0.47864997386932373, 1.1382700204849243, 0.6150920391082764, 0.2207999974489212, -1.4005000591278076, -1.3898459672927856] [0.12545716762542725, 0.01586441695690155, 0.060131315141916275, 0.24375876784324646, 0.39966899156570435, 1.3220919370651245] 
[-0.14415404200553894, 0.2960200309753418, -0.4801839590072632, 1.1382700204849243, 0.6043540239334106, 0.2207999974489212, -1.402034044265747, -1.391379952430725] [0.1252659559249878, 0.015917425975203514, 0.059367988258600235, 0.23695215582847595, 0.40230903029441833, 1.3249324560165405] 
[-0.14108604192733765, 0.29448604583740234, -0.481717973947525, 1.1367360353469849, 0.5997520685195923, 0.2207999974489212, -1.406636118888855, -1.391379952430725] [0.12568455934524536, 0.015540029853582382, 0.058977533131837845, 0.23169861733913422, 0.4045216739177704, 1.321426510810852] 
[-0.14108604192733765, 0.29448604583740234, -0.48325198888778687, 1.132133960723877, 0.5997520685195923, 0.2207999974489212, -1.4158400297164917, -1.395982027053833] [0.12686429917812347, 0.015480699948966503, 0.05935079976916313, 0.22590169310569763, 0.4006367027759552, 1.3105460405349731] 
[-0.14108604192733765, 0.29448604583740234, -0.48325198888778687, 1.1198619604110718, 0.5982180833816528, 0.2207999974489212, -1.421976089477539, -1.3975160121917725] [0.1274828016757965, 0.015530039556324482, 0.05969974026083946, 0.22437019646167755, 0.39711257815361023, 1.3048923015594482] 
[-0.14108604192733765, 0.2960200309753418, -0.481717973947525, 1.109123945236206, 0.5982180833816528, 0.2207999974489212, -1.425044059753418, -1.4021179676055908] [0.12830370664596558, 0.01565547101199627, 0.060004960745573044, 0.22073286771774292, 0.39394357800483704, 1.2971084117889404] 
[-0.14108604192733765, 0.2960200309753418, -0.4801839590072632, 1.1045219898223877, 0.5966840386390686, 0.2207999974489212, -1.441918134689331, -1.4205260276794434] [0.1293441206216812, 0.015749068930745125, 0.06099158897995949, 0.2142835259437561, 0.3871400058269501, 1.287750482559204] 
[-0.15029004216194153, 0.29755404591560364, -0.46944597363471985, 1.0769100189208984, 0.5966840386390686, 0.2207999974489212, -1.4649280309677124, -1.449671983718872] [0.13288606703281403, 0.016336340457201004, 0.06466637551784515, 0.20024557411670685, 0.35995954275131226, 1.2557116746902466] 
[-0.15182404220104218, 0.2990880608558655, -0.4587079882621765, 1.055433988571167, 0.5951500535011292, 0.2207999974489212, -1.4756660461425781, -1.4604099988937378] [0.13401946425437927, 0.01707455888390541, 0.0661671981215477, 0.20095884799957275, 0.34526291489601135, 1.2459475994110107] 
[-0.15182404220104218, 0.30522406101226807, -0.4525719881057739, 1.0339579582214355, 0.5966840386390686, 0.2207999974489212, -1.4741320610046387, -1.4604099988937378] [0.13568195700645447, 0.01816663146018982, 0.067390076816082, 0.19536827504634857, 0.3315241038799286, 1.2305748462677002] 
[-0.15182404220104218, 0.31442803144454956, -0.44029998779296875, 1.0002100467681885, 0.5966840386390686, 0.2207999974489212, -1.478734016418457, -1.4665460586547852] [0.1387316733598709, 0.018757587298750877, 0.06955837458372116, 0.1954038143157959, 0.30754905939102173, 1.2032992839813232] 
[-0.1456880420446396, 0.32056403160095215, -0.42649397253990173, 0.9541900157928467, 0.5966840386390686, 0.2207999974489212, -1.483336091041565, -1.4680800437927246] [0.14194224774837494, 0.018527746200561523, 0.07098545134067535, 0.19853922724723816, 0.28801316022872925, 1.1746108531951904] 
[-0.139552041888237, 0.32670003175735474, -0.41115397214889526, 0.9143059849739075, 0.5951500535011292, 0.2207999974489212, -1.483336091041565, -1.469614028930664] [0.14577911794185638, 0.018207790330052376, 0.0731751024723053, 0.20478947460651398, 0.2615455687046051, 1.1403566598892212] 
[-0.1364840418100357, 0.3282340466976166, -0.4019499719142914, 0.8621499538421631, 0.5951500535011292, 0.2207999974489212, -1.4848700761795044, -1.469614028930664] [0.15110501646995544, 0.016851993277668953, 0.07532069087028503, 0.2015385776758194, 0.23701409995555878, 1.0910732746124268] 
[-0.12114404141902924, 0.3328360319137573, -0.37893998622894287, 0.6842060089111328, 0.5951500535011292, 0.2207999974489212, -1.4864040613174438, -1.472681999206543] [0.1715853214263916, 0.007961138151586056, 0.0834575816988945, 0.20690371096134186, 0.14234834909439087, 0.8908444046974182] 
[-0.10120204091072083, 0.33130204677581787, -0.3467259705066681, 0.5354079604148865, 0.5966840386390686, 0.2207999974489212, -1.4910061359405518, -1.4757499694824219] [0.17885273694992065, 0.0032582376152276993, 0.0864998921751976, 0.22176508605480194, 0.10534726828336716, 0.8130675554275513] 
[-0.09813404083251953, 0.3328360319137573, -0.34519195556640625, 0.5354079604148865, 0.5966840386390686, 0.2207999974489212, -1.4910061359405518, -1.4757499694824219] [0.1788318157196045, 0.0032582376152276993, 0.08622555434703827, 0.22288571298122406, 0.1064014732837677, 0.81318598985672] 
[-0.09813404083251953, 0.3328360319137573, -0.34825998544692993, 0.5354079604148865, 0.5951500535011292, 0.2207999974489212, -1.4910061359405518, -1.4757499694824219] [0.17892511188983917, 0.0030749752186238766, 0.08588559925556183, 0.2174842357635498, 0.10931450128555298, 0.8120327591896057] 
[-0.09813404083251953, 0.33437004685401917, -0.35132795572280884, 0.5354079604148865, 0.5966840386390686, 0.2207999974489212, -1.4910061359405518, -1.4757499694824219] [0.17892511188983917, 0.0030749752186238766, 0.08588559925556183, 0.2174842357635498, 0.10931450128555298, 0.8120327591896057] 
[-0.09813404083251953, 0.3328360319137573, -0.3528619706630707, 0.5354079604148865, 0.5951500535011292, 0.22120000422000885, -1.4910061359405518, -1.4742159843444824] [0.178880974650383, 0.0030749752186238766, 0.08533672243356705, 0.21972453594207764, 0.11142508685588837, 0.812279462814331] 
[-0.09199804067611694, 0.3328360319137573, -0.35132795572280884, 0.5354079604148865, 0.5951500535011292, 0.22120000422000885, -1.4910061359405518, -1.4742159843444824] [0.1787661910057068, 0.003166857175529003, 0.0846838429570198, 0.22579047083854675, 0.11313100159168243, 0.8132293820381165] 
[-0.08893004059791565, 0.3328360319137573, -0.34825998544692993, 0.5354079604148865, 0.5966840386390686, 0.22120000422000885, -1.4910061359405518, -1.472681999206543] [0.178695946931839, 0.0032126097939908504, 0.08422072976827621, 0.22938595712184906, 0.11450822651386261, 0.8137673735618591] 
[-0.08586204051971436, 0.3251660466194153, -0.3467259705066681, 0.5369420051574707, 0.5966840386390686, 0.2207999974489212, -1.4894720315933228, -1.4711480140686035] [0.17861025035381317, 0.0032197695691138506, 0.08398910611867905, 0.22684939205646515, 0.11652161180973053, 0.8146426677703857] 
[-0.087396040558815, 0.308292031288147, -0.35132795572280884, 0.5369420051574707, 0.5966840386390686, 0.22120000422000885, -1.4879380464553833, -1.469614028930664] [0.1795133650302887, 0.001605298719368875, 0.08398628979921341, 0.22757351398468018, 0.11668860912322998, 0.8055197596549988] 
[-0.087396040558815, 0.30522406101226807, -0.35132795572280884, 0.5369420051574707, 0.5966840386390686, 0.22120000422000885, -1.4879380464553833, -1.4680800437927246] [0.17966535687446594, 0.0013330059591680765, 0.08399960398674011, 0.227666974067688, 0.11659210920333862, 0.8040025234222412] 
[-0.087396040558815, 0.3036900460720062, -0.35132795572280884, 0.5369420051574707, 0.5966840386390686, 0.22120000422000885, -1.4879380464553833, -1.4680800437927246] [0.17979499697685242, 0.0011067193700000644, 0.08409828692674637, 0.22911164164543152, 0.11576371639966965, 0.8027696013450623] 
[-0.08586204051971436, 0.30062204599380493, -0.3497939705848694, 0.5369420051574707, 0.5966840386390686, 0.22120000422000885, -1.4864040613174438, -1.4680800437927246] [0.1803729236125946, 1.4355835446622223e-05, 0.08387435227632523, 0.2305917590856552, 0.1164519265294075, 0.7968280911445618] 
[-0.08586204051971436, 0.28835004568099976, -0.3528619706630707, 0.5369420051574707, 0.5966840386390686, 0.22120000422000885, -1.4848700761795044, -1.4680800437927246] [0.18172505497932434, -0.0025033827405422926, 0.08390343189239502, 0.23007988929748535, 0.11634360998868942, 0.7828874588012695] 
[-0.08432804048061371, 0.28221404552459717, -0.35132795572280884, 0.5369420051574707, 0.5966840386390686, 0.22120000422000885, -1.4848700761795044, -1.4680800437927246] [0.18201611936092377, -0.0030550798401236534, 0.08392848074436188, 0.2302679568529129, 0.11615832149982452, 0.779852569103241] 
[-0.08432804048061371, 0.2791460454463959, -0.35132795572280884, 0.5369420051574707, 0.5966840386390686, 0.22120000422000885, -1.4848700761795044, -1.4680800437927246] [0.1821361631155014, -0.00333126331679523, 0.08366154134273529, 0.23144663870334625, 0.11715813726186752, 0.7784612774848938] 
[-0.08432804048061371, 0.26840806007385254, -0.35132795572280884, 0.5369420051574707, 0.5966840386390686, 0.22120000422000885, -1.4818021059036255, -1.4665460586547852] [0.18367722630500793, -0.0063838111236691475, 0.08351214975118637, 0.23353993892669678, 0.11727861315011978, 0.7618910074234009] 
[-0.08126004040241241, 0.24846604466438293, -0.3528619706630707, 0.5369420051574707, 0.5966840386390686, 0.22120000422000885, -1.4772000312805176, -1.4634779691696167] [0.18610574305057526, -0.011655368842184544, 0.08300959318876266, 0.23620747029781342, 0.11919538676738739, 0.7344596982002258] 
[-0.07512404024600983, 0.21625204384326935, -0.3528619706630707, 0.5384759902954102, 0.5982180833816528, 0.22120000422000885, -1.4725980758666992, -1.4604099988937378] [0.188124880194664, -0.016486747190356255, 0.0814516544342041, 0.24381473660469055, 0.12480942904949188, 0.7093807458877563] 
[-0.06745404005050659, 0.191708043217659, -0.3528619706630707, 0.5461459755897522, 0.5966840386390686, 0.22120000422000885, -1.4679961204528809, -1.4573420286178589] [0.1891784816980362, -0.020280856639146805, 0.08060109615325928, 0.24840539693832397, 0.12974581122398376, 0.6954811215400696] 
[-0.06745404005050659, 0.17176604270935059, -0.3528619706630707, 0.5507479906082153, 0.5966840386390686, 0.22120000422000885, -1.4649280309677124, -1.4542739391326904] [0.1901986002922058, -0.023049255833029747, 0.08033066987991333, 0.2503735423088074, 0.13080263137817383, 0.6818611025810242] 
[-0.06285203993320465, 0.14875604212284088, -0.3528619706630707, 0.5538159608840942, 0.5982180833816528, 0.22120000422000885, -1.460326075553894, -1.4512059688568115] [0.1916443556547165, -0.02744557149708271, 0.07945644855499268, 0.2564133107662201, 0.13446994125843048, 0.6608253121376038] 
[-0.05671603977680206, 0.12574604153633118, -0.35132795572280884, 0.5538159608840942, 0.5982180833816528, 0.22120000422000885, -1.4541900157928467, -1.4420020580291748] [0.1928717941045761, -0.031527478247880936, 0.07747907936573029, 0.2654782235622406, 0.14228639006614685, 0.6404213905334473] 
[-0.04904603958129883, 0.11040604114532471, -0.3528619706630707, 0.5553499460220337, 0.5982180833816528, 0.22120000422000885, -1.4465200901031494, -1.434332013130188] [0.19350716471672058, -0.034005727618932724, 0.07637079060077667, 0.27124154567718506, 0.1465737670660019, 0.6289682388305664] 
[-0.0383080393075943, 0.0904640406370163, -0.3528619706630707, 0.5538159608840942, 0.6012860536575317, 0.22120000422000885, -1.4388500452041626, -1.4235939979553223] [0.19469963014125824, -0.0384802483022213, 0.07455670833587646, 0.2775803506374359, 0.15431128442287445, 0.606635570526123] 
[-0.029104039072990417, 0.07205604016780853, -0.3528619706630707, 0.5553499460220337, 0.6012860536575317, 0.22120000422000885, -1.4265780448913574, -1.411321997642517] [0.19516707956790924, -0.04144269973039627, 0.07159612327814102, 0.28823816776275635, 0.16673557460308075, 0.5927593111991882] 
[-0.0122300386428833, 0.06285203993320465, -0.3528619706630707, 0.5553499460220337, 0.6012860536575317, 0.22120000422000885, -1.4127720594406128, -1.399049997329712] [0.19506344199180603, -0.04276500642299652, 0.06805847585201263, 0.2984328866004944, 0.18152935802936554, 0.5869507193565369] 
[0.004643961787223816, 0.05978403985500336, -0.3528619706630707, 0.5553499460220337, 0.6012860536575317, 0.22120000422000885, -1.4005000591278076, -1.3837100267410278] [0.19467231631278992, -0.04325143247842789, 0.0653129518032074, 0.30494454503059387, 0.19348832964897156, 0.5868221521377563] 
[0.02305196225643158, 0.05825003981590271, -0.3528619706630707, 0.5553499460220337, 0.6012860536575317, 0.22120000422000885, -1.3851600885391235, -1.3653019666671753] [0.1938825398683548, -0.04325143247842789, 0.06114048883318901, 0.317106157541275, 0.21135714650154114, 0.5892673134803772] 
[0.04145996272563934, 0.05825003981590271, -0.3528619706630707, 0.5538159608840942, 0.6028200387954712, 0.22120000422000885, -1.3698201179504395, -1.3499619960784912] [0.19326363503932953, -0.04325143247842789, 0.05817102640867233, 0.32584983110427856, 0.22410206496715546, 0.5911561250686646] 
[0.05986796319484711, 0.05825003981590271, -0.3528619706630707, 0.5538159608840942, 0.6028200387954712, 0.22120000422000885, -1.3529460430145264, -1.3330880403518677] [0.1923208236694336, -0.04325143247842789, 0.05403045564889908, 0.33817723393440247, 0.241916686296463, 0.5940027236938477] 
[0.07980996370315552, 0.05825003981590271, -0.3543959856033325, 0.5538159608840942, 0.6028200387954712, 0.22120000422000885, -1.3360720872879028, -1.3162139654159546] [0.19139337539672852, -0.043363574892282486, 0.04995647072792053, 0.3517528176307678, 0.2593148648738861, 0.5955519080162048] 
[0.10128595679998398, 0.05671603977680206, -0.3543959856033325, 0.5553499460220337, 0.6012860536575317, 0.22120000422000885, -1.3176640272140503, -1.2978060245513916] [0.19036583602428436, -0.04337919130921364, 0.046143461018800735, 0.361844539642334, 0.27580660581588745, 0.598625659942627] 
[0.1181599572300911, 0.05671603977680206, -0.3543959856033325, 0.5553499460220337, 0.6012860536575317, 0.22120000422000885, -1.3038580417633057, -1.282465934753418] [0.18956857919692993, -0.04330094903707504, 0.0436868891119957, 0.36813318729400635, 0.28707754611968994, 0.6019854545593262] 
[0.13196596503257751, 0.05825003981590271, -0.3543959856033325, 0.5553499460220337, 0.6012860536575317, 0.22120000422000885, -1.2915860414505005, -1.2732620239257812] [0.18888738751411438, -0.043428633362054825, 0.04110924154520035, 0.3758530020713806, 0.298104852437973, 0.6027818322181702] 
[0.1442379653453827, 0.05671603977680206, -0.3528619706630707, 0.5553499460220337, 0.6028200387954712, 0.22120000422000885, -1.2808480262756348, -1.2625240087509155] [0.1882144957780838, -0.04353514313697815, 0.039134711027145386, 0.38541075587272644, 0.30661752820014954, 0.6048625707626343] 
[0.15497596561908722, 0.05825003981590271, -0.3543959856033325, 0.5553499460220337, 0.6012860536575317, 0.22120000422000885, -1.271644115447998, -1.2517859935760498] [0.18736734986305237, -0.04330094903707504, 0.036747466772794724, 0.3900739550590515, 0.31735479831695557, 0.6085168123245239] 
[0.1672479659318924, 0.05671603977680206, -0.3528619706630707, 0.5553499460220337, 0.6012860536575317, 0.22120000422000885, -1.2563040256500244, -1.2379800081253052] [0.18645744025707245, -0.04360027611255646, 0.033866122364997864, 0.3991096019744873, 0.3300827443599701, 0.6098788380622864] 
[0.1841219663619995, 0.05671603977680206, -0.3543959856033325, 0.5553499460220337, 0.6028200387954712, 0.22120000422000885, -1.236362099647522, -1.2195719480514526] [0.18511630594730377, -0.043550755828619, 0.03024940751492977, 0.4126109480857849, 0.3456123471260071, 0.6140702962875366] 
[0.20713196694850922, 0.05671603977680206, -0.3528619706630707, 0.5553499460220337, 0.6028200387954712, 0.22120000422000885, -1.213352084159851, -1.1965620517730713] [0.18345478177070618, -0.04353514313697815, 0.026016030460596085, 0.42833414673805237, 0.36438626050949097, 0.6190025806427002] 
[0.22860796749591827, 0.05671603977680206, -0.3528619706630707, 0.5553499460220337, 0.6012860536575317, 0.22120000422000885, -1.193410038948059, -1.1735520362854004] [0.18218789994716644, -0.043550755828619, 0.022923648357391357, 0.43733468651771545, 0.37811079621315, 0.6228244304656982] 
[0.2500839829444885, 0.05825003981590271, -0.3543959856033325, 0.5553499460220337, 0.6028200387954712, 0.22120000422000885, -1.1734681129455566, -1.1536099910736084] [0.18040227890014648, -0.04323583096265793, 0.019058024510741234, 0.45278650522232056, 0.3952925503253937, 0.629561185836792] 
[0.2684919834136963, 0.05671603977680206, -0.3528619706630707, 0.5553499460220337, 0.6012860536575317, 0.22120000422000885, -1.1504580974578857, -1.132133960723877] [0.17844197154045105, -0.04353514313697815, 0.014631715603172779, 0.4682019054889679, 0.4153399169445038, 0.6341614723205566] 
[0.2884339690208435, 0.05825003981590271, -0.3543959856033325, 0.5553499460220337, 0.6012860536575317, 0.22120000422000885, -1.1366521120071411, -1.1198619604110718] [0.17700791358947754, -0.04328534007072449, 0.011842803098261356, 0.47723767161369324, 0.42821305990219116, 0.6397685408592224] 
[0.3083759546279907, 0.05671603977680206, -0.3543959856033325, 0.5553499460220337, 0.6028200387954712, 0.22120000422000885, -1.1105740070343018, -1.0968519449234009] [0.17530128359794617, -0.04360027611255646, 0.008296523243188858, 0.4884641170501709, 0.4444660246372223, 0.643699586391449] 
[0.32524996995925903, 0.05825003981590271, -0.3528619706630707, 0.5553499460220337, 0.6012860536575317, 0.22120000422000885, -1.0890980958938599, -1.075376033782959] [0.17346474528312683, -0.043550755828619, 0.004904406610876322, 0.5031659603118896, 0.45957764983177185, 0.6496286392211914] 
[0.34519195556640625, 0.05825003981590271, -0.3528619706630707, 0.5553499460220337, 0.6028200387954712, 0.22120000422000885, -1.0706900358200073, -1.055433988571167] [0.1716064214706421, -0.04325143247842789, 0.0017567523755133152, 0.5161575078964233, 0.47387877106666565, 0.6569174528121948] 
[0.36206597089767456, 0.05671603977680206, -0.3528619706630707, 0.5553499460220337, 0.6028200387954712, 0.22120000422000885, -1.0553500652313232, -1.0416280031204224] [0.1703813374042511, -0.04323583096265793, -0.00033336886554025114, 0.5261562466621399, 0.48358216881752014, 0.6608167886734009] 
[0.37126997113227844, 0.05825003981590271, -0.3528619706630707, 0.5553499460220337, 0.6012860536575317, 0.22120000422000885, -1.046146035194397, -1.0339579582214355] [0.16976898908615112, -0.04325143247842789, -0.00138535862788558, 0.5288869738578796, 0.4884227216243744, 0.6628088355064392] 
[0.37740597128868103, 0.05825003981590271, -0.3528619706630707, 0.5553499460220337, 0.6012860536575317, 0.22120000422000885, -1.0400100946426392, -1.032423973083496] [0.16948743164539337, -0.04320206493139267, -0.0018214959418401122, 0.5323610305786133, 0.490033358335495, 0.6638792753219604] 
[0.37740597128868103, 0.05978403985500336, -0.3528619706630707, 0.5553499460220337, 0.6028200387954712, 0.22120000422000885, -1.0400100946426392, -1.032423973083496] [0.1693001389503479, -0.042653173208236694, -0.0018434993689879775, 0.532035768032074, 0.4901421368122101, 0.6671425700187683] 
[0.37740597128868103, 0.06285203993320465, -0.3528619706630707, 0.5553499460220337, 0.6028200387954712, 0.2207999974489212, -1.0384761095046997, -1.0308899879455566] [0.16881820559501648, -0.04144269973039627, -0.001967590069398284, 0.5366618633270264, 0.48993566632270813, 0.6743003726005554] 
[0.3835419714450836, 0.07972604036331177, -0.35132795572280884, 0.5553499460220337, 0.6028200387954712, 0.22120000422000885, -1.0323400497436523, -1.0247540473937988] [0.16687843203544617, -0.03787096217274666, -0.003110558493062854, 0.5493186116218567, 0.4926958978176117, 0.6973425149917603] 
[0.39121198654174805, 0.08893004059791565, -0.3528619706630707, 0.5553499460220337, 0.6012860536575317, 0.2207999974489212, -1.027738094329834, -1.020151972770691] [0.16610851883888245, -0.03724367544054985, -0.003985811024904251, 0.5546170473098755, 0.4958271384239197, 0.7028372287750244] 
[0.39427995681762695, 0.08893004059791565, -0.35132795572280884, 0.5538159608840942, 0.6012860536575317, 0.22120000422000885, -1.027738094329834, -1.020151972770691] [0.16591838002204895, -0.03729294240474701, -0.004324744455516338, 0.5544213056564331, 0.49780523777008057, 0.7033319473266602] 
[0.39427995681762695, 0.08893004059791565, -0.3528619706630707, 0.5538159608840942, 0.6012860536575317, 0.22120000422000885, -1.027738094329834, -1.020151972770691] [0.16594882309436798, -0.03724367544054985, -0.004240497946739197, 0.5557450652122498, 0.49699732661247253, 0.703374445438385] 
[0.3958139717578888, 0.08893004059791565, -0.35132795572280884, 0.5553499460220337, 0.6012860536575317, 0.22120000422000885, -1.027738094329834, -1.020151972770691] [0.16604110598564148, -0.03741730749607086, -0.004322599619626999, 0.5535886287689209, 0.4977327287197113, 0.7015880346298218] 
[0.3958139717578888, 0.0904640406370163, -0.3528619706630707, 0.5538159608840942, 0.6012860536575317, 0.2207999974489212, -1.027738094329834, -1.0216859579086304] [0.1662311851978302, -0.03736811876296997, -0.003983665723353624, 0.5537883043289185, 0.4957549273967743, 0.7010951638221741] 
[0.3958139717578888, 0.08893004059791565, -0.3528619706630707, 0.5538159608840942, 0.6012860536575317, 0.2207999974489212, -1.027738094329834, -1.0216859579086304] [0.16607147455215454, -0.03736811876296997, -0.0042385440319776535, 0.5549139380455017, 0.49692684412002563, 0.7016311287879944] 
[0.39734798669815063, 0.09966804087162018, -0.35132795572280884, 0.5538159608840942, 0.6012860536575317, 0.2207999974489212, -1.027738094329834, -1.0216859579086304] [0.16476105153560638, -0.03352322056889534, -0.004010422620922327, 0.5626767873764038, 0.49305087327957153, 0.7237130999565125] 
[0.39734798669815063, 0.12728004157543182, -0.35132795572280884, 0.5538159608840942, 0.6012860536575317, 0.2207999974489212, -1.027738094329834, -1.0216859579086304] [0.1631799191236496, -0.02836129069328308, -0.003293579677119851, 0.5708190202713013, 0.4858115315437317, 0.7516489028930664] 
[0.39734798669815063, 0.1456880420446396, -0.35132795572280884, 0.5522819757461548, 0.6012860536575317, 0.2207999974489212, -1.027738094329834, -1.0232199430465698] [0.1621742844581604, -0.025448264554142952, -0.0028715385124087334, 0.5756801962852478, 0.4817226231098175, 0.7680547833442688] 
[0.3988819718360901, 0.17330004274845123, -0.35132795572280884, 0.5492140054702759, 0.6012860536575317, 0.2207999974489212, -1.0292720794677734, -1.0232199430465698] [0.16025538742542267, -0.019035419449210167, -0.0020030909217894077, 0.5832154750823975, 0.4720914959907532, 0.79732745885849] 
[0.3988819718360901, 0.2085820436477661, -0.35132795572280884, 0.5354079604148865, 0.6012860536575317, 0.2207999974489212, -1.0323400497436523, -1.0247540473937988] [0.15836398303508759, -0.013485448434948921, -0.0009904050966724753, 0.5897722244262695, 0.46293121576309204, 0.8244907855987549] 
[0.3988819718360901, 0.2407960444688797, -0.35132795572280884, 0.5323399901390076, 0.6012860536575317, 0.22120000422000885, -1.0369420051574707, -1.0293560028076172] [0.1564018279314041, -0.00866745039820671, -0.00014903576811775565, 0.5949405431747437, 0.455718457698822, 0.8500560522079468] 
[0.3988819718360901, 0.2668740451335907, -0.3528619706630707, 0.5308059453964233, 0.6012860536575317, 0.2207999974489212, -1.043078064918518, -1.0339579582214355] [0.1542051136493683, -0.003752637654542923, 0.0008311756537295878, 0.6019400358200073, 0.4475618004798889, 0.8771752715110779] 
[0.3988819718360901, 0.2929520606994629, -0.3528619706630707, 0.5308059453964233, 0.6012860536575317, 0.2207999974489212, -1.0553500652313232, -1.0431619882583618] [0.1514664888381958, 0.0020882361568510532, 0.002094316529110074, 0.6095815896987915, 0.4373660087585449, 0.9087737202644348] 
[0.39734798669815063, 0.33130204677581787, -0.3528619706630707, 0.5216019749641418, 0.6012860536575317, 0.2207999974489212, -1.0706900358200073, -1.0569679737091064] [0.15191754698753357, 0.00223936908878386, 0.0025675848592072725, 0.6041797399520874, 0.4354179799556732, 0.9054657816886902] 
[0.3927459716796875, 0.3389720320701599, -0.3528619706630707, 0.5231359601020813, 0.6012860536575317, 0.2207999974489212, -1.084496021270752, -1.0677059888839722] [0.15255922079086304, 0.0023173971567302942, 0.0036605128552764654, 0.599989652633667, 0.4300919473171234, 0.9032351970672607] 
[0.38814395666122437, 0.3389720320701599, -0.35132795572280884, 0.5231359601020813, 0.5997520685195923, 0.2207999974489212, -1.0921660661697388, -1.0738420486450195] [0.1528540849685669, 0.0023173971567302942, 0.004129019100219011, 0.5973410606384277, 0.42819127440452576, 0.9021331071853638] 
[0.3866099715232849, 0.3389720320701599, -0.34825998544692993, 0.5231359601020813, 0.6012860536575317, 0.2207999974489212, -1.0952340364456177, -1.0769100189208984] [0.15302817523479462, 0.002421189332380891, 0.004542282782495022, 0.6002119183540344, 0.42570722103118896, 0.9015885591506958] 
[0.3866099715232849, 0.3389720320701599, -0.34519195556640625, 0.5231359601020813, 0.5997520685195923, 0.2207999974489212, -1.0952340364456177, -1.0769100189208984] [0.15310238301753998, 0.0026010205037891865, 0.004880946129560471, 0.6055250763893127, 0.42264169454574585, 0.9015833139419556] 
[0.38507598638534546, 0.3389720320701599, -0.3405899703502655, 0.5246700048446655, 0.6012860536575317, 0.22040000557899475, -1.0952340364456177, -1.0769100189208984] [0.15346771478652954, 0.002778842579573393, 0.00569084333255887, 0.6081984043121338, 0.4176715910434723, 0.9004899859428406] 
[0.3820079565048218, 0.33743804693222046, -0.32218196988105774, 0.5246700048446655, 0.6012860536575317, 0.2207999974489212, -1.0952340364456177, -1.0769100189208984] [0.1543034464120865, 0.0034873487893491983, 0.008075356483459473, 0.6208482384681702, 0.4021405577659607, 0.8993967771530151] 
[0.35899797081947327, 0.29755404591560364, -0.2945699691772461, 0.5231359601020813, 0.6012860536575317, 0.2207999974489212, -1.0967680215835571, -1.078444004058838] [0.1623101681470871, -0.004236051347106695, 0.013858850114047527, 0.6073995232582092, 0.37586352229118347, 0.8377878069877625] 
[0.3145119547843933, 0.20244604349136353, -0.26082196831703186, 0.5231359601020813, 0.6012860536575317, 0.22040000557899475, -1.1105740070343018, -1.0953179597854614] [0.17731095850467682, -0.02575899474322796, 0.023363297805190086, 0.5610322952270508, 0.3397381901741028, 0.6979182958602905] 
[0.22247196733951569, 0.045978039503097534, -0.23320996761322021, 0.5231359601020813, 0.6012860536575317, 0.22040000557899475, -1.1366521120071411, -1.1244640350341797] [0.19451114535331726, -0.057993579655885696, 0.04453139007091522, 0.4840477705001831, 0.2513774037361145, 0.5063073039054871] 
[0.09514996409416199, -0.11355795711278915, -0.20713196694850922, 0.5231359601020813, 0.6012860536575317, 0.22040000557899475, -1.1734681129455566, -1.1643480062484741] [0.20394469797611237, -0.0971122682094574, 0.06997266411781311, 0.4375631511211395, 0.13511845469474792, 0.300864577293396] 
[-0.004560038447380066, -0.3375219702720642, -0.1902579665184021, 0.5231359601020813, 0.6012860536575317, 0.22040000557899475, -1.2148860692977905, -1.208833932876587] [0.20166155695915222, -0.13682687282562256, 0.08234184980392456, 0.436580628156662, 0.07331731170415878, 0.10421600192785263] 
[-0.015298038721084595, -0.5031939744949341, -0.18565596640110016, 0.5231359601020813, 0.6043540239334106, 0.22040000557899475, -1.2563040256500244, -1.248718023300171] [0.19277022778987885, -0.16827361285686493, 0.08040927350521088, 0.4423190951347351, 0.0824294239282608, -0.0550953634083271] 
[-0.009162038564682007, -0.6228460073471069, -0.18565596640110016, 0.5231359601020813, 0.6058880686759949, 0.22040000557899475, -1.2915860414505005, -1.2978060245513916] [0.18682268261909485, -0.18280425667762756, 0.08035370707511902, 0.44467252492904663, 0.08250593394041061, -0.13172349333763123] 
[-0.009162038564682007, -0.6489239931106567, -0.18565596640110016, 0.5231359601020813, 0.6058880686759949, 0.22040000557899475, -1.3376060724258423, -1.337689995765686] [0.1865391880273819, -0.18307361006736755, 0.07892906665802002, 0.4451996684074402, 0.09011004120111465, -0.13334426283836365] 
[0.003109961748123169, -0.6489239931106567, -0.19485996663570404, 0.5246700048446655, 0.6074220538139343, 0.22040000557899475, -1.3774900436401367, -1.3837100267410278] [0.1860334277153015, -0.18307897448539734, 0.07519935071468353, 0.43352121114730835, 0.11163041740655899, -0.13282114267349243] 
[0.01231396198272705, -0.6489239931106567, -0.1871899664402008, 0.5231359601020813, 0.6058880686759949, 0.22040000557899475, -1.4097040891647339, -1.4128559827804565] [0.1863548755645752, -0.1830640286207199, 0.07729679346084595, 0.4437771141529083, 0.09847600758075714, -0.13333570957183838] 
[0.006177961826324463, -0.6489239931106567, -0.18565596640110016, 0.5231359601020813, 0.6058880686759949, 0.22040000557899475, -1.4189081192016602, -1.418992042541504] [0.1863894909620285, -0.1830640286207199, 0.0775826945900917, 0.44398200511932373, 0.09695563465356827, -0.13331572711467743] 
[0.004643961787223816, -0.6473900079727173, -0.18565596640110016, 0.5231359601020813, 0.6043540239334106, 0.22040000557899475, -1.4189081192016602, -1.418992042541504] [0.18654006719589233, -0.18275152146816254, 0.07767395675182343, 0.44532984495162964, 0.0962001383304596, -0.1316574513912201] 
[0.004643961787223816, -0.6473900079727173, -0.1841219663619995, 0.5231359601020813, 0.6058880686759949, 0.22040000557899475, -1.4204421043395996, -1.418992042541504] [0.1865740865468979, -0.18275152146816254, 0.07796011865139008, 0.4455321431159973, 0.09467941522598267, -0.13163818418979645] 
[0.004643961787223816, -0.6473900079727173, -0.1841219663619995, 0.5231359601020813, 0.6058880686759949, 0.22040000557899475, -1.4204421043395996, -1.418992042541504] [0.1865740865468979, -0.18275152146816254, 0.07796011865139008, 0.4455321431159973, 0.09467941522598267, -0.13163818418979645] 
[0.003109961748123169, -0.6473900079727173, -0.1841219663619995, 0.5246700048446655, 0.6043540239334106, 0.22040000557899475, -1.4204421043395996, -1.418992042541504] [0.1865740865468979, -0.18275152146816254, 0.07796011865139008, 0.4455321431159973, 0.09467941522598267, -0.13163818418979645] 
[0.003109961748123169, -0.6473900079727173, -0.1841219663619995, 0.5231359601020813, 0.6043540239334106, 0.22040000557899475, -1.421976089477539, -1.418992042541504] [0.1865740865468979, -0.18275152146816254, 0.07796011865139008, 0.4455321431159973, 0.09467941522598267, -0.13163818418979645] 
