[-0.06285203993320465, -0.7440319657325745, -0.16571396589279175, 0.6274479627609253, 0.24846604466438293, 0.5627999901771545, -1.4756660461425781, -1.4680800437927246] [0.17950338125228882, -0.19251297414302826, 0.08806738257408142, 0.1216113269329071, 0.03461633250117302, -0.12261764705181122] 
[-0.06285203993320465, -0.7440319657325745, -0.16571396589279175, 0.6274479627609253, 0.2469320446252823, 0.21799999475479126, -1.4756660461425781, -1.4680800437927246] [0.179574117064476, -0.19265924394130707, 0.08929374068975449, 0.12356516718864441, 0.027441835030913353, -0.12400378286838531] 
[-0.06745404005050659, -0.7440319657325745, -0.1641799658536911, 0.6259139776229858, 0.24846604466438293, 0.2176000028848648, -1.4756660461425781, -1.4680800437927246] [0.179571732878685, -0.1926778256893158, 0.08929143100976944, 0.12203118205070496, 0.027441835030913353, -0.12400378286838531] 
[-0.06745404005050659, -0.7440319657325745, -0.1641799658536911, 0.6274479627609253, 0.24846604466438293, 0.2176000028848648, -1.4756660461425781, -1.4680800437927246] [0.17959019541740417, -0.19248685240745544, 0.0892721563577652, 0.1236071065068245, 0.02763289585709572, -0.12248118221759796] 
[-0.06898804008960724, -0.742497980594635, -0.1641799658536911, 0.6259139776229858, 0.2469320446252823, 0.2176000028848648, -1.4756660461425781, -1.4680800437927246] [0.17959019541740417, -0.19248685240745544, 0.0892721563577652, 0.1236071065068245, 0.02763289585709572, -0.12248118221759796] 
[-0.06898804008960724, -0.7440319657325745, -0.16571396589279175, 0.6259139776229858, 0.2469320446252823, 0.2176000028848648, -1.4756660461425781, -1.4680800437927246] [0.17955747246742249, -0.19265924394130707, 0.08901828527450562, 0.12337536364793777, 0.028964055702090263, -0.12400911748409271] 
[-0.06898804008960724, -0.7440319657325745, -0.1641799658536911, 0.6274479627609253, 0.24846604466438293, 0.2176000028848648, -1.4756660461425781, -1.4680800437927246] [0.17957352101802826, -0.19248685240745544, 0.08899667859077454, 0.1234196126461029, 0.02915540710091591, -0.12248651683330536] 
[-0.06898804008960724, -0.7440319657325745, -0.1641799658536911, 0.6259139776229858, 0.24846604466438293, 0.2176000028848648, -1.4756660461425781, -1.4665460586547852] [0.17959019541740417, -0.19248685240745544, 0.0892721563577652, 0.1236071065068245, 0.02763289585709572, -0.12248118221759796] 
[-0.06745404005050659, -0.7440319657325745, -0.1641799658536911, 0.6274479627609253, 0.24846604466438293, 0.2176000028848648, -1.4756660461425781, -1.4665460586547852] [0.17955508828163147, -0.1926778256893158, 0.08901597559452057, 0.12184137105941772, 0.028964055702090263, -0.12400911748409271] 
[-0.06898804008960724, -0.7440319657325745, -0.1641799658536911, 0.6274479627609253, 0.24846604466438293, 0.2176000028848648, -1.4756660461425781, -1.4680800437927246] [0.17958784103393555, -0.19250544905662537, 0.08926984667778015, 0.12207310646772385, 0.02763289585709572, -0.12248118221759796] 
[-0.06898804008960724, -0.7440319657325745, -0.1641799658536911, 0.6274479627609253, 0.24846604466438293, 0.2176000028848648, -1.4756660461425781, -1.4665460586547852] [0.17955508828163147, -0.1926778256893158, 0.08901597559452057, 0.12184137105941772, 0.028964055702090263, -0.12400911748409271] 
[-0.06898804008960724, -0.7440319657325745, -0.1641799658536911, 0.6274479627609253, 0.24846604466438293, 0.2176000028848648, -1.4756660461425781, -1.4680800437927246] [0.1797156035900116, -0.1922316551208496, 0.08900412172079086, 0.12178294360637665, 0.029142852872610092, -0.12095899134874344] 
[-0.06745404005050659, -0.7440319657325745, -0.1641799658536911, 0.6274479627609253, 0.24846604466438293, 0.2176000028848648, -1.4756660461425781, -1.4680800437927246] [0.179574117064476, -0.19265924394130707, 0.08929374068975449, 0.12356516718864441, 0.027441835030913353, -0.12400378286838531] 
[-0.06745404005050659, -0.742497980594635, -0.1641799658536911, 0.6274479627609253, 0.2469320446252823, 0.2176000028848648, -1.4756660461425781, -1.4665460586547852] [0.17955747246742249, -0.19265924394130707, 0.08901828527450562, 0.12337536364793777, 0.028964055702090263, -0.12400911748409271] 
[-0.06898804008960724, -0.7440319657325745, -0.1641799658536911, 0.6259139776229858, 0.24846604466438293, 0.2176000028848648, -1.4756660461425781, -1.4680800437927246] [0.17955747246742249, -0.19265924394130707, 0.08901828527450562, 0.12337536364793777, 0.028964055702090263, -0.12400911748409271] 
[-0.06745404005050659, -0.7440319657325745, -0.1641799658536911, 0.6259139776229858, 0.24846604466438293, 0.2176000028848648, -1.4756660461425781, -1.4680800437927246] [0.17955747246742249, -0.19265924394130707, 0.08901828527450562, 0.12337536364793777, 0.028964055702090263, -0.12400911748409271] 
[-0.06745404005050659, -0.7440319657325745, -0.1641799658536911, 0.6259139776229858, 0.24846604466438293, 0.2176000028848648, -1.4756660461425781, -1.4680800437927246] [0.17958921194076538, -0.19260025024414062, 0.08904934674501419, 0.12539082765579224, 0.02781074121594429, -0.12368273735046387] 
[-0.0643860399723053, -0.7440319657325745, -0.15344196557998657, 0.6274479627609253, 0.2469320446252823, 0.21719999611377716, -1.4756660461425781, -1.4680800437927246] [0.1797059029340744, -0.19230730831623077, 0.08999531716108322, 0.1323184370994568, 0.021374555304646492, -0.12172312289476395] 
[-0.07052204012870789, -0.7286919951438904, -0.15497596561908722, 0.6320499777793884, 0.2500000596046448, 0.21719999611377716, -1.4756660461425781, -1.4680800437927246] [0.18313592672348022, -0.18474534153938293, 0.0939023345708847, 0.13206148147583008, 0.0018841034034267068, -0.07599914819002151] 
[-0.11040604114532471, -0.696478009223938, -0.15497596561908722, 0.6535259485244751, 0.2500000596046448, 0.21719999611377716, -1.4756660461425781, -1.4665460586547852] [0.18659581243991852, -0.17538248002529144, 0.10498771071434021, 0.13071666657924652, -0.05566820502281189, -0.019447878003120422] 
[-0.2147180438041687, -0.5844959616661072, -0.15190796554088593, 0.6565939784049988, 0.2500000596046448, 0.21719999611377716, -1.4741320610046387, -1.4665460586547852] [0.1938287913799286, -0.1385565847158432, 0.13696444034576416, 0.07878679037094116, -0.20600225031375885, 0.18167567253112793] 
[-0.335904061794281, -0.4034839868545532, -0.14730596542358398, 0.6719340085983276, 0.25153404474258423, 0.21719999611377716, -1.4710640907287598, -1.4665460586547852] [0.19533267617225647, -0.10386856645345688, 0.1480204313993454, 0.013078511692583561, -0.24004441499710083, 0.3647063374519348] 
[-0.3573800325393677, -0.17184996604919434, -0.14270396530628204, 0.6719340085983276, 0.25153404474258423, 0.21719999611377716, -1.4725980758666992, -1.4665460586547852] [0.19214686751365662, -0.060763947665691376, 0.14675745368003845, -0.05184614658355713, -0.20653492212295532, 0.5832464694976807] 
[-0.34971004724502563, 0.01836603879928589, -0.14270396530628204, 0.6719340085983276, 0.25153404474258423, 0.21719999611377716, -1.4756660461425781, -1.4680800437927246] [0.18382172286510468, -0.02857963927090168, 0.1434003710746765, -0.09678774327039719, -0.1698930263519287, 0.7487425804138184] 
[-0.34664204716682434, 0.13188204169273376, -0.14270396530628204, 0.6842060089111328, 0.25153404474258423, 0.21719999611377716, -1.4741320610046387, -1.4680800437927246] [0.17456234991550446, -0.009052695706486702, 0.13902531564235687, -0.12142392992973328, -0.13330034911632538, 0.870229959487915] 
[-0.34664204716682434, 0.17176604270935059, -0.14270396530628204, 0.8099939823150635, 0.25153404474258423, 0.21719999611377716, -1.4741320610046387, -1.4680800437927246] [0.1629665642976761, 0.0002704329672269523, 0.1326756328344345, -0.13660362362861633, -0.07893359661102295, 0.9997573494911194] 
[-0.3451080322265625, 0.16716404259204865, -0.1641799658536911, 0.9741320013999939, 0.25153404474258423, 0.21719999611377716, -1.4725980758666992, -1.4680800437927246] [0.14831313490867615, 0.006900331936776638, 0.12226443737745285, -0.15769769251346588, 0.011436290107667446, 1.1469107866287231] 
[-0.34357404708862305, 0.1594940423965454, -0.19792796671390533, 1.0815119743347168, 0.25153404474258423, 0.2168000042438507, -1.4710640907287598, -1.4680800437927246] [0.14274322986602783, 0.008325542323291302, 0.11670807749032974, -0.16927418112754822, 0.060745351016521454, 1.1990002393722534] 
[-0.33743804693222046, 0.17023204267024994, -0.20406396687030792, 1.1229300498962402, 0.25153404474258423, 0.21719999611377716, -1.4710640907287598, -1.4680800437927246] [0.13714765012264252, 0.010963392443954945, 0.11208266764879227, -0.15461522340774536, 0.08926098793745041, 1.2531116008758545] 
[-0.3098260462284088, 0.17790204286575317, -0.20866596698760986, 1.1750860214233398, 0.25153404474258423, 0.2168000042438507, -1.4710640907287598, -1.4680800437927246] [0.1317448616027832, 0.012808283790946007, 0.10426176339387894, -0.1216658428311348, 0.12823717296123505, 1.3077523708343506] 
[-0.2730100452899933, 0.17790204286575317, -0.24394796788692474, 1.2165039777755737, 0.25153404474258423, 0.21719999611377716, -1.4710640907287598, -1.4680800437927246] [0.12919124960899353, 0.011856993660330772, 0.09388916939496994, -0.09955821931362152, 0.18940004706382751, 1.3346372842788696] 
[-0.24539804458618164, 0.17790204286575317, -0.28996795415878296, 1.2425819635391235, 0.25153404474258423, 0.2168000042438507, -1.4710640907287598, -1.4680800437927246] [0.12762002646923065, 0.010427112691104412, 0.08492737263441086, -0.08249317854642868, 0.2427944391965866, 1.3509466648101807] 
[-0.21932004392147064, 0.17790204286575317, -0.3329199552536011, 1.2686599493026733, 0.24846604466438293, 0.2168000042438507, -1.4710640907287598, -1.4680800437927246] [0.12531344592571259, 0.008371170610189438, 0.07546806335449219, -0.07238452136516571, 0.3079339563846588, 1.371839165687561] 
[-0.19784404337406158, 0.17943604290485382, -0.37893998622894287, 1.2809319496154785, 0.24233004450798035, 0.21719999611377716, -1.4710640907287598, -1.4680800437927246] [0.12546567618846893, 0.007421750575304031, 0.07194099575281143, -0.08187693357467651, 0.33424463868141174, 1.3705120086669922] 
[-0.19784404337406158, 0.1855720430612564, -0.3988819718360901, 1.279397964477539, 0.2377280443906784, 0.21719999611377716, -1.4710640907287598, -1.4680800437927246] [0.12576283514499664, 0.006822139024734497, 0.0697113499045372, -0.09258251637220383, 0.35443180799484253, 1.3669451475143433] 
[-0.1947760432958603, 0.1886400431394577, -0.4096199870109558, 1.2763299942016602, 0.2377280443906784, 0.21719999611377716, -1.4741320610046387, -1.4742159843444824] [0.12641799449920654, 0.006533901207149029, 0.06891248375177383, -0.09180200099945068, 0.357555627822876, 1.360904335975647] 
[-0.191708043217659, 0.1886400431394577, -0.4096199870109558, 1.2533199787139893, 0.2377280443906784, 0.21719999611377716, -1.480268120765686, -1.4803520441055298] [0.1287512481212616, 0.006526558194309473, 0.06966237723827362, -0.0999038890004158, 0.35030636191368103, 1.3392083644866943] 
[-0.19017404317855835, 0.1886400431394577, -0.40808597207069397, 1.248718023300171, 0.23619404435157776, 0.21719999611377716, -1.4818021059036255, -1.4803520441055298] [0.1289118230342865, 0.006830915808677673, 0.06967494636774063, -0.09705490618944168, 0.347029447555542, 1.3381747007369995] 
[-0.1886400431394577, 0.19324204325675964, -0.40808597207069397, 1.2318439483642578, 0.2377280443906784, 0.21719999611377716, -1.483336091041565, -1.4803520441055298] [0.13021165132522583, 0.007215898483991623, 0.06996636837720871, -0.10140720754861832, 0.3426481783390045, 1.3262368440628052] 
[-0.18710604310035706, 0.19631004333496094, -0.4034839868545532, 1.2119020223617554, 0.2377280443906784, 0.21719999611377716, -1.483336091041565, -1.4803520441055298] [0.13177652657032013, 0.007598083931952715, 0.0704144537448883, -0.10135231912136078, 0.333631694316864, 1.3123587369918823] 
[-0.17943604290485382, 0.20091204345226288, -0.3988819718360901, 1.1842899322509766, 0.23619404435157776, 0.21719999611377716, -1.4848700761795044, -1.4818860292434692] [0.13453243672847748, 0.008180289529263973, 0.07106444984674454, -0.10220974683761597, 0.3196090757846832, 1.2876813411712646] 
[-0.165630042552948, 0.20704804360866547, -0.38507598638534546, 1.1459399461746216, 0.2377280443906784, 0.21719999611377716, -1.4848700761795044, -1.4818860292434692] [0.13657382130622864, 0.008881354704499245, 0.07129721343517303, -0.08630038052797318, 0.30033260583877563, 1.2706717252731323] 
[-0.14722204208374023, 0.20704804360866547, -0.3574639558792114, 1.1352019309997559, 0.23619404435157776, 0.21719999611377716, -1.4848700761795044, -1.4818860292434692] [0.13621647655963898, 0.010041020810604095, 0.07154165953397751, -0.05628092214465141, 0.2795020341873169, 1.2762569189071655] 
[-0.13495004177093506, 0.20551404356956482, -0.3344539701938629, 1.1352019309997559, 0.23619404435157776, 0.21719999611377716, -1.4848700761795044, -1.4803520441055298] [0.13585692644119263, 0.010608707554638386, 0.07252278923988342, -0.037950534373521805, 0.26262766122817993, 1.2809703350067139] 
[-0.13188204169273376, 0.20551404356956482, -0.3283179700374603, 1.1367360353469849, 0.2377280443906784, 0.21719999611377716, -1.4848700761795044, -1.4803520441055298] [0.1356276124715805, 0.010939553380012512, 0.07282023131847382, -0.03270793706178665, 0.25680288672447205, 1.283686876296997] 
[-0.12114404141902924, 0.20244604349136353, -0.30684196949005127, 1.1352019309997559, 0.23619404435157776, 0.21719999611377716, -1.4848700761795044, -1.4803520441055298] [0.13482877612113953, 0.011713948100805283, 0.07251204550266266, -0.003369953716173768, 0.24157419800758362, 1.2920891046524048] 
[-0.10427004098892212, 0.20244604349136353, -0.2853659689426422, 1.1336679458618164, 0.22852404415607452, 0.21719999611377716, -1.4848700761795044, -1.4803520441055298] [0.13452279567718506, 0.012505880557000637, 0.07293303310871124, 0.005287550389766693, 0.22866007685661316, 1.2962595224380493] 
[-0.09966804087162018, 0.20398004353046417, -0.28076398372650146, 1.1244640350341797, 0.22852404415607452, 0.2168000042438507, -1.4848700761795044, -1.4803520441055298] [0.1354728788137436, 0.012522011063992977, 0.07311157882213593, 0.003534037619829178, 0.2255009114742279, 1.2876845598220825] 
[-0.09966804087162018, 0.20551404356956482, -0.28076398372650146, 1.109123945236206, 0.191708043217659, 0.21199999749660492, -1.4848700761795044, -1.4803520441055298] [0.13826926052570343, 0.012026645243167877, 0.07366275787353516, -0.04148068279027939, 0.2204902172088623, 1.266206979751587] 
[-0.09813404083251953, 0.2116500437259674, -0.28076398372650146, 1.0799779891967773, 0.18403804302215576, 0.21199999749660492, -1.4848700761795044, -1.4818860292434692] [0.14035263657569885, 0.012384920381009579, 0.07419606298208237, -0.04690968245267868, 0.21405453979969025, 1.2468984127044678] 
[-0.09813404083251953, 0.21625204384326935, -0.28076398372650146, 1.0615699291229248, 0.1855720430612564, 0.21240000426769257, -1.4848700761795044, -1.4803520441055298] [0.14154468476772308, 0.012465371750295162, 0.07425378262996674, -0.05192502215504646, 0.21351689100265503, 1.235541820526123] 
[-0.09813404083251953, 0.22392204403877258, -0.28383195400238037, 1.035491943359375, 0.18403804302215576, 0.21199999749660492, -1.4848700761795044, -1.4803520441055298] [0.1434803009033203, 0.012858412228524685, 0.07451523840427399, -0.058893535286188126, 0.20959386229515076, 1.2171945571899414] 
[-0.09813404083251953, 0.23619404435157776, -0.28383195400238037, 0.9925400018692017, 0.18403804302215576, 0.21240000426769257, -1.4848700761795044, -1.4818860292434692] [0.14653834700584412, 0.013261454179883003, 0.07571837306022644, -0.06913469731807709, 0.1999846249818802, 1.1880147457122803] 
[-0.09813404083251953, 0.2500000596046448, -0.28383195400238037, 0.9311800003051758, 0.18403804302215576, 0.21199999749660492, -1.4848700761795044, -1.4803520441055298] [0.15244802832603455, 0.013304031454026699, 0.07772105187177658, -0.08453723043203354, 0.18158797919750214, 1.1307265758514404] 
[-0.09813404083251953, 0.26534003019332886, -0.2853659689426422, 0.8636839985847473, 0.18403804302215576, 0.21199999749660492, -1.4848700761795044, -1.4818860292434692] [0.15759135782718658, 0.012556231580674648, 0.07918640226125717, -0.09597248584032059, 0.1667378693819046, 1.0798074007034302] 
[-0.0904640406370163, 0.3021560311317444, -0.28076398372650146, 0.70414799451828, 0.18403804302215576, 0.21240000426769257, -1.4848700761795044, -1.4818860292434692] [0.1703341007232666, 0.00976716447621584, 0.08291967213153839, -0.10789372026920319, 0.12107860296964645, 0.946236252784729] 
[-0.08126004040241241, 0.3297680616378784, -0.2792299687862396, 0.630515992641449, 0.18403804302215576, 0.21199999749660492, -1.4848700761795044, -1.4818860292434692] [0.17304867506027222, 0.007924371398985386, 0.08311799168586731, -0.10765857249498367, 0.1149970218539238, 0.9170854687690735] 
[-0.07972604036331177, 0.3282340466976166, -0.2792299687862396, 0.630515992641449, 0.18403804302215576, 0.21240000426769257, -1.4848700761795044, -1.4818860292434692] [0.17304867506027222, 0.007924371398985386, 0.08311799168586731, -0.10765857249498367, 0.1149970218539238, 0.9170854687690735] 
[-0.07972604036331177, 0.3297680616378784, -0.28076398372650146, 0.630515992641449, 0.18403804302215576, 0.21240000426769257, -1.4848700761795044, -1.4803520441055298] [0.1730930209159851, 0.007834774442017078, 0.08292824029922485, -0.11019743233919144, 0.11672873049974442, 0.916559636592865] 
[-0.08126004040241241, 0.32363206148147583, -0.2853659689426422, 0.6274479627609253, 0.18403804302215576, 0.21240000426769257, -1.483336091041565, -1.4772839546203613] [0.17332755029201508, 0.007650440558791161, 0.0833207368850708, -0.11535923928022385, 0.11613809317350388, 0.914266049861908] 
[-0.08432804048061371, 0.2960200309753418, -0.2853659689426422, 0.6274479627609253, 0.1855720430612564, 0.21240000426769257, -1.4818021059036255, -1.4757499694824219] [0.17555686831474304, 0.00400456553325057, 0.08403923362493515, -0.11513861268758774, 0.11283662170171738, 0.8929840922355652] 
[-0.08586204051971436, 0.2929520606994629, -0.28689998388290405, 0.6289819478988647, 0.1855720430612564, 0.21240000426769257, -1.480268120765686, -1.4742159843444824] [0.17560072243213654, 0.003913355525583029, 0.08385057002305984, -0.11768080294132233, 0.11455993354320526, 0.8924437761306763] 
[-0.08586204051971436, 0.29141804575920105, -0.2884339690208435, 0.6289819478988647, 0.18710604310035706, 0.21240000426769257, -1.4772000312805176, -1.469614028930664] [0.17648842930793762, 0.0023232498206198215, 0.08365744352340698, -0.11445198208093643, 0.11492100358009338, 0.8834671378135681] 
[-0.07819204032421112, 0.2668740451335907, -0.28996795415878296, 0.6289819478988647, 0.19324204325675964, 0.21240000426769257, -1.4679961204528809, -1.4604099988937378] [0.17939044535160065, -0.0034696043003350496, 0.0819479450583458, -0.09816108644008636, 0.1202780082821846, 0.8524722456932068] 
[-0.06745404005050659, 0.22392204403877258, -0.2884339690208435, 0.630515992641449, 0.19784404337406158, 0.21240000426769257, -1.463394045829773, -1.4542739391326904] [0.1828688085079193, -0.01086510345339775, 0.07997364550828934, -0.08252186328172684, 0.12647119164466858, 0.8125059008598328] 
[-0.05825003981590271, 0.1886400431394577, -0.28996795415878296, 0.630515992641449, 0.20091204345226288, 0.21240000426769257, -1.4557241201400757, -1.4466040134429932] [0.18639829754829407, -0.018946807831525803, 0.07933489978313446, -0.06969442963600159, 0.12784253060817719, 0.7687512636184692] 
[-0.055182039737701416, 0.1426200419664383, -0.28689998388290405, 0.630515992641449, 0.21011604368686676, 0.21199999749660492, -1.4526560306549072, -1.4435360431671143] [0.1895429790019989, -0.027117453515529633, 0.07874021679162979, -0.054278355091810226, 0.1287035346031189, 0.7252081632614136] 
[-0.05211403965950012, 0.10580404102802277, -0.28689998388290405, 0.6351180076599121, 0.21625204384326935, 0.21240000426769257, -1.4480540752410889, -1.4358659982681274] [0.1909901648759842, -0.03191104158759117, 0.07821255177259445, -0.04780793562531471, 0.1304447203874588, 0.702748715877533] 
[-0.04291003942489624, 0.07052204012870789, -0.28076398372650146, 0.6351180076599121, 0.21625204384326935, 0.21199999749660492, -1.4388500452041626, -1.4266619682312012] [0.19267506897449493, -0.037865571677684784, 0.07603828608989716, -0.032844241708517075, 0.136727973818779, 0.6728132367134094] 
[-0.029104039072990417, 0.04444403946399689, -0.2776959538459778, 0.6351180076599121, 0.21778604388237, 0.21240000426769257, -1.4235100746154785, -1.4128559827804565] [0.193361297249794, -0.0428333654999733, 0.07262155413627625, -0.02065146341919899, 0.15139302611351013, 0.6527949571609497] 
[-0.0122300386428833, 0.021434038877487183, -0.2776959538459778, 0.6504579782485962, 0.21625204384326935, 0.21240000426769257, -1.4081701040267944, -1.3975160121917725] [0.19357448816299438, -0.046880558133125305, 0.06897807121276855, -0.006800788454711437, 0.16681189835071564, 0.6378335356712341] 
[0.009245961904525757, -0.004643961787223816, -0.2776959538459778, 0.6504579782485962, 0.21778604388237, 0.21240000426769257, -1.389762043952942, -1.3745059967041016] [0.19364383816719055, -0.05037413164973259, 0.06431446969509125, 0.01202421821653843, 0.18586964905261993, 0.6221710443496704] 
[0.03378996253013611, -0.01691596210002899, -0.27616196870803833, 0.6504579782485962, 0.21932004392147064, 0.21240000426769257, -1.366752028465271, -1.356097936630249] [0.19325876235961914, -0.05220508947968483, 0.059782590717077255, 0.028463641181588173, 0.20394271612167358, 0.6145683526992798] 
[0.05679996311664581, -0.02305196225643158, -0.27002596855163574, 0.6504579782485962, 0.21932004392147064, 0.21240000426769257, -1.351412057876587, -1.3361560106277466] [0.1927391141653061, -0.05252896621823311, 0.057378679513931274, 0.040552109479904175, 0.2128644436597824, 0.6152238845825195] 
[0.08134396374225616, -0.02765396237373352, -0.2623559832572937, 0.6504579782485962, 0.21932004392147064, 0.21240000426769257, -1.3345381021499634, -1.319282054901123] [0.19189846515655518, -0.053449541330337524, 0.052941735833883286, 0.06310010701417923, 0.22894813120365143, 0.613347589969635] 
[0.10435395687818527, -0.03378996253013611, -0.24701596796512604, 0.6504579782485962, 0.21932004392147064, 0.21240000426769257, -1.3145960569381714, -1.3039419651031494] [0.1909371167421341, -0.05364388972520828, 0.04913114756345749, 0.0886545330286026, 0.24091234803199768, 0.6148485541343689] 
[0.12736396491527557, -0.03378996253013611, -0.2454819679260254, 0.6504579782485962, 0.21932004392147064, 0.21240000426769257, -1.29312002658844, -1.2778639793395996] [0.18973900377750397, -0.05377978831529617, 0.044479068368673325, 0.10290075838565826, 0.26075807213783264, 0.6169101595878601] 
[0.15344196557998657, -0.03378996253013611, -0.2454819679260254, 0.6504579782485962, 0.21932004392147064, 0.21240000426769257, -1.274712085723877, -1.2579219341278076] [0.18774397671222687, -0.05364388972520828, 0.038381680846214294, 0.12278041243553162, 0.2871340811252594, 0.6237574815750122] 
[0.17798596620559692, -0.03378996253013611, -0.24394796788692474, 0.6504579782485962, 0.21932004392147064, 0.21240000426769257, -1.251702070236206, -1.2349120378494263] [0.18637746572494507, -0.05364388972520828, 0.03436420485377312, 0.13592875003814697, 0.3045421242713928, 0.6275909543037415] 
[0.19792796671390533, -0.03378996253013611, -0.24394796788692474, 0.6504579782485962, 0.21778604388237, 0.21240000426769257, -1.231760025024414, -1.2195719480514526] [0.18548601865768433, -0.05361523479223251, 0.031893566250801086, 0.14416617155075073, 0.31478044390678406, 0.6302661299705505] 
[0.21786996722221375, -0.03378996253013611, -0.24394796788692474, 0.6504579782485962, 0.21778604388237, 0.21199999749660492, -1.2148860692977905, -1.1996300220489502] [0.18408077955245972, -0.05359964445233345, 0.028211187571287155, 0.15812669694423676, 0.3308680057525635, 0.6342085003852844] 
[0.23781196773052216, -0.03378996253013611, -0.24394796788692474, 0.6504579782485962, 0.21932004392147064, 0.21240000426769257, -1.1842060089111328, -1.172018051147461] [0.18214628100395203, -0.05359964445233345, 0.0234356876462698, 0.17458617687225342, 0.3518327474594116, 0.6397189497947693] 
[0.27002596855163574, -0.03378996253013611, -0.24394796788692474, 0.6504579782485962, 0.21932004392147064, 0.21240000426769257, -1.155060052871704, -1.1428719758987427] [0.17972204089164734, -0.05361523479223251, 0.017880970612168312, 0.1927439570426941, 0.3763826787471771, 0.6467322111129761] 
[0.2976379692554474, -0.03378996253013611, -0.2424139678478241, 0.6504579782485962, 0.21932004392147064, 0.21240000426769257, -1.1320500373840332, -1.1183279752731323] [0.17730751633644104, -0.05351163074374199, 0.01287397462874651, 0.21578635275363922, 0.3977223336696625, 0.6539545059204102] 
[0.31911396980285645, -0.03378996253013611, -0.24087996780872345, 0.6504579782485962, 0.21932004392147064, 0.21199999749660492, -1.1121081113815308, -1.0983860492706299] [0.17602291703224182, -0.05321183055639267, 0.010456327348947525, 0.2253609299659729, 0.40836501121520996, 0.6591668128967285] 
[0.3313859701156616, -0.03378996253013611, -0.24087996780872345, 0.6565939784049988, 0.21932004392147064, 0.21199999749660492, -1.0967680215835571, -1.0845799446105957] [0.17447157204151154, -0.05266980826854706, 0.008319605141878128, 0.23631037771701813, 0.4179578125476837, 0.669182538986206] 
[0.3436579704284668, -0.03225596249103546, -0.24087996780872345, 0.6565939784049988, 0.21932004392147064, 0.21199999749660492, -1.084496021270752, -1.0723079442977905] [0.17333334684371948, -0.05266980826854706, 0.006185451988130808, 0.24467626214027405, 0.427570104598999, 0.6726149916648865] 
[0.3543959856033325, -0.030721962451934814, -0.24087996780872345, 0.6611959934234619, 0.21778604388237, 0.21240000426769257, -1.0706900358200073, -1.0631040334701538] [0.17177225649356842, -0.0519663468003273, 0.004112101625651121, 0.255730003118515, 0.4366527199745178, 0.6828592419624329] 
[0.36513397097587585, -0.02765396237373352, -0.24087996780872345, 0.668865978717804, 0.21778604388237, 0.21199999749660492, -1.06302011013031, -1.055433988571167] [0.17030726373195648, -0.050181325525045395, 0.003362847724929452, 0.26420652866363525, 0.4396614134311676, 0.7010175585746765] 
[0.3666679859161377, -0.026119962334632874, -0.2424139678478241, 0.6780699491500854, 0.21932004392147064, 0.21199999749660492, -1.06302011013031, -1.055433988571167] [0.16967196762561798, -0.049222689121961594, 0.003435166087001562, 0.26826927065849304, 0.43894481658935547, 0.7111116051673889] 
[0.3666679859161377, -0.024585962295532227, -0.2424139678478241, 0.6826719641685486, 0.21932004392147064, 0.21240000426769257, -1.06302011013031, -1.058501958847046] [0.16892965137958527, -0.047515612095594406, 0.003583720186725259, 0.2729696035385132, 0.43718335032463074, 0.7243828177452087] 
[0.3666679859161377, -0.004643961787223816, -0.2424139678478241, 0.6888079643249512, 0.21932004392147064, 0.21240000426769257, -1.0645540952682495, -1.0600359439849854] [0.1672459840774536, -0.042182642966508865, 0.004014360718429089, 0.2815479636192322, 0.43158048391342163, 0.7570552825927734] 
[0.3666679859161377, 0.019900038838386536, -0.24394796788692474, 0.6903419494628906, 0.21932004392147064, 0.21199999749660492, -1.0676220655441284, -1.0600359439849854] [0.16652072966098785, -0.03957198187708855, 0.004292307887226343, 0.28394436836242676, 0.42815521359443665, 0.7715815901756287] 
[0.3666679859161377, 0.021434038877487183, -0.24394796788692474, 0.6903419494628906, 0.21932004392147064, 0.21199999749660492, -1.0691560506820679, -1.0615699291229248] [0.16652072966098785, -0.03957198187708855, 0.004292307887226343, 0.28394436836242676, 0.42815521359443665, 0.7715815901756287] 
[0.3666679859161377, 0.02296803891658783, -0.24394796788692474, 0.6903419494628906, 0.21778604388237, 0.21199999749660492, -1.0691560506820679, -1.0646380186080933] [0.16623082756996155, -0.038744863122701645, 0.004289724864065647, 0.2840878665447235, 0.4279766082763672, 0.7764869928359985] 
[0.3666679859161377, 0.03370603919029236, -0.2454819679260254, 0.6903419494628906, 0.21778604388237, 0.21199999749660492, -1.0737581253051758, -1.0692399740219116] [0.16536147892475128, -0.035845108330249786, 0.00462357746437192, 0.2883620262145996, 0.42409130930900574, 0.7925737500190735] 
[0.3666679859161377, 0.05671603977680206, -0.2454819679260254, 0.6903419494628906, 0.21778604388237, 0.21199999749660492, -1.0783600807189941, -1.0738420486450195] [0.1640247404575348, -0.031115058809518814, 0.005364994052797556, 0.29239776730537415, 0.41738641262054443, 0.8177253603935242] 
[0.36513397097587585, 0.08432804048061371, -0.2454819679260254, 0.6888079643249512, 0.21778604388237, 0.21199999749660492, -1.0829620361328125, -1.075376033782959] [0.16261672973632812, -0.026500379666686058, 0.006321154534816742, 0.2987562119960785, 0.40892407298088074, 0.8426663279533386] 
[0.363599956035614, 0.11807604134082794, -0.24701596796512604, 0.6888079643249512, 0.21625204384326935, 0.21199999749660492, -1.0906320810317993, -1.0845799446105957] [0.15993689000606537, -0.019227048382163048, 0.007526176981627941, 0.3048119843006134, 0.39814290404319763, 0.8834756016731262] 
[0.355929970741272, 0.15489204227924347, -0.251617968082428, 0.6888079643249512, 0.21625204384326935, 0.21199999749660492, -1.1059720516204834, -1.0999200344085693] [0.15759548544883728, -0.011926879175007343, 0.010016598738729954, 0.3007793128490448, 0.38402509689331055, 0.9228679537773132] 
[0.35132795572280884, 0.18403804302215576, -0.25315195322036743, 0.6888079643249512, 0.21625204384326935, 0.21199999749660492, -1.124380111694336, -1.1198619604110718] [0.15618853271007538, -0.008693425916135311, 0.010709461756050587, 0.30236226320266724, 0.3790067434310913, 0.9412638545036316] 
[0.34212398529052734, 0.2116500437259674, -0.2546859681606293, 0.6872739791870117, 0.21625204384326935, 0.21199999749660492, -1.1489241123199463, -1.1398040056228638] [0.15462297201156616, -0.0027155501302331686, 0.014241348952054977, 0.29708272218704224, 0.3599393665790558, 0.9706470966339111] 
[0.3283179700374603, 0.2377280443906784, -0.25315195322036743, 0.6872739791870117, 0.21625204384326935, 0.21199999749660492, -1.1565940380096436, -1.1428719758987427] [0.15339066088199615, 0.0013902379432693124, 0.016549652442336082, 0.2905546724796295, 0.3484640419483185, 0.99065762758255] 
[0.3206479549407959, 0.2607380449771881, -0.25315195322036743, 0.6872739791870117, 0.21625204384326935, 0.21199999749660492, -1.1688660383224487, -1.1551439762115479] [0.15245133638381958, 0.004228933714330196, 0.01811450719833374, 0.2887565791606903, 0.3398105204105377, 1.0041574239730835] 
[0.30990996956825256, 0.2837480306625366, -0.25315195322036743, 0.6872739791870117, 0.2147180438041687, 0.21199999749660492, -1.1918760538101196, -1.1796879768371582] [0.15123169124126434, 0.008459200151264668, 0.021463414654135704, 0.27675867080688477, 0.32446014881134033, 1.02557373046875] 
[0.2915019690990448, 0.3036900460720062, -0.25315195322036743, 0.6872739791870117, 0.21318404376506805, 0.21199999749660492, -1.2179540395736694, -1.2042319774627686] [0.150742769241333, 0.012245223857462406, 0.025870416313409805, 0.2580617368221283, 0.3063424229621887, 1.0415771007537842] 
[0.27002596855163574, 0.3328360319137573, -0.2500839829444885, 0.676535964012146, 0.21318404376506805, 0.21199999749660492, -1.2409640550613403, -1.2257080078125] [0.15286298096179962, 0.01175328716635704, 0.028224818408489227, 0.24430377781391144, 0.2967837452888489, 1.0265355110168457] 
[0.25775396823883057, 0.33743804693222046, -0.2424139678478241, 0.6780699491500854, 0.2147180438041687, 0.21199999749660492, -1.2578380107879639, -1.241047978401184] [0.15359334647655487, 0.012010292150080204, 0.03026292659342289, 0.24321302771568298, 0.28624802827835083, 1.0239906311035156] 
[0.25315195322036743, 0.3389720320701599, -0.23320996761322021, 0.6780699491500854, 0.2147180438041687, 0.21199999749660492, -1.2593721151351929, -1.2425819635391235] [0.15364371240139008, 0.012230878695845604, 0.030792323872447014, 0.25068145990371704, 0.28144851326942444, 1.0238256454467773] 
[0.25315195322036743, 0.33743804693222046, -0.22093796730041504, 0.676535964012146, 0.21318404376506805, 0.21199999749660492, -1.2593721151351929, -1.2425819635391235] [0.15441302955150604, 0.012679290026426315, 0.03337031975388527, 0.2555662989616394, 0.2660941481590271, 1.0211983919143677] 
[0.22860796749591827, 0.3282340466976166, -0.18258796632289886, 0.676535964012146, 0.2147180438041687, 0.21199999749660492, -1.2670420408248901, -1.2517859935760498] [0.15787699818611145, 0.012393455021083355, 0.04183514788746834, 0.26291897892951965, 0.2192153036594391, 1.003732442855835] 
[0.18872396647930145, 0.28221404552459717, -0.14577196538448334, 0.6565939784049988, 0.21625204384326935, 0.21199999749660492, -1.2915860414505005, -1.2809319496154785] [0.16885358095169067, 0.0022064903751015663, 0.05225735530257225, 0.22018614411354065, 0.17937518656253815, 0.9173716902732849] 
[0.13043196499347687, 0.20704804360866547, -0.1442379653453827, 0.6535259485244751, 0.21932004392147064, 0.21199999749660492, -1.3176640272140503, -1.3085440397262573] [0.18218904733657837, -0.019215162843465805, 0.06151929497718811, 0.16780993342399597, 0.15054592490196228, 0.7878988981246948] 
[0.05373196303844452, 0.06592004001140594, -0.1442379653453827, 0.6535259485244751, 0.21932004392147064, 0.21160000562667847, -1.348344087600708, -1.340757966041565] [0.19415652751922607, -0.04689880087971687, 0.07607144117355347, 0.11001595854759216, 0.09494728595018387, 0.6351478099822998] 
[-0.04291003942489624, -0.16878196597099304, -0.1442379653453827, 0.6535259485244751, 0.21932004392147064, 0.21199999749660492, -1.3805580139160156, -1.376039981842041] [0.20213161408901215, -0.09747584909200668, 0.09528990834951401, 0.07391288876533508, 0.006812484934926033, 0.37862205505371094] 
[-0.10273604094982147, -0.3958139717578888, -0.14270396530628204, 0.6535259485244751, 0.21932004392147064, 0.21199999749660492, -1.405102014541626, -1.3975160121917725] [0.19637557864189148, -0.14603862166404724, 0.09739664196968079, 0.09254187345504761, -0.011248373426496983, 0.13558083772659302] 
[-0.0904640406370163, -0.5906319618225098, -0.14577196538448334, 0.6535259485244751, 0.2208540439605713, 0.21199999749660492, -1.4097040891647339, -1.399049997329712] [0.18705078959465027, -0.17437101900577545, 0.09189820289611816, 0.09717928618192673, 0.01519058272242546, -0.012009922415018082] 
[-0.06285203993320465, -0.7240899801254272, -0.15497596561908722, 0.6550599932670593, 0.2208540439605713, 0.21199999749660492, -1.4097040891647339, -1.399049997329712] [0.18115931749343872, -0.18680624663829803, 0.08763668686151505, 0.10221437364816666, 0.03610698878765106, -0.07914668321609497] 
[-0.045978039503097534, -0.7286919951438904, -0.1580439656972885, 0.6550599932670593, 0.21778604388237, 0.21199999749660492, -1.4112380743026733, -1.4005839824676514] [0.18058492243289948, -0.18654106557369232, 0.0796964168548584, 0.0968233197927475, 0.07952411472797394, -0.07770628482103348] 
[-0.015298038721084595, -0.7271579504013062, -0.14270396530628204, 0.6550599932670593, 0.21778604388237, 0.21199999749660492, -1.4373160600662231, -1.42972993850708] [0.1809074878692627, -0.1861627846956253, 0.08191166073083878, 0.1073094829916954, 0.06462007761001587, -0.07527000457048416] 
[-0.02757003903388977, -0.7256239652633667, -0.1381019651889801, 0.6565939784049988, 0.21625204384326935, 0.21199999749660492, -1.4511220455169678, -1.4420020580291748] [0.18107299506664276, -0.18608781695365906, 0.08334203064441681, 0.11143414676189423, 0.055708710104227066, -0.07493772357702255] 
[-0.02757003903388977, -0.7256239652633667, -0.13656796514987946, 0.6565939784049988, 0.21625204384326935, 0.21199999749660492, -1.4511220455169678, -1.4420020580291748] [0.1812138706445694, -0.18565614521503448, 0.08332540839910507, 0.10994309931993484, 0.05586840584874153, -0.07187897711992264] 
[-0.02757003903388977, -0.7256239652633667, -0.13656796514987946, 0.6565939784049988, 0.21625204384326935, 0.21160000562667847, -1.4511220455169678, -1.4420020580291748] [0.18120785057544708, -0.18581075966358185, 0.08334574848413467, 0.11139191687107086, 0.05570557340979576, -0.07340666651725769] 
[-0.02757003903388977, -0.7256239652633667, -0.13656796514987946, 0.6565939784049988, 0.21625204384326935, 0.21199999749660492, -1.4511220455169678, -1.4420020580291748] [0.1812063455581665, -0.18582947552204132, 0.08334366232156754, 0.10985791683197021, 0.05570557340979576, -0.07340666651725769] 
[-0.02757003903388977, -0.7256239652633667, -0.1350339651107788, 0.6565939784049988, 0.21778604388237, 0.21199999749660492, -1.4511220455169678, -1.4420020580291748] [0.18122687935829163, -0.18578597903251648, 0.083452507853508, 0.11261242628097534, 0.05477441847324371, -0.07330766320228577] 
