[0.1745513677597046, -0.1905815303325653, 0.030148351565003395, 2.561248779296875, 0.20583538711071014, -0.33739790320396423] [0.714885950088501, -0.47558197379112244, 1.366752028465271, 0.47864997386932373, 1.4649280309677124, 0.9971999526023865]
[0.17454813420772552, -0.19059713184833527, 0.030158475041389465, 2.5627825260162354, 0.20583538711071014, -0.33739790320396423] [0.7133519649505615, -0.47558197379112244, 1.3682861328125, 0.47864997386932373, 1.463394045829773, 0.9975999593734741]
[0.1745513677597046, -0.1905815303325653, 0.030148351565003395, 2.561248779296875, 0.20583538711071014, -0.33739790320396423] [0.714885950088501, -0.47558197379112244, 1.366752028465271, 0.47864997386932373, 1.463394045829773, 0.9975999593734741]
[0.17456673085689545, -0.1905130296945572, 0.030113818123936653, 2.5615522861480713, 0.2061575949192047, -0.3367554843425751] [0.714885950088501, -0.47558197379112244, 1.366752028465271, 0.47864997386932373, 1.463394045829773, 0.9971999526023865]
[0.17456673085689545, -0.1905130296945572, 0.030113818123936653, 2.5615522861480713, 0.2061575949192047, -0.3367554843425751] [0.714885950088501, -0.47558197379112244, 1.3682861328125, 0.47864997386932373, 1.4649280309677124, 0.9971999526023865]
[0.17454813420772552, -0.19059713184833527, 0.030158475041389465, 2.5627825260162354, 0.20583538711071014, -0.33739790320396423] [0.714885950088501, -0.47558197379112244, 1.366752028465271, 0.47864997386932373, 1.463394045829773, 0.9971999526023865]
[0.17456993460655212, -0.19049742817878723, 0.03010367602109909, 2.560018301010132, 0.2061575949192047, -0.3367554843425751] [0.714885950088501, -0.47558197379112244, 1.366752028465271, 0.47864997386932373, 1.463394045829773, 0.9971999526023865]
[0.1745513677597046, -0.1905815303325653, 0.030148351565003395, 2.561248779296875, 0.20583538711071014, -0.33739790320396423] [0.714885950088501, -0.47558197379112244, 1.3682861328125, 0.47864997386932373, 1.463394045829773, 0.9971999526023865]
[0.1746087670326233, -0.19042664766311646, 0.030259421095252037, 2.560164213180542, 0.2047928273677826, -0.3360401391983032] [0.714885950088501, -0.47558197379112244, 1.3682861328125, 0.47864997386932373, 1.4649280309677124, 0.9971999526023865]
[0.17456673085689545, -0.1905130296945572, 0.030113818123936653, 2.5615522861480713, 0.2061575949192047, -0.3367554843425751] [0.714885950088501, -0.47558197379112244, 1.3682861328125, 0.47864997386932373, 1.4649280309677124, 0.9975999593734741]
[0.1745513677597046, -0.1905815303325653, 0.030148351565003395, 2.561248779296875, 0.20583538711071014, -0.33739790320396423] [0.714885950088501, -0.47558197379112244, 1.366752028465271, 0.47864997386932373, 1.4649280309677124, 0.5131999850273132]
[0.17469388246536255, -0.18992513418197632, 0.029798433184623718, 2.5529444217681885, 0.20843474566936493, -0.3322691321372986] [0.714885950088501, -0.47558197379112244, 1.3498780727386475, 0.47864997386932373, 1.463394045829773, 0.5135999917984009]
[0.17488931119441986, -0.1895061582326889, 0.029838386923074722, 2.547306537628174, 0.2086326628923416, -0.32897037267684937] [0.7133519649505615, -0.47558197379112244, 1.348344087600708, 0.4801839590072632, 1.4649280309677124, 0.5131999850273132]
[0.1765429675579071, -0.18836209177970886, 0.03471481427550316, 2.550581216812134, 0.17567101120948792, -0.31714099645614624] [0.6918759942054749, -0.47558197379112244, 1.3422080278396606, 0.4970579743385315, 1.463394045829773, 0.5131999850273132]
[0.17738741636276245, -0.18810376524925232, 0.03674507886171341, 2.5507421493530273, 0.16502909362316132, -0.31450825929641724] [0.6811379790306091, -0.47558197379112244, 1.3376060724258423, 0.49859195947647095, 1.463394045829773, 0.5135999917984009]
[0.17780640721321106, -0.18750222027301788, 0.037229765206575394, 2.543494701385498, 0.16305261850357056, -0.3096749782562256] [0.6796039938926697, -0.47558197379112244, 1.3238000869750977, 0.49859195947647095, 1.463394045829773, 0.5135999917984009]
[0.17884814739227295, -0.18621008098125458, 0.03888268768787384, 2.5283989906311035, 0.15490438044071198, -0.29919081926345825] [0.6627299785614014, -0.47558197379112244, 1.2961881160736084, 0.49859195947647095, 1.4618600606918335, 0.5131999850273132]
[0.1808166354894638, -0.18417251110076904, 0.042773667722940445, 2.50864839553833, 0.13522958755493164, -0.2822924256324768] [0.6335839629173279, -0.47558197379112244, 1.2609061002731323, 0.5031939744949341, 1.4618600606918335, 0.5135999917984009]
[0.18296818435192108, -0.18214593827724457, 0.04737941175699234, 2.487088680267334, 0.11326471716165543, -0.26580873131752014] [0.6013699769973755, -0.47558197379112244, 1.221022129058838, 0.5031939744949341, 1.4618600606918335, 0.5131999850273132]
[0.1850997656583786, -0.17973388731479645, 0.05200962349772453, 2.458585739135742, 0.09200848639011383, -0.2466524988412857] [0.572223961353302, -0.47558197379112244, 1.1734681129455566, 0.5031939744949341, 1.4618600606918335, 0.5131999850273132]
[0.1866319328546524, -0.176963210105896, 0.05433528125286102, 2.4201290607452393, 0.08369597047567368, -0.22524584829807281] [0.5430779457092285, -0.47558197379112244, 1.0768260955810547, 0.5016599893569946, 1.4618600606918335, 0.5135999917984009]
[0.18932756781578064, -0.1672453135251999, 0.05295092239975929, 2.2648849487304688, 0.10752712190151215, -0.1526680439710617] [0.5093299746513367, -0.46944597363471985, 0.8866100311279297, 0.5016599893569946, 1.4618600606918335, 0.5131999850273132]
[0.1920531839132309, -0.15927352011203766, 0.055220622569322586, 2.1566078662872314, 0.10896307975053787, -0.09688325226306915] [0.4541059732437134, -0.4648439884185791, 0.7700260877609253, 0.5001260042190552, 1.460326075553894, 0.5135999917984009]
[0.1941390186548233, -0.1565360575914383, 0.061591971665620804, 2.11395001411438, 0.08241064846515656, -0.07766349613666534] [0.41115397214889526, -0.4587079882621765, 0.7378120422363281, 0.5016599893569946, 1.460326075553894, 0.5135999917984009]
[0.19637443125247955, -0.15118156373500824, 0.06651424616575241, 2.086766004562378, 0.06020437926054001, -0.046428609639406204] [0.37740597128868103, -0.44029998779296875, 0.6963940858840942, 0.5001260042190552, 1.460326075553894, 0.5135999917984009]
[0.1983015239238739, -0.14258889853954315, 0.06644762307405472, 2.0251526832580566, 0.0687522366642952, 0.0030024962034076452] [0.34825998544692993, -0.40808597207069397, 0.5537320375442505, 0.5001260042190552, 1.460326075553894, 0.5131999850273132]
[0.1991509348154068, -0.13390319049358368, 0.06294365972280502, 1.912226915359497, 0.10309554636478424, 0.05658487230539322] [0.3206479549407959, -0.37433797121047974, 0.43254604935646057, 0.49859195947647095, 1.460326075553894, 0.5131999850273132]
[0.20119965076446533, -0.1216532364487648, 0.06469078361988068, 1.8605507612228394, 0.10138557106256485, 0.12107405811548233] [0.28996795415878296, -0.3329199552536011, 0.40953606367111206, 0.4970579743385315, 1.460326075553894, 0.5131999850273132]
[0.20258186757564545, -0.11540024727582932, 0.06894169002771378, 1.858966588973999, 0.07987327873706818, 0.1510162353515625] [0.2654239535331726, -0.2976379692554474, 0.3911280632019043, 0.4801839590072632, 1.460326075553894, 0.5131999850273132]
[0.20359347760677338, -0.11155746132135391, 0.06989093124866486, 1.8475247621536255, 0.07907329499721527, 0.16413366794586182] [0.25315195322036743, -0.2654239535331726, 0.36658406257629395, 0.4801839590072632, 1.4618600606918335, 0.5135999917984009]
[0.2037646770477295, -0.10170772671699524, 0.06862708181142807, 1.8253427743911743, 0.08761729300022125, 0.21403375267982483] [0.251617968082428, -0.23474396765232086, 0.34050604701042175, 0.4801839590072632, 1.460326075553894, 0.5135999917984009]
[0.20354829728603363, -0.0953136533498764, 0.06734674423933029, 1.8137096166610718, 0.09524890780448914, 0.24641180038452148] [0.2500839829444885, -0.1963939666748047, 0.31749606132507324, 0.47558197379112244, 1.460326075553894, 0.5131999850273132]
[0.20331400632858276, -0.08920031785964966, 0.06642960011959076, 1.7982230186462402, 0.1020970270037651, 0.27621081471443176] [0.24854996800422668, -0.17184996604919434, 0.2837480306625366, 0.47558197379112244, 1.460326075553894, 0.5131999850273132]
[0.20286160707473755, -0.08485691994428635, 0.06496252864599228, 1.7813780307769775, 0.11185240745544434, 0.2982476055622101] [0.24854996800422668, -0.14730596542358398, 0.25920403003692627, 0.47251397371292114, 1.460326075553894, 0.5135999917984009]
[0.20225860178470612, -0.0797184407711029, 0.06329984962940216, 1.7627100944519043, 0.12294287234544754, 0.3236677348613739] [0.24701596796512604, -0.13043196499347687, 0.2407960444688797, 0.47251397371292114, 1.460326075553894, 0.5131999850273132]
[0.20170214772224426, -0.07654260098934174, 0.062118448317050934, 1.742649793624878, 0.13175331056118011, 0.34084638953208923] [0.24701596796512604, -0.1181599572300911, 0.2147180438041687, 0.47251397371292114, 1.460326075553894, 0.5131999850273132]
[0.20117874443531036, -0.07381052523851395, 0.06108304485678673, 1.729415774345398, 0.13879112899303436, 0.3554314970970154] [0.24701596796512604, -0.10588795691728592, 0.1947760432958603, 0.47251397371292114, 1.460326075553894, 0.5131999850273132]
[0.20053362846374512, -0.0707576796412468, 0.059878747910261154, 1.7138437032699585, 0.14703287184238434, 0.3718234896659851] [0.24701596796512604, -0.0920819640159607, 0.17483404278755188, 0.47251397371292114, 1.460326075553894, 0.5131999850273132]
[0.19993022084236145, -0.06807780265808105, 0.05885535851120949, 1.70058274269104, 0.1540464460849762, 0.3862167000770569] [0.24701596796512604, -0.08134396374225616, 0.15335804224014282, 0.47251397371292114, 1.460326075553894, 0.5131999850273132]
[0.19939102232456207, -0.06662579625844955, 0.05741911008954048, 1.6805423498153687, 0.16435088217258453, 0.39497098326683044] [0.24701596796512604, -0.07827596366405487, 0.12728004157543182, 0.47251397371292114, 1.4587920904159546, 0.5131999850273132]
[0.19902965426445007, -0.06646183133125305, 0.055933382362127304, 1.659085750579834, 0.17527706921100616, 0.39732784032821655] [0.24701596796512604, -0.07827596366405487, 0.11040604114532471, 0.47251397371292114, 1.460326075553894, 0.5131999850273132]
[0.19888947904109955, -0.06640991568565369, 0.0553569570183754, 1.6495015621185303, 0.17938686907291412, 0.3981513977050781] [0.24701596796512604, -0.07827596366405487, 0.10427004098892212, 0.47251397371292114, 1.4587920904159546, 0.5131999850273132]
[0.198821023106575, -0.06638605892658234, 0.055077873170375824, 1.6454753875732422, 0.1814441829919815, 0.39855077862739563] [0.24701596796512604, -0.07827596366405487, 0.09966804087162018, 0.47251397371292114, 1.4587920904159546, 0.5135999917984009]
[0.19875246286392212, -0.06636352837085724, 0.05479871854186058, 1.6414486169815063, 0.18350303173065186, 0.3989418148994446] [0.24701596796512604, -0.07827596366405487, 0.09813404083251953, 0.47251397371292114, 1.4587920904159546, 0.5131999850273132]
[0.19882279634475708, -0.06698162853717804, 0.05468214303255081, 1.6394026279449463, 0.18448008596897125, 0.395966500043869] [0.24701596796512604, -0.08441196382045746, 0.09660004079341888, 0.47251397371292114, 1.4587920904159546, 0.5135999917984009]
[0.1990213841199875, -0.06885932385921478, 0.054309092462062836, 1.637874960899353, 0.1867591291666031, 0.3867616355419159] [0.24701596796512604, -0.09821796417236328, 0.09506604075431824, 0.47251397371292114, 1.4587920904159546, 0.5131999850273132]
[0.19941426813602448, -0.07261490821838379, 0.05378659814596176, 1.6328097581863403, 0.19054678082466125, 0.36834949254989624] [0.24854996800422668, -0.11355795711278915, 0.09506604075431824, 0.47251397371292114, 1.4587920904159546, 0.5131999850273132]
[0.19970297813415527, -0.07449952512979507, 0.05403721705079079, 1.6300926208496094, 0.1899207979440689, 0.3589162826538086] [0.2500839829444885, -0.12122795730829239, 0.09506604075431824, 0.47251397371292114, 1.460326075553894, 0.5135999917984009]
[0.1998545527458191, -0.07559255510568619, 0.05388569459319115, 1.6273765563964844, 0.19126173853874207, 0.35283127427101135] [0.24854996800422668, -0.12736396491527557, 0.09506604075431824, 0.47251397371292114, 1.4587920904159546, 0.5135999917984009]
[0.20008863508701324, -0.07827460020780563, 0.0539393424987793, 1.6257597208023071, 0.19147180020809174, 0.34025266766548157] [0.2500839829444885, -0.14730596542358398, 0.09506604075431824, 0.4709799885749817, 1.4587920904159546, 0.5135999917984009]
[0.20054064691066742, -0.08394933491945267, 0.053824618458747864, 1.6192045211791992, 0.19364863634109497, 0.3122345507144928] [0.24854996800422668, -0.17184996604919434, 0.09506604075431824, 0.47251397371292114, 1.4587920904159546, 0.5135999917984009]
[0.20076479017734528, -0.08836381882429123, 0.05366883799433708, 1.612718105316162, 0.195906400680542, 0.2905345857143402] [0.24854996800422668, -0.1963939666748047, 0.09506604075431824, 0.47251397371292114, 1.4587920904159546, 0.5135999917984009]
[0.20097944140434265, -0.09469401836395264, 0.053713250905275345, 1.606656789779663, 0.19726474583148956, 0.2592436373233795] [0.24854996800422668, -0.2194039672613144, 0.09506604075431824, 0.4709799885749817, 1.4587920904159546, 0.5135999917984009]
[0.20098447799682617, -0.0992872416973114, 0.0533711202442646, 1.6014939546585083, 0.2002725601196289, 0.23592421412467957] [0.24854996800422668, -0.24701596796512604, 0.09506604075431824, 0.47251397371292114, 1.4587920904159546, 0.5135999917984009]
[0.20091529190540314, -0.10418303310871124, 0.05372953414916992, 1.595429539680481, 0.19990968704223633, 0.21242232620716095] [0.2500839829444885, -0.27309396862983704, 0.09506604075431824, 0.4709799885749817, 1.4587920904159546, 0.5131999850273132]
[0.20070451498031616, -0.1103544607758522, 0.05378810688853264, 1.5894789695739746, 0.20151489973068237, 0.18118977546691895] [0.24854996800422668, -0.2945699691772461, 0.09506604075431824, 0.47251397371292114, 1.4587920904159546, 0.5131999850273132]
[0.2001558393239975, -0.11618108302354813, 0.05359717458486557, 1.581278920173645, 0.20403128862380981, 0.15309305489063263] [0.2500839829444885, -0.3267839550971985, 0.09506604075431824, 0.4709799885749817, 1.4587920904159546, 0.5135999917984009]
[0.1997811198234558, -0.12058146297931671, 0.05391848459839821, 1.5743516683578491, 0.20395682752132416, 0.1312355101108551] [0.2500839829444885, -0.355929970741272, 0.09506604075431824, 0.47251397371292114, 1.4587920904159546, 0.5135999917984009]
[0.1988668590784073, -0.12797564268112183, 0.05391203239560127, 1.5667258501052856, 0.20593596994876862, 0.09364546090364456] [0.2500839829444885, -0.3866099715232849, 0.09506604075431824, 0.47251397371292114, 1.4587920904159546, 0.5131999850273132]
[0.19788290560245514, -0.1342219114303589, 0.0541633665561676, 1.5589925050735474, 0.20652754604816437, 0.06233615428209305] [0.2500839829444885, -0.421891987323761, 0.09353204071521759, 0.4709799885749817, 1.4587920904159546, 0.5135999917984009]
[0.19694149494171143, -0.13918840885162354, 0.054305125027894974, 1.5514405965805054, 0.20752300322055817, 0.03734986484050751] [0.2500839829444885, -0.4479699730873108, 0.09353204071521759, 0.4709799885749817, 1.4587920904159546, 0.5135999917984009]
[0.19581706821918488, -0.14427120983600616, 0.05460648983716965, 1.5451689958572388, 0.20754604041576385, 0.012285830453038216] [0.2500839829444885, -0.46330997347831726, 0.09353204071521759, 0.4709799885749817, 1.4587920904159546, 0.5131999850273132]
[0.1951211392879486, -0.1475222408771515, 0.0547700971364975, 1.540967345237732, 0.20768912136554718, -0.004938766360282898] [0.2500839829444885, -0.48325198888778687, 0.09506604075431824, 0.4709799885749817, 1.4587920904159546, 0.5135999917984009]
[0.19420509040355682, -0.15119975805282593, 0.05500409007072449, 1.536312222480774, 0.20762380957603455, -0.023733867332339287] [0.2500839829444885, -0.5031939744949341, 0.09506604075431824, 0.4709799885749817, 1.460326075553894, 0.5135999917984009]
[0.19315922260284424, -0.15516938269138336, 0.055369939655065536, 1.532627820968628, 0.20676225423812866, -0.04414622113108635] [0.2500839829444885, -0.5185339450836182, 0.09353204071521759, 0.4709799885749817, 1.4587920904159546, 0.5131999850273132]
[0.19192546606063843, -0.15941232442855835, 0.05568508431315422, 1.5272057056427002, 0.20646950602531433, -0.06606651842594147] [0.251617968082428, -0.5400099754333496, 0.09353204071521759, 0.4709799885749817, 1.4587920904159546, 0.5135999917984009]
[0.1907777488231659, -0.1630207747220993, 0.05587954446673393, 1.5212068557739258, 0.2068207561969757, -0.08480775356292725] [0.2500839829444885, -0.5584179759025574, 0.09353204071521759, 0.4709799885749817, 1.4587920904159546, 0.5135999917984009]
[0.19000688195228577, -0.16594859957695007, 0.056131914258003235, 1.51851487159729, 0.2061266005039215, -0.10206768661737442] [0.2500839829444885, -0.5660879611968994, 0.09353204071521759, 0.4617759585380554, 1.4587920904159546, 0.5131999850273132]
[0.18978209793567657, -0.1681654155254364, 0.05562571808695793, 1.5130358934402466, 0.2092469185590744, -0.12084656953811646] [0.251617968082428, -0.5660879611968994, 0.09353204071521759, 0.4280279874801636, 1.4587920904159546, 0.5131999850273132]
[0.1896543949842453, -0.17131207883358002, 0.055397845804691315, 1.5071592330932617, 0.21066303551197052, -0.14904138445854187] [0.251617968082428, -0.5660879611968994, 0.09506604075431824, 0.421891987323761, 1.4587920904159546, 0.5131999850273132]
[0.18968254327774048, -0.1711426079273224, 0.05549667030572891, 1.5088787078857422, 0.20995908975601196, -0.14750638604164124] [0.251617968082428, -0.5660879611968994, 0.09353204071521759, 0.42342597246170044, 1.4587920904159546, 0.5135999917984009]
[0.1897909790277481, -0.1708437204360962, 0.05546877905726433, 1.5092649459838867, 0.2100149393081665, -0.1459401547908783] [0.251617968082428, -0.5660879611968994, 0.09506604075431824, 0.42342597246170044, 1.4587920904159546, 0.5131999850273132]
[0.18981248140335083, -0.17049366235733032, 0.05551236867904663, 1.5114518404006958, 0.20985914766788483, -0.14280733466148376] [0.251617968082428, -0.56455397605896, 0.09506604075431824, 0.4280279874801636, 1.460326075553894, 0.5135999917984009]
[0.18984776735305786, -0.17014960944652557, 0.055625271052122116, 1.5134917497634888, 0.20906338095664978, -0.1397089809179306] [0.251617968082428, -0.56455397605896, 0.09660004079341888, 0.4356979727745056, 1.460326075553894, 0.5131999850273132]
[0.18989717960357666, -0.16892610490322113, 0.05571732297539711, 1.515763282775879, 0.208480566740036, -0.128748819231987] [0.251617968082428, -0.56455397605896, 0.09506604075431824, 0.44950395822525024, 1.460326075553894, 0.5131999850273132]
[0.18990974128246307, -0.16787144541740417, 0.055707864463329315, 1.5163313150405884, 0.2086271345615387, -0.11931799352169037] [0.251617968082428, -0.56455397605896, 0.09506604075431824, 0.4525719881057739, 1.4618600606918335, 0.5131999850273132]
[0.18985795974731445, -0.16734634339809418, 0.05547558516263962, 1.5186580419540405, 0.209891214966774, -0.11465883255004883] [0.251617968082428, -0.5630199909210205, 0.09506604075431824, 0.45563995838165283, 1.4618600606918335, 0.5131999850273132]
[0.19003920257091522, -0.1666969656944275, 0.055786341428756714, 1.521406650543213, 0.2082337886095047, -0.10992509871721268] [0.25315195322036743, -0.56455397605896, 0.09506604075431824, 0.46024197340011597, 1.463394045829773, 0.5135999917984009]
[0.18997879326343536, -0.16617241501808167, 0.05553643777966499, 1.522212028503418, 0.20949025452136993, -0.10526380687952042] [0.25315195322036743, -0.561486005783081, 0.09506604075431824, 0.46637797355651855, 1.4649280309677124, 0.5135999917984009]
[0.19008861482143402, -0.1639494001865387, 0.055686019361019135, 1.5277092456817627, 0.2085016965866089, -0.08648012578487396] [0.25315195322036743, -0.561486005783081, 0.09506604075431824, 0.4939899742603302, 1.4664621353149414, 0.5131999850273132]
[0.1900627613067627, -0.16067910194396973, 0.055644530802965164, 1.5350266695022583, 0.20834824442863464, -0.05834002047777176] [0.25315195322036743, -0.5584179759025574, 0.09506604075431824, 0.5216019749641418, 1.4664621353149414, 0.5135999917984009]
[0.18983030319213867, -0.15567131340503693, 0.05577082559466362, 1.5440678596496582, 0.20687086880207062, -0.01457193959504366] [0.2562199831008911, -0.5584179759025574, 0.09506604075431824, 0.56455397605896, 1.4664621353149414, 0.5131999850273132]
[0.18939290940761566, -0.15167443454265594, 0.055887214839458466, 1.5514298677444458, 0.2055399864912033, 0.021355871111154556] [0.25775396823883057, -0.5584179759025574, 0.09506604075431824, 0.6029039621353149, 1.4679961204528809, 0.5135999917984009]
[0.18874207139015198, -0.14734308421611786, 0.05595828965306282, 1.5581896305084229, 0.2045525163412094, 0.06046495586633682] [0.25775396823883057, -0.5584179759025574, 0.09353204071521759, 0.6335839629173279, 1.4664621353149414, 0.5135999917984009]
[0.1882728785276413, -0.14441776275634766, 0.056315019726753235, 1.565076470375061, 0.2020941823720932, 0.08697286993265152] [0.25928795337677, -0.5584179759025574, 0.09199804067611694, 0.6611959934234619, 1.4679961204528809, 0.5131999850273132]
[0.18746453523635864, -0.1408093273639679, 0.05622384697198868, 1.5694282054901123, 0.20230448246002197, 0.11991819739341736] [0.26082196831703186, -0.5584179759025574, 0.0904640406370163, 0.6903419494628906, 1.4679961204528809, 0.5135999917984009]
[0.18683575093746185, -0.13808131217956543, 0.05644381046295166, 1.5732537508010864, 0.20074409246444702, 0.1449383646249771] [0.2623559832572937, -0.5584179759025574, 0.087396040558815, 0.7210220098495483, 1.4679961204528809, 0.5131999850273132]
[0.18586771190166473, -0.1345120519399643, 0.056565336883068085, 1.5794343948364258, 0.20032259821891785, 0.17795346677303314] [0.26082196831703186, -0.5584179759025574, 0.08126004040241241, 0.7470999956130981, 1.4725980758666992, 0.5131999850273132]
[0.18499788641929626, -0.13180188834667206, 0.0564253106713295, 1.5815317630767822, 0.2018061876296997, 0.20331574976444244] [0.26082196831703186, -0.5584179759025574, 0.07512404024600983, 0.773177981376648, 1.4756660461425781, 0.5135999917984009]
[0.18395720422267914, -0.1287815272808075, 0.05635881423950195, 1.58747136592865, 0.20304588973522186, 0.23181262612342834] [0.26082196831703186, -0.5568839907646179, 0.06745404005050659, 0.8038579821586609, 1.4818021059036255, 0.5131999850273132]
[0.18303188681602478, -0.12554097175598145, 0.056236229836940765, 1.5952540636062622, 0.20450365543365479, 0.2603413760662079] [0.26082196831703186, -0.5538159608840942, 0.06285203993320465, 0.8406739830970764, 1.4879380464553833, 0.5135999917984009]
[0.18111863732337952, -0.11978147178888321, 0.05632958188652992, 1.6100887060165405, 0.2045464813709259, 0.31237900257110596] [0.26082196831703186, -0.5507479906082153, 0.055182039737701416, 0.8774899840354919, 1.4940741062164307, 0.5135999917984009]
[0.17963907122612, -0.11673524975776672, 0.056106191128492355, 1.6152797937393188, 0.2060268670320511, 0.34246954321861267] [0.26082196831703186, -0.5507479906082153, 0.05211403965950012, 0.9097039699554443, 1.4940741062164307, 0.5131999850273132]
[0.17797847092151642, -0.1132742166519165, 0.056530021131038666, 1.62284255027771, 0.2030409425497055, 0.37682297825813293] [0.26082196831703186, -0.5507479906082153, 0.050580039620399475, 0.9449859857559204, 1.4956080913543701, 0.5135999917984009]
[0.17568834125995636, -0.10910450667142868, 0.05668628215789795, 1.6316654682159424, 0.20150823891162872, 0.4191937744617462] [0.26388996839523315, -0.5507479906082153, 0.04904603958129883, 0.9818019866943359, 1.498676061630249, 0.5135999917984009]
[0.17365798354148865, -0.10494028031826019, 0.05735368654131889, 1.6412850618362427, 0.19608204066753387, 0.4594973623752594] [0.26388996839523315, -0.5430779457092285, 0.04751203954219818, 1.0216859579086304, 1.5002100467681885, 0.5131999850273132]
[0.1714174747467041, -0.0992366150021553, 0.05774036794900894, 1.6513214111328125, 0.19178490340709686, 0.5094055533409119] [0.26388996839523315, -0.5308059453964233, 0.04444403946399689, 1.0492980480194092, 1.501744031906128, 0.5135999917984009]
[0.16946691274642944, -0.09544827044010162, 0.057996369898319244, 1.6568355560302734, 0.18914221227169037, 0.5453434586524963] [0.26388996839523315, -0.5292719602584839, 0.039842039346694946, 1.090716004371643, 1.501744031906128, 0.5135999917984009]
[0.16648606956005096, -0.09157297760248184, 0.05856112763285637, 1.6650488376617432, 0.18498018383979797, 0.5889400839805603] [0.26388996839523315, -0.5292719602584839, 0.03677403926849365, 1.132133960723877, 1.5048121213912964, 0.5131999850273132]
[0.1637156456708908, -0.08834753185510635, 0.05873572826385498, 1.6739650964736938, 0.18437986075878143, 0.6268095970153809] [0.26388996839523315, -0.5292719602584839, 0.030638039112091064, 1.1766200065612793, 1.514016032218933, 0.5135999917984009]
[0.1599346101284027, -0.08433456718921661, 0.05887945741415024, 1.688578724861145, 0.18466579914093018, 0.6759448647499084] [0.26388996839523315, -0.5292719602584839, 0.024502038955688477, 1.202697992324829, 1.5170841217041016, 0.5135999917984009]
[0.15746650099754333, -0.0818488746881485, 0.059254974126815796, 1.696252465248108, 0.1821376234292984, 0.7071785926818848] [0.2654239535331726, -0.5292719602584839, 0.019900038838386536, 1.2349120378494263, 1.5201520919799805, 0.5135999917984009]
[0.15556016564369202, -0.08015239238739014, 0.059014271944761276, 1.7013425827026367, 0.18373306095600128, 0.7296432256698608] [0.26388996839523315, -0.5277379751205444, 0.013764038681983948, 1.2563879489898682, 1.5201520919799805, 0.5135999917984009]
[0.15295010805130005, -0.07718794047832489, 0.059199996292591095, 1.7062764167785645, 0.18189609050750732, 0.7642027139663696] [0.2654239535331726, -0.5231359601020813, 0.010696038603782654, 1.2870680093765259, 1.5201520919799805, 0.5135999917984009]
[0.15088492631912231, -0.07476618885993958, 0.05965704098343849, 1.7094067335128784, 0.1785566508769989, 0.7921409010887146] [0.2654239535331726, -0.5169999599456787, 0.00762803852558136, 1.3039419651031494, 1.5201520919799805, 0.5131999850273132]
[0.1486581712961197, -0.0718097984790802, 0.059657927602529526, 1.7153096199035645, 0.17668144404888153, 0.823514461517334] [0.2654239535331726, -0.5077959895133972, 0.004560038447380066, 1.3254179954528809, 1.5201520919799805, 0.5135999917984009]
[0.14751489460468292, -0.06976287066936493, 0.05960940942168236, 1.7179169654846191, 0.17601491510868073, 0.8424443006515503] [0.2654239535331726, -0.49245595932006836, -4.1961669921875e-05, 1.3300199508666992, 1.5201520919799805, 0.5135999917984009]
[0.14638665318489075, -0.06581860035657883, 0.05937568470835686, 1.721785545349121, 0.17492009699344635, 0.8708304762840271] [0.2654239535331726, -0.46944597363471985, -0.003109961748123169, 1.3300199508666992, 1.5201520919799805, 0.5135999917984009]
[0.14554084837436676, -0.062334489077329636, 0.05924522131681442, 1.7250523567199707, 0.17317631840705872, 0.8943195939064026] [0.2654239535331726, -0.44029998779296875, -0.006177961826324463, 1.3300199508666992, 1.5201520919799805, 0.5135999917984009]
[0.14403586089611053, -0.05680166929960251, 0.059113793075084686, 1.7301058769226074, 0.16990740597248077, 0.9318035840988159] [0.2654239535331726, -0.40808597207069397, -0.01231396198272705, 1.3300199508666992, 1.5201520919799805, 0.5135999917984009]
[0.14210200309753418, -0.05087971314787865, 0.05873867869377136, 1.7346984148025513, 0.16866497695446014, 0.9729198217391968] [0.2654239535331726, -0.3697359561920166, -0.019983962178230286, 1.3300199508666992, 1.5201520919799805, 0.5135999917984009]
[0.14032797515392303, -0.046160414814949036, 0.058320265263319016, 1.7378472089767456, 0.16887757182121277, 1.00641667842865] [0.2654239535331726, -0.3375219702720642, -0.02765396237373352, 1.3300199508666992, 1.52168607711792, 0.5131999850273132]
[0.13887712359428406, -0.0426042415201664, 0.05803333595395088, 1.7430955171585083, 0.16921117901802063, 1.0319892168045044] [0.2654239535331726, -0.3145119547843933, -0.03378996253013611, 1.3300199508666992, 1.5232200622558594, 0.5135999917984009]
[0.13811561465263367, -0.04084113612771034, 0.057880207896232605, 1.7441329956054688, 0.16934502124786377, 1.0447715520858765] [0.26388996839523315, -0.30377396941185, -0.03378996253013611, 1.3300199508666992, 1.5232200622558594, 0.5135999917984009]
[0.13784223794937134, -0.03980967774987221, 0.057955339550971985, 1.7448976039886475, 0.1679387092590332, 1.0508259534835815] [0.2654239535331726, -0.3007059693336487, -0.0368579626083374, 1.3300199508666992, 1.5232200622558594, 0.5131999850273132]
[0.13765807449817657, -0.03974929079413414, 0.05787321925163269, 1.7431789636611938, 0.1697484701871872, 1.0527790784835815] [0.2623559832572937, -0.30223995447158813, -0.03839196264743805, 1.3300199508666992, 1.5232200622558594, 0.5131999850273132]
[0.1383334845304489, -0.04109042137861252, 0.05824877694249153, 1.7359601259231567, 0.17165185511112213, 1.0434147119522095] [0.25775396823883057, -0.31604596972465515, -0.04145996272563934, 1.3300199508666992, 1.5232200622558594, 0.5135999917984009]
[0.1394542157649994, -0.04421989619731903, 0.05782504379749298, 1.7311612367630005, 0.1784677803516388, 1.0225480794906616] [0.2562199831008911, -0.33598798513412476, -0.04452796280384064, 1.3300199508666992, 1.5232200622558594, 0.5135999917984009]
[0.1400352418422699, -0.04601861163973808, 0.057493288069963455, 1.7291876077651978, 0.18257032334804535, 1.01068913936615] [0.2562199831008911, -0.34519195556640625, -0.04452796280384064, 1.3300199508666992, 1.5232200622558594, 0.5131999850273132]
[0.14006532728672028, -0.04625123739242554, 0.05730587989091873, 1.7286680936813354, 0.18435786664485931, 1.0094764232635498] [0.2546859681606293, -0.34519195556640625, -0.04759596288204193, 1.3300199508666992, 1.5232200622558594, 0.5131999850273132]
[0.1405346840620041, -0.047241609543561935, 0.05721787363290787, 1.724379062652588, 0.18661528825759888, 1.0019193887710571] [0.2546859681606293, -0.355929970741272, -0.046061962842941284, 1.3284859657287598, 1.5232200622558594, 0.5135999917984009]
[0.14119850099086761, -0.0496397465467453, 0.057063352316617966, 1.723840355873108, 0.18987217545509338, 0.9866780638694763] [0.25315195322036743, -0.37893998622894287, -0.04759596288204193, 1.3284859657287598, 1.52168607711792, 0.5131999850273132]
[0.14236587285995483, -0.05327459052205086, 0.05697554349899292, 1.7174856662750244, 0.19411131739616394, 0.9620011448860168] [0.25315195322036743, -0.4050179719924927, -0.04759596288204193, 1.3300199508666992, 1.52168607711792, 0.5135999917984009]
[0.14368586242198944, -0.058084115386009216, 0.05663406848907471, 1.7126725912094116, 0.20065471529960632, 0.9298698902130127] [0.25315195322036743, -0.43416398763656616, -0.04759596288204193, 1.3300199508666992, 1.52168607711792, 0.5135999917984009]
[0.1446441262960434, -0.0620080903172493, 0.056386157870292664, 1.7086158990859985, 0.20583845674991608, 0.9038041234016418] [0.25315195322036743, -0.4617759585380554, -0.046061962842941284, 1.3300199508666992, 1.52168607711792, 0.5131999850273132]
[0.1457381546497345, -0.06688084453344345, 0.05628249794244766, 1.7037180662155151, 0.21063077449798584, 0.8712610602378845] [0.25315195322036743, -0.49245595932006836, -0.046061962842941284, 1.3300199508666992, 1.52168607711792, 0.5135999917984009]
[0.14664986729621887, -0.07119576632976532, 0.05604775622487068, 1.6987563371658325, 0.21613028645515442, 0.8420032262802124] [0.25315195322036743, -0.5246700048446655, -0.046061962842941284, 1.3300199508666992, 1.52168607711792, 0.5131999850273132]
[0.14746564626693726, -0.07744210958480835, 0.05583559349179268, 1.691858172416687, 0.2234630137681961, 0.8018755316734314] [0.25315195322036743, -0.561486005783081, -0.046061962842941284, 1.3300199508666992, 1.5201520919799805, 0.5135999917984009]
[0.14785869419574738, -0.08075018227100372, 0.05573390796780586, 1.6879782676696777, 0.22728775441646576, 0.7802168726921082] [0.25315195322036743, -0.5860300064086914, -0.046061962842941284, 1.3300199508666992, 1.52168607711792, 0.5135999917984009]
[0.14825084805488586, -0.08572673052549362, 0.05538732558488846, 1.6830668449401855, 0.23399366438388824, 0.7479128241539001] [0.25315195322036743, -0.6167099475860596, -0.046061962842941284, 1.3300199508666992, 1.5201520919799805, 0.5131999850273132]
[0.1486131101846695, -0.09047821909189224, 0.05553874745965004, 1.6761176586151123, 0.2380051463842392, 0.7165915369987488] [0.25315195322036743, -0.6443219780921936, -0.046061962842941284, 1.3300199508666992, 1.52168607711792, 0.5135999917984009]
[0.148761585354805, -0.09499876201152802, 0.0555003322660923, 1.6703782081604004, 0.2427177131175995, 0.6870082020759583] [0.25315195322036743, -0.6703999638557434, -0.046061962842941284, 1.3300199508666992, 1.52168607711792, 0.5135999917984009]
[0.14878763258457184, -0.09880765527486801, 0.05549359321594238, 1.665429949760437, 0.24655674397945404, 0.6620478630065918] [0.25315195322036743, -0.6980119943618774, -0.046061962842941284, 1.3300199508666992, 1.52168607711792, 0.5131999850273132]
[0.14873620867729187, -0.10214012861251831, 0.05550689995288849, 1.6610164642333984, 0.2498166263103485, 0.6401721239089966] [0.2546859681606293, -0.7240899801254272, -0.046061962842941284, 1.3300199508666992, 1.5201520919799805, 0.5135999917984009]
[0.14852918684482574, -0.10713475942611694, 0.05556044727563858, 1.6542538404464722, 0.25452885031700134, 0.6072973012924194] [0.25315195322036743, -0.7517019510269165, -0.046061962842941284, 1.3284859657287598, 1.52168607711792, 0.5135999917984009]
[0.14828599989414215, -0.11069686710834503, 0.0556233711540699, 1.6493220329284668, 0.25776156783103943, 0.5837711691856384] [0.25315195322036743, -0.7762459516525269, -0.046061962842941284, 1.3284859657287598, 1.52168607711792, 0.5135999917984009]
[0.147704616189003, -0.11661782115697861, 0.05577377602458, 1.6409227848052979, 0.262896865606308, 0.5444811582565308] [0.25315195322036743, -0.8099939823150635, -0.046061962842941284, 1.3300199508666992, 1.52168607711792, 0.5135999917984009]
[0.14704668521881104, -0.1215706467628479, 0.05594398081302643, 1.6337014436721802, 0.26696112751960754, 0.5114029049873352] [0.25315195322036743, -0.8483439683914185, -0.046061962842941284, 1.3284859657287598, 1.52168607711792, 0.5131999850273132]
[0.14596951007843018, -0.1279032975435257, 0.0562032014131546, 1.6226732730865479, 0.27184367179870605, 0.4687776565551758] [0.25315195322036743, -0.8836259841918945, -0.046061962842941284, 1.3284859657287598, 1.5201520919799805, 0.5135999917984009]
[0.14530125260353088, -0.1317826807498932, 0.056377191096544266, 1.6165119409561157, 0.27469921112060547, 0.44188323616981506] [0.25315195322036743, -0.9204419851303101, -0.046061962842941284, 1.3284859657287598, 1.52168607711792, 0.5135999917984009]
[0.14351963996887207, -0.13918054103851318, 0.05683809891343117, 1.6048235893249512, 0.27967289090156555, 0.39116060733795166] [0.2546859681606293, -0.9633939862251282, -0.046061962842941284, 1.3254179954528809, 1.5201520919799805, 0.5135999917984009]
[0.14230860769748688, -0.1442984938621521, 0.05715365707874298, 1.5961191654205322, 0.28285831212997437, 0.35461920499801636] [0.2546859681606293, -0.9986760020256042, -0.046061962842941284, 1.3254179954528809, 1.5201520919799805, 0.5135999917984009]
[0.14087598025798798, -0.14860652387142181, 0.057291217148303986, 1.589458703994751, 0.2867431938648224, 0.32453611493110657] [0.25315195322036743, -1.0293560028076172, -0.046061962842941284, 1.322350025177002, 1.5201520919799805, 0.5135999917984009]
[0.13891594111919403, -0.15497992932796478, 0.058033667504787445, 1.5777177810668945, 0.28856104612350464, 0.2781788408756256] [0.2546859681606293, -1.0723079442977905, -0.046061962842941284, 1.322350025177002, 1.5201520919799805, 0.5135999917984009]
[0.13681896030902863, -0.16005927324295044, 0.05834973603487015, 1.5691899061203003, 0.2923206686973572, 0.24158571660518646] [0.2546859681606293, -1.1060559749603271, -0.046061962842941284, 1.322350025177002, 1.5201520919799805, 0.5131999850273132]
[0.13425832986831665, -0.16609199345111847, 0.05899810045957565, 1.5565533638000488, 0.29465633630752563, 0.19682450592517853] [0.2546859681606293, -1.1444059610366821, -0.046061962842941284, 1.3208160400390625, 1.5201520919799805, 0.5135999917984009]
[0.13213342428207397, -0.17019183933734894, 0.05956956744194031, 1.5506075620651245, 0.29600006341934204, 0.16642363369464874] [0.2546859681606293, -1.170483946800232, -0.046061962842941284, 1.322350025177002, 1.518618106842041, 0.5135999917984009]
[0.13081945478916168, -0.17272211611270905, 0.0598921924829483, 1.5442839860916138, 0.2967243492603302, 0.14721068739891052] [0.2562199831008911, -1.1842899322509766, -0.046061962842941284, 1.322350025177002, 1.518618106842041, 0.5135999917984009]
[0.1304142326116562, -0.17372985184192657, 0.05999886244535446, 1.5422148704528809, 0.2969827651977539, 0.1392008364200592] [0.2546859681606293, -1.190425992012024, -0.046061962842941284, 1.3208160400390625, 1.518618106842041, 0.5131999850273132]
[0.1297341138124466, -0.1749809980392456, 0.06017591804265976, 1.5398114919662476, 0.29729345440864563, 0.12959009408950806] [0.2546859681606293, -1.2011640071868896, -0.046061962842941284, 1.3162139654159546, 1.518618106842041, 0.5131999850273132]
[0.12903818488121033, -0.17694610357284546, 0.060360703617334366, 1.5355920791625977, 0.2977093756198883, 0.11356257647275925] [0.2546859681606293, -1.2072999477386475, -0.046061962842941284, 1.3162139654159546, 1.518618106842041, 0.5135999917984009]
[0.12909525632858276, -0.17694170773029327, 0.06054440885782242, 1.5375045537948608, 0.29622501134872437, 0.11353594809770584] [0.2546859681606293, -1.205765962600708, -0.04452796280384064, 1.3162139654159546, 1.518618106842041, 0.5135999917984009]
[0.12919247150421143, -0.17693696916103363, 0.06085788086056709, 1.5367273092269897, 0.29325637221336365, 0.11348093301057816] [0.2546859681606293, -1.2072999477386475, -0.039925962686538696, 1.3162139654159546, 1.518618106842041, 0.5135999917984009]
[0.1292434185743332, -0.1769341081380844, 0.06102374568581581, 1.5371054410934448, 0.29177209734916687, 0.11345258355140686] [0.2546859681606293, -1.205765962600708, -0.039925962686538696, 1.3162139654159546, 1.518618106842041, 0.5131999850273132]
[0.12918347120285034, -0.1769341081380844, 0.06082553416490555, 1.5372868776321411, 0.2932961881160736, 0.11350488662719727] [0.2562199831008911, -1.205765962600708, -0.039925962686538696, 1.3162139654159546, 1.518618106842041, 0.5131999850273132]
[0.12940214574337006, -0.17672163248062134, 0.0611267052590847, 1.5384455919265747, 0.29028329253196716, 0.11504512280225754] [0.2562199831008911, -1.2072999477386475, -0.0368579626083374, 1.3162139654159546, 1.518618106842041, 0.5135999917984009]
[0.12940214574337006, -0.17672163248062134, 0.0611267052590847, 1.5384455919265747, 0.29028329253196716, 0.11504512280225754] [0.2562199831008911, -1.205765962600708, -0.0368579626083374, 1.3162139654159546, 1.518618106842041, 0.5135999917984009]
[0.12940214574337006, -0.17672163248062134, 0.0611267052590847, 1.5384455919265747, 0.29028329253196716, 0.11504512280225754] [0.2562199831008911, -1.205765962600708, -0.0368579626083374, 1.3162139654159546, 1.518618106842041, 0.5135999917984009]
[0.12951882183551788, -0.1765144020318985, 0.06109614670276642, 1.5388485193252563, 0.2902383804321289, 0.11664435267448425] [0.25775396823883057, -1.2042319774627686, -0.0368579626083374, 1.3162139654159546, 1.518618106842041, 0.5135999917984009]
[0.12957528233528137, -0.17630700767040253, 0.06086685135960579, 1.539440393447876, 0.291716068983078, 0.1182977482676506] [0.25775396823883057, -1.202697992324829, -0.035323962569236755, 1.3162139654159546, 1.518618106842041, 0.5135999917984009]
[0.12957528233528137, -0.17630700767040253, 0.06086685135960579, 1.539440393447876, 0.291716068983078, 0.1182977482676506] [0.25775396823883057, -1.202697992324829, -0.0368579626083374, 1.3162139654159546, 1.5170841217041016, 0.5135999917984009]
[0.12957528233528137, -0.17630700767040253, 0.06086685135960579, 1.539440393447876, 0.291716068983078, 0.1182977482676506] [0.25775396823883057, -1.202697992324829, -0.0368579626083374, 1.3162139654159546, 1.518618106842041, 0.5135999917984009]
[0.12962602078914642, -0.1763043850660324, 0.061032798141241074, 1.539817452430725, 0.2902318835258484, 0.11826521903276443] [0.25775396823883057, -1.202697992324829, -0.0368579626083374, 1.3162139654159546, 1.518618106842041, 0.5135999917984009]
[0.12957528233528137, -0.17630700767040253, 0.06086685135960579, 1.539440393447876, 0.291716068983078, 0.1182977482676506] [0.25775396823883057, -1.202697992324829, -0.0368579626083374, 1.3162139654159546, 1.518618106842041, 0.5135999917984009]
[0.12957528233528137, -0.17630700767040253, 0.06086685135960579, 1.539440393447876, 0.291716068983078, 0.1182977482676506] [0.25775396823883057, -1.202697992324829, -0.0368579626083374, 1.3162139654159546, 1.518618106842041, 0.5135999917984009]
[0.12957528233528137, -0.17630700767040253, 0.06086685135960579, 1.539440393447876, 0.291716068983078, 0.1182977482676506] [0.2562199831008911, -1.202697992324829, -0.0368579626083374, 1.3162139654159546, 1.518618106842041, 0.5135999917984009]
[0.12957528233528137, -0.17630700767040253, 0.06086685135960579, 1.539440393447876, 0.291716068983078, 0.1182977482676506] [0.25775396823883057, -1.202697992324829, -0.0368579626083374, 1.3162139654159546, 1.518618106842041, 0.5135999917984009]
[0.12957528233528137, -0.17630700767040253, 0.06086685135960579, 1.539440393447876, 0.291716068983078, 0.1182977482676506] [0.25775396823883057, -1.202697992324829, -0.0368579626083374, 1.3162139654159546, 1.518618106842041, 0.5135999917984009]
[0.12957528233528137, -0.17630700767040253, 0.06086685135960579, 1.539440393447876, 0.291716068983078, 0.1182977482676506] [0.25775396823883057, -1.202697992324829, -0.0368579626083374, 1.3162139654159546, 1.518618106842041, 0.5135999917984009]
[0.12951897084712982, -0.1763109415769577, 0.06068291887640953, 1.5375293493270874, 0.2932003438472748, 0.11832976341247559] [0.25775396823883057, -1.202697992324829, -0.03839196264743805, 1.3162139654159546, 1.518618106842041, 0.9975999593734741]
[0.12951897084712982, -0.1763109415769577, 0.06068291887640953, 1.5375293493270874, 0.2932003438472748, 0.11832976341247559] [0.25775396823883057, -1.202697992324829, -0.03839196264743805, 1.3162139654159546, 1.5170841217041016, 0.9971999526023865]
[0.12952430546283722, -0.17630968987941742, 0.06070098653435707, 1.5390633344650269, 0.2932003438472748, 0.11832976341247559] [0.25775396823883057, -1.202697992324829, -0.03839196264743805, 1.3162139654159546, 1.5170841217041016, 0.9975999593734741]
[0.12952430546283722, -0.17630968987941742, 0.06070098653435707, 1.5390633344650269, 0.2932003438472748, 0.11832976341247559] [0.25775396823883057, -1.202697992324829, -0.03839196264743805, 1.3162139654159546, 1.5170841217041016, 0.9971999526023865]
[0.12951897084712982, -0.1763109415769577, 0.06068291887640953, 1.5375293493270874, 0.2932003438472748, 0.11832976341247559] [0.25775396823883057, -1.202697992324829, -0.03839196264743805, 1.317747950553894, 1.518618106842041, 0.9975999593734741]
[0.12951897084712982, -0.1763109415769577, 0.06068291887640953, 1.5375293493270874, 0.2932003438472748, 0.11832976341247559] [0.2562199831008911, -1.202697992324829, -0.03839196264743805, 1.317747950553894, 1.518618106842041, 0.9975999593734741]
[0.12951897084712982, -0.1763109415769577, 0.06068291887640953, 1.5375293493270874, 0.2932003438472748, 0.11832976341247559] [0.25775396823883057, -1.202697992324829, -0.03839196264743805, 1.3162139654159546, 1.5170841217041016, 0.9975999593734741]
[0.12951897084712982, -0.1763109415769577, 0.06068291887640953, 1.5375293493270874, 0.2932003438472748, 0.11832976341247559] [0.25775396823883057, -1.202697992324829, -0.03839196264743805, 1.3162139654159546, 1.5170841217041016, 0.9975999593734741]
[0.12952430546283722, -0.17630968987941742, 0.06070098653435707, 1.5390633344650269, 0.2932003438472748, 0.11832976341247559] [0.25775396823883057, -1.202697992324829, -0.03839196264743805, 1.3162139654159546, 1.518618106842041, 0.9971999526023865]
[0.12951897084712982, -0.1763109415769577, 0.06068291887640953, 1.5375293493270874, 0.2932003438472748, 0.11832976341247559] [0.25775396823883057, -1.202697992324829, -0.03839196264743805, 1.3162139654159546, 1.518618106842041, 0.9975999593734741]
[0.12952430546283722, -0.17630968987941742, 0.06070098653435707, 1.5390633344650269, 0.2932003438472748, 0.11832976341247559] [0.25775396823883057, -1.202697992324829, -0.03839196264743805, 1.3162139654159546, 1.5170841217041016, 0.9971999526023865]
