[0.024279316887259483, -0.25565773248672485, 0.31497231125831604, 2.899066925048828, 0.1656809002161026, -0.7612069845199585] [0.49552398920059204, -0.7026139497756958, 1.8361561298370361, 0.2715599536895752, 1.4495880603790283, 0.9968000054359436, -1.3007900714874268, -1.2962720394134521]
[0.024140946567058563, -0.2559436857700348, 0.31495121121406555, 2.8975939750671387, 0.16594719886779785, -0.7631511688232422] [0.49552398920059204, -0.7026139497756958, 1.8361561298370361, 0.2715599536895752, 1.4495880603790283, 0.9968000054359436, -1.3069260120391846, -1.2978060245513916]
[0.025142844766378403, -0.2557651698589325, 0.3141919672489166, 2.895110845565796, 0.1700449436903, -0.7623203992843628] [0.4970579743385315, -0.70414799451828, 1.8361561298370361, 0.2715599536895752, 1.4495880603790283, 0.9968000054359436, -1.3115280866622925, -1.30240797996521]
[0.025870364159345627, -0.255863219499588, 0.3134081959724426, 2.892047882080078, 0.17386698722839355, -0.7630297541618347] [0.49552398920059204, -0.70414799451828, 1.8361561298370361, 0.2715599536895752, 1.4495880603790283, 0.9968000054359436, -1.3115280866622925, -1.30240797996521]
[0.026217352598905563, -0.25586673617362976, 0.31312239170074463, 2.890444278717041, 0.17545580863952637, -0.7633498907089233] [0.49552398920059204, -0.70414799451828, 1.8361561298370361, 0.2715599536895752, 1.4495880603790283, 0.9968000054359436, -1.3115280866622925, -1.30240797996521]
[0.026442676782608032, -0.25587236881256104, 0.31294554471969604, 2.8894786834716797, 0.17645691335201263, -0.7635359168052673] [0.49552398920059204, -0.7026139497756958, 1.8361561298370361, 0.2715599536895752, 1.4495880603790283, 0.9968000054359436, -1.3115280866622925, -1.30240797996521]
[0.026352252811193466, -0.2561097741127014, 0.31295648217201233, 2.8887643814086914, 0.17632505297660828, -0.7648017406463623] [0.49552398920059204, -0.7026139497756958, 1.8361561298370361, 0.2715599536895752, 1.4495880603790283, 0.9968000054359436, -1.3115280866622925, -1.30240797996521]
[0.026351701468229294, -0.2562495768070221, 0.31281906366348267, 2.8889410495758057, 0.17671018838882446, -0.7648541927337646] [0.4970579743385315, -0.70414799451828, 1.8361561298370361, 0.2715599536895752, 1.4495880603790283, 0.9968000054359436, -1.309994101524353, -1.30240797996521]
[0.02653617039322853, -0.25596722960472107, 0.3127521872520447, 2.8894379138946533, 0.1771518588066101, -0.7635587453842163] [0.4970579743385315, -0.7026139497756958, 1.8361561298370361, 0.27002596855163574, 1.4495880603790283, 0.9968000054359436, -1.3115280866622925, -1.30240797996521]
[0.027863284572958946, -0.25583669543266296, 0.3111872375011444, 2.8795340061187744, 0.1817575842142105, -0.7635766863822937] [0.49552398920059204, -0.70414799451828, 1.8315540552139282, 0.2822979688644409, 1.4495880603790283, 0.07360000163316727, -1.3238000869750977, -1.3131459951400757]
[0.028853807598352432, -0.2556416988372803, 0.3144061267375946, 2.8763136863708496, 0.1576801836490631, -0.7588531374931335] [0.48631995916366577, -0.70414799451828, 1.822350025177002, 0.29917198419570923, 1.4480540752410889, 0.07360000163316727, -1.328402042388916, -1.3131459951400757]
[0.029852425679564476, -0.2554587423801422, 0.3163006901741028, 2.8753468990325928, 0.14384518563747406, -0.7559710741043091] [0.47558197379112244, -0.70414799451828, 1.819282054901123, 0.30684196949005127, 1.4465200901031494, 0.07360000163316727, -1.333004117012024, -1.3116120100021362]
[0.03117203526198864, -0.25538313388824463, 0.31838423013687134, 2.878675937652588, 0.13015517592430115, -0.7534301280975342] [0.4541059732437134, -0.70414799451828, 1.8100781440734863, 0.30990996956825256, 1.4465200901031494, 0.07360000163316727, -1.3345381021499634, -1.3116120100021362]
[0.03287452831864357, -0.25495991110801697, 0.3218025267124176, 2.881196975708008, 0.11140705645084381, -0.7473846673965454] [0.4249599575996399, -0.70414799451828, 1.7947380542755127, 0.31297796964645386, 1.44498610496521, 0.07360000163316727, -1.3345381021499634, -1.3116120100021362]
[0.03536883741617203, -0.2541213035583496, 0.32864683866500854, 2.884467601776123, 0.07425340265035629, -0.737172544002533] [0.3804739713668823, -0.70414799451828, 1.768660068511963, 0.3206479549407959, 1.4388500452041626, 0.07360000163316727, -1.3360720872879028, -1.3100780248641968]
[0.03797939419746399, -0.2527099549770355, 0.3356286883354187, 2.876673460006714, 0.03418779745697975, -0.7235259413719177] [0.33905595541000366, -0.7010799646377563, 1.727242112159729, 0.34212398529052734, 1.4158400297164917, 0.07320000231266022, -1.3376060724258423, -1.3116120100021362]
[0.041702672839164734, -0.2495620995759964, 0.3453037440776825, 2.830765724182129, -0.02588975802063942, -0.6981245279312134] [0.2853659689426422, -0.6995459794998169, 1.6704840660095215, 0.355929970741272, 1.4112380743026733, 0.07320000231266022, -1.3391400575637817, -1.3100780248641968]
[0.043535035103559494, -0.24830101430416107, 0.3505673408508301, 2.818310499191284, -0.05381643399596214, -0.6863210201263428] [0.2454819679260254, -0.6995459794998169, 1.6275321245193481, 0.36206597089767456, 1.405102014541626, 0.07360000163316727, -1.3391400575637817, -1.3100780248641968]
[0.04593789950013161, -0.24583201110363007, 0.3576865792274475, 2.781127691268921, -0.09263170510530472, -0.6664894223213196] [0.19946196675300598, -0.6918759942054749, 1.5661721229553223, 0.37433797121047974, 1.3974320888519287, 0.07360000163316727, -1.3391400575637817, -1.3100780248641968]
[0.05053500086069107, -0.23970896005630493, 0.36639872193336487, 2.736589193344116, -0.14623892307281494, -0.6249402165412903] [0.14883996546268463, -0.6780699491500854, 1.4281120300292969, 0.42649397253990173, 1.3928301334381104, 0.07360000163316727, -1.3406740427017212, -1.3100780248641968]
[0.058087386190891266, -0.2243216335773468, 0.3754155933856964, 2.5314290523529053, -0.2196437567472458, -0.5031720399856567] [0.11662595719099045, -0.6657979488372803, 1.1995460987091064, 0.5185339450836182, 1.3912960290908813, 0.07360000163316727, -1.3406740427017212, -1.3100780248641968]
[0.06511420011520386, -0.20725268125534058, 0.38226330280303955, 2.3792026042938232, -0.2718612551689148, -0.3738882839679718] [0.07060596346855164, -0.6259139776229858, 1.0937000513076782, 0.5384759902954102, 1.3912960290908813, 0.07360000163316727, -1.3406740427017212, -1.3100780248641968]
[0.07019909471273422, -0.19623775780200958, 0.388012170791626, 2.363389253616333, -0.3023242950439453, -0.3107156753540039] [0.035323962569236755, -0.5691559910774231, 1.0768260955810547, 0.5400099754333496, 1.3851600885391235, 0.07360000163316727, -1.3406740427017212, -1.3100780248641968]
[0.0758185014128685, -0.1834542453289032, 0.3908664882183075, 2.3304059505462646, -0.3173980712890625, -0.23915627598762512] [0.01231396198272705, -0.5077959895133972, 1.0338740348815918, 0.5400099754333496, 1.366752028465271, 0.07360000163316727, -1.3422080278396606, -1.3100780248641968]
[0.08088409900665283, -0.16996806859970093, 0.39251774549484253, 2.280418634414673, -0.32362300157546997, -0.16344326734542847] [-0.010696038603782654, -0.4525719881057739, 0.9863200783729553, 0.5400099754333496, 1.3529460430145264, 0.07360000163316727, -1.3422080278396606, -1.3100780248641968]
[0.08543147891759872, -0.15373843908309937, 0.39559701085090637, 2.226816177368164, -0.33649778366088867, -0.07362935692071915] [-0.04751203954219818, -0.3728039860725403, 0.9326300621032715, 0.5400099754333496, 1.3345381021499634, 0.07360000163316727, -1.3422080278396606, -1.3100780248641968]
[0.08827906101942062, -0.13927589356899261, 0.39777788519859314, 2.168893575668335, -0.34475404024124146, 0.005206013098359108] [-0.0643860399723053, -0.317579984664917, 0.8804740905761719, 0.5400099754333496, 1.3176640272140503, 0.07320000231266022, -1.3422080278396606, -1.3100780248641968]
[0.09000890702009201, -0.12780912220478058, 0.39819657802581787, 2.109056234359741, -0.3414131999015808, 0.0691601037979126] [-0.07972604036331177, -0.26695796847343445, 0.8283180594444275, 0.5400099754333496, 1.3053920269012451, 0.07360000163316727, -1.3422080278396606, -1.3100780248641968]
[0.0911526158452034, -0.11211667209863663, 0.39864715933799744, 2.0324981212615967, -0.33641350269317627, 0.1565169394016266] [-0.09813404083251953, -0.2163359671831131, 0.7592880725860596, 0.5384759902954102, 1.3023240566253662, 0.07360000163316727, -1.3422080278396606, -1.3100780248641968]
[0.09139112383127213, -0.09977953881025314, 0.397853821516037, 1.973780632019043, -0.32507455348968506, 0.22608789801597595] [-0.10427004098892212, -0.17184996604919434, 0.722472071647644, 0.5369420051574707, 1.3007900714874268, 0.07360000163316727, -1.3422080278396606, -1.3100780248641968]
[0.09168568253517151, -0.09066552668809891, 0.39597657322883606, 1.9482516050338745, -0.31000053882598877, 0.27170175313949585] [-0.10580404102802277, -0.11969395726919174, 0.6825880408287048, 0.5323399901390076, 1.2961881160736084, 0.07360000163316727, -1.3437421321868896, -1.3116120100021362]
[0.09119823575019836, -0.07853798568248749, 0.3930617868900299, 1.8956125974655151, -0.2893894612789154, 0.3375062048435211] [-0.10427004098892212, -0.07674196362495422, 0.6319660544395447, 0.5323399901390076, 1.29312002658844, 0.07360000163316727, -1.3437421321868896, -1.3131459951400757]
[0.09178071469068527, -0.0719660297036171, 0.3891686797142029, 1.8581578731536865, -0.25968849658966064, 0.36555731296539307] [-0.10273604094982147, -0.04759596288204193, 0.5982180833816528, 0.5139319896697998, 1.2915860414505005, 0.07360000163316727, -1.345276117324829, -1.3131459951400757]
[0.09154041111469269, -0.06437050551176071, 0.38323667645454407, 1.829323410987854, -0.2259960174560547, 0.40532878041267395] [-0.08432804048061371, -0.01844996213912964, 0.5583340525627136, 0.5139319896697998, 1.2915860414505005, 0.07360000163316727, -1.3468101024627686, -1.3162139654159546]
[0.09122020751237869, -0.06049364060163498, 0.38072773814201355, 1.8096606731414795, -0.2108306884765625, 0.42623138427734375] [-0.08126004040241241, 0.004560038447380066, 0.5322560667991638, 0.5139319896697998, 1.29312002658844, 0.07360000163316727, -1.3468101024627686, -1.3162139654159546]
[0.0900917798280716, -0.05508209764957428, 0.3795900046825409, 1.7919846773147583, -0.20241357386112213, 0.4535505175590515] [-0.07972604036331177, 0.02296803891658783, 0.5199840664863586, 0.5123980045318604, 1.2915860414505005, 0.07360000163316727, -1.3468101024627686, -1.3162139654159546]
[0.09012556076049805, -0.05277470499277115, 0.3772543966770172, 1.787439227104187, -0.19010727107524872, 0.4647310972213745] [-0.07052204012870789, 0.029104039072990417, 0.5107800364494324, 0.5108639597892761, 1.29312002658844, 0.07360000163316727, -1.348344087600708, -1.317747950553894]
[0.09030008316040039, -0.051362864673137665, 0.3737126290798187, 1.791251301765442, -0.17355628311634064, 0.4706083834171295] [-0.05364803969860077, 0.03677403926849365, 0.5107800364494324, 0.5093299746513367, 1.2915860414505005, 0.07360000163316727, -1.3498780727386475, -1.319282054901123]
[0.09049000591039658, -0.05031224712729454, 0.3706234097480774, 1.7977937459945679, -0.1594475507736206, 0.4745510220527649] [-0.039842039346694946, 0.04291003942489624, 0.5092460513114929, 0.5093299746513367, 1.2915860414505005, 0.07360000163316727, -1.3529460430145264, -1.322350025177002]
[0.08922804892063141, -0.04690416529774666, 0.3713812232017517, 1.7913122177124023, -0.15843404829502106, 0.4844381809234619] [-0.039842039346694946, 0.04291003942489624, 0.5092460513114929, 0.5077959895133972, 1.290052056312561, 0.07360000163316727, -1.3529460430145264, -1.3254179954528809]
[0.08948132395744324, -0.04655919596552849, 0.3713309168815613, 1.7901791334152222, -0.15658600628376007, 0.4832109808921814] [-0.039842039346694946, 0.04291003942489624, 0.5092460513114929, 0.506261944770813, 1.2885180711746216, 0.07360000163316727, -1.3575481176376343, -1.3284859657287598]
[0.08980351686477661, -0.045748960226774216, 0.3707503378391266, 1.7890266180038452, -0.15382467210292816, 0.48560938239097595] [-0.039842039346694946, 0.04291003942489624, 0.5077120661735535, 0.5077959895133972, 1.2823820114135742, 0.07360000163316727, -1.3590821027755737, -1.3315539360046387]
[0.09193060547113419, -0.048882681876420975, 0.36817285418510437, 1.790054202079773, -0.14642833173274994, 0.47533196210861206] [-0.039842039346694946, 0.04137603938579559, 0.5077120661735535, 0.506261944770813, 1.2823820114135742, 0.07360000163316727, -1.3606160879135132, -1.3315539360046387]
[0.09310000389814377, -0.050461672246456146, 0.3663904666900635, 1.7877792119979858, -0.14105847477912903, 0.47029149532318115] [-0.039842039346694946, 0.039842039346694946, 0.5077120661735535, 0.506261944770813, 1.2593721151351929, 0.07560000568628311, -1.3606160879135132, -1.3315539360046387]
[0.09436977654695511, -0.05227925628423691, 0.36490678787231445, 1.7750680446624756, -0.13289660215377808, 0.45664265751838684] [-0.03677403926849365, 0.03370603919029236, 0.5077120661735535, 0.4939899742603302, 1.2593721151351929, 0.07560000568628311, -1.3606160879135132, -1.3315539360046387]
[0.0947466641664505, -0.05299476906657219, 0.36395081877708435, 1.7772177457809448, -0.12815801799297333, 0.4518938362598419] [-0.035240039229393005, 0.03370603919029236, 0.5077120661735535, 0.4939899742603302, 1.2593721151351929, 0.07560000568628311, -1.3606160879135132, -1.3315539360046387]
[0.09513416886329651, -0.05483613163232803, 0.36357754468917847, 1.776827096939087, -0.12633784115314484, 0.4426862597465515] [-0.03217203915119171, 0.01836603879928589, 0.5061780214309692, 0.49245595932006836, 1.2593721151351929, 0.07600000500679016, -1.3606160879135132, -1.3315539360046387]
[0.09570128470659256, -0.057373613119125366, 0.36287468671798706, 1.7767505645751953, -0.1222914606332779, 0.42916348576545715] [-0.030638039112091064, 0.010696038603782654, 0.5077120661735535, 0.4939899742603302, 1.2593721151351929, 0.07600000500679016, -1.3590821027755737, -1.3284859657287598]
[0.09551560878753662, -0.057953301817178726, 0.36318615078926086, 1.7739355564117432, -0.12371812015771866, 0.42702406644821167] [-0.030638039112091064, 0.001492038369178772, 0.5046440362930298, 0.4909219741821289, 1.2593721151351929, 0.07600000500679016, -1.3590821027755737, -1.3284859657287598]
[0.09658394753932953, -0.06271594762802124, 0.36268919706344604, 1.771265983581543, -0.11983350664377213, 0.4015052020549774] [-0.03217203915119171, -0.02305196225643158, 0.5046440362930298, 0.4847859740257263, 1.2593721151351929, 0.07560000568628311, -1.3575481176376343, -1.3284859657287598]
[0.09738446027040482, -0.06859082728624344, 0.36304014921188354, 1.7681976556777954, -0.12077388912439346, 0.3727365732192993] [-0.03217203915119171, -0.05679996311664581, 0.5046440362930298, 0.4847859740257263, 1.2593721151351929, 0.07560000568628311, -1.3575481176376343, -1.3284859657287598]
[0.09824889153242111, -0.0768427699804306, 0.36306384205818176, 1.7621493339538574, -0.12000864744186401, 0.33321672677993774] [-0.03217203915119171, -0.10128595679998398, 0.5031100511550903, 0.4847859740257263, 1.2593721151351929, 0.07560000568628311, -1.3560140132904053, -1.3269519805908203]
[0.09715244174003601, -0.08370667695999146, 0.3656808137893677, 1.7475112676620483, -0.12638695538043976, 0.2941466271877289] [-0.03370603919029236, -0.13963596522808075, 0.5015760660171509, 0.4847859740257263, 1.2593721151351929, 0.07560000568628311, -1.3560140132904053, -1.3269519805908203]
[0.09662476181983948, -0.09153077751398087, 0.3668116331100464, 1.7386987209320068, -0.1290823221206665, 0.2545851469039917] [-0.03217203915119171, -0.18105396628379822, 0.5000420808792114, 0.48631995916366577, 1.2593721151351929, 0.07560000568628311, -1.3544800281524658, -1.3269519805908203]
[0.09620541334152222, -0.09854329377412796, 0.36782941222190857, 1.7348716259002686, -0.13269968330860138, 0.22073246538639069] [-0.03370603919029236, -0.21480196714401245, 0.4985080361366272, 0.48631995916366577, 1.2609061002731323, 0.07600000500679016, -1.3544800281524658, -1.3254179954528809]
[0.09601947665214539, -0.10445226728916168, 0.36770638823509216, 1.732261061668396, -0.1312878578901291, 0.192332461476326] [-0.03370603919029236, -0.251617968082428, 0.4985080361366272, 0.48631995916366577, 1.2609061002731323, 0.07600000500679016, -1.3529460430145264, -1.3254179954528809]
[0.09533480554819107, -0.112208791077137, 0.36824432015419006, 1.7267608642578125, -0.1328900158405304, 0.15513600409030914] [-0.03370603919029236, -0.28689998388290405, 0.4985080361366272, 0.48631995916366577, 1.2609061002731323, 0.07560000568628311, -1.3544800281524658, -1.3254179954528809]
[0.09447567164897919, -0.12086018919944763, 0.36850738525390625, 1.7223633527755737, -0.13285493850708008, 0.11304467171430588] [-0.03370603919029236, -0.3283179700374603, 0.4985080361366272, 0.48631995916366577, 1.2609061002731323, 0.07560000568628311, -1.351412057876587, -1.3238840103149414]
[0.09289529919624329, -0.1297440081834793, 0.36885738372802734, 1.7150236368179321, -0.1330905258655548, 0.07006093114614487] [-0.03370603919029236, -0.3758719563484192, 0.49390605092048645, 0.48631995916366577, 1.2624400854110718, 0.07560000568628311, -1.348344087600708, -1.322350025177002]
[0.09052643924951553, -0.13983143866062164, 0.36879485845565796, 1.7052111625671387, -0.13094857335090637, 0.021773172542452812] [-0.03217203915119171, -0.421891987323761, 0.486236035823822, 0.48631995916366577, 1.2624400854110718, 0.07600000500679016, -1.345276117324829, -1.319282054901123]
[0.08868595957756042, -0.14596956968307495, 0.3687880039215088, 1.7002589702606201, -0.12992125749588013, -0.0076136160641908646] [-0.029104039072990417, -0.4648439884185791, 0.48010003566741943, 0.48631995916366577, 1.2685760259628296, 0.07560000568628311, -1.3391400575637817, -1.317747950553894]
[0.08646979928016663, -0.15049882233142853, 0.3684924244880676, 1.6989696025848389, -0.12749989330768585, -0.029481174424290657] [-0.02296803891658783, -0.467911958694458, 0.4754980504512787, 0.4878539741039276, 1.2685760259628296, 0.07560000568628311, -1.333004117012024, -1.3116120100021362]
[0.08573408424854279, -0.15028992295265198, 0.3683246970176697, 1.693603277206421, -0.12631548941135406, -0.02695653773844242] [-0.021434038877487183, -0.467911958694458, 0.46782803535461426, 0.4878539741039276, 1.2731781005859375, 0.07560000568628311, -1.3299360275268555, -1.3070099353790283]
[0.08484844863414764, -0.15010347962379456, 0.3683778643608093, 1.6913254261016846, -0.12489130347967148, -0.025516733527183533] [-0.013764038681983948, -0.46637797355651855, 0.4601580500602722, 0.48938798904418945, 1.2731781005859375, 0.07560000568628311, -1.3161300420761108, -1.2916699647903442]
[0.0836389884352684, -0.14852270483970642, 0.3668041527271271, 1.6822389364242554, -0.11512566357851028, -0.015687189996242523] [0.003109961748123169, -0.46024197340011597, 0.44788604974746704, 0.49245595932006836, 1.2731781005859375, 0.07600000500679016, -1.2977221012115479, -1.2717280387878418]
[0.08043967187404633, -0.1459636688232422, 0.3649936616420746, 1.67548668384552, -0.10430050641298294, -0.0008184121106751263] [0.03378996253013611, -0.44336795806884766, 0.4432840347290039, 0.4939899742603302, 1.274712085723877, 0.07600000500679016, -1.2655080556869507, -1.2425819635391235]
[0.07693644613027573, -0.1417425274848938, 0.3641928732395172, 1.6703263521194458, -0.10143376141786575, 0.02646077610552311] [0.05679996311664581, -0.43416398763656616, 0.4371480345726013, 0.5108639597892761, 1.2731781005859375, 0.07560000568628311, -1.2424980401992798, -1.2180379629135132]
[0.07317198812961578, -0.13938826322555542, 0.3645077645778656, 1.6682595014572144, -0.10249195247888565, 0.04040439426898956] [0.08134396374225616, -0.421891987323761, 0.4371480345726013, 0.5169999599456787, 1.2731781005859375, 0.07560000568628311, -1.2148860692977905, -1.187358021736145]
[0.06719862669706345, -0.1339295506477356, 0.36504027247428894, 1.6714297533035278, -0.10637708753347397, 0.07029765099287033] [0.1150919571518898, -0.38507598638534546, 0.4371480345726013, 0.5185339450836182, 1.2762460708618164, 0.07560000568628311, -1.181138038635254, -1.152076005935669]
[0.06301257759332657, -0.12306378036737442, 0.3658211827278137, 1.6810085773468018, -0.11195789277553558, 0.12482678890228271] [0.1411699652671814, -0.3344539701938629, 0.4371480345726013, 0.5216019749641418, 1.2823820114135742, 0.07560000568628311, -1.1611961126327515, -1.132133960723877]
[0.059658944606781006, -0.11266355216503143, 0.36658889055252075, 1.6923097372055054, -0.11780954897403717, 0.17719975113868713] [0.15650996565818787, -0.2884339690208435, 0.4371480345726013, 0.5246700048446655, 1.2885180711746216, 0.07560000568628311, -1.1473901271820068, -1.1183279752731323]
[0.057040806859731674, -0.10506041347980499, 0.3671165108680725, 1.6976860761642456, -0.12187158316373825, 0.21520598232746124] [0.1703159660100937, -0.25775396823883057, 0.43561404943466187, 0.5308059453964233, 1.2915860414505005, 0.07560000568628311, -1.1366521120071411, -1.1075899600982666]
[0.054098647087812424, -0.09762272238731384, 0.36788663268089294, 1.70552396774292, -0.12781117856502533, 0.25421422719955444] [0.18105396628379822, -0.22553996741771698, 0.43561404943466187, 0.5369420051574707, 1.2977221012115479, 0.07560000568628311, -1.1259140968322754, -1.0968519449234009]
[0.05157088488340378, -0.09230393916368484, 0.36828404664993286, 1.7155344486236572, -0.13253915309906006, 0.2852928042411804] [0.1902579665184021, -0.20713196694850922, 0.43561404943466187, 0.5492140054702759, 1.3084601163864136, 0.07560000568628311, -1.1167100667953491, -1.0876480340957642]
[0.04934358224272728, -0.08771530538797379, 0.3688102662563324, 1.7213871479034424, -0.1381506323814392, 0.3133004903793335] [0.20252996683120728, -0.1871899664402008, 0.43561404943466187, 0.5676219463348389, 1.3176640272140503, 0.07560000568628311, -1.1090400218963623, -1.0799779891967773]
[0.04616081342101097, -0.08130866289138794, 0.3692947328090668, 1.728458285331726, -0.14590460062026978, 0.35695117712020874] [0.2132679671049118, -0.1672479659318924, 0.43561404943466187, 0.5967679619789124, 1.3268680572509766, 0.07560000568628311, -1.1029040813446045, -1.0738420486450195]
[0.042545102536678314, -0.07310552895069122, 0.36932066082954407, 1.7465336322784424, -0.1511913686990738, 0.40947863459587097] [0.22707396745681763, -0.13963596522808075, 0.43561404943466187, 0.6182439923286438, 1.3422080278396606, 0.07560000568628311, -1.0937000513076782, -1.0646380186080933]
[0.03857894241809845, -0.06469149142503738, 0.3692505955696106, 1.7603528499603271, -0.15643362700939178, 0.4650765359401703] [0.24087996780872345, -0.1150919571518898, 0.4340800642967224, 0.6443219780921936, 1.3529460430145264, 0.07560000568628311, -1.0875641107559204, -1.0600359439849854]
[0.03522566705942154, -0.058296866714954376, 0.3693062961101532, 1.7711232900619507, -0.16177400946617126, 0.5072944760322571] [0.251617968082428, -0.0890139639377594, 0.4340800642967224, 0.6627299785614014, 1.363684058189392, 0.07560000568628311, -1.0829620361328125, -1.055433988571167]
[0.03218816593289375, -0.05242303013801575, 0.36953073740005493, 1.7799770832061768, -0.16749663650989532, 0.546603798866272] [0.2654239535331726, -0.055265963077545166, 0.4340800642967224, 0.6934099793434143, 1.3698201179504395, 0.07560000568628311, -1.0768260955810547, -1.0492980480194092]
[0.026298489421606064, -0.04211769253015518, 0.3694055676460266, 1.7882829904556274, -0.17671234905719757, 0.6187930107116699] [0.2776959538459778, -0.02765396237373352, 0.43254604935646057, 0.7256239652633667, 1.371354103088379, 0.07560000568628311, -1.0706900358200073, -1.0446959733963013]
[0.02173026278614998, -0.0369531624019146, 0.37005168199539185, 1.7735084295272827, -0.18474364280700684, 0.6670300960540771] [0.2822979688644409, -0.013847962021827698, 0.41567206382751465, 0.7624399662017822, 1.3728880882263184, 0.07560000568628311, -1.066088080406189, -1.040094017982483]
[0.01650116592645645, -0.030880633741617203, 0.37025097012519836, 1.7601563930511475, -0.18912537395954132, 0.7244347929954529] [0.2853659689426422, 0.004560038447380066, 0.39879804849624634, 0.8023239970207214, 1.3774900436401367, 0.07560000568628311, -1.06302011013031, -1.035491943359375]
[0.011345832608640194, -0.0244235098361969, 0.37054845690727234, 1.7424635887145996, -0.19245867431163788, 0.7793868780136108] [0.2853659689426422, 0.029104039072990417, 0.3773220479488373, 0.8360719680786133, 1.3774900436401367, 0.07560000568628311, -1.06302011013031, -1.035491943359375]
[0.006027167662978172, -0.01813407428562641, 0.3709292411804199, 1.7258275747299194, -0.19675663113594055, 0.8369499444961548] [0.28689998388290405, 0.055182039737701416, 0.3619820475578308, 0.8636839985847473, 1.3774900436401367, 0.07560000568628311, -1.061486005783081, -1.035491943359375]
[0.0014917473308742046, -0.012829240411520004, 0.37110069394111633, 1.7064834833145142, -0.19674676656723022, 0.8868564963340759] [0.28076398372650146, 0.06285203993320465, 0.3451080322265625, 0.885159969329834, 1.3774900436401367, 0.07560000568628311, -1.061486005783081, -1.0339579582214355]
[-0.0005489556351676583, -0.012167035602033138, 0.3712712526321411, 1.674910545349121, -0.19074693322181702, 0.9082664847373962] [0.27309396862983704, 0.055182039737701416, 0.32363206148147583, 0.905102014541626, 1.3759560585021973, 0.07560000568628311, -1.0584180355072021, -1.0308899879455566]
[-0.001546545303426683, -0.014372204430401325, 0.3712993264198303, 1.658911108970642, -0.19014757871627808, 0.9140011072158813] [0.2715599536895752, 0.021434038877487183, 0.3128940463066101, 0.9419180154800415, 1.3774900436401367, 0.07560000568628311, -1.0584180355072021, -1.0308899879455566]
[-0.0027025749441236258, -0.0168316587805748, 0.370970755815506, 1.6457148790359497, -0.18901444971561432, 0.9204249382019043] [0.27309396862983704, -0.003109961748123169, 0.3021560311317444, 0.9710639715194702, 1.3882280588150024, 0.07600000500679016, -1.0568840503692627, -1.0308899879455566]
[-0.002517320914193988, -0.020776599645614624, 0.3704867660999298, 1.6525541543960571, -0.1847950667142868, 0.917588472366333] [0.27309396862983704, -0.04912996292114258, 0.2960200309753418, 1.001744031906128, 1.4005000591278076, 0.07560000568628311, -1.0568840503692627, -1.0308899879455566]
[-2.8363328965497203e-05, -0.02713211439549923, 0.36968234181404114, 1.654250144958496, -0.1790553778409958, 0.894375205039978] [0.2746279835700989, -0.09821796417236328, 0.2929520606994629, 1.0339579582214355, 1.405102014541626, 0.07600000500679016, -1.0568840503692627, -1.0308899879455566]
[0.0008299536420963705, -0.033745039254426956, 0.3690654933452606, 1.6512789726257324, -0.17199264466762543, 0.8766446113586426] [0.2746279835700989, -0.15190796554088593, 0.2837480306625366, 1.0692399740219116, 1.4204421043395996, 0.07600000500679016, -1.0568840503692627, -1.0293560028076172]
[0.0009538392769172788, -0.04048209637403488, 0.3685956299304962, 1.6504549980163574, -0.16639120876789093, 0.8582483530044556] [0.27309396862983704, -0.2132679671049118, 0.2730100452899933, 1.109123945236206, 1.4342480897903442, 0.07600000500679016, -1.0568840503692627, -1.0308899879455566]
[0.00041651344508863986, -0.04749618098139763, 0.3682611882686615, 1.6503350734710693, -0.1613067090511322, 0.8407037258148193] [0.2746279835700989, -0.27002596855163574, 0.2638060450553894, 1.14900803565979, 1.4465200901031494, 0.07600000500679016, -1.0568840503692627, -1.0308899879455566]
[0.000537400774192065, -0.0568041056394577, 0.36807718873023987, 1.6518946886062622, -0.15389679372310638, 0.805149495601654] [0.2746279835700989, -0.3497939705848694, 0.25613605976104736, 1.1812219619750977, 1.4679961204528809, 0.07600000500679016, -1.0584180355072021, -1.0308899879455566]
[0.0010841649491339922, -0.06648468971252441, 0.36782288551330566, 1.6545393466949463, -0.1477162390947342, 0.7595909833908081] [0.2746279835700989, -0.40808597207069397, 0.2530680298805237, 1.1919599771499634, 1.478734016418457, 0.07600000500679016, -1.0584180355072021, -1.0308899879455566]
[0.001994436141103506, -0.0755130797624588, 0.3673759400844574, 1.6582025289535522, -0.14017663896083832, 0.7089507579803467] [0.2746279835700989, -0.47864997386932373, 0.2500000596046448, 1.1980960369110107, 1.4879380464553833, 0.07600000500679016, -1.0568840503692627, -1.0308899879455566]
[0.0027523916214704514, -0.08536658436059952, 0.3672105073928833, 1.659177541732788, -0.13342143595218658, 0.6511649489402771] [0.2746279835700989, -0.533873975276947, 0.24846604466438293, 1.1980960369110107, 1.4956080913543701, 0.07600000500679016, -1.0584180355072021, -1.0308899879455566]
[0.0033342407550662756, -0.09589215368032455, 0.3671470284461975, 1.6591401100158691, -0.1282271295785904, 0.5878591537475586] [0.2746279835700989, -0.5844959616661072, 0.24846604466438293, 1.1980960369110107, 1.5002100467681885, 0.07600000500679016, -1.0584180355072021, -1.0308899879455566]
[0.003314098110422492, -0.10154159367084503, 0.36700886487960815, 1.6589744091033936, -0.12456037104129791, 0.5534170269966125] [0.27616196870803833, -0.6213119626045227, 0.2469320446252823, 1.1980960369110107, 1.5048121213912964, 0.07600000500679016, -1.0568840503692627, -1.0308899879455566]
[0.0031201611272990704, -0.1058645099401474, 0.3668941557407379, 1.6587597131729126, -0.12184304744005203, 0.5280857086181641] [0.27616196870803833, -0.6443219780921936, 0.24539804458618164, 1.1980960369110107, 1.5078800916671753, 0.07600000500679016, -1.0584180355072021, -1.0308899879455566]
[0.0029495314229279757, -0.10962759703397751, 0.36662232875823975, 1.6599225997924805, -0.1174970269203186, 0.5058190822601318] [0.27616196870803833, -0.6673319935798645, 0.24539804458618164, 1.1980960369110107, 1.5109480619430542, 0.07560000568628311, -1.0584180355072021, -1.0308899879455566]
[0.0025543286465108395, -0.11432507634162903, 0.3665276765823364, 1.6591737270355225, -0.11421644687652588, 0.47742748260498047] [0.27616196870803833, -0.6995459794998169, 0.2407960444688797, 1.1980960369110107, 1.5170841217041016, 0.07600000500679016, -1.0584180355072021, -1.0308899879455566]
[0.002121738390997052, -0.11734729260206223, 0.3664674460887909, 1.661226511001587, -0.11057598143815994, 0.4585300385951996] [0.27616196870803833, -0.7210220098495483, 0.23926204442977905, 1.1980960369110107, 1.5201520919799805, 0.07600000500679016, -1.0584180355072021, -1.0308899879455566]
[0.0015035617398098111, -0.12187065929174423, 0.3663703203201294, 1.6592216491699219, -0.10783232748508453, 0.4315429627895355] [0.27616196870803833, -0.7563039660453796, 0.2377280443906784, 1.1980960369110107, 1.52168607711792, 0.07600000500679016, -1.0584180355072021, -1.0308899879455566]
[0.0004366195644252002, -0.12872906029224396, 0.36634427309036255, 1.655247449874878, -0.10371828079223633, 0.38956546783447266] [0.27616196870803833, -0.8023239970207214, 0.23312604427337646, 1.1980960369110107, 1.5232200622558594, 0.07560000568628311, -1.0584180355072021, -1.0308899879455566]
[-0.001327483681961894, -0.1370859295129776, 0.3661907911300659, 1.6498512029647827, -0.09856928884983063, 0.3387676775455475] [0.27616196870803833, -0.8529459834098816, 0.23312604427337646, 1.1980960369110107, 1.5232200622558594, 0.07560000568628311, -1.0584180355072021, -1.0308899879455566]
[-0.003182384418323636, -0.1438208967447281, 0.36632975935935974, 1.6438947916030884, -0.09569387882947922, 0.2968137264251709] [0.2776959538459778, -0.8928300142288208, 0.23159204423427582, 1.1980960369110107, 1.5232200622558594, 0.07600000500679016, -1.0568840503692627, -1.0308899879455566]
[-0.00405390840023756, -0.14625243842601776, 0.3666430711746216, 1.641735553741455, -0.09550292044878006, 0.280453085899353] [0.2776959538459778, -0.8943639993667603, 0.2407960444688797, 1.1980960369110107, 1.5232200622558594, 0.07560000568628311, -1.0568840503692627, -1.0308899879455566]
[-0.004566860850900412, -0.14710889756679535, 0.37017279863357544, 1.6501983404159546, -0.1238606795668602, 0.27336153388023376] [0.26388996839523315, -0.8958979845046997, 0.2898840308189392, 1.1858240365982056, 1.5324240922927856, 0.07560000568628311, -1.0599520206451416, -1.0339579582214355]
[-0.0063435472548007965, -0.15205256640911102, 0.385312557220459, 1.719749927520752, -0.2540968656539917, 0.23402783274650574] [0.2684919834136963, -0.8943639993667603, 0.5153820514678955, 1.1413379907608032, 1.537026047706604, 0.07560000568628311, -1.081428050994873, -1.052366018295288]
[-0.009067673236131668, -0.16704492270946503, 0.40713441371917725, 1.8735413551330566, -0.445417195558548, 0.10489719361066818] [0.2715599536895752, -0.8928300142288208, 0.7776960730552673, 1.0002100467681885, 1.5354920625686646, 0.07560000568628311, -1.1090400218963623, -1.0861139297485352]
[-0.0060773626901209354, -0.19607196748256683, 0.4141358435153961, 2.146148681640625, -0.5066771507263184, -0.18271991610527039] [0.2822979688644409, -0.8698199987411499, 0.9495040774345398, 0.8161299824714661, 1.5400941371917725, 0.07560000568628311, -1.1259140968322754, -1.1075899600982666]
[-0.002973992610350251, -0.219488263130188, 0.40926429629325867, 2.3933470249176025, -0.44863981008529663, -0.41518348455429077] [0.28383195400238037, -0.8483439683914185, 1.1473901271820068, 0.6044379472732544, 1.5492980480194092, 0.07560000568628311, -1.1519920825958252, -1.1336679458618164]
[-0.00603046640753746, -0.24811995029449463, 0.3952353596687317, 2.6875152587890625, -0.3046569526195526, -0.66838538646698] [0.2822979688644409, -0.846809983253479, 1.4649280309677124, 0.30990996956825256, 1.5492980480194092, 0.07600000500679016, -1.181138038635254, -1.1612800359725952]
[-0.011424371972680092, -0.2727278470993042, 0.35998010635375977, 3.052204132080078, 0.01110945176333189, -0.8577610850334167] [0.2822979688644409, -0.846809983253479, 1.7886021137237549, 0.024585962295532227, 1.5477640628814697, 0.07560000568628311, -1.1995460987091064, -1.1812219619750977]
[-0.0099397087469697, -0.275071382522583, 0.34440547227859497, -3.0957837104797363, 0.13659602403640747, -0.8712819218635559] [0.28689998388290405, -0.8452759981155396, 1.842292070388794, 0.02305196225643158, 1.5492980480194092, 0.07560000568628311, -1.2118180990219116, -1.1950279474258423]
[-0.00672069052234292, -0.2751692533493042, 0.341541051864624, -3.1051595211029053, 0.15039898455142975, -0.8717599511146545] [0.28996795415878296, -0.8437420129776001, 1.8407580852508545, 0.021517962217330933, 1.5492980480194092, 0.07560000568628311, -1.2240900993347168, -1.2042319774627686]
[-0.0046621584333479404, -0.2753385305404663, 0.3393231928348541, -3.117758274078369, 0.16133344173431396, -0.874841570854187] [0.28996795415878296, -0.8437420129776001, 1.8407580852508545, 0.021517962217330933, 1.5492980480194092, 0.07560000568628311, -1.236362099647522, -1.2195719480514526]
[-0.002640222432091832, -0.27541583776474, 0.3369298279285431, -3.1302504539489746, 0.17260399460792542, -0.8763113617897034] [0.29610395431518555, -0.8437420129776001, 1.8407580852508545, 0.021517962217330933, 1.5492980480194092, 0.07560000568628311, -1.2578380107879639, -1.2425819635391235]
[-9.421561844646931e-05, -0.27556049823760986, 0.332741916179657, 3.1305484771728516, 0.19243663549423218, -0.8800117373466492] [0.3083759546279907, -0.8437420129776001, 1.8407580852508545, 0.021517962217330933, 1.5492980480194092, 0.07560000568628311, -1.2808480262756348, -1.2671259641647339]
[0.002955177566036582, -0.27557751536369324, 0.3284232020378113, 3.1056013107299805, 0.21317343413829803, -0.8848205208778381] [0.31911396980285645, -0.8437420129776001, 1.8407580852508545, 0.021517962217330933, 1.5492980480194092, 0.07560000568628311, -1.3023240566253662, -1.2870680093765259]
[0.005762759130448103, -0.2756790220737457, 0.3246050775051117, 3.0864241123199463, 0.2304498851299286, -0.8892925381660461] [0.32524996995925903, -0.8437420129776001, 1.8407580852508545, 0.02305196225643158, 1.5477640628814697, 0.07560000568628311, -1.3161300420761108, -1.3039419651031494]
[0.008624576032161713, -0.27575987577438354, 0.32144832611083984, 3.069782018661499, 0.244386687874794, -0.8931462168693542] [0.3237159848213196, -0.8437420129776001, 1.8407580852508545, 0.02305196225643158, 1.5492980480194092, 0.07560000568628311, -1.333004117012024, -1.317747950553894]
[0.010836043395102024, -0.2757026255130768, 0.3193284571170807, 3.0545501708984375, 0.25369369983673096, -0.8959379196166992] [0.32524996995925903, -0.8422079682350159, 1.8407580852508545, 0.02305196225643158, 1.5477640628814697, 0.07560000568628311, -1.345276117324829, -1.3330880403518677]
[0.014212138019502163, -0.27494871616363525, 0.31613820791244507, 3.0416972637176514, 0.2676984965801239, -0.8936834335327148] [0.3267839550971985, -0.8360719680786133, 1.8407580852508545, 0.02305196225643158, 1.5492980480194092, 0.07560000568628311, -1.345276117324829, -1.3315539360046387]
[0.014776083640754223, -0.2738454043865204, 0.316472589969635, 3.0412142276763916, 0.26703643798828125, -0.890656054019928] [0.3283179700374603, -0.8345379829406738, 1.8407580852508545, 0.02305196225643158, 1.5492980480194092, 0.07560000568628311, -1.3468101024627686, -1.3315539360046387]
[0.015159890986979008, -0.2731625735759735, 0.31664392352104187, 3.0418412685394287, 0.2664569616317749, -0.8875985741615295] [0.3283179700374603, -0.8360719680786133, 1.8407580852508545, 0.02305196225643158, 1.5492980480194092, 0.07560000568628311, -1.3468101024627686, -1.3315539360046387]
[0.015499347820878029, -0.2739330232143402, 0.31537771224975586, 3.038069009780884, 0.27122512459754944, -0.889797031879425] [0.3283179700374603, -0.8345379829406738, 1.8407580852508545, 0.02305196225643158, 1.5477640628814697, 0.07560000568628311, -1.3468101024627686, -1.3315539360046387]
[0.015332558192312717, -0.2744165062904358, 0.3151780366897583, 3.037186861038208, 0.2722381055355072, -0.8931763172149658] [0.3283179700374603, -0.8360719680786133, 1.8407580852508545, 0.02305196225643158, 1.5492980480194092, 0.07560000568628311, -1.3468101024627686, -1.3315539360046387]
[0.015291689895093441, -0.27465182542800903, 0.3149186968803406, 3.0370078086853027, 0.2730196714401245, -0.8937518000602722] [0.3283179700374603, -0.8345379829406738, 1.842292070388794, 0.02305196225643158, 1.5492980480194092, 0.07560000568628311, -1.3468101024627686, -1.3315539360046387]
[0.01529460959136486, -0.27476751804351807, 0.3147298991680145, 3.035733461380005, 0.2734920084476471, -0.8938155770301819] [0.3283179700374603, -0.8360719680786133, 1.8407580852508545, 0.02305196225643158, 1.5477640628814697, 0.07560000568628311, -1.3468101024627686, -1.3315539360046387]
[0.01537119410932064, -0.27452895045280457, 0.31475505232810974, 3.0376639366149902, 0.2735278904438019, -0.8926805257797241] [0.3283179700374603, -0.8345379829406738, 1.8407580852508545, 0.02305196225643158, 1.5477640628814697, 0.07600000500679016, -1.3468101024627686, -1.3315539360046387]
