[0.010361305437982082, -0.2729793190956116, 0.32902470231056213, 2.916576623916626, 0.20646728575229645, -0.8790397047996521] [0.28383195400238037, -0.8529459834098816, 1.6183280944824219, 0.024585962295532227, 1.5815120935440063, 0.9968000054359436, -1.3023240566253662, -1.2978060245513916]
[0.010391327552497387, -0.27297884225845337, 0.3290044367313385, 2.9164879322052, 0.20659372210502625, -0.8790709972381592] [0.28383195400238037, -0.8529459834098816, 1.6183280944824219, 0.024585962295532227, 1.579978108406067, 0.9968000054359436, -1.3023240566253662, -1.2962720394134521]
[0.010442996397614479, -0.2730559706687927, 0.3288826048374176, 2.9164340496063232, 0.20706768333911896, -0.879095733165741] [0.28383195400238037, -0.8529459834098816, 1.6183280944824219, 0.024585962295532227, 1.5815120935440063, 0.9968000054359436, -1.3038580417633057, -1.2947380542755127]
[0.013327411375939846, -0.2713661193847656, 0.33042970299720764, 2.838136911392212, 0.19781626760959625, -0.8697600960731506] [0.26388996839523315, -0.8498779535293579, 1.5446960926055908, 0.04145996272563934, 1.5492980480194092, 0.07800000160932541, -1.3161300420761108, -1.30240797996521]
[0.014322027564048767, -0.2713036835193634, 0.3310968279838562, 2.809091091156006, 0.18751180171966553, -0.8665801882743835] [0.2623559832572937, -0.8437420129776001, 1.5109480619430542, 0.0660039633512497, 1.5462300777435303, 0.07800000160932541, -1.3222661018371582, -1.3054759502410889]
[0.018965117633342743, -0.26916635036468506, 0.33155855536460876, 2.773488998413086, 0.17217500507831573, -0.8433582186698914] [0.25315195322036743, -0.8207319974899292, 1.4741320610046387, 0.0920819640159607, 1.5446960926055908, 0.07800000160932541, -1.325334072113037, -1.3054759502410889]
[0.025487957522273064, -0.2648825943470001, 0.3342069983482361, 2.745943546295166, 0.14397260546684265, -0.8052816390991211] [0.2362779676914215, -0.7992559671401978, 1.3928301334381104, 0.1381019651889801, 1.5431621074676514, 0.07800000160932541, -1.328402042388916, -1.3070099353790283]
[0.03540254756808281, -0.2550225257873535, 0.3433935046195984, 2.5843987464904785, 0.0537613220512867, -0.7155550718307495] [0.23014196753501892, -0.788517951965332, 1.1765360832214355, 0.32218196988105774, 1.5446960926055908, 0.07840000092983246, -1.331470012664795, -1.3100780248641968]
[0.048164546489715576, -0.23527249693870544, 0.3543265163898468, 2.380627393722534, -0.055664729326963425, -0.5415143966674805] [0.21480196714401245, -0.7670419812202454, 0.9939900636672974, 0.4479699730873108, 1.5446960926055908, 0.07840000092983246, -1.3345381021499634, -1.3116120100021362]
[0.057084232568740845, -0.2208230048418045, 0.3571412265300751, 2.299999952316284, -0.08349597454071045, -0.43352439999580383] [0.1841219663619995, -0.7271579504013062, 0.9418340921401978, 0.46024197340011597, 1.5431621074676514, 0.07800000160932541, -1.3345381021499634, -1.3131459951400757]
[0.0629335269331932, -0.2127642035484314, 0.3602232038974762, 2.324244260787964, -0.10322699695825577, -0.3890690803527832] [0.15037396550178528, -0.6703999638557434, 0.9403000473976135, 0.4617759585380554, 1.5431621074676514, 0.07800000160932541, -1.3345381021499634, -1.3131459951400757]
[0.06936647742986679, -0.20207622647285461, 0.3641035258769989, 2.346187114715576, -0.1272573322057724, -0.33121246099472046] [0.11355795711278915, -0.5952339768409729, 0.9372320771217346, 0.46330997347831726, 1.5431621074676514, 0.07840000092983246, -1.3345381021499634, -1.3116120100021362]
[0.08146768063306808, -0.1761876791715622, 0.3721160292625427, 2.36462664604187, -0.17233648896217346, -0.19699929654598236] [0.04145996272563934, -0.4280279874801636, 0.9004160761833191, 0.4525719881057739, 1.5262880325317383, 0.07800000160932541, -1.3360720872879028, -1.3131459951400757]
[0.09127087146043777, -0.14552262425422668, 0.37932801246643066, 2.342075824737549, -0.20214392244815826, -0.04977468401193619] [-0.00762803852558136, -0.2822979688644409, 0.8559300899505615, 0.4356979727745056, 1.5109480619430542, 0.07800000160932541, -1.345276117324829, -1.3254179954528809]
[0.09565935283899307, -0.12216319888830185, 0.38297194242477417, 2.279468059539795, -0.21544605493545532, 0.06710357218980789] [-0.035240039229393005, -0.22247196733951569, 0.7715600728988647, 0.43416398763656616, 1.501744031906128, 0.07840000092983246, -1.351412057876587, -1.3269519805908203]
[0.09805924445390701, -0.1121235266327858, 0.3738193213939667, 2.1001932621002197, -0.15138386189937592, 0.13130491971969604] [-0.0383080393075943, -0.20406396687030792, 0.5690720677375793, 0.43723195791244507, 1.5032780170440674, 0.07840000092983246, -1.3498780727386475, -1.3254179954528809]
[0.09846469014883041, -0.09869075566530228, 0.37097907066345215, 2.035396099090576, -0.1303844153881073, 0.20046170055866241] [-0.04137603938579559, -0.14577196538448334, 0.544528067111969, 0.43723195791244507, 1.501744031906128, 0.07840000092983246, -1.351412057876587, -1.3254179954528809]
[0.09728866070508957, -0.08471827208995819, 0.37347081303596497, 2.020145893096924, -0.138841912150383, 0.26458504796028137] [-0.04751203954219818, -0.09361596405506134, 0.5307220220565796, 0.43723195791244507, 1.5002100467681885, 0.07840000092983246, -1.351412057876587, -1.3254179954528809]
[0.09636479616165161, -0.07523897290229797, 0.3729754090309143, 2.0031471252441406, -0.13394379615783691, 0.30965369939804077] [-0.04751203954219818, -0.061401963233947754, 0.5107800364494324, 0.43723195791244507, 1.5002100467681885, 0.07840000092983246, -1.351412057876587, -1.3269519805908203]
[0.09547331184148788, -0.06827379018068314, 0.37144961953163147, 1.976470708847046, -0.1229126900434494, 0.34395134449005127] [-0.04751203954219818, -0.035323962569236755, 0.4816340506076813, 0.4356979727745056, 1.5002100467681885, 0.07800000160932541, -1.351412057876587, -1.3284859657287598]
[0.09503975510597229, -0.0643991231918335, 0.36949101090431213, 1.944772481918335, -0.10924407839775085, 0.36454352736473083] [-0.045978039503097534, -0.026119962334632874, 0.4432840347290039, 0.4326299726963043, 1.5002100467681885, 0.07840000092983246, -1.3529460430145264, -1.3284859657287598]
[0.09518229961395264, -0.06328890472650528, 0.3673175275325775, 1.9190826416015625, -0.09468899667263031, 0.36997172236442566] [-0.045978039503097534, -0.02305196225643158, 0.41874003410339355, 0.4326299726963043, 1.5002100467681885, 0.07840000092983246, -1.3529460430145264, -1.3284859657287598]
[0.09527550637722015, -0.06217129901051521, 0.3663012683391571, 1.9058544635772705, -0.08755989372730255, 0.37570300698280334] [-0.045978039503097534, -0.019983962178230286, 0.4110700488090515, 0.4310959577560425, 1.5002100467681885, 0.07840000092983246, -1.3529460430145264, -1.3300199508666992]
[0.09540588408708572, -0.06179509311914444, 0.36571672558784485, 1.905400276184082, -0.08467765897512436, 0.3774131238460541] [-0.04444403946399689, -0.013847962021827698, 0.40953606367111206, 0.4280279874801636, 1.5002100467681885, 0.07840000092983246, -1.3544800281524658, -1.3300199508666992]
[0.09527145326137543, -0.058968011289834976, 0.36536332964897156, 1.9074512720108032, -0.08276253193616867, 0.38972267508506775] [-0.04444403946399689, -4.1961669921875e-05, 0.4080020487308502, 0.4280279874801636, 1.5002100467681885, 0.07840000092983246, -1.3544800281524658, -1.3300199508666992]
[0.09511324018239975, -0.057653822004795074, 0.36473575234413147, 1.9059737920761108, -0.07979980111122131, 0.39622676372528076] [-0.04137603938579559, 0.003026038408279419, 0.4049340486526489, 0.42649397253990173, 1.5002100467681885, 0.07840000092983246, -1.3560140132904053, -1.3300199508666992]
[0.09564092755317688, -0.05829189717769623, 0.3632209300994873, 1.907031536102295, -0.07130500674247742, 0.38925105333328247] [-0.0383080393075943, 0.003026038408279419, 0.4049340486526489, 0.41728997230529785, 1.5002100467681885, 0.07800000160932541, -1.3560140132904053, -1.3315539360046387]
[0.09610608220100403, -0.05898040160536766, 0.3627810478210449, 1.9076424837112427, -0.06788870692253113, 0.3821829557418823] [-0.0383080393075943, 0.003026038408279419, 0.4049340486526489, 0.39734798669815063, 1.5002100467681885, 0.07840000092983246, -1.3560140132904053, -1.3300199508666992]
[0.09774887561798096, -0.06208328902721405, 0.3610019385814667, 1.9083631038665771, -0.05359365791082382, 0.3526446223258972] [-0.03677403926849365, 0.001492038369178772, 0.4034000635147095, 0.3728039860725403, 1.5002100467681885, 0.07840000092983246, -1.3560140132904053, -1.3300199508666992]
[0.09879133850336075, -0.06502924859523773, 0.3597962558269501, 1.9061921834945679, -0.04403773322701454, 0.3300448954105377] [-0.035240039229393005, -0.009245961904525757, 0.3972640633583069, 0.355929970741272, 1.5002100467681885, 0.07840000092983246, -1.3544800281524658, -1.3284859657287598]
[0.09967362880706787, -0.06957421451807022, 0.3589858412742615, 1.8962758779525757, -0.03680403530597687, 0.30323633551597595] [-0.0383080393075943, -0.029187962412834167, 0.3849920630455017, 0.33598798513412476, 1.5002100467681885, 0.07840000092983246, -1.3529460430145264, -1.3269519805908203]
[0.10078567266464233, -0.07616183161735535, 0.35920843482017517, 1.882824420928955, -0.0322292186319828, 0.2620280086994171] [-0.04137603938579559, -0.046061962842941284, 0.3773220479488373, 0.31911396980285645, 1.5002100467681885, 0.07840000092983246, -1.3498780727386475, -1.3254179954528809]
[0.10130956023931503, -0.08054934442043304, 0.3591044545173645, 1.8693430423736572, -0.02674483321607113, 0.23271240293979645] [-0.04444403946399689, -0.05833396315574646, 0.3619820475578308, 0.29610395431518555, 1.5002100467681885, 0.07840000092983246, -1.3468101024627686, -1.3208160400390625]
[0.1016911193728447, -0.08511296659708023, 0.3587089478969574, 1.8581610918045044, -0.020062288269400597, 0.20161740481853485] [-0.04444403946399689, -0.07367396354675293, 0.34971004724502563, 0.2684919834136963, 1.5002100467681885, 0.07840000092983246, -1.3406740427017212, -1.3131459951400757]
[0.10155204683542252, -0.0958205834031105, 0.35785675048828125, 1.8350799083709717, -0.008054083213210106, 0.13529065251350403] [-0.04444403946399689, -0.10742195695638657, 0.3282340466976166, 0.23320996761322021, 1.5002100467681885, 0.07840000092983246, -1.3222661018371582, -1.2947380542755127]
[0.10003451257944107, -0.10724499821662903, 0.35825157165527344, 1.811611533164978, -0.0029175784438848495, 0.06804590672254562] [-0.04291003942489624, -0.15037396550178528, 0.3036900460720062, 0.19946196675300598, 1.5002100467681885, 0.07840000092983246, -1.3069260120391846, -1.279397964477539]
[0.09721003472805023, -0.1197589635848999, 0.3592822253704071, 1.7792532444000244, -0.0005649430677294731, -0.0053848628886044025] [-0.039842039346694946, -0.1871899664402008, 0.2730100452899933, 0.1672479659318924, 1.5002100467681885, 0.07840000092983246, -1.29312002658844, -1.264057993888855]
[0.09353159368038177, -0.1312297284603119, 0.3604702353477478, 1.7497777938842773, -0.001236861222423613, -0.07070561498403549] [-0.0383080393075943, -0.22553996741771698, 0.2469320446252823, 0.14270396530628204, 1.5002100467681885, 0.07800000160932541, -1.2823820114135742, -1.2579219341278076]
[0.09087412059307098, -0.13852280378341675, 0.36171406507492065, 1.7351990938186646, -0.004902902990579605, -0.11119566857814789] [-0.0383080393075943, -0.2562199831008911, 0.23005804419517517, 0.12736396491527557, 1.5002100467681885, 0.07840000092983246, -1.2762460708618164, -1.2517859935760498]
[0.08743489533662796, -0.14847686886787415, 0.36269062757492065, 1.7176716327667236, -0.007150130812078714, -0.16696932911872864] [-0.0383080393075943, -0.29303598403930664, 0.2147180438041687, 0.10281995683908463, 1.5002100467681885, 0.07840000092983246, -1.271644115447998, -1.2471840381622314]
[0.08315324038267136, -0.1611899882555008, 0.3633885979652405, 1.7037252187728882, -0.007373401429504156, -0.2396961748600006] [-0.0383080393075943, -0.3329199552536011, 0.20091204345226288, 0.08747996389865875, 1.5002100467681885, 0.07840000092983246, -1.2685760259628296, -1.2425819635391235]
[0.08141303807497025, -0.1642034351825714, 0.3636928200721741, 1.7008650302886963, -0.008671575225889683, -0.25348174571990967] [-0.035240039229393005, -0.3405899703502655, 0.20091204345226288, 0.0890139639377594, 1.5002100467681885, 0.07840000092983246, -1.2609061002731323, -1.2333779335021973]
[0.08053100854158401, -0.16258598864078522, 0.3645981252193451, 1.6988452672958374, -0.012929344549775124, -0.2442956119775772] [-0.03217203915119171, -0.3344539701938629, 0.19937804341316223, 0.0920819640159607, 1.5002100467681885, 0.07840000092983246, -1.2501680850982666, -1.222640037536621]
[0.07929838448762894, -0.16079369187355042, 0.3655681014060974, 1.6982835531234741, -0.017838764935731888, -0.23363202810287476] [-0.026036038994789124, -0.3267839550971985, 0.19784404337406158, 0.09668396413326263, 1.5002100467681885, 0.07800000160932541, -1.2409640550613403, -1.2119020223617554]
[0.07876057922840118, -0.15791940689086914, 0.36532360315322876, 1.6994729042053223, -0.01641937345266342, -0.21983958780765533] [-0.015298038721084595, -0.30684196949005127, 0.19784404337406158, 0.09975196421146393, 1.5002100467681885, 0.07800000160932541, -1.2240900993347168, -1.1950279474258423]
[0.07686537504196167, -0.15379227697849274, 0.365072637796402, 1.6972657442092896, -0.01669761724770069, -0.19397233426570892] [0.003109961748123169, -0.30223995447158813, 0.19784404337406158, 0.11355795711278915, 1.5002100467681885, 0.07800000160932541, -1.2087500095367432, -1.1766200065612793]
[0.07400313019752502, -0.1531224399805069, 0.3648754954338074, 1.6955454349517822, -0.01619093306362629, -0.18937622010707855] [0.019983962178230286, -0.2976379692554474, 0.19784404337406158, 0.11662595719099045, 1.5048121213912964, 0.07800000160932541, -1.1903420686721802, -1.1566779613494873]
[0.07082866132259369, -0.14913037419319153, 0.3648339509963989, 1.7018990516662598, -0.01651063561439514, -0.1680077761411667] [0.04299396276473999, -0.2746279835700989, 0.19631004333496094, 0.12276195734739304, 1.5048121213912964, 0.07800000160932541, -1.1611961126327515, -1.129065990447998]
[0.06749103218317032, -0.14233183860778809, 0.3649143874645233, 1.70095956325531, -0.01858610101044178, -0.13278529047966003] [0.06446996331214905, -0.2500839829444885, 0.19631004333496094, 0.12429595738649368, 1.5048121213912964, 0.07800000160932541, -1.1458560228347778, -1.113726019859314]
[0.06585419178009033, -0.13805222511291504, 0.3655511438846588, 1.7021499872207642, -0.022543855011463165, -0.11281464248895645] [0.07520796358585358, -0.21786996722221375, 0.19631004333496094, 0.12429595738649368, 1.5048121213912964, 0.07840000092983246, -1.1335840225219727, -1.0999200344085693]
[0.06445986777544022, -0.12869767844676971, 0.36619827151298523, 1.7040126323699951, -0.02641689032316208, -0.06834094226360321] [0.0859459638595581, -0.1841219663619995, 0.19631004333496094, 0.12429595738649368, 1.5048121213912964, 0.07800000160932541, -1.1213120222091675, -1.0861139297485352]
[0.06282981485128403, -0.11774356663227081, 0.3670003116130829, 1.7037672996520996, -0.031193550676107407, -0.017694933339953423] [0.09668396413326263, -0.13349996507167816, 0.19631004333496094, 0.12429595738649368, 1.5063461065292358, 0.07800000160932541, -1.1075060367584229, -1.0738420486450195]
[0.061000581830739975, -0.10906151682138443, 0.3679426908493042, 1.7029836177825928, -0.03646866977214813, 0.02219150774180889] [0.10281995683908463, -0.09514996409416199, 0.19631004333496094, 0.12429595738649368, 1.5063461065292358, 0.07840000092983246, -1.0998361110687256, -1.0661720037460327]
[0.05930791050195694, -0.10273276269435883, 0.3686877191066742, 1.7022907733917236, -0.04072577878832817, 0.051357295364141464] [0.10895595699548721, -0.055265963077545166, 0.19631004333496094, 0.12429595738649368, 1.5063461065292358, 0.07800000160932541, -1.0875641107559204, -1.055433988571167]
[0.05746007338166237, -0.09371128678321838, 0.36906611919403076, 1.7026283740997314, -0.043041300028562546, 0.09280242025852203] [0.1181599572300911, -0.021517962217330933, 0.19631004333496094, 0.12429595738649368, 1.5063461065292358, 0.07800000160932541, -1.0798940658569336, -1.0431619882583618]
[0.05578676983714104, -0.089381143450737, 0.3692280650138855, 1.7019703388214111, -0.044853851199150085, 0.11276712268590927] [0.12582996487617493, 0.001492038369178772, 0.19631004333496094, 0.12429595738649368, 1.5063461065292358, 0.07800000160932541, -1.0691560506820679, -1.0339579582214355]
[0.053519487380981445, -0.08358510583639145, 0.36927351355552673, 1.7012693881988525, -0.046369947493076324, 0.14039501547813416] [0.13349996507167816, 0.02296803891658783, 0.19631004333496094, 0.12582996487617493, 1.5078800916671753, 0.07840000092983246, -1.0568840503692627, -1.0232199430465698]
[0.050675053149461746, -0.07611735910177231, 0.3695239722728729, 1.6999149322509766, -0.0490482896566391, 0.17569924890995026] [0.14270396530628204, 0.05825003981590271, 0.19784404337406158, 0.13043196499347687, 1.5078800916671753, 0.07800000160932541, -1.0446120500564575, -1.0109479427337646]
[0.047244586050510406, -0.06754634529352188, 0.36963599920272827, 1.6982595920562744, -0.052066124975681305, 0.22155903279781342] [0.15190796554088593, 0.09353204071521759, 0.19937804341316223, 0.14577196538448334, 1.5078800916671753, 0.07800000160932541, -1.0354080200195312, -1.001744031906128]
[0.04341199994087219, -0.05911125987768173, 0.3700420558452606, 1.7085782289505005, -0.057098809629678726, 0.26859310269355774] [0.16571396589279175, 0.12574604153633118, 0.21011604368686676, 0.1611119657754898, 1.5109480619430542, 0.07800000160932541, -1.024670124053955, -0.989471971988678]
[0.040092114359140396, -0.05234668031334877, 0.3698478937149048, 1.7152783870697021, -0.05821109563112259, 0.30515193939208984] [0.17645196616649628, 0.15489204227924347, 0.2116500437259674, 0.1703159660100937, 1.518618106842041, 0.07800000160932541, -1.0139321088790894, -0.9802680015563965]
[0.03554629907011986, -0.04419175162911415, 0.36982592940330505, 1.7276866436004639, -0.061782676726579666, 0.3552559018135071] [0.18872396647930145, 0.18403804302215576, 0.21778604388237, 0.20406396687030792, 1.5308901071548462, 0.07800000160932541, -1.0016601085662842, -0.9695299863815308]
[0.030275199562311172, -0.03526013717055321, 0.36934754252433777, 1.7508692741394043, -0.06499713659286499, 0.41538485884666443] [0.20559796690940857, 0.2147180438041687, 0.23005804419517517, 0.23781196773052216, 1.5446960926055908, 0.07800000160932541, -0.9924560785293579, -0.9603259563446045]
[0.02471202425658703, -0.026558760553598404, 0.36929720640182495, 1.7746869325637817, -0.0702809989452362, 0.4751681983470917] [0.22860796749591827, 0.2500000596046448, 0.2530680298805237, 0.28689998388290405, 1.5492980480194092, 0.07840000092983246, -0.9832520484924316, -0.9526559710502625]
[0.017389049753546715, -0.01674598827958107, 0.3697643280029297, 1.7945926189422607, -0.0814695730805397, 0.5493282079696655] [0.2393459677696228, 0.2638060450553894, 0.2638060450553894, 0.31604596972465515, 1.5508320331573486, 0.07800000160932541, -0.9817180633544922, -0.9526559710502625]
[0.011605841107666492, -0.009706961922347546, 0.3692752420902252, 1.8170599937438965, -0.08902033418416977, 0.6133829355239868] [0.25315195322036743, 0.2730100452899933, 0.2730100452899933, 0.35132795572280884, 1.552366018295288, 0.07840000092983246, -0.9832520484924316, -0.9526559710502625]
[0.012242746539413929, -0.011289756745100021, 0.36950090527534485, 1.814500331878662, -0.0899907797574997, 0.6058803796768188] [0.25315195322036743, 0.26227205991744995, 0.2730100452899933, 0.3605319857597351, 1.552366018295288, 0.07800000160932541, -0.9832520484924316, -0.9541900157928467]
[0.010931369848549366, -0.013688045553863049, 0.37073880434036255, 1.7998968362808228, -0.10233882814645767, 0.6294201016426086] [0.251617968082428, 0.21932004392147064, 0.26227205991744995, 0.4326299726963043, 1.552366018295288, 0.07840000092983246, -0.9832520484924316, -0.9541900157928467]
[0.012589220888912678, -0.02090434357523918, 0.37066662311553955, 1.7833644151687622, -0.10576880723237991, 0.6297976970672607] [0.251617968082428, 0.14415404200553894, 0.24539804458618164, 0.5047279596328735, 1.552366018295288, 0.07840000092983246, -0.9832520484924316, -0.9541900157928467]
[0.012129566632211208, -0.030116457492113113, 0.37102463841438293, 1.7482213973999023, -0.11013103276491165, 0.6227646470069885] [0.251617968082428, 0.05211403965950012, 0.21778604388237, 0.5875639915466309, 1.552366018295288, 0.07840000092983246, -0.9832520484924316, -0.9541900157928467]
[0.012185719795525074, -0.03982476517558098, 0.3713859021663666, 1.7290185689926147, -0.11483433842658997, 0.6033439636230469] [0.2500839829444885, -0.026119962334632874, 0.2085820436477661, 0.6366519927978516, 1.552366018295288, 0.07840000092983246, -0.9832520484924316, -0.9541900157928467]
[0.012030773796141148, -0.05735611170530319, 0.3716074526309967, 1.7041555643081665, -0.11951445043087006, 0.5606586933135986] [0.251617968082428, -0.16571396589279175, 0.191708043217659, 0.7317599654197693, 1.552366018295288, 0.07840000092983246, -0.9832520484924316, -0.9557240009307861]
[0.01135991420596838, -0.06650620698928833, 0.37187525629997253, 1.694909691810608, -0.12274538725614548, 0.5380789041519165] [0.251617968082428, -0.22400596737861633, 0.1855720430612564, 0.7747119665145874, 1.552366018295288, 0.07840000092983246, -0.9832520484924316, -0.9557240009307861]
[0.009464123286306858, -0.07313356548547745, 0.37188443541526794, 1.6825064420700073, -0.12398389726877213, 0.5311380624771118] [0.251617968082428, -0.28383195400238037, 0.17943604290485382, 0.8207319974899292, 1.552366018295288, 0.07840000092983246, -0.9847860336303711, -0.9572579860687256]
[0.010572551749646664, -0.08520935475826263, 0.3706872761249542, 1.6782643795013428, -0.11234156787395477, 0.4830285310745239] [0.251617968082428, -0.3697359561920166, 0.17483404278755188, 0.8590819835662842, 1.556968092918396, 0.07800000160932541, -0.9863200783729553, -0.9572579860687256]
[0.010257478803396225, -0.09254173934459686, 0.3702855408191681, 1.6755664348602295, -0.10833323001861572, 0.4515624940395355] [0.251617968082428, -0.421891987323761, 0.1686980426311493, 0.8836259841918945, 1.560036063194275, 0.07840000092983246, -0.9863200783729553, -0.9572579860687256]
[0.00929960422217846, -0.11070884019136429, 0.36929768323898315, 1.667733907699585, -0.09885192662477493, 0.36142492294311523] [0.251617968082428, -0.5277379751205444, 0.1594940423965454, 0.8836259841918945, 1.560036063194275, 0.07840000092983246, -0.9863200783729553, -0.958791971206665]
[0.008527033030986786, -0.11887150257825851, 0.3689192235469818, 1.6635209321975708, -0.09503086656332016, 0.31733861565589905] [0.251617968082428, -0.5630199909210205, 0.15489204227924347, 0.8836259841918945, 1.560036063194275, 0.07840000092983246, -0.9863200783729553, -0.9572579860687256]
[0.007244755979627371, -0.12998604774475098, 0.36819538474082947, 1.656120777130127, -0.08822441846132278, 0.25670140981674194] [0.251617968082428, -0.6182439923286438, 0.14722204208374023, 0.8836259841918945, 1.560036063194275, 0.07840000092983246, -0.9863200783729553, -0.9572579860687256]
[0.006504413206130266, -0.13116571307182312, 0.3680820167064667, 1.6509116888046265, -0.08735966682434082, 0.2513033449649811] [0.2500839829444885, -0.6213119626045227, 0.139552041888237, 0.8882279992103577, 1.560036063194275, 0.07840000092983246, -0.9863200783729553, -0.9572579860687256]
[0.004983131308108568, -0.13012540340423584, 0.3687663674354553, 1.6489436626434326, -0.0951702818274498, 0.26271703839302063] [0.24854996800422668, -0.6213119626045227, 0.13801804184913635, 0.8958979845046997, 1.5585020780563354, 0.07840000092983246, -0.9847860336303711, -0.9572579860687256]
[0.002772008301690221, -0.12936480343341827, 0.36903083324432373, 1.6436413526535034, -0.09991984069347382, 0.28045856952667236] [0.24854996800422668, -0.6335839629173279, 0.13495004177093506, 0.9265779852867126, 1.560036063194275, 0.07840000092983246, -0.9847860336303711, -0.9572579860687256]
[-0.0032641824800521135, -0.11829777806997299, 0.369604229927063, 1.6250566244125366, -0.10570964217185974, 0.3904678523540497] [0.24701596796512604, -0.6351180076599121, 0.12574604153633118, 1.0477639436721802, 1.556968092918396, 0.07840000092983246, -0.9817180633544922, -0.9541900157928467]
[-0.005036115646362305, -0.11525865644216537, 0.36972174048423767, 1.6209428310394287, -0.10681944340467453, 0.4213774800300598] [0.24394796788692474, -0.6351180076599121, 0.12574604153633118, 1.0723079442977905, 1.556968092918396, 0.07840000092983246, -0.9801840782165527, -0.9541900157928467]
[-0.006135975476354361, -0.11503860354423523, 0.3750348389148712, 1.623252034187317, -0.14230860769748688, 0.4272311329841614] [0.22707396745681763, -0.6412539482116699, 0.1625620424747467, 1.0631040334701538, 1.5554341077804565, 0.07840000092983246, -0.9817180633544922, -0.9557240009307861]
[-0.006436376366764307, -0.12663602828979492, 0.3804950714111328, 1.6596944332122803, -0.18977703154087067, 0.34863191843032837] [0.23474396765232086, -0.7026139497756958, 0.22852404415607452, 1.0385600328445435, 1.5585020780563354, 0.07800000160932541, -0.9847860336303711, -0.958791971206665]
[-0.007776598911732435, -0.1363181173801422, 0.38433441519737244, 1.6894965171813965, -0.22349943220615387, 0.2881573736667633] [0.2424139678478241, -0.7440319657325745, 0.3036900460720062, 1.012481927871704, 1.5692400932312012, 0.07840000092983246, -0.9970580339431763, -0.9756659865379333]
[-0.00859130546450615, -0.15358805656433105, 0.3930392265319824, 1.7909939289093018, -0.3008706569671631, 0.16379421949386597] [0.24701596796512604, -0.7900519967079163, 0.4034000635147095, 0.9633939862251282, 1.5769100189208984, 0.07800000160932541, -1.0062620639801025, -0.9848699569702148]
[-0.007684573996812105, -0.16662894189357758, 0.39845892786979675, 1.8946138620376587, -0.34608718752861023, 0.053367748856544495] [0.2562199831008911, -0.7931199669837952, 0.5859460830688477, 0.8053919672966003, 1.5845800638198853, 0.07800000160932541, -1.0139321088790894, -0.9956079721450806]
[-0.0160067118704319, -0.2207414209842682, 0.410725861787796, 2.5162203311920166, -0.4158134460449219, -0.4631725251674652] [0.2562199831008911, -0.7777799963951111, 1.1611961126327515, 0.4326299726963043, 1.5845800638198853, 0.07840000092983246, -1.0216020345687866, -1.0002100467681885]
[-0.024515967816114426, -0.25208500027656555, 0.3921692371368408, 2.9300432205200195, -0.22099147737026215, -0.7198873162269592] [0.2562199831008911, -0.7777799963951111, 1.4971420764923096, 0.1611119657754898, 1.5830460786819458, 0.07800000160932541, -1.0200680494308472, -0.9956079721450806]
[-0.027939308434724808, -0.2639029324054718, 0.3640991747379303, -3.0507986545562744, 0.01895889826118946, -0.783328652381897] [0.28076398372650146, -0.7793139815330505, 1.7011641263961792, 0.02305196225643158, 1.5830460786819458, 0.07800000160932541, -1.0200680494308472, -1.0002100467681885]
[-0.023697324097156525, -0.26114243268966675, 0.3521799147129059, -3.108564853668213, 0.07886701822280884, -0.7677332758903503] [0.36206597089767456, -0.7578380107879639, 1.6996300220489502, 0.02305196225643158, 1.5815120935440063, 0.07840000092983246, -1.024670124053955, -1.0048120021820068]
[-0.02328193187713623, -0.26074469089508057, 0.34590259194374084, -3.1383466720581055, 0.10955347120761871, -0.7671919465065002] [0.40041595697402954, -0.7578380107879639, 1.6996300220489502, 0.02305196225643158, 1.579978108406067, 0.07840000092983246, -1.023136019706726, -1.001744031906128]
[-0.026326239109039307, -0.2564238905906677, 0.3104857802391052, 2.9947009086608887, 0.2827830910682678, -0.770187258720398] [0.6274479627609253, -0.7271579504013062, 1.7057660818099976, 0.026119962334632874, 1.5830460786819458, 0.07800000160932541, -1.0170000791549683, -0.99714195728302]
[-0.026772359386086464, -0.2561803460121155, 0.3108821511268616, 2.9959723949432373, 0.279677152633667, -0.7675082087516785] [0.6289819478988647, -0.7271579504013062, 1.704232096672058, 0.026119962334632874, 1.5815120935440063, 0.07840000092983246, -1.023136019706726, -1.0002100467681885]
[-0.027053872123360634, -0.25638124346733093, 0.31045040488243103, 2.9925122261047363, 0.2819550037384033, -0.7698760628700256] [0.6320499777793884, -0.7271579504013062, 1.704232096672058, 0.026119962334632874, 1.5815120935440063, 0.07840000092983246, -1.0200680494308472, -0.9986760020256042]
[-0.02709490805864334, -0.2563784122467041, 0.31052061915397644, 2.992689609527588, 0.28166186809539795, -0.7698469161987305] [0.6320499777793884, -0.7286919951438904, 1.704232096672058, 0.026119962334632874, 1.5815120935440063, 0.07840000092983246, -1.0154660940170288, -0.9956079721450806]
[-0.027376990765333176, -0.25636300444602966, 0.31091493368148804, 2.9944710731506348, 0.2796631455421448, -0.7693858742713928] [0.6320499777793884, -0.7286919951438904, 1.704232096672058, 0.024585962295532227, 1.5815120935440063, 0.07840000092983246, -1.0154660940170288, -0.9940739870071411]
[-0.0276570376008749, -0.256395161151886, 0.311018705368042, 2.9959287643432617, 0.2785153090953827, -0.7689575552940369] [0.6335839629173279, -0.7286919951438904, 1.704232096672058, 0.026119962334632874, 1.5815120935440063, 0.07840000092983246, -1.0154660940170288, -0.9940739870071411]
