[0.06966611742973328, -0.1860034018754959, 0.30269312858581543, 2.9128541946411133, 0.19333095848560333, -0.4037638306617737] [0.44950395822525024, -0.29917198419570923, 1.9281960725784302, 0.317579984664917, 1.175002098083496, 0.9968000054359436, -1.2992560863494873, -1.2978060245513916]
[0.06961238384246826, -0.18567988276481628, 0.30277541279792786, 2.9137797355651855, 0.19273334741592407, -0.4022402763366699] [0.44950395822525024, -0.3007059693336487, 1.9281960725784302, 0.317579984664917, 1.175002098083496, 0.9971999526023865, -1.29312002658844, -1.2778639793395996]
[0.06889424473047256, -0.18560418486595154, 0.30353057384490967, 2.912316083908081, 0.1895613968372345, -0.40147334337234497] [0.44950395822525024, -0.29917198419570923, 1.9266620874404907, 0.317579984664917, 1.175002098083496, 0.9971999526023865, -1.2915860414505005, -1.2732620239257812]
[0.06820587813854218, -0.18556173145771027, 0.30461934208869934, 2.9163389205932617, 0.18497870862483978, -0.4016386568546295] [0.4510379731655121, -0.29917198419570923, 1.9281960725784302, 0.317579984664917, 1.175002098083496, 0.9968000054359436, -1.2915860414505005, -1.2717280387878418]
[0.06796561181545258, -0.1854531168937683, 0.3050570487976074, 2.9154858589172363, 0.18301993608474731, -0.4010280966758728] [0.4510379731655121, -0.29917198419570923, 1.9281960725784302, 0.317579984664917, 1.175002098083496, 0.9971999526023865, -1.2915860414505005, -1.2717280387878418]
[0.06771570444107056, -0.18570320308208466, 0.30534735321998596, 2.9134695529937744, 0.1817423552274704, -0.4024244546890259] [0.4510379731655121, -0.3007059693336487, 1.9281960725784302, 0.317579984664917, 1.175002098083496, 0.9968000054359436, -1.2915860414505005, -1.2717280387878418]
[0.06793135404586792, -0.18774452805519104, 0.30316412448883057, 2.9145095348358154, 0.19060418009757996, -0.4084871709346771] [0.4510379731655121, -0.3007059693336487, 1.9266620874404907, 0.317579984664917, 1.175002098083496, 0.08560000360012054, -1.290052056312561, -1.2701940536499023]
[0.06780143082141876, -0.1879783570766449, 0.3034367859363556, 2.914726495742798, 0.1899329274892807, -0.41048312187194824] [0.4510379731655121, -0.29917198419570923, 1.9266620874404907, 0.317579984664917, 1.175002098083496, 0.08560000360012054, -1.2885180711746216, -1.2701940536499023]
[0.06790969520807266, -0.18812860548496246, 0.3032377064228058, 2.915200710296631, 0.19064182043075562, -0.4104249179363251] [0.4510379731655121, -0.3007059693336487, 1.9266620874404907, 0.317579984664917, 1.175002098083496, 0.08560000360012054, -1.290052056312561, -1.2717280387878418]
[0.06795487552881241, -0.18773870170116425, 0.30327165126800537, 2.913104772567749, 0.1902947574853897, -0.40843695402145386] [0.4510379731655121, -0.3007059693336487, 1.9266620874404907, 0.31604596972465515, 1.175002098083496, 0.08560000360012054, -1.2885180711746216, -1.2717280387878418]
[0.06790567934513092, -0.18771375715732574, 0.3031960129737854, 2.9157283306121826, 0.1916552484035492, -0.4086870849132538] [0.44950395822525024, -0.29917198419570923, 1.9220601320266724, 0.317579984664917, 1.1719341278076172, 0.08560000360012054, -1.2885180711746216, -1.2671259641647339]
[0.0691242441534996, -0.1870850771665573, 0.30646634101867676, 2.9091904163360596, 0.17435500025749207, -0.4034016728401184] [0.421891987323761, -0.2976379692554474, 1.915924072265625, 0.31911396980285645, 1.1673320531845093, 0.08560000360012054, -1.2854501008987427, -1.2594560384750366]
[0.07208333909511566, -0.18672867119312286, 0.31807267665863037, 2.917727470397949, 0.11779274791479111, -0.39726200699806213] [0.36513397097587585, -0.29610395431518555, 1.8944480419158936, 0.31911396980285645, 1.1535260677337646, 0.08560000360012054, -1.2808480262756348, -1.2517859935760498]
[0.07581761479377747, -0.18390679359436035, 0.3371215760707855, 2.8952879905700684, 0.02589530684053898, -0.37811774015426636] [0.26695796847343445, -0.2884339690208435, 1.8468940258026123, 0.31911396980285645, 1.13972008228302, 0.08560000360012054, -1.2777800559997559, -1.2502520084381104]
[0.07835020869970322, -0.177591010928154, 0.36374008655548096, 2.8792643547058105, -0.09944210946559906, -0.347053587436676] [0.1381019651889801, -0.2746279835700989, 1.80087411403656, 0.3145119547843933, 1.1151760816574097, 0.08560000360012054, -1.2777800559997559, -1.2517859935760498]
[0.07863543182611465, -0.17197217047214508, 0.38111305236816406, 2.8485865592956543, -0.18101926147937775, -0.32150930166244507] [0.061401963233947754, -0.26388996839523315, 1.7533200979232788, 0.3145119547843933, 1.0967680215835571, 0.08560000360012054, -1.2808480262756348, -1.2502520084381104]
[0.08000640571117401, -0.16725671291351318, 0.38611653447151184, 2.7423038482666016, -0.20812417566776276, -0.2905499339103699] [0.046061962842941284, -0.26388996839523315, 1.533958077430725, 0.3145119547843933, 1.0967680215835571, 0.08560000360012054, -1.2808480262756348, -1.2502520084381104]
[0.08384330570697784, -0.15327118337154388, 0.38531693816185, 2.4812872409820557, -0.21020148694515228, -0.196258082985878] [0.03225596249103546, -0.23014196753501892, 1.3621500730514526, 0.3145119547843933, 1.0967680215835571, 0.08560000360012054, -1.2808480262756348, -1.2517859935760498]
[0.08552882820367813, -0.1388828605413437, 0.3894003927707672, 2.4157261848449707, -0.22960828244686127, -0.12270061671733856] [0.015381962060928345, -0.17645196616649628, 1.333004117012024, 0.31604596972465515, 1.0967680215835571, 0.08560000360012054, -1.2823820114135742, -1.2533199787139893]
[0.08716192841529846, -0.12740303575992584, 0.3904430866241455, 2.3819761276245117, -0.23448969423770905, -0.06561999022960663] [0.01231396198272705, -0.14270396530628204, 1.29312002658844, 0.31604596972465515, 1.0890980958938599, 0.08560000360012054, -1.2854501008987427, -1.2563879489898682]
[0.08878052234649658, -0.11798366159200668, 0.38900673389434814, 2.3247697353363037, -0.2275112122297287, -0.016544826328754425] [0.010779961943626404, -0.10895595699548721, 1.2424980401992798, 0.31604596972465515, 1.084496021270752, 0.08560000360012054, -1.2869840860366821, -1.2563879489898682]
[0.08968084305524826, -0.10993702709674835, 0.3873172104358673, 2.2791759967803955, -0.21925564110279083, 0.025003336369991302] [0.010779961943626404, -0.08134396374225616, 1.1673320531845093, 0.31604596972465515, 1.0798940658569336, 0.08560000360012054, -1.2885180711746216, -1.2594560384750366]
[0.09029234200716019, -0.09842746704816818, 0.3825642466545105, 2.0902342796325684, -0.19411896169185638, 0.09869836270809174] [0.010779961943626404, -0.061401963233947754, 0.9801840782165527, 0.3145119547843933, 1.0798940658569336, 0.08560000360012054, -1.290052056312561, -1.260990023612976]
[0.0905030220746994, -0.08948128670454025, 0.37937697768211365, 1.9961495399475098, -0.17490044236183167, 0.14908289909362793] [0.010779961943626404, -0.02305196225643158, 0.9142220616340637, 0.3145119547843933, 1.0798940658569336, 0.08560000360012054, -1.2915860414505005, -1.2625240087509155]
[0.09046676754951477, -0.08135049045085907, 0.37853074073791504, 1.980730652809143, -0.17091336846351624, 0.18926498293876648] [0.009245961904525757, 0.001492038369178772, 0.9065520763397217, 0.3145119547843933, 1.0798940658569336, 0.08560000360012054, -1.294654130935669, -1.2655919790267944]
[0.09075935184955597, -0.07704740017652512, 0.37718483805656433, 1.966239333152771, -0.16368462145328522, 0.21041639149188995] [0.009245961904525757, 0.01836603879928589, 0.8881440758705139, 0.3145119547843933, 1.0783600807189941, 0.08560000360012054, -1.2992560863494873, -1.2701940536499023]
[0.09100665897130966, -0.07202067226171494, 0.37537094950675964, 1.9445778131484985, -0.1552477478981018, 0.23638057708740234] [0.009245961904525757, 0.0383080393075943, 0.8636000752449036, 0.3145119547843933, 1.0783600807189941, 0.08560000360012054, -1.3069260120391846, -1.2747960090637207]
[0.0910952165722847, -0.06769612431526184, 0.37440118193626404, 1.929964542388916, -0.1505819857120514, 0.2580488920211792] [0.009245961904525757, 0.061318039894104004, 0.8528620600700378, 0.3145119547843933, 1.0768260955810547, 0.08560000360012054, -1.3161300420761108, -1.282465934753418]
[0.0920431837439537, -0.06444485485553741, 0.372609943151474, 1.9304349422454834, -0.14313335716724396, 0.2735321819782257] [0.010779961943626404, 0.06745404005050659, 0.8528620600700378, 0.3145119547843933, 1.0768260955810547, 0.08560000360012054, -1.328402042388916, -1.2962720394134521]
[0.09404803812503815, -0.06405308842658997, 0.3702751696109772, 1.9332239627838135, -0.1330246478319168, 0.2746850252151489] [0.009245961904525757, 0.07205604016780853, 0.8528620600700378, 0.3145119547843933, 1.0768260955810547, 0.08560000360012054, -1.3422080278396606, -1.3100780248641968]
[0.09600631892681122, -0.0618131123483181, 0.3675481677055359, 1.939220666885376, -0.12161436676979065, 0.28481972217559814] [0.009245961904525757, 0.08279404044151306, 0.8528620600700378, 0.3145119547843933, 1.0768260955810547, 0.08560000360012054, -1.348344087600708, -1.3162139654159546]
[0.0976286455988884, -0.05984492227435112, 0.36528611183166504, 1.9414054155349731, -0.11213696748018265, 0.29360058903694153] [0.00771196186542511, 0.0904640406370163, 0.8543960452079773, 0.3145119547843933, 1.0768260955810547, 0.08560000360012054, -1.3498780727386475, -1.3162139654159546]
[0.09839292615652084, -0.059499841183423996, 0.3643304407596588, 1.9427236318588257, -0.10813724249601364, 0.2949957251548767] [0.009245961904525757, 0.0904640406370163, 0.8528620600700378, 0.3145119547843933, 1.0768260955810547, 0.08560000360012054, -1.348344087600708, -1.3162139654159546]
[0.0986810028553009, -0.05920279771089554, 0.3638707101345062, 1.943495512008667, -0.10637561976909637, 0.2964613437652588] [0.010779961943626404, 0.09199804067611694, 0.8528620600700378, 0.3145119547843933, 1.0783600807189941, 0.08560000360012054, -1.3498780727386475, -1.317747950553894]
[0.09893637150526047, -0.05920562148094177, 0.36326053738594055, 1.9443542957305908, -0.103650763630867, 0.2963612973690033] [0.013847962021827698, 0.09199804067611694, 0.8513280749320984, 0.3145119547843933, 1.0768260955810547, 0.08560000360012054, -1.351412057876587, -1.317747950553894]
[0.09927906095981598, -0.05929071456193924, 0.3621981739997864, 1.9471993446350098, -0.0981876477599144, 0.2952592670917511] [0.013847962021827698, 0.0904640406370163, 0.8513280749320984, 0.31297796964645386, 1.0768260955810547, 0.08560000360012054, -1.3498780727386475, -1.317747950553894]
[0.09921377152204514, -0.0594419464468956, 0.3620086908340454, 1.9455561637878418, -0.09798604249954224, 0.2947370111942291] [0.015381962060928345, 0.0904640406370163, 0.8528620600700378, 0.31297796964645386, 1.0768260955810547, 0.08560000360012054, -1.3498780727386475, -1.317747950553894]
[0.09924719482660294, -0.05943482369184494, 0.3616076409816742, 1.9457584619522095, -0.09539896249771118, 0.29371267557144165] [0.01844996213912964, 0.08893004059791565, 0.8528620600700378, 0.31297796964645386, 1.0783600807189941, 0.08560000360012054, -1.3498780727386475, -1.317747950553894]
[0.09929533302783966, -0.060306329280138016, 0.3609757125377655, 1.9442194700241089, -0.0924002155661583, 0.2895337641239166] [0.019983962178230286, 0.08586204051971436, 0.8528620600700378, 0.31297796964645386, 1.0768260955810547, 0.0860000029206276, -1.3498780727386475, -1.317747950553894]
[0.09937579184770584, -0.06103307008743286, 0.36103472113609314, 1.9469032287597656, -0.09277074038982391, 0.28615936636924744] [0.019983962178230286, 0.08126004040241241, 0.8513280749320984, 0.31297796964645386, 1.0768260955810547, 0.08560000360012054, -1.3498780727386475, -1.317747950553894]
[0.09967874735593796, -0.0626477301120758, 0.36065590381622314, 1.9448447227478027, -0.09097783267498016, 0.27859756350517273] [0.021517962217330933, 0.07052204012870789, 0.8513280749320984, 0.31297796964645386, 1.0768260955810547, 0.08560000360012054, -1.3498780727386475, -1.3162139654159546]
[0.10012208670377731, -0.06680683046579361, 0.3607122600078583, 1.9404102563858032, -0.09097899496555328, 0.2594911754131317] [0.021517962217330933, 0.05364803969860077, 0.8513280749320984, 0.31297796964645386, 1.0768260955810547, 0.08560000360012054, -1.3468101024627686, -1.3162139654159546]
[0.10027869790792465, -0.07046931982040405, 0.36095234751701355, 1.9396437406539917, -0.09212308377027512, 0.2429410219192505] [0.021517962217330933, 0.03677403926849365, 0.8513280749320984, 0.31297796964645386, 1.0768260955810547, 0.08560000360012054, -1.3468101024627686, -1.3162139654159546]
[0.10044174641370773, -0.07312441617250443, 0.36129269003868103, 1.935878038406372, -0.09306991100311279, 0.22998420894145966] [0.019983962178230286, 0.02296803891658783, 0.8513280749320984, 0.30990996956825256, 1.0768260955810547, 0.08560000360012054, -1.345276117324829, -1.3131459951400757]
[0.10063142329454422, -0.07736776024103165, 0.3613894283771515, 1.9314343929290771, -0.09253635257482529, 0.2098362147808075] [0.019983962178230286, 0.003026038408279419, 0.8482600450515747, 0.30990996956825256, 1.0768260955810547, 0.08560000360012054, -1.3437421321868896, -1.3116120100021362]
[0.1007811427116394, -0.08322405070066452, 0.36148640513420105, 1.9195144176483154, -0.09196707606315613, 0.18311895430088043] [0.019983962178230286, -0.02765396237373352, 0.8405900597572327, 0.30990996956825256, 1.0768260955810547, 0.08560000360012054, -1.3406740427017212, -1.3085440397262573]
[0.10070113837718964, -0.08822491019964218, 0.36139532923698425, 1.9060882329940796, -0.09080813825130463, 0.16183285415172577] [0.01844996213912964, -0.055265963077545166, 0.8252500295639038, 0.3114439845085144, 1.0768260955810547, 0.0860000029206276, -1.3391400575637817, -1.3070099353790283]
[0.10029955208301544, -0.09330615401268005, 0.3618655800819397, 1.887263298034668, -0.09263734519481659, 0.1404656320810318] [0.01691596210002899, -0.08747996389865875, 0.8068420886993408, 0.30990996956825256, 1.0768260955810547, 0.08560000360012054, -1.3345381021499634, -1.3039419651031494]
[0.09969940781593323, -0.10079605877399445, 0.362425297498703, 1.8593207597732544, -0.09331858158111572, 0.10800734162330627] [0.015381962060928345, -0.12122795730829239, 0.7869000434875488, 0.3114439845085144, 1.0768260955810547, 0.08560000360012054, -1.331470012664795, -1.299340009689331]
[0.09874557703733444, -0.10803849250078201, 0.36292803287506104, 1.8349568843841553, -0.09379120171070099, 0.07620712369680405] [0.01231396198272705, -0.1611119657754898, 0.7638900279998779, 0.3114439845085144, 1.0768260955810547, 0.08560000360012054, -1.325334072113037, -1.2947380542755127]
[0.09745988994836807, -0.11427679657936096, 0.3634849786758423, 1.8086246252059937, -0.0945163369178772, 0.04936794191598892] [0.01231396198272705, -0.19179196655750275, 0.7362780570983887, 0.3114439845085144, 1.0768260955810547, 0.08560000360012054, -1.3207321166992188, -1.2886019945144653]
[0.09594744443893433, -0.11906473338603973, 0.3637726306915283, 1.778710126876831, -0.09358897060155869, 0.02930336818099022] [0.01231396198272705, -0.21786996722221375, 0.7132680416107178, 0.3114439845085144, 1.0768260955810547, 0.08560000360012054, -1.313062071800232, -1.2809319496154785]
[0.0943644568324089, -0.12388081848621368, 0.3642275035381317, 1.751767873764038, -0.09322598576545715, 0.008475255221128464] [0.01231396198272705, -0.24087996780872345, 0.687190055847168, 0.3114439845085144, 1.0768260955810547, 0.08560000360012054, -1.3084601163864136, -1.2763299942016602]
[0.09257733076810837, -0.12879055738449097, 0.3646122217178345, 1.7255353927612305, -0.09277789294719696, -0.012309757061302662] [0.01231396198272705, -0.26695796847343445, 0.6626460552215576, 0.3114439845085144, 1.0768260955810547, 0.08560000360012054, -1.3053920269012451, -1.2717280387878418]
[0.09128042310476303, -0.13260328769683838, 0.36481940746307373, 1.7059342861175537, -0.09237542748451233, -0.028930868953466415] [0.010779961943626404, -0.2945699691772461, 0.6427040696144104, 0.3114439845085144, 1.0768260955810547, 0.08560000360012054, -1.3023240566253662, -1.2701940536499023]
[0.08931411802768707, -0.13870471715927124, 0.3652958273887634, 1.6791694164276123, -0.09226588904857635, -0.05635945871472359] [0.009245961904525757, -0.3206479549407959, 0.6227620840072632, 0.3083759546279907, 1.0768260955810547, 0.08560000360012054, -1.3007900714874268, -1.2686599493026733]
[0.08796621114015579, -0.14283475279808044, 0.3654206097126007, 1.6634104251861572, -0.09087223559617996, -0.07581806182861328] [0.009245961904525757, -0.3329199552536011, 0.610490083694458, 0.30990996956825256, 1.0768260955810547, 0.08560000360012054, -1.2977221012115479, -1.2655919790267944]
[0.08733147382736206, -0.14319179952144623, 0.36592018604278564, 1.657046914100647, -0.09314682334661484, -0.07676223665475845] [0.009245961904525757, -0.3329199552536011, 0.6058880686759949, 0.30990996956825256, 1.0768260955810547, 0.08560000360012054, -1.29312002658844, -1.260990023612976]
[0.0866643562912941, -0.14279508590698242, 0.36604177951812744, 1.648850440979004, -0.0932801216840744, -0.07379457354545593] [0.010779961943626404, -0.3329199552536011, 0.5966840386390686, 0.30990996956825256, 1.0768260955810547, 0.08560000360012054, -1.2869840860366821, -1.2548539638519287]
[0.08579922467470169, -0.14236266911029816, 0.3662039637565613, 1.641890287399292, -0.09332957863807678, -0.07107125222682953] [0.015381962060928345, -0.32985198497772217, 0.590548038482666, 0.30990996956825256, 1.0783600807189941, 0.08560000360012054, -1.2762460708618164, -1.244115948677063]
[0.08492669463157654, -0.14097148180007935, 0.3664815425872803, 1.6394411325454712, -0.09380684792995453, -0.06424237787723541] [0.019983962178230286, -0.3237159848213196, 0.5859460830688477, 0.30990996956825256, 1.0783600807189941, 0.08560000360012054, -1.2624400854110718, -1.228775978088379]
[0.0828714668750763, -0.1395214945077896, 0.36669448018074036, 1.634324312210083, -0.09473780542612076, -0.055925387889146805] [0.03225596249103546, -0.31297796964645386, 0.5813440680503845, 0.3114439845085144, 1.0798940658569336, 0.08560000360012054, -1.2455661296844482, -1.210368037223816]
[0.0805453211069107, -0.1361604779958725, 0.3664039671421051, 1.6363942623138428, -0.09353293478488922, -0.03908054530620575] [0.050663962960243225, -0.2976379692554474, 0.5798100233078003, 0.31297796964645386, 1.081428050994873, 0.08560000360012054, -1.2256240844726562, -1.1919599771499634]
[0.07735780626535416, -0.13428200781345367, 0.36598455905914307, 1.6398447751998901, -0.09206768870353699, -0.028862563893198967] [0.07060596346855164, -0.2945699691772461, 0.5798100233078003, 0.3145119547843933, 1.0829620361328125, 0.08560000360012054, -1.2041480541229248, -1.167415976524353]
[0.07362495362758636, -0.1336946040391922, 0.3655092418193817, 1.6404269933700562, -0.0898817703127861, -0.025839153677225113] [0.09361596405506134, -0.28689998388290405, 0.5798100233078003, 0.31604596972465515, 1.084496021270752, 0.08560000360012054, -1.178070068359375, -1.1428719758987427]
[0.06966471672058105, -0.1297616958618164, 0.3653736412525177, 1.6436506509780884, -0.09060318022966385, -0.006310159806162119] [0.1181599572300911, -0.27002596855163574, 0.5798100233078003, 0.31604596972465515, 1.084496021270752, 0.08560000360012054, -1.1519920825958252, -1.1198619604110718]
[0.06677290052175522, -0.12598975002765656, 0.36519503593444824, 1.6455596685409546, -0.0908644050359726, 0.01190762035548687] [0.13963596522808075, -0.2424139678478241, 0.5798100233078003, 0.31604596972465515, 1.0860300064086914, 0.08560000360012054, -1.1274480819702148, -1.093783974647522]
[0.06291356682777405, -0.11893124133348465, 0.3650541603565216, 1.6499122381210327, -0.09190674871206284, 0.04534740000963211] [0.1641799658536911, -0.20406396687030792, 0.5798100233078003, 0.317579984664917, 1.0860300064086914, 0.08560000360012054, -1.104438066482544, -1.0661720037460327]
[0.05860147625207901, -0.10967855155467987, 0.36513686180114746, 1.6527073383331299, -0.09520217031240463, 0.08922594785690308] [0.1841219663619995, -0.1672479659318924, 0.5798100233078003, 0.31604596972465515, 1.0860300064086914, 0.08560000360012054, -1.0783600807189941, -1.0446959733963013]
[0.05409033223986626, -0.1001504585146904, 0.3656551241874695, 1.6580396890640259, -0.10011298209428787, 0.13337552547454834] [0.20713196694850922, -0.12276195734739304, 0.5813440680503845, 0.317579984664917, 1.0952340364456177, 0.08560000360012054, -1.0568840503692627, -1.017084002494812]
[0.04911673069000244, -0.09190619736909866, 0.3657981753349304, 1.6788371801376343, -0.10319223254919052, 0.1716444343328476] [0.23014196753501892, -0.08441196382045746, 0.5813440680503845, 0.317579984664917, 1.119778037071228, 0.08560000360012054, -1.030806064605713, -0.99714195728302]
[0.044019971042871475, -0.08402537554502487, 0.36627474427223206, 1.6986770629882812, -0.1087665930390358, 0.20927809178829193] [0.251617968082428, -0.05219796299934387, 0.5813440680503845, 0.31604596972465515, 1.1305160522460938, 0.08560000360012054, -1.0093300342559814, -0.9725979566574097]
[0.040339548140764236, -0.07898493111133575, 0.36602577567100525, 1.7106759548187256, -0.10954909026622772, 0.23235657811164856] [0.27002596855163574, -0.024585962295532227, 0.5813440680503845, 0.317579984664917, 1.13972008228302, 0.08560000360012054, -0.9909220933914185, -0.9541900157928467]
[0.036009982228279114, -0.07625909894704819, 0.3667856454849243, 1.7156890630722046, -0.11681357771158218, 0.24599504470825195] [0.2853659689426422, -0.01691596210002899, 0.5813440680503845, 0.31604596972465515, 1.1473901271820068, 0.08560000360012054, -0.9755820631980896, -0.9388499855995178]
[0.032186251133680344, -0.07354911416769028, 0.3673250675201416, 1.7319982051849365, -0.1232035830616951, 0.2582565248012543] [0.29917198419570923, -0.001575961709022522, 0.590548038482666, 0.317579984664917, 1.1519920825958252, 0.08560000360012054, -0.9602420330047607, -0.9265779852867126]
[0.02967715449631214, -0.07036546617746353, 0.3674447238445282, 1.736855387687683, -0.12584054470062256, 0.2735806405544281] [0.30990996956825256, 0.01683203876018524, 0.590548038482666, 0.317579984664917, 1.155060052871704, 0.08560000360012054, -0.9464360475540161, -0.9097039699554443]
[0.025746027007699013, -0.06496438384056091, 0.36769959330558777, 1.7383394241333008, -0.13087083399295807, 0.2996270954608917] [0.3206479549407959, 0.04751203954219818, 0.590548038482666, 0.317579984664917, 1.1642640829086304, 0.08560000360012054, -0.9280280470848083, -0.8928300142288208]
[0.021561600267887115, -0.058257825672626495, 0.36754605174064636, 1.7574266195297241, -0.13306763768196106, 0.33147698640823364] [0.3375219702720642, 0.08279404044151306, 0.5920820236206055, 0.31911396980285645, 1.181138038635254, 0.08560000360012054, -0.9157560467720032, -0.8805580139160156]
[0.016996005550026894, -0.050086308270692825, 0.3674224317073822, 1.7754127979278564, -0.13553942739963531, 0.37122687697410583] [0.34825998544692993, 0.11807604134082794, 0.5920820236206055, 0.31911396980285645, 1.1949440240859985, 0.08560000360012054, -0.9004160761833191, -0.8698199987411499]
[0.013538398779928684, -0.04441305994987488, 0.367446631193161, 1.789743423461914, -0.13845640420913696, 0.4000483751296997] [0.35899797081947327, 0.15029004216194153, 0.5920820236206055, 0.3206479549407959, 1.21642005443573, 0.08560000360012054, -0.8881440758705139, -0.8575479984283447]
[0.009088048711419106, -0.03713765740394592, 0.36764219403266907, 1.809693694114685, -0.14202646911144257, 0.43659767508506775] [0.3728039860725403, 0.18250404298305511, 0.5920820236206055, 0.3206479549407959, 1.2302260398864746, 0.08560000360012054, -0.8743380308151245, -0.8452759981155396]
[0.004567435011267662, -0.030444025993347168, 0.36759036779403687, 1.8237059116363525, -0.14481322467327118, 0.4703139662742615] [0.3835419714450836, 0.21778604388237, 0.5936160683631897, 0.32218196988105774, 1.2455661296844482, 0.08560000360012054, -0.865134060382843, -0.8345379829406738]
[-0.00018577800074126571, -0.02310546301305294, 0.3671860694885254, 1.838747501373291, -0.1462637484073639, 0.507932722568512] [0.3927459716796875, 0.25613605976104736, 0.5936160683631897, 0.32524996995925903, 1.251702070236206, 0.08560000360012054, -0.8559300899505615, -0.8284019827842712]
[-0.005904956255108118, -0.015409639105200768, 0.36769336462020874, 1.8404345512390137, -0.1560979038476944, 0.5544881224632263] [0.4019499719142914, 0.2791460454463959, 0.5936160683631897, 0.3497939705848694, 1.251702070236206, 0.08560000360012054, -0.8482600450515747, -0.8237999677658081]
[-0.009035001508891582, -0.011992592364549637, 0.3678455650806427, 1.8403648138046265, -0.16417354345321655, 0.5817059874534607] [0.4126879572868347, 0.2837480306625366, 0.5936160683631897, 0.35899797081947327, 1.251702070236206, 0.08560000360012054, -0.8451920747756958, -0.8207319974899292]
[-0.0099924486130476, -0.01215442456305027, 0.36775171756744385, 1.8394864797592163, -0.1657126247882843, 0.5815778374671936] [0.41422197222709656, 0.2837480306625366, 0.5936160683631897, 0.35899797081947327, 1.251702070236206, 0.08560000360012054, -0.8405900597572327, -0.8191980123519897]
[-0.010458048433065414, -0.012769916094839573, 0.36796727776527405, 1.8382388353347778, -0.1678013950586319, 0.5788190960884094] [0.4157559871673584, 0.2791460454463959, 0.5920820236206055, 0.35899797081947327, 1.251702070236206, 0.08560000360012054, -0.837522029876709, -0.8161299824714661]
[-0.010339622385799885, -0.014430969953536987, 0.3683279752731323, 1.8343631029129028, -0.1699436753988266, 0.5703011751174927] [0.4157559871673584, 0.2668740451335907, 0.590548038482666, 0.3605319857597351, 1.251702070236206, 0.08560000360012054, -0.8359880447387695, -0.8161299824714661]
[-0.00987334456294775, -0.01642555370926857, 0.36848321557044983, 1.8313992023468018, -0.17104178667068481, 0.5601603984832764] [0.4157559871673584, 0.25613605976104736, 0.590548038482666, 0.3605319857597351, 1.251702070236206, 0.08560000360012054, -0.8359880447387695, -0.8161299824714661]
[-0.009727781638503075, -0.017475642263889313, 0.3690120279788971, 1.8295801877975464, -0.17405769228935242, 0.5556648373603821] [0.41422197222709656, 0.2546020448207855, 0.590548038482666, 0.36206597089767456, 1.251702070236206, 0.08560000360012054, -0.8359880447387695, -0.8176639676094055]
[-0.009741897694766521, -0.017971614375710487, 0.36957114934921265, 1.8277161121368408, -0.17768703401088715, 0.5551668405532837] [0.41115397214889526, 0.2469320446252823, 0.590548038482666, 0.3697359561920166, 1.251702070236206, 0.08560000360012054, -0.837522029876709, -0.8222659826278687]
[-0.010222665034234524, -0.018532350659370422, 0.37046292424201965, 1.819693922996521, -0.18572768568992615, 0.5602040886878967] [0.41115397214889526, 0.23159204423427582, 0.5798100233078003, 0.4034839868545532, 1.251702070236206, 0.08560000360012054, -0.8405900597572327, -0.8284019827842712]
[-0.010947476141154766, -0.019054530188441277, 0.3717019855976105, 1.8059191703796387, -0.20016267895698547, 0.5778210759162903] [0.4126879572868347, 0.21932004392147064, 0.5736740827560425, 0.4326299726963043, 1.251702070236206, 0.08560000360012054, -0.8451920747756958, -0.8314700126647949]
[-0.009725852869451046, -0.02167971059679985, 0.37186992168426514, 1.7862752676010132, -0.20246702432632446, 0.5751921534538269] [0.41115397214889526, 0.1886400431394577, 0.5598680377006531, 0.4617759585380554, 1.251702070236206, 0.08560000360012054, -0.8482600450515747, -0.8345379829406738]
[-0.008410952985286713, -0.026888709515333176, 0.3723168969154358, 1.766851544380188, -0.20766852796077728, 0.5619681477546692] [0.41115397214889526, 0.139552041888237, 0.5475960373878479, 0.5001260042190552, 1.251702070236206, 0.08560000360012054, -0.8482600450515747, -0.8360719680786133]
[-0.008206028491258621, -0.030581261962652206, 0.3726000189781189, 1.7454830408096313, -0.2134743183851242, 0.5608533024787903] [0.4126879572868347, 0.10887204110622406, 0.5322560667991638, 0.533873975276947, 1.251702070236206, 0.08560000360012054, -0.8497940301895142, -0.8360719680786133]
[-0.008488669991493225, -0.034430161118507385, 0.3735189139842987, 1.721267819404602, -0.22300837934017181, 0.562494695186615] [0.4126879572868347, 0.07052204012870789, 0.5184500217437744, 0.5706899762153625, 1.251702070236206, 0.08560000360012054, -0.8543960452079773, -0.8422079682350159]
[-0.00805779080837965, -0.03954730182886124, 0.37388408184051514, 1.7030876874923706, -0.22908534109592438, 0.5550488233566284] [0.4126879572868347, 0.015298038721084595, 0.5046440362930298, 0.6136419773101807, 1.251702070236206, 0.08560000360012054, -0.8589980602264404, -0.846809983253479]
[-0.006818557158112526, -0.047698233276605606, 0.3743540048599243, 1.6880735158920288, -0.2359386533498764, 0.5329524874687195] [0.4126879572868347, -0.035323962569236755, 0.4985080361366272, 0.6443219780921936, 1.2532360553741455, 0.08560000360012054, -0.8620660305023193, -0.8498779535293579]
[-0.0062142908573150635, -0.052758920937776566, 0.3747158348560333, 1.6779582500457764, -0.23921595513820648, 0.5176498293876648] [0.4126879572868347, -0.0859459638595581, 0.49390605092048645, 0.6734679937362671, 1.251702070236206, 0.08560000360012054, -0.865134060382843, -0.8529459834098816]
[-0.005399535875767469, -0.06472428888082504, 0.37477365136146545, 1.6575144529342651, -0.24259281158447266, 0.4775545299053192] [0.41422197222709656, -0.17951996624469757, 0.4770320653915405, 0.7118179798126221, 1.2685760259628296, 0.08560000360012054, -0.8682020902633667, -0.8575479984283447]
[-0.005489695817232132, -0.08031298965215683, 0.3750699758529663, 1.6541639566421509, -0.24497471749782562, 0.42217952013015747] [0.4157559871673584, -0.29303598403930664, 0.4632260501384735, 0.7624399662017822, 1.294654130935669, 0.08560000360012054, -0.8774060606956482, -0.8667519688606262]
[-0.006540575064718723, -0.09841523319482803, 0.375066876411438, 1.6527429819107056, -0.2442634552717209, 0.3553943634033203] [0.4157559871673584, -0.429561972618103, 0.4294780492782593, 0.8636839985847473, 1.3376060724258423, 0.09120000153779984, -0.8942800760269165, -0.8805580139160156]
[-0.01347433403134346, -0.10795530676841736, 0.37364980578422546, 1.6249520778656006, -0.22898946702480316, 0.37926989793777466] [0.4157559871673584, -0.5630199909210205, 0.34971004724502563, 1.0569679737091064, 1.4143060445785522, 0.08480000495910645, -0.9142220616340637, -0.9004999995231628]
[-0.023537034168839455, -0.12123777717351913, 0.3719395101070404, 1.6048288345336914, -0.20393051207065582, 0.38877859711647034] [0.4126879572868347, -0.7164199948310852, 0.3389720320701599, 1.1213959455490112, 1.441918134689331, 0.0835999995470047, -0.9188240766525269, -0.905102014541626]
[-0.022649265825748444, -0.12807431817054749, 0.3709600865840912, 1.624958872795105, -0.19131220877170563, 0.3488238453865051] [0.41422197222709656, -0.7332940101623535, 0.335904061794281, 1.1213959455490112, 1.44498610496521, 0.0835999995470047, -0.9188240766525269, -0.9035679697990417]
[-0.02217937633395195, -0.12820251286029816, 0.37106800079345703, 1.6262609958648682, -0.19184428453445435, 0.3485564887523651] [0.41422197222709656, -0.7332940101623535, 0.33743804693222046, 1.1213959455490112, 1.44498610496521, 0.0835999995470047, -0.9188240766525269, -0.9035679697990417]
[-0.02199409157037735, -0.1281205713748932, 0.37131860852241516, 1.6276509761810303, -0.19326701760292053, 0.34808608889579773] [0.41422197222709656, -0.7332940101623535, 0.3420400619506836, 1.1198619604110718, 1.4465200901031494, 0.0835999995470047, -0.9188240766525269, -0.9035679697990417]
[-0.02182834967970848, -0.12879735231399536, 0.3730699121952057, 1.6338188648223877, -0.2059689164161682, 0.34360718727111816] [0.40655195713043213, -0.7332940101623535, 0.3681180477142334, 1.1045219898223877, 1.4495880603790283, 0.0835999995470047, -0.9234260320663452, -0.9097039699554443]
[-0.02133147232234478, -0.1331704556941986, 0.3815908432006836, 1.670892357826233, -0.26946336030960083, 0.3059247136116028] [0.39121198654174805, -0.7332940101623535, 0.46169203519821167, 1.0815119743347168, 1.4511220455169678, 0.08320000022649765, -0.9418340921401978, -0.9265779852867126]
[-0.01970221847295761, -0.14216288924217224, 0.3933076560497284, 1.7679277658462524, -0.37023425102233887, 0.22950251400470734] [0.39734798669815063, -0.7317599654197693, 0.6687820553779602, 1.0109479427337646, 1.4495880603790283, 0.0835999995470047, -0.9679120779037476, -0.9526559710502625]
[-0.01894776150584221, -0.17150072753429413, 0.40986233949661255, 2.0697598457336426, -0.5112945437431335, -0.04678525775671005] [0.39734798669815063, -0.7317599654197693, 0.961776077747345, 0.8299359679222107, 1.4495880603790283, 0.0835999995470047, -1.0031940937042236, -0.989471971988678]
[-0.01968742161989212, -0.20827598869800568, 0.41042783856391907, 2.468867778778076, -0.49384933710098267, -0.40141335129737854] [0.4019499719142914, -0.7302259802818298, 1.2839161157608032, 0.6213119626045227, 1.4495880603790283, 0.0835999995470047, -1.0338740348815918, -1.0232199430465698]
[-0.01926746778190136, -0.23492693901062012, 0.3959629237651825, 2.768541097640991, -0.34474867582321167, -0.6269378066062927] [0.4050179719924927, -0.7302259802818298, 1.5400941371917725, 0.44643598794937134, 1.4495880603790283, 0.0835999995470047, -1.06302011013031, -1.0492980480194092]
[-0.019062453880906105, -0.25027844309806824, 0.381382554769516, 2.9886019229888916, -0.20937083661556244, -0.7417457103729248] [0.4050179719924927, -0.7302259802818298, 1.7471840381622314, 0.3436579704284668, 1.4495880603790283, 0.0835999995470047, -1.0937000513076782, -1.0799779891967773]
[-0.015661921352148056, -0.25604313611984253, 0.37074777483940125, 3.0889577865600586, -0.1264936476945877, -0.7781102657318115] [0.4096199870109558, -0.7302259802818298, 1.8300200700759888, 0.317579984664917, 1.4495880603790283, 0.0835999995470047, -1.1228461265563965, -1.113726019859314]
[-0.010902426205575466, -0.25630876421928406, 0.36710235476493835, 3.0742201805114746, -0.10464800149202347, -0.7772971391677856] [0.41115397214889526, -0.7302259802818298, 1.8315540552139282, 0.31604596972465515, 1.4495880603790283, 0.0835999995470047, -1.158128023147583, -1.14900803565979]
[-0.004695562180131674, -0.2566598653793335, 0.3625960648059845, 3.0555553436279297, -0.07980631291866302, -0.776672899723053] [0.41115397214889526, -0.7302259802818298, 1.8376901149749756, 0.317579984664917, 1.4495880603790283, 0.0835999995470047, -1.1857401132583618, -1.1750860214233398]
[0.0008465552236884832, -0.25690314173698425, 0.35822537541389465, 3.0362565517425537, -0.05605858936905861, -0.7757620215415955] [0.41115397214889526, -0.7302259802818298, 1.8376901149749756, 0.317579984664917, 1.4495880603790283, 0.0835999995470047, -1.2041480541229248, -1.1934939622879028]
[0.0052635082975029945, -0.257085919380188, 0.3544159531593323, 3.0185890197753906, -0.03673149272799492, -0.7749935388565063] [0.4157559871673584, -0.7302259802818298, 1.8376901149749756, 0.31604596972465515, 1.4495880603790283, 0.0835999995470047, -1.2256240844726562, -1.2149699926376343]
[0.00914228055626154, -0.2573094666004181, 0.34763097763061523, 2.9887146949768066, -0.003014565911144018, -0.774578869342804] [0.4387659728527069, -0.7302259802818298, 1.8376901149749756, 0.31297796964645386, 1.4495880603790283, 0.0835999995470047, -1.2424980401992798, -1.2333779335021973]
[0.011646157130599022, -0.2575356662273407, 0.34084823727607727, 2.961047887802124, 0.03274274617433548, -0.7754114270210266] [0.46024197340011597, -0.7286919951438904, 1.8376901149749756, 0.30223995447158813, 1.4495880603790283, 0.0835999995470047, -1.2578380107879639, -1.2502520084381104]
[0.01369358878582716, -0.25776025652885437, 0.3365475833415985, 2.947638750076294, 0.058073703199625015, -0.7767759561538696] [0.4617759585380554, -0.7302259802818298, 1.8376901149749756, 0.2945699691772461, 1.4495880603790283, 0.0835999995470047, -1.2808480262756348, -1.2717280387878418]
[0.018116727471351624, -0.25784027576446533, 0.33147570490837097, 2.9267032146453857, 0.08424524962902069, -0.7785956859588623] [0.4617759585380554, -0.7302259802818298, 1.8376901149749756, 0.2915019690990448, 1.4495880603790283, 0.0835999995470047, -1.2977221012115479, -1.2855340242385864]
[0.02028016932308674, -0.25792595744132996, 0.328993022441864, 2.917001962661743, 0.09620784968137741, -0.7796187996864319] [0.4617759585380554, -0.7302259802818298, 1.8376901149749756, 0.2915019690990448, 1.4495880603790283, 0.08320000022649765, -1.309994101524353, -1.30240797996521]
[0.02269667573273182, -0.25801292061805725, 0.3261689245700836, 2.905924081802368, 0.10955387353897095, -0.7809118032455444] [0.4617759585380554, -0.7302259802818298, 1.8376901149749756, 0.2884339690208435, 1.4495880603790283, 0.0835999995470047, -1.3238000869750977, -1.3162139654159546]
[0.025718512013554573, -0.2567856013774872, 0.32271599769592285, 2.90065336227417, 0.12794901430606842, -0.7743786573410034] [0.4648439884185791, -0.7133519649505615, 1.8376901149749756, 0.27616196870803833, 1.4511220455169678, 0.0835999995470047, -1.325334072113037, -1.3162139654159546]
[0.0276402048766613, -0.25507238507270813, 0.31639134883880615, 2.8900020122528076, 0.16416819393634796, -0.7661059498786926] [0.4847859740257263, -0.7072159647941589, 1.8376901149749756, 0.27002596855163574, 1.4495880603790283, 0.0835999995470047, -1.325334072113037, -1.3162139654159546]
[0.02765405923128128, -0.25524866580963135, 0.3139387369155884, 2.8803114891052246, 0.17541496455669403, -0.7678152322769165] [0.49245595932006836, -0.7072159647941589, 1.8376901149749756, 0.2715599536895752, 1.4495880603790283, 0.0835999995470047, -1.325334072113037, -1.3162139654159546]
[0.027871785685420036, -0.2550416588783264, 0.313010036945343, 2.875917434692383, 0.17895567417144775, -0.7663741707801819] [0.49552398920059204, -0.70414799451828, 1.8361561298370361, 0.2715599536895752, 1.4495880603790283, 0.0835999995470047, -1.328402042388916, -1.3162139654159546]
[0.028348103165626526, -0.25481337308883667, 0.31267303228378296, 2.874943733215332, 0.18070007860660553, -0.7652243971824646] [0.49552398920059204, -0.70414799451828, 1.8361561298370361, 0.2715599536895752, 1.4495880603790283, 0.0835999995470047, -1.328402042388916, -1.3162139654159546]
[0.02870783768594265, -0.2545493543148041, 0.31246867775917053, 2.874638080596924, 0.18186067044734955, -0.763994574546814] [0.49552398920059204, -0.70414799451828, 1.8361561298370361, 0.2715599536895752, 1.4495880603790283, 0.0835999995470047, -1.328402042388916, -1.3162139654159546]
[0.028493396937847137, -0.2548407018184662, 0.31245192885398865, 2.8741202354431152, 0.18159893155097961, -0.7653836011886597] [0.49552398920059204, -0.7026139497756958, 1.8361561298370361, 0.2715599536895752, 1.4495880603790283, 0.08320000022649765, -1.328402042388916, -1.3162139654159546]
[0.028584303334355354, -0.25482192635536194, 0.3124699592590332, 2.8737146854400635, 0.181759312748909, -0.7654196619987488] [0.49552398920059204, -0.7026139497756958, 1.8361561298370361, 0.2715599536895752, 1.4495880603790283, 0.0835999995470047, -1.328402042388916, -1.317747950553894]
[0.028812861070036888, -0.2545953392982483, 0.31233733892440796, 2.874229907989502, 0.18242761492729187, -0.7640576362609863] [0.49552398920059204, -0.70414799451828, 1.8361561298370361, 0.2715599536895752, 1.4511220455169678, 0.0835999995470047, -1.328402042388916, -1.3162139654159546]
[0.028802281245589256, -0.25459206104278564, 0.3123427927494049, 2.8742353916168213, 0.18238629400730133, -0.7640522718429565] [0.49552398920059204, -0.70414799451828, 1.8361561298370361, 0.2715599536895752, 1.4495880603790283, 0.08320000022649765, -1.328402042388916, -1.3162139654159546]
[0.028662124648690224, -0.25534966588020325, 0.3109900653362274, 2.87809681892395, 0.18608911335468292, -0.7648584842681885] [0.49552398920059204, -0.7026139497756958, 1.8361561298370361, 0.2715599536895752, 1.4495880603790283, 0.9971999526023865, -1.328402042388916, -1.3162139654159546]
[0.028672775253653526, -0.2553843855857849, 0.3109278380870819, 2.876549005508423, 0.1862974464893341, -0.7649637460708618] [0.49552398920059204, -0.7026139497756958, 1.8361561298370361, 0.2715599536895752, 1.4495880603790283, 0.9971999526023865, -1.328402042388916, -1.3162139654159546]
[0.02847355604171753, -0.25566843152046204, 0.3109847605228424, 2.87559175491333, 0.18610745668411255, -0.7666691541671753] [0.49552398920059204, -0.70414799451828, 1.8361561298370361, 0.2715599536895752, 1.4495880603790283, 0.9968000054359436, -1.328402042388916, -1.3162139654159546]
[0.028622068464756012, -0.2553543448448181, 0.31096184253692627, 2.876193046569824, 0.18629148602485657, -0.7652747631072998] [0.49552398920059204, -0.7026139497756958, 1.8361561298370361, 0.2715599536895752, 1.4495880603790283, 0.9971999526023865, -1.328402042388916, -1.3162139654159546]
[0.028398100286722183, -0.25558483600616455, 0.3110925257205963, 2.875725030899048, 0.18559305369853973, -0.766572892665863] [0.49552398920059204, -0.7026139497756958, 1.8361561298370361, 0.2715599536895752, 1.4495880603790283, 0.9968000054359436, -1.328402042388916, -1.3162139654159546]
[0.028370294719934464, -0.25555118918418884, 0.311133474111557, 2.877234697341919, 0.18546907603740692, -0.766583263874054] [0.49552398920059204, -0.7026139497756958, 1.8361561298370361, 0.2715599536895752, 1.4495880603790283, 0.9968000054359436, -1.328402042388916, -1.3162139654159546]
[0.028644226491451263, -0.2552308440208435, 0.311066597700119, 2.8761603832244873, 0.18597987294197083, -0.7651404142379761] [0.49552398920059204, -0.70414799451828, 1.8361561298370361, 0.2715599536895752, 1.4495880603790283, 0.9968000054359436, -1.328402042388916, -1.3162139654159546]
