[0.008561279624700546, -0.27465853095054626, 0.3215333819389343, 3.074486017227173, 0.24391819536685944, -0.884861409664154] [0.3283179700374603, -0.8345379829406738, 1.8407580852508545, 0.02305196225643158, 1.5477640628814697, 0.9968000054359436, -1.3007900714874268, -1.2978060245513916]
[0.008622932247817516, -0.27463170886039734, 0.3215315043926239, 3.0750434398651123, 0.24418902397155762, -0.88530033826828] [0.3283179700374603, -0.8360719680786133, 1.8407580852508545, 0.02305196225643158, 1.5477640628814697, 0.9968000054359436, -1.309994101524353, -1.299340009689331]
[0.009163204580545425, -0.27470654249191284, 0.3209288418292999, 3.0703485012054443, 0.2469775378704071, -0.8864471316337585] [0.3283179700374603, -0.8360719680786133, 1.8407580852508545, 0.02305196225643158, 1.5477640628814697, 0.9968000054359436, -1.3191981315612793, -1.3085440397262573]
[0.010403599590063095, -0.2746064066886902, 0.31951361894607544, 3.0629501342773438, 0.2528603672981262, -0.8869855403900146] [0.3283179700374603, -0.8360719680786133, 1.8407580852508545, 0.02305196225643158, 1.5477640628814697, 0.9968000054359436, -1.3238000869750977, -1.3131459951400757]
[0.011093017645180225, -0.2748326063156128, 0.31866803765296936, 3.0589280128479004, 0.2565671503543854, -0.8897361755371094] [0.3283179700374603, -0.8360719680786133, 1.8407580852508545, 0.02305196225643158, 1.5477640628814697, 0.9968000054359436, -1.3238000869750977, -1.3131459951400757]
[0.011925088241696358, -0.2736457586288452, 0.31884703040122986, 3.056180953979492, 0.2564319372177124, -0.8850294947624207] [0.3283179700374603, -0.8360719680786133, 1.8407580852508545, 0.02305196225643158, 1.5477640628814697, 0.9968000054359436, -1.3238000869750977, -1.3131459951400757]
[0.01224544458091259, -0.2731758952140808, 0.3195047080516815, 3.0567476749420166, 0.25390398502349854, -0.8837442994117737] [0.3283179700374603, -0.8360719680786133, 1.8407580852508545, 0.02305196225643158, 1.5492980480194092, 0.9968000054359436, -1.3238000869750977, -1.3116120100021362]
[0.01231897808611393, -0.27284491062164307, 0.319814532995224, 3.060243606567383, 0.2527026832103729, -0.8824252486228943] [0.3283179700374603, -0.8360719680786133, 1.8407580852508545, 0.02305196225643158, 1.5492980480194092, 0.07040000706911087, -1.325334072113037, -1.3131459951400757]
[0.012516086921095848, -0.2728278636932373, 0.31966060400009155, 3.057786464691162, 0.25345122814178467, -0.8826056122779846] [0.3283179700374603, -0.8360719680786133, 1.8407580852508545, 0.02305196225643158, 1.5477640628814697, 0.07040000706911087, -1.325334072113037, -1.3131459951400757]
[0.01268218643963337, -0.27271565794944763, 0.3196261525154114, 3.044264793395996, 0.25349554419517517, -0.8821232318878174] [0.3267839550971985, -0.8360719680786133, 1.823884129524231, 0.024585962295532227, 1.5400941371917725, 0.07040000706911087, -1.325334072113037, -1.3116120100021362]
[0.013437315821647644, -0.27261635661125183, 0.32208994030952454, 3.022535562515259, 0.24086891114711761, -0.8793852925300598] [0.30990996956825256, -0.8376059532165527, 1.8116121292114258, 0.026119962334632874, 1.515550136566162, 0.07040000706911087, -1.3268680572509766, -1.3100780248641968]
[0.013804136775434017, -0.2724287509918213, 0.32319405674934387, 2.988748073577881, 0.2350900024175644, -0.8787553310394287] [0.29917198419570923, -0.8376059532165527, 1.7870681285858154, 0.035323962569236755, 1.4818021059036255, 0.07040000706911087, -1.328402042388916, -1.3100780248641968]
[0.01533533725887537, -0.2716572880744934, 0.32645925879478455, 2.9492533206939697, 0.21233761310577393, -0.8725549578666687] [0.2822979688644409, -0.8376059532165527, 1.7609901428222656, 0.07060596346855164, 1.4756660461425781, 0.07040000706911087, -1.331470012664795, -1.3116120100021362]
[0.017527954652905464, -0.27114757895469666, 0.33454981446266174, 2.9518511295318604, 0.15425518155097961, -0.861538827419281] [0.2546859681606293, -0.8360719680786133, 1.745650053024292, 0.10588795691728592, 1.4756660461425781, 0.07040000706911087, -1.3345381021499634, -1.3116120100021362]
[0.01958359405398369, -0.27036163210868835, 0.34296661615371704, 2.942162275314331, 0.09346524626016617, -0.8510375022888184] [0.22400596737861633, -0.8345379829406738, 1.7011641263961792, 0.15190796554088593, 1.4756660461425781, 0.07040000706911087, -1.3406740427017212, -1.3162139654159546]
[0.023030294105410576, -0.2677810490131378, 0.3523389995098114, 2.9179317951202393, 0.02327948808670044, -0.830124020576477] [0.1902579665184021, -0.8253339529037476, 1.6551440954208374, 0.20559796690940857, 1.4741320610046387, 0.07040000706911087, -1.345276117324829, -1.317747950553894]
[0.028865095227956772, -0.26236268877983093, 0.35994231700897217, 2.8902766704559326, -0.03733058646321297, -0.7905334234237671] [0.1611119657754898, -0.8023239970207214, 1.5262880325317383, 0.30377396941185, 1.4756660461425781, 0.07040000706911087, -1.345276117324829, -1.319282054901123]
[0.03891244903206825, -0.2459302395582199, 0.37520426511764526, 2.625417470932007, -0.18004591763019562, -0.6556509137153625] [0.14270396530628204, -0.7977219820022583, 1.2118180990219116, 0.5123980045318604, 1.4772000312805176, 0.07040000706911087, -1.3468101024627686, -1.317747950553894]
[0.049490638077259064, -0.22342641651630402, 0.38496145606040955, 2.401041269302368, -0.27347275614738464, -0.46939757466316223] [0.11048995703458786, -0.7655079960823059, 1.0384761095046997, 0.5860300064086914, 1.4772000312805176, 0.07040000706911087, -1.3468101024627686, -1.317747950553894]
[0.05879920348525047, -0.20587845146656036, 0.38706982135772705, 2.2788145542144775, -0.2852456569671631, -0.33966323733329773] [0.07060596346855164, -0.6918759942054749, 0.9142220616340637, 0.5906319618225098, 1.4756660461425781, 0.07040000706911087, -1.3468101024627686, -1.319282054901123]
[0.07730244100093842, -0.16558559238910675, 0.39839497208595276, 2.277071952819824, -0.33965322375297546, -0.1240239217877388] [-0.05671603977680206, -0.4356979727745056, 0.8835420608520508, 0.5568839907646179, 1.4741320610046387, 0.07040000706911087, -1.348344087600708, -1.319282054901123]
[0.08889373391866684, -0.1116504967212677, 0.4051041305065155, 2.224879026412964, -0.35348448157310486, 0.14430242776870728] [-0.09966804087162018, -0.17798596620559692, 0.7439480423927307, 0.46637797355651855, 1.4695301055908203, 0.07040000706911087, -1.3498780727386475, -1.3208160400390625]
[0.09448681026697159, -0.08310697227716446, 0.39118120074272156, 2.0115814208984375, -0.22584326565265656, 0.26693010330200195] [-0.12267804145812988, -0.026119962334632874, 0.4923720359802246, 0.421891987323761, 1.4695301055908203, 0.07040000706911087, -1.3498780727386475, -1.322350025177002]
[0.08878371119499207, -0.041142482310533524, 0.38613227009773254, 1.91267728805542, -0.18308743834495544, 0.4671225845813751] [-0.12728004157543182, 0.12728004157543182, 0.46782803535461426, 0.3866099715232849, 1.4695301055908203, 0.07040000706911087, -1.351412057876587, -1.3238840103149414]
[0.08933241665363312, -0.03750891983509064, 0.38254696130752563, 1.8780375719070435, -0.15752919018268585, 0.4729277789592743] [-0.12421204149723053, 0.12881404161453247, 0.4371480345726013, 0.37433797121047974, 1.460326075553894, 0.07040000706911087, -1.3529460430145264, -1.3269519805908203]
[0.09008583426475525, -0.03744831308722496, 0.37892529368400574, 1.8600984811782837, -0.13921724259853363, 0.4719112515449524] [-0.11194004118442535, 0.12728004157543182, 0.4202740490436554, 0.37433797121047974, 1.4557241201400757, 0.07040000706911087, -1.3544800281524658, -1.3269519805908203]
[0.09130875766277313, -0.04014328122138977, 0.3757789134979248, 1.8427175283432007, -0.1227727085351944, 0.4589945375919342] [-0.10580404102802277, 0.11194004118442535, 0.4003320336341858, 0.3697359561920166, 1.4541900157928467, 0.07040000706911087, -1.3544800281524658, -1.3284859657287598]
[0.09221024811267853, -0.04164908081293106, 0.3752630352973938, 1.8374754190444946, -0.11833067983388901, 0.4481152892112732] [-0.10580404102802277, 0.10887204110622406, 0.39879804849624634, 0.3666679859161377, 1.4541900157928467, 0.07040000706911087, -1.3544800281524658, -1.3284859657287598]
[0.09234825521707535, -0.04174800217151642, 0.3747725188732147, 1.8387116193771362, -0.11644522845745087, 0.4479758143424988] [-0.10580404102802277, 0.10887204110622406, 0.3972640633583069, 0.3666679859161377, 1.4541900157928467, 0.07040000706911087, -1.3544800281524658, -1.3284859657287598]
[0.09257350862026215, -0.04212864115834236, 0.3742017149925232, 1.83853280544281, -0.11406424641609192, 0.4464549720287323] [-0.10580404102802277, 0.10733804106712341, 0.3972640633583069, 0.363599956035614, 1.4541900157928467, 0.07040000706911087, -1.3544800281524658, -1.3284859657287598]
[0.09371273964643478, -0.043447740375995636, 0.3734996020793915, 1.83527410030365, -0.10688631981611252, 0.43139684200286865] [-0.10427004098892212, 0.10733804106712341, 0.39266204833984375, 0.3329199552536011, 1.4541900157928467, 0.07040000706911087, -1.3560140132904053, -1.3315539360046387]
[0.09545321017503738, -0.045714158564805984, 0.3712012469768524, 1.8387647867202759, -0.09204954653978348, 0.4084046185016632] [-0.09966804087162018, 0.10733804106712341, 0.3911280632019043, 0.3237159848213196, 1.4541900157928467, 0.07040000706911087, -1.3575481176376343, -1.3315539360046387]
[0.0961398035287857, -0.04632238671183586, 0.3681381642818451, 1.843126654624939, -0.07780178636312485, 0.40367963910102844] [-0.08432804048061371, 0.10733804106712341, 0.38652604818344116, 0.31911396980285645, 1.4541900157928467, 0.07040000706911087, -1.3590821027755737, -1.3330880403518677]
[0.09682009369134903, -0.04666927456855774, 0.3651670515537262, 1.8455862998962402, -0.06285516917705536, 0.39809706807136536] [-0.07819204032421112, 0.10733804106712341, 0.38652604818344116, 0.30990996956825256, 1.4526560306549072, 0.07040000706911087, -1.3590821027755737, -1.3330880403518677]
[0.09755514562129974, -0.04758194088935852, 0.3646145761013031, 1.8462398052215576, -0.0581042505800724, 0.38814252614974976] [-0.07819204032421112, 0.10733804106712341, 0.3849920630455017, 0.29917198419570923, 1.4541900157928467, 0.07040000706911087, -1.3590821027755737, -1.3330880403518677]
[0.0978873074054718, -0.04816211387515068, 0.3643675148487091, 1.8465945720672607, -0.05582819879055023, 0.3824599087238312] [-0.07665804028511047, 0.10733804106712341, 0.3849920630455017, 0.2945699691772461, 1.4541900157928467, 0.07040000706911087, -1.3590821027755737, -1.3315539360046387]
[0.09825445711612701, -0.049027182161808014, 0.3635956645011902, 1.8426120281219482, -0.05050582066178322, 0.3743281364440918] [-0.07665804028511047, 0.10580404102802277, 0.3803900480270386, 0.28996795415878296, 1.4541900157928467, 0.07040000706911087, -1.3575481176376343, -1.3315539360046387]
[0.098426453769207, -0.05029219388961792, 0.3638177514076233, 1.8353447914123535, -0.050505898892879486, 0.36751100420951843] [-0.07665804028511047, 0.09660004079341888, 0.3711860477924347, 0.2884339690208435, 1.4541900157928467, 0.07040000706911087, -1.3560140132904053, -1.3284859657287598]
[0.09860522300004959, -0.05262749642133713, 0.36369964480400085, 1.8225737810134888, -0.04917515069246292, 0.3580127954483032] [-0.07819204032421112, 0.08432804048061371, 0.3589140474796295, 0.2884339690208435, 1.4541900157928467, 0.07040000706911087, -1.3560140132904053, -1.3284859657287598]
[0.09886442124843597, -0.055248674005270004, 0.3634173274040222, 1.8085001707077026, -0.04657820984721184, 0.3457145690917969] [-0.07819204032421112, 0.06898804008960724, 0.3451080322265625, 0.28689998388290405, 1.4541900157928467, 0.07040000706911087, -1.3544800281524658, -1.3269519805908203]
[0.09970204532146454, -0.05960996448993683, 0.36331433057785034, 1.7983652353286743, -0.044236455112695694, 0.3224688172340393] [-0.07972604036331177, 0.045978039503097534, 0.33743804693222046, 0.2746279835700989, 1.4541900157928467, 0.07080000638961792, -1.3529460430145264, -1.3254179954528809]
[0.10092241317033768, -0.0666733980178833, 0.36298081278800964, 1.7925471067428589, -0.03975304216146469, 0.2823406159877777] [-0.07972604036331177, 0.02296803891658783, 0.33437004685401917, 0.26388996839523315, 1.4541900157928467, 0.07040000706911087, -1.3498780727386475, -1.322350025177002]
[0.10172343254089355, -0.07290118932723999, 0.36281266808509827, 1.7886126041412354, -0.03578688204288483, 0.24525851011276245] [-0.08126004040241241, 0.001492038369178772, 0.3282340466976166, 0.24394796788692474, 1.4541900157928467, 0.07040000706911087, -1.345276117324829, -1.317747950553894]
[0.1020558625459671, -0.08066508919000626, 0.3632928729057312, 1.7789818048477173, -0.03388436883687973, 0.19948360323905945] [-0.08126004040241241, -0.026119962334632874, 0.322098046541214, 0.22553996741771698, 1.4541900157928467, 0.07040000706911087, -1.3360720872879028, -1.3085440397262573]
[0.10179221630096436, -0.08715259283781052, 0.3634096384048462, 1.7690041065216064, -0.031721584498882294, 0.16396880149841309] [-0.07972604036331177, -0.05833396315574646, 0.308292031288147, 0.20559796690940857, 1.4541900157928467, 0.07040000706911087, -1.325334072113037, -1.2978060245513916]
[0.10036257654428482, -0.10049600899219513, 0.36423152685165405, 1.7446707487106323, -0.030257519334554672, 0.0913592055439949] [-0.07819204032421112, -0.11048995703458786, 0.28835004568099976, 0.1871899664402008, 1.4541900157928467, 0.07040000706911087, -1.3115280866622925, -1.2809319496154785]
[0.09732276201248169, -0.11378063261508942, 0.3650502562522888, 1.7271026372909546, -0.030416831374168396, 0.023863593116402626] [-0.07052204012870789, -0.1611119657754898, 0.2668740451335907, 0.17951996624469757, 1.4541900157928467, 0.07040000706911087, -1.2977221012115479, -1.2655919790267944]
[0.09395167976617813, -0.12374483048915863, 0.36529219150543213, 1.70414137840271, -0.030290884897112846, -0.022683175280690193] [-0.05978403985500336, -0.20713196694850922, 0.24846604466438293, 0.17798596620559692, 1.4557241201400757, 0.07040000706911087, -1.2854501008987427, -1.2548539638519287]
[0.09022018313407898, -0.13386006653308868, 0.3659336268901825, 1.6904500722885132, -0.03238039091229439, -0.0696488693356514] [-0.050580039620399475, -0.2546859681606293, 0.2346600443124771, 0.17798596620559692, 1.4557241201400757, 0.07040000706911087, -1.2731781005859375, -1.244115948677063]
[0.08645876497030258, -0.14312340319156647, 0.36620622873306274, 1.6787506341934204, -0.03277797996997833, -0.11356797814369202] [-0.04291003942489624, -0.2976379692554474, 0.22392204403877258, 0.17798596620559692, 1.4557241201400757, 0.07040000706911087, -1.2655080556869507, -1.2349120378494263]
[0.08321176469326019, -0.14932647347450256, 0.36632201075553894, 1.6759986877441406, -0.033187802881002426, -0.14266707003116608] [-0.035240039229393005, -0.31911396980285645, 0.22392204403877258, 0.17798596620559692, 1.4541900157928467, 0.07040000706911087, -1.2578380107879639, -1.228775978088379]
[0.08134246617555618, -0.151371031999588, 0.36663711071014404, 1.677522897720337, -0.034433331340551376, -0.15190815925598145] [-0.029104039072990417, -0.3267839550971985, 0.22392204403877258, 0.18105396628379822, 1.4541900157928467, 0.07040000706911087, -1.2501680850982666, -1.2195719480514526]
[0.07982421666383743, -0.15107274055480957, 0.36686646938323975, 1.6761868000030518, -0.03573940694332123, -0.14891749620437622] [-0.01836603879928589, -0.32218196988105774, 0.22392204403877258, 0.1841219663619995, 1.4557241201400757, 0.07040000706911087, -1.2378960847854614, -1.208833932876587]
[0.07769307494163513, -0.14823320508003235, 0.36756381392478943, 1.6773366928100586, -0.039946556091308594, -0.12927685678005219] [-0.009162038564682007, -0.31911396980285645, 0.22392204403877258, 0.20099596679210663, 1.4557241201400757, 0.07040000706911087, -1.2302260398864746, -1.1996300220489502]
[0.07670523226261139, -0.14549046754837036, 0.36709994077682495, 1.675552248954773, -0.03819389268755913, -0.11395475268363953] [0.001575961709022522, -0.30377396941185, 0.22392204403877258, 0.20252996683120728, 1.4572581052780151, 0.07040000706911087, -1.2179540395736694, -1.1888920068740845]
[0.07551931589841843, -0.1418694108724594, 0.36721575260162354, 1.678316593170166, -0.03869963064789772, -0.09565199911594391] [0.01231396198272705, -0.29303598403930664, 0.22238804399967194, 0.20559796690940857, 1.4587920904159546, 0.07040000706911087, -1.2041480541229248, -1.1735520362854004]
[0.07348500192165375, -0.14094680547714233, 0.3674875497817993, 1.683207631111145, -0.04023314639925957, -0.08958316594362259] [0.024585962295532227, -0.2915019690990448, 0.22392204403877258, 0.20866596698760986, 1.4618600606918335, 0.07040000706911087, -1.193410038948059, -1.1597459316253662]
[0.07145831733942032, -0.1396295726299286, 0.36715978384017944, 1.6844797134399414, -0.03903675451874733, -0.08194074779748917] [0.03839196264743805, -0.2853659689426422, 0.22545604407787323, 0.20866596698760986, 1.463394045829773, 0.07040000706911087, -1.1796040534973145, -1.1474740505218506]
[0.06946439296007156, -0.13716664910316467, 0.3670864701271057, 1.688838243484497, -0.039209555834531784, -0.06980901956558228] [0.05219796299934387, -0.2715599536895752, 0.22852404415607452, 0.2132679671049118, 1.4664621353149414, 0.07040000706911087, -1.162730097770691, -1.129065990447998]
[0.06692605465650558, -0.1311907321214676, 0.3676043152809143, 1.6952394247055054, -0.04267191141843796, -0.04088931530714035] [0.0660039633512497, -0.2424139678478241, 0.23312604427337646, 0.2132679671049118, 1.4679961204528809, 0.07040000706911087, -1.1535260677337646, -1.1198619604110718]
[0.06583312153816223, -0.12472595274448395, 0.3687470257282257, 1.6986006498336792, -0.04957905411720276, -0.007378683425486088] [0.07213996350765228, -0.20866596698760986, 0.23312604427337646, 0.22093796730041504, 1.4679961204528809, 0.07040000706911087, -1.1489241123199463, -1.1152600049972534]
[0.06513433903455734, -0.1157572790980339, 0.3698451519012451, 1.696349859237671, -0.05507376044988632, 0.035607676953077316] [0.07367396354675293, -0.17184996604919434, 0.23159204423427582, 0.22707396745681763, 1.4679961204528809, 0.07040000706911087, -1.1443220376968384, -1.109123945236206]
[0.06432276964187622, -0.10940959304571152, 0.3701583743095398, 1.6954697370529175, -0.05777006223797798, 0.06916464120149612] [0.07827596366405487, -0.15037396550178528, 0.23312604427337646, 0.2362779676914215, 1.4679961204528809, 0.07040000706911087, -1.1412540674209595, -1.1075899600982666]
[0.06331346929073334, -0.10354269295930862, 0.3708330988883972, 1.6954550743103027, -0.06255493313074112, 0.10253749042749405] [0.08287796378135681, -0.13196596503257751, 0.23159204423427582, 0.251617968082428, 1.4679961204528809, 0.07040000706911087, -1.1366521120071411, -1.1045219898223877]
[0.06253792345523834, -0.0999012216925621, 0.37103271484375, 1.694736361503601, -0.06463567167520523, 0.12381351739168167] [0.0859459638595581, -0.11969395726919174, 0.23159204423427582, 0.26082196831703186, 1.4679961204528809, 0.07040000706911087, -1.1320500373840332, -1.0999200344085693]
[0.06141197308897972, -0.09561175107955933, 0.37113580107688904, 1.6925393342971802, -0.06634800881147385, 0.1482539027929306] [0.09054796397686005, -0.10281995683908463, 0.23159204423427582, 0.2654239535331726, 1.4679961204528809, 0.07040000706911087, -1.1289820671081543, -1.0953179597854614]
[0.06025627627968788, -0.0908467173576355, 0.3712979853153229, 1.6932618618011475, -0.06829364597797394, 0.17408527433872223] [0.09361596405506134, -0.08441196382045746, 0.23312604427337646, 0.27616196870803833, 1.4679961204528809, 0.07040000706911087, -1.124380111694336, -1.0922499895095825]
[0.058767035603523254, -0.0846385508775711, 0.3717709481716156, 1.6918385028839111, -0.07245206832885742, 0.21058402955532074] [0.09668396413326263, -0.0629359632730484, 0.23312604427337646, 0.28996795415878296, 1.4679961204528809, 0.07040000706911087, -1.1213120222091675, -1.090716004371643]
[0.05769585072994232, -0.07960136234760284, 0.37248092889785767, 1.6921721696853638, -0.07629862427711487, 0.23662523925304413] [0.09668396413326263, -0.0368579626083374, 0.2346600443124771, 0.2915019690990448, 1.4695301055908203, 0.07040000706911087, -1.1182440519332886, -1.0876480340957642]
[0.05652647092938423, -0.07424525171518326, 0.3727606236934662, 1.689863920211792, -0.07801028341054916, 0.2627248466014862] [0.09821796417236328, -0.015381962060928345, 0.23312604427337646, 0.2976379692554474, 1.4695301055908203, 0.07040000706911087, -1.1151760816574097, -1.0861139297485352]
[0.05506766587495804, -0.06847010552883148, 0.3731320798397064, 1.6902692317962646, -0.08075004816055298, 0.29478585720062256] [0.10128595679998398, 0.010696038603782654, 0.23312604427337646, 0.30990996956825256, 1.4695301055908203, 0.07040000706911087, -1.1121081113815308, -1.0861139297485352]
[0.052702195942401886, -0.06054511293768883, 0.3731318712234497, 1.6891660690307617, -0.08308610320091248, 0.34194865822792053] [0.10588795691728592, 0.03370603919029236, 0.23312604427337646, 0.3283179700374603, 1.4695301055908203, 0.07040000706911087, -1.1075060367584229, -1.0815119743347168]
[0.049266520887613297, -0.05134978145360947, 0.3732791841030121, 1.6890398263931274, -0.08715047687292099, 0.3995683193206787] [0.11048995703458786, 0.06745404005050659, 0.23312604427337646, 0.3574639558792114, 1.4695301055908203, 0.07040000706911087, -1.101370096206665, -1.078444004058838]
[0.04598858207464218, -0.04382288083434105, 0.373256117105484, 1.6880213022232056, -0.08960901200771332, 0.44668224453926086] [0.11662595719099045, 0.09506604075431824, 0.23312604427337646, 0.37893998622894287, 1.4695301055908203, 0.07040000706911087, -1.0967680215835571, -1.0738420486450195]
[0.041256289929151535, -0.03506120294332504, 0.3739672005176544, 1.6845924854278564, -0.09739601612091064, 0.5103844404220581] [0.12122795730829239, 0.12114404141902924, 0.23312604427337646, 0.41728997230529785, 1.4695301055908203, 0.07040000706911087, -1.0937000513076782, -1.070773959159851]
[0.03652508556842804, -0.027631238102912903, 0.3742142915725708, 1.680586576461792, -0.10304179042577744, 0.569532036781311] [0.12736396491527557, 0.1364840418100357, 0.23312604427337646, 0.4525719881057739, 1.4695301055908203, 0.07040000706911087, -1.0906320810317993, -1.0692399740219116]
[0.03372206911444664, -0.02378288470208645, 0.3745572865009308, 1.6801867485046387, -0.1072770208120346, 0.6028220653533936] [0.13196596503257751, 0.14722204208374023, 0.2346600443124771, 0.4847859740257263, 1.4818021059036255, 0.07040000706911087, -1.0890980958938599, -1.0677059888839722]
[0.029261715710163116, -0.018618769943714142, 0.37469348311424255, 1.6969480514526367, -0.11229290068149567, 0.6554452776908875] [0.13963596522808075, 0.15182404220104218, 0.23312604427337646, 0.5323399901390076, 1.4940741062164307, 0.07360000163316727, -1.0875641107559204, -1.0661720037460327]
[0.026221755892038345, -0.015692289918661118, 0.3743027150630951, 1.7032010555267334, -0.11437004059553146, 0.6898037195205688] [0.14577196538448334, 0.15335804224014282, 0.23312604427337646, 0.5691559910774231, 1.4956080913543701, 0.07360000163316727, -1.0875641107559204, -1.0661720037460327]
[0.021677281707525253, -0.01188766211271286, 0.3742607831954956, 1.7030599117279053, -0.12037727236747742, 0.7407046556472778] [0.15344196557998657, 0.15335804224014282, 0.23312604427337646, 0.6151759624481201, 1.498676061630249, 0.07360000163316727, -1.084496021270752, -1.0646380186080933]
[0.01800825633108616, -0.008863013237714767, 0.37410640716552734, 1.702028512954712, -0.12373971194028854, 0.779860258102417] [0.15957796573638916, 0.15489204227924347, 0.23159204423427582, 0.6519919633865356, 1.498676061630249, 0.07360000163316727, -1.084496021270752, -1.0631040334701538]
[0.015080573968589306, -0.006709293462336063, 0.37422865629196167, 1.7037951946258545, -0.12831108272075653, 0.8096680045127869] [0.16571396589279175, 0.15642604231834412, 0.23159204423427582, 0.6780699491500854, 1.498676061630249, 0.07360000163316727, -1.0829620361328125, -1.0600359439849854]
[0.0129783283919096, -0.005333562381565571, 0.3736524283885956, 1.6933218240737915, -0.12558303773403168, 0.8289273977279663] [0.16571396589279175, 0.15489204227924347, 0.22238804399967194, 0.6949439644813538, 1.498676061630249, 0.07360000163316727, -1.0798940658569336, -1.058501958847046]
[0.011973170563578606, -0.005355729255825281, 0.3741275668144226, 1.687234878540039, -0.12804600596427917, 0.8371165990829468] [0.1672479659318924, 0.1426200419664383, 0.21625204384326935, 0.7102839946746826, 1.498676061630249, 0.07360000163316727, -1.0768260955810547, -1.055433988571167]
[0.01182577759027481, -0.010669803246855736, 0.3741719424724579, 1.668283462524414, -0.12767426669597626, 0.8297420144081116] [0.1672479659318924, -0.3666679859161377, 0.13495004177093506, 1.0600359439849854, 1.5677061080932617, 0.07360000163316727, -1.0737581253051758, -1.052366018295288]
[0.010516633279621601, -0.07493945956230164, 0.371610164642334, 1.6456164121627808, -0.10548920929431915, 0.657931923866272] [0.1672479659318924, -0.4387659728527069, 0.10120204091072083, 1.1965620517730713, 1.5784441232681274, 0.07360000163316727, -1.0737581253051758, -1.052366018295288]
[-0.0026125586591660976, -0.14417023956775665, 0.3694237172603607, 1.6251462697982788, -0.08356262743473053, 0.3001607656478882] [0.16878196597099304, -0.8912959694862366, 0.11807604134082794, 1.1858240365982056, 1.5769100189208984, 0.07360000163316727, -1.0737581253051758, -1.0539000034332275]
[-0.002297439379617572, -0.14721356332302094, 0.37612685561180115, 1.6398471593856812, -0.13466089963912964, 0.27429288625717163] [0.15037396550178528, -0.8928300142288208, 0.17790204286575317, 1.1612800359725952, 1.5769100189208984, 0.07360000163316727, -1.0737581253051758, -1.0539000034332275]
[-0.010397234931588173, -0.23874451220035553, 0.4071413278579712, 2.5096535682678223, -0.35253989696502686, -0.5859593152999878] [0.16878196597099304, -0.8560140132904053, 1.1167100667953491, 0.3145119547843933, 1.5784441232681274, 0.07360000163316727, -1.104438066482544, -1.0876480340957642]
[-0.01720266044139862, -0.26126837730407715, 0.3895168900489807, 2.7719693183898926, -0.1755642592906952, -0.7739991545677185] [0.16878196597099304, -0.8560140132904053, 1.3544800281524658, 0.09361596405506134, 1.5784441232681274, 0.07360000163316727, -1.1075060367584229, -1.0922499895095825]
[-0.021629251539707184, -0.2721783220767975, 0.36896389722824097, 3.0098202228546143, 0.007726466748863459, -0.8517399430274963] [0.18872396647930145, -0.8560140132904053, 1.5692400932312012, 0.02305196225643158, 1.579978108406067, 0.07360000163316727, -1.1995460987091064, -1.1934939622879028]
[-0.007298510987311602, -0.27387475967407227, 0.3438349664211273, 3.003694534301758, 0.13726834952831268, -0.8673040866851807] [0.2822979688644409, -0.854479968547821, 1.6183280944824219, 0.02305196225643158, 1.5815120935440063, 0.07360000163316727, -1.3161300420761108, -1.3039419651031494]
[0.00909471046179533, -0.27325746417045593, 0.33052927255630493, 2.9239163398742676, 0.2011408507823944, -0.879203736782074] [0.2822979688644409, -0.8560140132904053, 1.6183280944824219, 0.024585962295532227, 1.579978108406067, 0.07360000163316727, -1.3376060724258423, -1.3269519805908203]
[0.012530763633549213, -0.2734167277812958, 0.3271675109863281, 2.904198408126831, 0.21603049337863922, -0.8847118020057678] [0.2822979688644409, -0.854479968547821, 1.6183280944824219, 0.024585962295532227, 1.5815120935440063, 0.07360000163316727, -1.3498780727386475, -1.337689995765686]
[0.017546894028782845, -0.2730328142642975, 0.3222599923610687, 2.880767345428467, 0.2374461144208908, -0.8875760436058044] [0.2853659689426422, -0.8529459834098816, 1.6183280944824219, 0.024585962295532227, 1.579978108406067, 0.07360000163316727, -1.3498780727386475, -1.337689995765686]
[0.017628349363803864, -0.27301543951034546, 0.3221837878227234, 2.8788564205169678, 0.23776282370090485, -0.8876135945320129] [0.28383195400238037, -0.8529459834098816, 1.6183280944824219, 0.024585962295532227, 1.579978108406067, 0.07360000163316727, -1.3498780727386475, -1.337689995765686]
[0.01760585606098175, -0.2730214297771454, 0.3221670687198639, 2.878941535949707, 0.23773929476737976, -0.8875999450683594] [0.28383195400238037, -0.8529459834098816, 1.6183280944824219, 0.024585962295532227, 1.579978108406067, 0.07400000095367432, -1.3498780727386475, -1.337689995765686]
[0.01761404238641262, -0.2730371057987213, 0.32213857769966125, 2.878941774368286, 0.23785726726055145, -0.8876168727874756] [0.28383195400238037, -0.8529459834098816, 1.6183280944824219, 0.024585962295532227, 1.579978108406067, 0.07360000163316727, -1.3498780727386475, -1.337689995765686]
[0.017614440992474556, -0.27304601669311523, 0.32215210795402527, 2.8803820610046387, 0.237783282995224, -0.8875917792320251] [0.28383195400238037, -0.8529459834098816, 1.6183280944824219, 0.024585962295532227, 1.5815120935440063, 0.07360000163316727, -1.3498780727386475, -1.337689995765686]
[0.017538810148835182, -0.27294930815696716, 0.32221719622612, 2.8789491653442383, 0.2371811717748642, -0.8875266909599304] [0.28383195400238037, -0.8529459834098816, 1.6183280944824219, 0.024585962295532227, 1.579978108406067, 0.9968000054359436, -1.3498780727386475, -1.337689995765686]
