[0.04478215053677559, -0.20113788545131683, 0.33801135420799255, 2.6298701763153076, 0.0481380894780159, -0.4208969473838806] [0.24087996780872345, -0.47558197379112244, 1.4143060445785522, 0.25775396823883057, 1.3544800281524658, 0.9959999918937683, -1.3115280866622925, -1.299340009689331]
[0.05462215095758438, -0.19485142827033997, 0.33687466382980347, 2.6229965686798096, 0.04550040513277054, -0.3847334086894989] [0.19946196675300598, -0.4387659728527069, 1.3928301334381104, 0.2684919834136963, 1.3544800281524658, 0.07240000367164612, -1.3391400575637817, -1.3208160400390625]
[0.05890778452157974, -0.18556974828243256, 0.34123459458351135, 2.633134603500366, 0.014203664846718311, -0.3346453011035919] [0.18258796632289886, -0.3820079565048218, 1.3774900436401367, 0.3007059693336487, 1.351412057876587, 0.07240000367164612, -1.3376060724258423, -1.319282054901123]
[0.06388340145349503, -0.17220743000507355, 0.3490600287914276, 2.6289262771606445, -0.0374324694275856, -0.2643427848815918] [0.1381019651889801, -0.32218196988105774, 1.3468101024627686, 0.3329199552536011, 1.3299360275268555, 0.07240000367164612, -1.3376060724258423, -1.317747950553894]
[0.06804315745830536, -0.15706896781921387, 0.35906535387039185, 2.5957190990448, -0.10145323723554611, -0.18725866079330444] [0.09668396413326263, -0.25775396823883057, 1.313062071800232, 0.36206597089767456, 1.2961881160736084, 0.07600000500679016, -1.3376060724258423, -1.317747950553894]
[0.07323909550905228, -0.12354321032762527, 0.37743034958839417, 2.5252597332000732, -0.19961874186992645, -0.02689407393336296] [0.013847962021827698, -0.11662595719099045, 1.2777800559997559, 0.36206597089767456, 1.2455661296844482, 0.07840000092983246, -1.3360720872879028, -1.3162139654159546]
[0.0733616054058075, -0.0994621068239212, 0.3876243829727173, 2.4755303859710693, -0.24970364570617676, 0.08719730377197266] [-0.05211403965950012, 0.03370603919029236, 1.2455661296844482, 0.36206597089767456, 1.155060052871704, 0.2687999904155731, -1.3360720872879028, -1.317747950553894]
[0.06936360895633698, -0.06611363589763641, 0.39653053879737854, 2.3409345149993896, -0.29611581563949585, 0.24603308737277985] [-0.07819204032421112, 0.1594940423965454, 1.221022129058838, 0.36206597089767456, 1.081428050994873, 0.2712000012397766, -1.3376060724258423, -1.317747950553894]
[0.06306100636720657, -0.03880004212260246, 0.3963882327079773, 2.2771170139312744, -0.29714250564575195, 0.38192445039749146] [-0.07819204032421112, 0.26534003019332886, 1.193410038948059, 0.36206597089767456, 1.06302011013031, 0.07560000568628311, -1.3376060724258423, -1.317747950553894]
[0.05992860347032547, -0.02908420003950596, 0.3955318331718445, 2.2209391593933105, -0.2937479615211487, 0.43368372321128845] [-0.07819204032421112, 0.3021560311317444, 1.1519920825958252, 0.36206597089767456, 1.0323400497436523, 0.07560000568628311, -1.3376060724258423, -1.317747950553894]
[0.057754337787628174, -0.022937549278140068, 0.39385679364204407, 2.1366755962371826, -0.2849361002445221, 0.47238272428512573] [-0.07665804028511047, 0.3128940463066101, 1.043078064918518, 0.36513397097587585, 1.0292720794677734, 0.07560000568628311, -1.333004117012024, -1.3146799802780151]
[0.0518522709608078, -0.011341098695993423, 0.38602063059806824, 1.8786242008209229, -0.25015994906425476, 0.5760970115661621] [-0.05671603977680206, 0.3159620463848114, 0.7424140572547913, 0.46330997347831726, 1.030806064605713, 0.07560000568628311, -1.3299360275268555, -1.3131459951400757]
[0.03355433791875839, 0.006358439568430185, 0.3836546540260315, 1.6142858266830444, -0.27275875210762024, 0.8000532984733582] [-0.039842039346694946, 0.3159620463848114, 0.5399260520935059, 0.6550599932670593, 1.0323400497436523, 0.07560000568628311, -1.333004117012024, -1.3146799802780151]
[0.017555397003889084, 0.017254022881388664, 0.3785480260848999, 1.491289496421814, -0.2591017782688141, 0.974949061870575] [-0.01836603879928589, 0.3159620463848114, 0.4202740490436554, 0.7762459516525269, 1.1075060367584229, 0.16359999775886536, -1.325334072113037, -1.3070099353790283]
[0.006844209972769022, 0.022915663197636604, 0.37170031666755676, 1.5124634504318237, -0.21607528626918793, 1.074793815612793] [0.01231396198272705, 0.31749606132507324, 0.3650500476360321, 0.8330039978027344, 1.1565940380096436, 0.07479999959468842, -1.3084601163864136, -1.2886019945144653]
[0.009151901118457317, 0.02369004301726818, 0.3694268465042114, 1.5779811143875122, -0.20846329629421234, 1.0898760557174683] [0.05219796299934387, 0.31749606132507324, 0.36351603269577026, 0.8483439683914185, 1.2256240844726562, 0.20160000026226044, -1.290052056312561, -1.2671259641647339]
[0.010565369389951229, 0.02437184751033783, 0.3690027594566345, 1.634446620941162, -0.2051256000995636, 1.1056345701217651] [0.08441196382045746, 0.3190300464630127, 0.3573800325393677, 0.8667519688606262, 1.2885180711746216, 0.09320000559091568, -1.2639740705490112, -1.244115948677063]
[0.0068134828470647335, 0.025451427325606346, 0.3671036660671234, 1.7033942937850952, -0.19731295108795166, 1.1327409744262695] [0.12736396491527557, 0.3328360319137573, 0.3451080322265625, 0.8928300142288208, 1.3145960569381714, 0.07120000571012497, -1.2455661296844482, -1.2257080078125]
[0.002653283067047596, 0.026283636689186096, 0.36589300632476807, 1.712007999420166, -0.19230645895004272, 1.1536527872085571] [0.15037396550178528, 0.34050604701042175, 0.32670003175735474, 0.9189079999923706, 1.3360720872879028, 0.07120000571012497, -1.2256240844726562, -1.202697992324829]
[-0.004222377669066191, 0.027231503278017044, 0.3659515380859375, 1.7257459163665771, -0.19209164381027222, 1.1869627237319946] [0.17184996604919434, 0.3389720320701599, 0.31136006116867065, 0.951121985912323, 1.3652180433273315, 0.07120000571012497, -1.193410038948059, -1.172018051147461]
[-0.013258161023259163, 0.028375277295708656, 0.36441224813461304, 1.7405943870544434, -0.18063877522945404, 1.2222275733947754] [0.20713196694850922, 0.3389720320701599, 0.28221404552459717, 0.978734016418457, 1.3989660739898682, 0.07120000571012497, -1.1704000234603882, -1.152076005935669]
[-0.01885995641350746, 0.0290566124022007, 0.36319053173065186, 1.7504359483718872, -0.17233671247959137, 1.2427464723587036] [0.23014196753501892, 0.3389720320701599, 0.25920403003692627, 0.9848699569702148, 1.405102014541626, 0.07080000638961792, -1.1504580974578857, -1.129065990447998]
[-0.024014409631490707, 0.029741495847702026, 0.36055701971054077, 1.732848882675171, -0.15062575042247772, 1.2526609897613525] [0.25775396823883057, 0.3389720320701599, 0.23159204423427582, 0.9848699569702148, 1.405102014541626, 0.07120000571012497, -1.1366521120071411, -1.1152600049972534]
[-0.02814660221338272, 0.030254319310188293, 0.3572971224784851, 1.7217508554458618, -0.12874363362789154, 1.259102463722229] [0.2776959538459778, 0.3389720320701599, 0.2085820436477661, 0.9848699569702148, 1.405102014541626, 0.07120000571012497, -1.1228461265563965, -1.0999200344085693]
[-0.03186613321304321, 0.030625274404883385, 0.35508015751838684, 1.7147390842437744, -0.11484000086784363, 1.264658808708191] [0.2945699691772461, 0.3389720320701599, 0.19631004333496094, 0.9864040017127991, 1.405102014541626, 0.07120000571012497, -1.1075060367584229, -1.0845799446105957]
[-0.034953534603118896, 0.030869005247950554, 0.35368987917900085, 1.7048532962799072, -0.103912353515625, 1.266930341720581] [0.3083759546279907, 0.33437004685401917, 0.18403804302215576, 0.9848699569702148, 1.4035680294036865, 0.07120000571012497, -1.0921660661697388, -1.0692399740219116]
[-0.03806686028838158, 0.03105427511036396, 0.35257935523986816, 1.6948026418685913, -0.0951596274971962, 1.2702637910842896] [0.3206479549407959, 0.3282340466976166, 0.17483404278755188, 0.9848699569702148, 1.405102014541626, 0.07120000571012497, -1.0798940658569336, -1.0569679737091064]
[-0.040783561766147614, 0.031146330758929253, 0.3517920672893524, 1.6919046640396118, -0.09144920110702515, 1.2714248895645142] [0.3344539701938629, 0.3282340466976166, 0.1686980426311493, 0.9848699569702148, 1.405102014541626, 0.07080000638961792, -1.0706900358200073, -1.0477639436721802]
[-0.04301539808511734, 0.031200256198644638, 0.35096076130867004, 1.690038800239563, -0.08757652342319489, 1.2724850177764893] [0.34519195556640625, 0.3282340466976166, 0.16409604251384735, 0.9848699569702148, 1.405102014541626, 0.07120000571012497, -1.06302011013031, -1.0416280031204224]
[-0.04483799636363983, 0.03141885623335838, 0.3501441776752472, 1.6805179119110107, -0.08055887371301651, 1.2748268842697144] [0.3497939705848694, 0.3159620463848114, 0.15182404220104218, 0.9848699569702148, 1.405102014541626, 0.07120000571012497, -1.0599520206451416, -1.0370259284973145]
[-0.04593610018491745, 0.031601425260305405, 0.3497014045715332, 1.676162838935852, -0.0757140964269638, 1.2763407230377197] [0.35132795572280884, 0.31442803144454956, 0.15029004216194153, 0.9833359718322754, 1.405102014541626, 0.07120000571012497, -1.0584180355072021, -1.0370259284973145]
[-0.05002603679895401, 0.03164774179458618, 0.34945735335350037, 1.6724846363067627, -0.07267299294471741, 1.2740131616592407] [0.35132795572280884, 0.308292031288147, 0.14875604212284088, 0.9741320013999939, 1.4035680294036865, 0.07120000571012497, -1.0584180355072021, -1.0370259284973145]
[-0.06192600354552269, 0.030573470517992973, 0.3482532799243927, 1.677423119544983, -0.06545434892177582, 1.2566696405410767] [0.35132795572280884, 0.3036900460720062, 0.14875604212284088, 0.9679960012435913, 1.4035680294036865, 0.07120000571012497, -1.0584180355072021, -1.0370259284973145]
[-0.060673587024211884, 0.030238110572099686, 0.34777987003326416, 1.6779403686523438, -0.060623686760663986, 1.2417539358139038] [0.35132795572280884, 0.3036900460720062, 0.14875604212284088, 0.958791971206665, 1.4035680294036865, 0.07120000571012497, -1.0599520206451416, -1.040094017982483]
[-0.06053198128938675, 0.030286472290754318, 0.34755203127861023, 1.677459955215454, -0.059400614351034164, 1.2401528358459473] [0.3497939705848694, 0.3036900460720062, 0.14722204208374023, 0.958791971206665, 1.4005000591278076, 0.07120000571012497, -1.0645540952682495, -1.0446959733963013]
[-0.0592799037694931, 0.030114997178316116, 0.34794437885284424, 1.665071725845337, -0.05819087475538254, 1.234841227531433] [0.33905595541000366, 0.30062204599380493, 0.1456880420446396, 0.9541900157928467, 1.3943641185760498, 0.07120000571012497, -1.0737581253051758, -1.0539000034332275]
[-0.057767659425735474, 0.02959560602903366, 0.34762582182884216, 1.6634093523025513, -0.0556618869304657, 1.2305991649627686] [0.3375219702720642, 0.29755404591560364, 0.1456880420446396, 0.9541900157928467, 1.3928301334381104, 0.07120000571012497, -1.0829620361328125, -1.0631040334701538]
[-0.05652874708175659, 0.029649518430233, 0.3470284342765808, 1.66733717918396, -0.05367280915379524, 1.2302900552749634] [0.3344539701938629, 0.29755404591560364, 0.1456880420446396, 0.9541900157928467, 1.3928301334381104, 0.07120000571012497, -1.0906320810317993, -1.070773959159851]
[-0.05512062832713127, 0.029707245528697968, 0.3463786840438843, 1.6736117601394653, -0.051396582275629044, 1.2299487590789795] [0.3329199552536011, 0.29755404591560364, 0.1456880420446396, 0.9526559710502625, 1.3928301334381104, 0.07120000571012497, -1.0967680215835571, -1.0769100189208984]
[-0.05401760712265968, 0.02961661107838154, 0.34587013721466064, 1.6784017086029053, -0.05013957619667053, 1.229697585105896] [0.3313859701156616, 0.2960200309753418, 0.14722204208374023, 0.9541900157928467, 1.3928301334381104, 0.07120000571012497, -1.101370096206665, -1.0815119743347168]
[-0.05262923240661621, 0.02948232740163803, 0.3457459807395935, 1.677727222442627, -0.04848974198102951, 1.2266228199005127] [0.3267839550971985, 0.2960200309753418, 0.1456880420446396, 0.9495880007743835, 1.383626103401184, 0.07120000571012497, -1.1075060367584229, -1.0861139297485352]
[-0.05121900513768196, 0.029345771297812462, 0.3459663391113281, 1.6600515842437744, -0.04976706579327583, 1.2233991622924805] [0.317579984664917, 0.29448604583740234, 0.14722204208374023, 0.9495880007743835, 1.371354103088379, 0.07120000571012497, -1.1151760816574097, -1.093783974647522]
[-0.04920760914683342, 0.028581323102116585, 0.34639400243759155, 1.647886872291565, -0.049859289079904556, 1.2175801992416382] [0.30684196949005127, 0.28528204560279846, 0.14722204208374023, 0.9495880007743835, 1.3544800281524658, 0.07120000571012497, -1.124380111694336, -1.1029880046844482]
[-0.046397965401411057, 0.027299117296934128, 0.34694695472717285, 1.6220403909683228, -0.049220193177461624, 1.2081656455993652] [0.2915019690990448, 0.2760780453681946, 0.14722204208374023, 0.9495880007743835, 1.3406740427017212, 0.07120000571012497, -1.1366521120071411, -1.1152600049972534]
[-0.043222684413194656, 0.026080183684825897, 0.3471415340900421, 1.6064380407333374, -0.04860667511820793, 1.199178695678711] [0.2746279835700989, 0.269942045211792, 0.14722204208374023, 0.9480539560317993, 1.3268680572509766, 0.07120000571012497, -1.1519920825958252, -1.1305999755859375]
[-0.04067915678024292, 0.02608531340956688, 0.347549706697464, 1.587946891784668, -0.05008944869041443, 1.1974458694458008] [0.25928795337677, 0.269942045211792, 0.14722204208374023, 0.9495880007743835, 1.313062071800232, 0.07120000571012497, -1.1642640829086304, -1.1428719758987427]
[-0.038369953632354736, 0.02617495507001877, 0.34758085012435913, 1.5773735046386719, -0.049407657235860825, 1.1994235515594482] [0.24854996800422668, 0.269942045211792, 0.14722204208374023, 0.9480539560317993, 1.313062071800232, 0.07120000571012497, -1.178070068359375, -1.1582119464874268]
[-0.0354156568646431, 0.026194613426923752, 0.34785452485084534, 1.58015775680542, -0.05034678801894188, 1.1994590759277344] [0.2362779676914215, 0.269942045211792, 0.14722204208374023, 0.9495880007743835, 1.3115280866622925, 0.07120000571012497, -1.1918760538101196, -1.172018051147461]
[-0.032974421977996826, 0.026212314143776894, 0.3477359414100647, 1.573409080505371, -0.05011385306715965, 1.1995127201080322] [0.22093796730041504, 0.269942045211792, 0.14722204208374023, 0.9480539560317993, 1.2992560863494873, 0.07120000571012497, -1.2072160243988037, -1.187358021736145]
[-0.029889898374676704, 0.02600598707795143, 0.34815752506256104, 1.5619605779647827, -0.05077189952135086, 1.1967647075653076] [0.20406396687030792, 0.2668740451335907, 0.14722204208374023, 0.9480539560317993, 1.294654130935669, 0.07120000571012497, -1.2256240844726562, -1.202697992324829]
[-0.02655172534286976, 0.025246506556868553, 0.3477309048175812, 1.554853081703186, -0.048130203038454056, 1.1910983324050903] [0.1841219663619995, 0.2576700448989868, 0.14722204208374023, 0.9480539560317993, 1.2839161157608032, 0.07120000571012497, -1.236362099647522, -1.2149699926376343]
[-0.022710423916578293, 0.02353702113032341, 0.3478303849697113, 1.5362377166748047, -0.04798007756471634, 1.1792728900909424] [0.1703159660100937, 0.2469320446252823, 0.14722204208374023, 0.9480539560317993, 1.2670420408248901, 0.07120000571012497, -1.2486340999603271, -1.228775978088379]
[-0.01918504573404789, 0.022334059700369835, 0.3478699028491974, 1.517763376235962, -0.04858002811670303, 1.1718674898147583] [0.15037396550178528, 0.2407960444688797, 0.14722204208374023, 0.9480539560317993, 1.2593721151351929, 0.07120000571012497, -1.2639740705490112, -1.245650053024292]
[-0.015543361194431782, 0.022201424464583397, 0.34826362133026123, 1.5055903196334839, -0.050011105835437775, 1.170743465423584] [0.13196596503257751, 0.2407960444688797, 0.14722204208374023, 0.9480539560317993, 1.2532360553741455, 0.07120000571012497, -1.2839161157608032, -1.264057993888855]
[-0.012552442029118538, 0.02215811237692833, 0.3483394384384155, 1.5057884454727173, -0.051685623824596405, 1.1703987121582031] [0.1150919571518898, 0.2407960444688797, 0.14722204208374023, 0.9480539560317993, 1.2532360553741455, 0.07120000571012497, -1.2977221012115479, -1.279397964477539]
[-0.010314851999282837, 0.022364981472492218, 0.3482223153114319, 1.5042904615402222, -0.050953831523656845, 1.172298550605774] [0.09821796417236328, 0.2407960444688797, 0.14722204208374023, 0.9480539560317993, 1.254770040512085, 0.07120000571012497, -1.3161300420761108, -1.2947380542755127]
[-0.0062662167474627495, 0.022165216505527496, 0.34804266691207886, 1.5049515962600708, -0.05130413919687271, 1.169256567955017] [0.08287796378135681, 0.2407960444688797, 0.14875604212284088, 0.9465199708938599, 1.254770040512085, 0.07120000571012497, -1.3299360275268555, -1.3116120100021362]
[-0.003467776346951723, 0.022211115807294846, 0.3475533127784729, 1.5100585222244263, -0.0528942234814167, 1.1681041717529297] [0.07213996350765228, 0.2407960444688797, 0.15182404220104218, 0.9465199708938599, 1.254770040512085, 0.07120000571012497, -1.345276117324829, -1.3254179954528809]
[-0.0005095721571706235, 0.022184664383530617, 0.3474743962287903, 1.5099869966506958, -0.05322490260004997, 1.1667330265045166] [0.055265963077545166, 0.2407960444688797, 0.15182404220104218, 0.9403839707374573, 1.254770040512085, 0.07120000571012497, -1.3560140132904053, -1.337689995765686]
[0.003029618412256241, 0.021905934438109398, 0.34644126892089844, 1.5133171081542969, -0.048525549471378326, 1.1549664735794067] [0.046061962842941284, 0.2407960444688797, 0.15182404220104218, 0.9281119704246521, 1.254770040512085, 0.07120000571012497, -1.3606160879135132, -1.3392239809036255]
[0.005353475920855999, 0.02141418308019638, 0.3452024757862091, 1.5188980102539062, -0.043912019580602646, 1.1443140506744385] [0.046061962842941284, 0.2407960444688797, 0.15182404220104218, 0.9204419851303101, 1.2532360553741455, 0.07120000571012497, -1.3606160879135132, -1.340757966041565]
[0.006935390643775463, 0.021071085706353188, 0.3447721600532532, 1.518080472946167, -0.04145171865820885, 1.1353936195373535] [0.04299396276473999, 0.2407960444688797, 0.15182404220104218, 0.905102014541626, 1.2532360553741455, 0.07120000571012497, -1.3621500730514526, -1.3422919511795044]
[0.011280179023742676, 0.019823342561721802, 0.3443971872329712, 1.513899803161621, -0.03459857776761055, 1.1014736890792847] [0.03378996253013611, 0.2407960444688797, 0.15182404220104218, 0.8636839985847473, 1.2501680850982666, 0.07120000571012497, -1.3621500730514526, -1.3422919511795044]
[0.01444962341338396, 0.018521223217248917, 0.34409117698669434, 1.5094016790390015, -0.029085349291563034, 1.0733903646469116] [0.030721962451934814, 0.24233004450798035, 0.15182404220104218, 0.8360719680786133, 1.2501680850982666, 0.07120000571012497, -1.3621500730514526, -1.3438260555267334]
[0.0162077397108078, 0.017865734174847603, 0.34412410855293274, 1.5086115598678589, -0.027425196021795273, 1.056869626045227] [0.026119962334632874, 0.243864044547081, 0.15335804224014282, 0.8115279674530029, 1.2501680850982666, 0.07120000571012497, -1.3621500730514526, -1.3438260555267334]
[0.018863501027226448, 0.016812888905405998, 0.34403058886528015, 1.5054737329483032, -0.02315000630915165, 1.0317585468292236] [0.021517962217330933, 0.243864044547081, 0.15489204227924347, 0.7869839668273926, 1.251702070236206, 0.07120000571012497, -1.3621500730514526, -1.3438260555267334]
[0.021912705153226852, 0.015391821041703224, 0.34372836351394653, 1.50491464138031, -0.01834000088274479, 1.003318428993225] [0.019983962178230286, 0.243864044547081, 0.15642604231834412, 0.7624399662017822, 1.2501680850982666, 0.07120000571012497, -1.363684058189392, -1.3438260555267334]
[0.024148138239979744, 0.014483928680419922, 0.34328749775886536, 1.5064117908477783, -0.01425914466381073, 0.9834978580474854] [0.01691596210002899, 0.24846604466438293, 0.15642604231834412, 0.7394299507141113, 1.2501680850982666, 0.07120000571012497, -1.363684058189392, -1.3438260555267334]
[0.02586222067475319, 0.014269070699810982, 0.3433093726634979, 1.5061724185943604, -0.011869050562381744, 0.9672093987464905] [0.015381962060928345, 0.25153404474258423, 0.15796004235744476, 0.7179539799690247, 1.2501680850982666, 0.07120000571012497, -1.363684058189392, -1.3438260555267334]
[0.028119834139943123, 0.012981832958757877, 0.3432762026786804, 1.5084009170532227, -0.00997442752122879, 0.9441308379173279] [0.013847962021827698, 0.25153404474258423, 0.165630042552948, 0.6949439644813538, 1.2501680850982666, 0.07120000571012497, -1.363684058189392, -1.3438260555267334]
[0.03106696531176567, 0.011498508974909782, 0.34292837977409363, 1.5162649154663086, -0.0071339053101837635, 0.9190337657928467] [0.013847962021827698, 0.25153404474258423, 0.17176604270935059, 0.6734679937362671, 1.2486340999603271, 0.07120000571012497, -1.363684058189392, -1.3438260555267334]
[0.032722603529691696, 0.010513175278902054, 0.3425759971141815, 1.5194172859191895, -0.0043570054695010185, 0.9033487439155579] [0.013847962021827698, 0.25153404474258423, 0.17943604290485382, 0.6504579782485962, 1.2486340999603271, 0.07120000571012497, -1.3652180433273315, -1.3438260555267334]
[0.035449713468551636, 0.008817974478006363, 0.3423086702823639, 1.526005744934082, -0.002104994375258684, 0.8764913082122803] [0.013847962021827698, 0.25153404474258423, 0.1855720430612564, 0.6243799924850464, 1.2486340999603271, 0.07120000571012497, -1.366752028465271, -1.3453600406646729]
[0.038086097687482834, 0.007063809782266617, 0.3421604037284851, 1.533284068107605, 0.00039613069384358823, 0.8498746156692505] [0.010779961943626404, 0.25153404474258423, 0.1947760432958603, 0.5967679619789124, 1.2501680850982666, 0.07120000571012497, -1.366752028465271, -1.3453600406646729]
[0.04156706854701042, 0.004730149172246456, 0.34210413694381714, 1.5394455194473267, 0.0030886547174304724, 0.8156458735466003] [0.009245961904525757, 0.25153404474258423, 0.20244604349136353, 0.5706899762153625, 1.2486340999603271, 0.07120000571012497, -1.3682861328125, -1.3468940258026123]
[0.04444149136543274, 0.0026714832056313753, 0.3415912091732025, 1.5470199584960938, 0.006997487507760525, 0.7891528010368347] [0.00771196186542511, 0.25153404474258423, 0.21318404376506805, 0.5415439605712891, 1.2486340999603271, 0.07120000571012497, -1.3682861328125, -1.3484280109405518]
[0.046988073736429214, 0.0007463247166015208, 0.3413505256175995, 1.5602948665618896, 0.009112733416259289, 0.7638625502586365] [0.006177961826324463, 0.25153404474258423, 0.22238804399967194, 0.5169999599456787, 1.2486340999603271, 0.07120000571012497, -1.371354103088379, -1.3484280109405518]
[0.04965841770172119, -0.001311542117036879, 0.34086719155311584, 1.5691698789596558, 0.012234404683113098, 0.7384529709815979] [0.006177961826324463, 0.2546020448207855, 0.2407960444688797, 0.49245595932006836, 1.2486340999603271, 0.07120000571012497, -1.371354103088379, -1.3484280109405518]
[0.05055224522948265, -0.0008019248489290476, 0.34075063467025757, 1.580713152885437, 0.013377504423260689, 0.7298172116279602] [0.006177961826324463, 0.2668740451335907, 0.24233004450798035, 0.4878539741039276, 1.2501680850982666, 0.07120000571012497, -1.371354103088379, -1.3484280109405518]
[0.04974205791950226, 0.000567545706871897, 0.34106507897377014, 1.5863317251205444, 0.010577365756034851, 0.7382910847663879] [0.006177961826324463, 0.2668740451335907, 0.25153404474258423, 0.48631995916366577, 1.2501680850982666, 0.07120000571012497, -1.3698201179504395, -1.3468940258026123]
[0.05022550746798515, -0.00016993015015032142, 0.3416250944137573, 1.592329740524292, 0.006729820743203163, 0.7328745126724243] [0.006177961826324463, 0.2668740451335907, 0.2546020448207855, 0.4878539741039276, 1.2501680850982666, 0.07120000571012497, -1.3698201179504395, -1.3453600406646729]
[0.04980503022670746, 0.0002044904831564054, 0.3417249619960785, 1.5940316915512085, 0.006218289956450462, 0.7361174821853638] [0.00771196186542511, 0.2668740451335907, 0.2546020448207855, 0.4909219741821289, 1.2486340999603271, 0.07120000571012497, -1.3682861328125, -1.3438260555267334]
[0.04949646443128586, 0.0002450307656545192, 0.3420996069908142, 1.5933635234832764, 0.004142094869166613, 0.7390355467796326] [0.00771196186542511, 0.26534003019332886, 0.2530680298805237, 0.49859195947647095, 1.2501680850982666, 0.07120000571012497, -1.366752028465271, -1.3422919511795044]
[0.047990549355745316, 0.0012761923717334867, 0.3427833318710327, 1.5881658792495728, -0.0004892330034635961, 0.7545914649963379] [0.00771196186542511, 0.2638060450553894, 0.2500000596046448, 0.5108639597892761, 1.2501680850982666, 0.07120000571012497, -1.3652180433273315, -1.3392239809036255]
[0.047622986137866974, 0.0012903219321742654, 0.343207985162735, 1.5868852138519287, -0.002293187426403165, 0.7547658085823059] [0.00771196186542511, 0.2638060450553894, 0.2469320446252823, 0.5154659748077393, 1.2501680850982666, 0.07120000571012497, -1.3606160879135132, -1.3361560106277466]
[0.04693632572889328, 0.000382513360818848, 0.34326601028442383, 1.5866612195968628, -0.0018392648780718446, 0.7539333701133728] [0.01231396198272705, 0.2546020448207855, 0.243864044547081, 0.5169999599456787, 1.254770040512085, 0.07120000571012497, -1.348344087600708, -1.3238840103149414]
[0.0519522987306118, 6.548687906615669e-06, 0.3448198139667511, 1.5784920454025269, -0.005925540346652269, 0.7514590620994568] [0.01691596210002899, 0.2530680298805237, 0.24233004450798035, 0.5169999599456787, 1.2563040256500244, 0.07080000638961792, -1.3391400575637817, -1.3146799802780151]
[0.056760817766189575, 5.554045856115408e-05, 0.3468948006629944, 1.567429542541504, -0.01288209855556488, 0.7519682049751282] [0.021517962217330933, 0.2530680298805237, 0.23619404435157776, 0.5185339450836182, 1.2563040256500244, 0.07120000571012497, -1.333004117012024, -1.3070099353790283]
[0.05766571685671806, 0.0002629884402267635, 0.34754231572151184, 1.5587637424468994, -0.013789369724690914, 0.7543304562568665] [0.02765396237373352, 0.2530680298805237, 0.23312604427337646, 0.5185339450836182, 1.2578380107879639, 0.07120000571012497, -1.3222661018371582, -1.2962720394134521]
[0.05739076808094978, 5.8250925576430745e-06, 0.34752944111824036, 1.5572172403335571, -0.012952882796525955, 0.7530323266983032] [0.0368579626083374, 0.2530680298805237, 0.23159204423427582, 0.5185339450836182, 1.2578380107879639, 0.07120000571012497, -1.313062071800232, -1.2855340242385864]
[0.055541157722473145, 4.122333484701812e-05, 0.34756407141685486, 1.556124210357666, -0.011397848837077618, 0.753505289554596] [0.04759596288204193, 0.25153404474258423, 0.22699004411697388, 0.5200679898262024, 1.2578380107879639, 0.07120000571012497, -1.3023240566253662, -1.2717280387878418]
[0.053962066769599915, 0.00019273925863672048, 0.3480798304080963, 1.5515273809432983, -0.012500622309744358, 0.7554159760475159] [0.05833396315574646, 0.2500000596046448, 0.22392204403877258, 0.5200679898262024, 1.2578380107879639, 0.07120000571012497, -1.290052056312561, -1.260990023612976]
[0.05132356286048889, -4.998177246307023e-06, 0.3477592468261719, 1.5517387390136719, -0.010573598556220531, 0.7555805444717407] [0.07060596346855164, 0.2500000596046448, 0.22392204403877258, 0.5216019749641418, 1.2578380107879639, 0.07120000571012497, -1.2762460708618164, -1.2471840381622314]
[0.04917100816965103, -0.00034728541504591703, 0.3479197025299072, 1.5481641292572021, -0.010522918775677681, 0.7544757127761841] [0.0859459638595581, 0.24846604466438293, 0.21932004392147064, 0.5216019749641418, 1.2578380107879639, 0.07120000571012497, -1.2609061002731323, -1.2333779335021973]
[0.0467824786901474, -0.0004204943834338337, 0.3479026257991791, 1.545562505722046, -0.009828627109527588, 0.7548851370811462] [0.09668396413326263, 0.2469320446252823, 0.21625204384326935, 0.5216019749641418, 1.2578380107879639, 0.07120000571012497, -1.2486340999603271, -1.2211060523986816]
[0.04402289539575577, -0.0009731906466186047, 0.3481030762195587, 1.5397487878799438, -0.009442492388188839, 0.7525123953819275] [0.11048995703458786, 0.243864044547081, 0.21318404376506805, 0.5216019749641418, 1.2578380107879639, 0.07080000638961792, -1.2348281145095825, -1.205765962600708]
[0.041744593530893326, -0.0012412922224029899, 0.34800609946250916, 1.5402520895004272, -0.008871019817888737, 0.7510004043579102] [0.12582996487617493, 0.24233004450798035, 0.21318404376506805, 0.5216019749641418, 1.2578380107879639, 0.07120000571012497, -1.2194880247116089, -1.190425992012024]
[0.03947839513421059, -0.0019043192733079195, 0.34796714782714844, 1.540371298789978, -0.008968211710453033, 0.7479878664016724] [0.1381019651889801, 0.23926204442977905, 0.21318404376506805, 0.5216019749641418, 1.2578380107879639, 0.07120000571012497, -1.2072160243988037, -1.1781539916992188]
[0.03727875277400017, -0.002720349468290806, 0.34847182035446167, 1.538285493850708, -0.011663982644677162, 0.7463797330856323] [0.14883996546268463, 0.23312604427337646, 0.21318404376506805, 0.5308059453964233, 1.2578380107879639, 0.07120000571012497, -1.198012113571167, -1.170483946800232]
[0.035063955932855606, -0.0035030704457312822, 0.34894126653671265, 1.5347877740859985, -0.014993834309279919, 0.7493279576301575] [0.15650996565818787, 0.22392204403877258, 0.21011604368686676, 0.5446119904518127, 1.2578380107879639, 0.07120000571012497, -1.1888080835342407, -1.1612800359725952]
[0.03286003693938255, -0.00439868401736021, 0.3494682013988495, 1.5294657945632935, -0.01895235665142536, 0.7553868889808655] [0.1641799658536911, 0.2116500437259674, 0.20704804360866547, 0.5660879611968994, 1.2578380107879639, 0.07120000571012497, -1.1842060089111328, -1.1551439762115479]
[0.03123685158789158, -0.00548569904640317, 0.349918931722641, 1.5242538452148438, -0.022945264354348183, 0.762866199016571] [0.1703159660100937, 0.19017404317855835, 0.20091204345226288, 0.6013699769973755, 1.2578380107879639, 0.07120000571012497, -1.181138038635254, -1.152076005935669]
[0.021103335544466972, -0.0061146109364926815, 0.348552405834198, 1.522874355316162, -0.018196292221546173, 0.7783745527267456] [0.17338396608829498, 0.17483404278755188, 0.19631004333496094, 0.6243799924850464, 1.2578380107879639, 0.07080000638961792, -1.175002098083496, -1.1459399461746216]
[0.01472161989659071, -0.007655489258468151, 0.34795308113098145, 1.5205128192901611, -0.01672847755253315, 0.7847214341163635] [0.18105396628379822, 0.15489204227924347, 0.191708043217659, 0.6519919633865356, 1.2578380107879639, 0.07120000571012497, -1.1704000234603882, -1.1413379907608032]
[0.01117129810154438, -0.00914707500487566, 0.34742069244384766, 1.5185176134109497, -0.01587417721748352, 0.7896744012832642] [0.1871899664402008, 0.13801804184913635, 0.19017404317855835, 0.6719340085983276, 1.2578380107879639, 0.07120000571012497, -1.1642640829086304, -1.1367360353469849]
[0.00827376265078783, -0.00967292208224535, 0.3472893536090851, 1.5142098665237427, -0.016733869910240173, 0.8007304668426514] [0.1933259665966034, 0.12728004157543182, 0.18403804302215576, 0.6934099793434143, 1.2578380107879639, 0.07120000571012497, -1.1611961126327515, -1.1336679458618164]
[0.006185794249176979, -0.009784726426005363, 0.3476463556289673, 1.5063143968582153, -0.018071439117193222, 0.8117367029190063] [0.19485996663570404, 0.12114404141902924, 0.17790204286575317, 0.7102839946746826, 1.2578380107879639, 0.07080000638961792, -1.1565940380096436, -1.1305999755859375]
[0.0041480823419988155, -0.010840281844139099, 0.347591370344162, 1.504274845123291, -0.020352352410554886, 0.8217950463294983] [0.19946196675300598, 0.09966804087162018, 0.17790204286575317, 0.7394299507141113, 1.2578380107879639, 0.07120000571012497, -1.155060052871704, -1.129065990447998]
[0.0030226600356400013, -0.012647131457924843, 0.3478153645992279, 1.5012506246566772, -0.023376483470201492, 0.8279367685317993] [0.20406396687030792, 0.08126004040241241, 0.17636804282665253, 0.7655079960823059, 1.2578380107879639, 0.07120000571012497, -1.1535260677337646, -1.129065990447998]
[0.0013537999475374818, -0.013538915663957596, 0.3481585681438446, 1.4998931884765625, -0.027844909578561783, 0.8412091135978699] [0.20713196694850922, 0.0643860399723053, 0.17483404278755188, 0.7977219820022583, 1.2578380107879639, 0.07120000571012497, -1.1519920825958252, -1.129065990447998]
[-0.0015358247328549623, -0.015271575190126896, 0.34791651368141174, 1.4950064420700073, -0.029358556494116783, 0.8626008629798889] [0.21480196714401245, 0.035240039229393005, 0.17176604270935059, 0.8514119982719421, 1.2578380107879639, 0.07120000571012497, -1.1489241123199463, -1.129065990447998]
[-0.00499272346496582, -0.01642868109047413, 0.34789982438087463, 1.4934910535812378, -0.03169553354382515, 0.8888988494873047] [0.21786996722221375, 0.004560038447380066, 0.1594940423965454, 0.9066359996795654, 1.2762460708618164, 0.07120000571012497, -1.1473901271820068, -1.1259980201721191]
[-0.007004609331488609, -0.017671670764684677, 0.3478163182735443, 1.5029802322387695, -0.028076473623514175, 0.9024894833564758] [0.22093796730041504, -0.04299396276473999, 0.11807604134082794, 0.989471971988678, 1.3345381021499634, 0.07080000638961792, -1.1289820671081543, -1.1075899600982666]
[-0.014089939184486866, -0.021406222134828568, 0.34689900279045105, 1.5217647552490234, -0.008032713085412979, 0.9370614290237427] [0.22247196733951569, -0.07367396354675293, 0.08279404044151306, 1.0661720037460327, 1.3805580139160156, 0.07600000500679016, -1.1090400218963623, -1.0876480340957642]
[-0.005902374163269997, -0.027966195717453957, 0.3481843173503876, 1.517645001411438, -0.0006322765839286149, 0.9514864683151245] [0.22553996741771698, -0.1411699652671814, 0.06592004001140594, 1.1014540195465088, 1.3974320888519287, 0.07600000500679016, -1.0952340364456177, -1.0738420486450195]
[-0.010647347196936607, -0.03251109644770622, 0.3481578230857849, 1.528856635093689, 0.012960650958120823, 0.9771691560745239] [0.22553996741771698, -0.20252996683120728, 0.0383080393075943, 1.1934939622879028, 1.4342480897903442, 0.07560000568628311, -1.0906320810317993, -1.0692399740219116]
[-0.01710548996925354, -0.03614968806505203, 0.34821996092796326, 1.5406711101531982, 0.02248099260032177, 1.0062110424041748] [0.22553996741771698, -0.25315195322036743, 0.01836603879928589, 1.2732620239257812, 1.4649280309677124, 0.07520000636577606, -1.084496021270752, -1.0646380186080933]
[-0.019889576360583305, -0.03778397664427757, 0.34798571467399597, 1.5520989894866943, 0.02836935967206955, 1.0191038846969604] [0.22553996741771698, -0.27616196870803833, 0.010696038603782654, 1.322350025177002, 1.483336091041565, 0.07520000636577606, -1.081428050994873, -1.0600359439849854]
[-0.023822857066988945, -0.03986097872257233, 0.3477037250995636, 1.5635099411010742, 0.03532063588500023, 1.038174033164978] [0.22553996741771698, -0.30223995447158813, -4.1961669921875e-05, 1.3422919511795044, 1.4925401210784912, 0.07520000636577606, -1.0768260955810547, -1.055433988571167]
[-0.026343833655118942, -0.04063273221254349, 0.3472675681114197, 1.5703098773956299, 0.04314235970377922, 1.0495038032531738] [0.22553996741771698, -0.317579984664917, -0.009245961904525757, 1.3745059967041016, 1.5063461065292358, 0.07520000636577606, -1.066088080406189, -1.0446959733963013]
[-0.033314887434244156, -0.043376222252845764, 0.34675586223602295, 1.5891281366348267, 0.05646861344575882, 1.081080436706543] [0.22553996741771698, -0.36206597089767456, -0.03225596249103546, 1.4420020580291748, 1.5324240922927856, 0.07520000636577606, -1.0599520206451416, -1.0385600328445435]
[-0.03924941644072533, -0.04704255983233452, 0.34611642360687256, 1.599753975868225, 0.07212210446596146, 1.0923327207565308] [0.22553996741771698, -0.4019499719142914, -0.05373196303844452, 1.492624044418335, 1.553900122642517, 0.07520000636577606, -1.0415440797805786, -1.0232199430465698]
[-0.042651090770959854, -0.04812592267990112, 0.3459089994430542, 1.6064304113388062, 0.07926025986671448, 1.1030954122543335] [0.22553996741771698, -0.41728997230529785, -0.0629359632730484, 1.5202360153198242, 1.5661721229553223, 0.07520000636577606, -1.0354080200195312, -1.0155500173568726]
[-0.04478679597377777, -0.04892728105187416, 0.34642326831817627, 1.6013256311416626, 0.07974537461996078, 1.1026231050491333] [0.22553996741771698, -0.4249599575996399, -0.0660039633512497, 1.5233039855957031, 1.5661721229553223, 0.07520000636577606, -1.0354080200195312, -1.014016032218933]
[-0.044790517538785934, -0.049140144139528275, 0.34657156467437744, 1.5995367765426636, 0.07868921011686325, 1.099439263343811] [0.22707396745681763, -0.42649397253990173, -0.0660039633512497, 1.5187020301818848, 1.5661721229553223, 0.07520000636577606, -1.0400100946426392, -1.0186179876327515]
[-0.052329011261463165, -0.04920753836631775, 0.3462488055229187, 1.604993224143982, 0.0815841406583786, 1.0919231176376343] [0.22707396745681763, -0.429561972618103, -0.0629359632730484, 1.5140999555587769, 1.5646381378173828, 0.07520000636577606, -1.0476800203323364, -1.0262880325317383]
[-0.05734643340110779, -0.04968227073550224, 0.3457134962081909, 1.6099692583084106, 0.08603165298700333, 1.0769604444503784] [0.22553996741771698, -0.4326299726963043, -0.055265963077545166, 1.492624044418335, 1.5615700483322144, 0.07520000636577606, -1.0538160800933838, -1.0339579582214355]
[-0.05412787199020386, -0.05196504294872284, 0.34515953063964844, 1.617041826248169, 0.08655844628810883, 1.0511423349380493] [0.22247196733951569, -0.44643598794937134, -0.04912996292114258, 1.488021969795227, 1.560036063194275, 0.07520000636577606, -1.0752921104431152, -1.055433988571167]
[-0.051792845129966736, -0.05338548496365547, 0.34499025344848633, 1.6212905645370483, 0.08659487217664719, 1.0390572547912598] [0.2163359671831131, -0.45563995838165283, -0.046061962842941284, 1.4864879846572876, 1.556968092918396, 0.07520000636577606, -1.1167100667953491, -1.0983860492706299]
[-0.04370554909110069, -0.05771242827177048, 0.3444369435310364, 1.6407090425491333, 0.07688745111227036, 1.00681471824646] [0.2101999670267105, -0.4909219741821289, -0.01231396198272705, 1.4864879846572876, 1.541628122329712, 0.07520000636577606, -1.1305160522460938, -1.1106579303741455]
[-0.03784356266260147, -0.059796761721372604, 0.34451496601104736, 1.6249593496322632, 0.061439648270606995, 0.9866956472396851] [0.20713196694850922, -0.5001260042190552, 0.019900038838386536, 1.4818860292434692, 1.5002100467681885, 0.07520000636577606, -1.1611961126327515, -1.1413379907608032]
[-0.03486035764217377, -0.06053399667143822, 0.3452042043209076, 1.6182550191879272, 0.04799020290374756, 0.9793005585670471] [0.20713196694850922, -0.5077959895133972, 0.035240039229393005, 1.4818860292434692, 1.4818021059036255, 0.07520000636577606, -1.1826720237731934, -1.1597459316253662]
[-0.029344432055950165, -0.06405702233314514, 0.344788521528244, 1.615625262260437, 0.039014965295791626, 0.9491329789161682] [0.20559796690940857, -0.5384759902954102, 0.0643860399723053, 1.4772839546203613, 1.4679961204528809, 0.07560000568628311, -1.1964781284332275, -1.1750860214233398]
[-0.02524453215301037, -0.06825961917638779, 0.3448556363582611, 1.6140865087509155, 0.03187568485736847, 0.9182001948356628] [0.20406396687030792, -0.5584179759025574, 0.09660004079341888, 1.4772839546203613, 1.4465200901031494, 0.07560000568628311, -1.21642005443573, -1.1965620517730713]
[-0.02144685760140419, -0.06886909157037735, 0.3447830379009247, 1.610229253768921, 0.01882362924516201, 0.9115028381347656] [0.20406396687030792, -0.5599519610404968, 0.11040604114532471, 1.4772839546203613, 1.440384030342102, 0.07520000636577606, -1.2256240844726562, -1.202697992324829]
[-0.016693513840436935, -0.0701388418674469, 0.34402140974998474, 1.6165903806686401, 0.013660446740686893, 0.8901135325431824] [0.20406396687030792, -0.5599519610404968, 0.12881404161453247, 1.4542739391326904, 1.421976089477539, 0.07520000636577606, -1.2378960847854614, -1.2180379629135132]
[-0.010991127230226994, -0.07159049808979034, 0.34478434920310974, 1.6077512502670288, -0.011466012336313725, 0.8699423670768738] [0.20252996683120728, -0.5599519610404968, 0.17330004274845123, 1.4404679536819458, 1.3943641185760498, 0.07560000568628311, -1.2701101303100586, -1.2517859935760498]
[-0.007062392309308052, -0.07288702577352524, 0.34505560994148254, 1.6060295104980469, -0.021422766149044037, 0.8512548804283142] [0.19792796671390533, -0.5599519610404968, 0.1886400431394577, 1.4128559827804565, 1.3805580139160156, 0.07520000636577606, -1.2823820114135742, -1.260990023612976]
[-0.0013956695329397917, -0.07527287304401398, 0.3441556394100189, 1.596169352531433, -0.020488953217864037, 0.8159573674201965] [0.1902579665184021, -0.561486005783081, 0.1947760432958603, 1.3821760416030884, 1.3698201179504395, 0.07520000636577606, -1.29312002658844, -1.2732620239257812]
[0.007524077780544758, -0.0798640102148056, 0.3430204391479492, 1.573364496231079, -0.010078239254653454, 0.7517862319946289] [0.16878196597099304, -0.5599519610404968, 0.19631004333496094, 1.319282054901123, 1.348344087600708, 0.07520000636577606, -1.2961881160736084, -1.282465934753418]
[0.012219516560435295, -0.08294225484132767, 0.34338605403900146, 1.550830602645874, -0.01211460679769516, 0.71388840675354] [0.15037396550178528, -0.5599519610404968, 0.1947760432958603, 1.2855340242385864, 1.3345381021499634, 0.07520000636577606, -1.3053920269012451, -1.2886019945144653]
[0.014876855537295341, -0.08460014313459396, 0.3434520959854126, 1.5371971130371094, -0.011168798431754112, 0.6928026676177979] [0.13963596522808075, -0.5599519610404968, 0.19631004333496094, 1.2425819635391235, 1.3115280866622925, 0.07560000568628311, -1.3268680572509766, -1.3131459951400757]
[0.021966809406876564, -0.08803243935108185, 0.34424519538879395, 1.5085065364837646, -0.014123917557299137, 0.6507986783981323] [0.10588795691728592, -0.5584179759025574, 0.19631004333496094, 1.2149699926376343, 1.2977221012115479, 0.07520000636577606, -1.3529460430145264, -1.337689995765686]
[0.029565896838903427, -0.09148882329463959, 0.3442150950431824, 1.4957807064056396, -0.014817522838711739, 0.60973060131073] [0.07367396354675293, -0.5584179759025574, 0.19784404337406158, 1.1750860214233398, 1.2977221012115479, 0.07560000568628311, -1.3621500730514526, -1.3468940258026123]
[0.03613721951842308, -0.09464346617460251, 0.3427068591117859, 1.4982094764709473, -0.006239868700504303, 0.5703001618385315] [0.05833396315574646, -0.5553499460220337, 0.19784404337406158, 1.1305999755859375, 1.2961881160736084, 0.07560000568628311, -1.366752028465271, -1.3514959812164307]
[0.0380774587392807, -0.0962853953242302, 0.34216803312301636, 1.4922736883163452, -0.002430446445941925, 0.5522055625915527] [0.055265963077545166, -0.5522819757461548, 0.20704804360866547, 1.0983860492706299, 1.2777800559997559, 0.07520000636577606, -1.3682861328125, -1.3545639514923096]
[0.04081600904464722, -0.09846759587526321, 0.3423237204551697, 1.4855800867080688, -0.0064292000606656075, 0.5243956446647644] [0.05373196303844452, -0.5507479906082153, 0.2147180438041687, 1.090716004371643, 1.2777800559997559, 0.07520000636577606, -1.3682861328125, -1.3530299663543701]
[0.04327015578746796, -0.10351976752281189, 0.3549513518810272, 1.53959321975708, -0.10838799923658371, 0.47794991731643677] [0.04759596288204193, -0.5522819757461548, 0.38345804810523987, 1.0431619882583618, 1.2777800559997559, 0.07520000636577606, -1.3682861328125, -1.3545639514923096]
[0.05034289509057999, -0.1576429158449173, 0.3931860327720642, 2.067997932434082, -0.4151187539100647, -0.020562419667840004] [0.05986796319484711, -0.5522819757461548, 1.0875641107559204, 0.7133519649505615, 1.2793140411376953, 0.07520000636577606, -1.366752028465271, -1.3530299663543701]
[0.04809772968292236, -0.19012047350406647, 0.3921501636505127, 2.419023275375366, -0.37787970900535583, -0.3127155303955078] [0.06446996331214905, -0.5522819757461548, 1.389762043952942, 0.29303598403930664, 1.2793140411376953, 0.07520000636577606, -1.366752028465271, -1.3530299663543701]
[0.0591280423104763, -0.2276948243379593, 0.3527843952178955, 2.967489242553711, 0.009569518268108368, -0.5878507494926453] [0.07674196362495422, -0.5553499460220337, 1.8499621152877808, 0.10742195695638657, 1.2793140411376953, 0.07520000636577606, -1.3682861328125, -1.3514959812164307]
[0.06035595014691353, -0.22753416001796722, 0.32564133405685425, 3.0606424808502197, 0.2084488570690155, -0.5790408849716187] [0.1411699652671814, -0.5538159608840942, 1.9343321323394775, 0.021517962217330933, 1.2793140411376953, 0.07520000636577606, -1.3682861328125, -1.3530299663543701]
[0.05945684015750885, -0.2275269478559494, 0.31979456543922424, 3.041585683822632, 0.23674024641513824, -0.5832007527351379] [0.1841219663619995, -0.5538159608840942, 1.9343321323394775, 0.02305196225643158, 1.2793140411376953, 0.07520000636577606, -1.3682861328125, -1.3514959812164307]
[0.057160571217536926, -0.22749927639961243, 0.310390442609787, 3.0099916458129883, 0.28245389461517334, -0.5911954641342163] [0.22707396745681763, -0.5538159608840942, 1.9343321323394775, 0.02305196225643158, 1.2793140411376953, 0.07520000636577606, -1.3682861328125, -1.3530299663543701]
[0.057693932205438614, -0.22670818865299225, 0.3098110854625702, 3.0103650093078613, 0.28505757451057434, -0.5868023633956909] [0.22707396745681763, -0.5492140054702759, 1.9343321323394775, 0.02305196225643158, 1.2793140411376953, 0.07520000636577606, -1.3682861328125, -1.3530299663543701]
[0.04663620516657829, -0.22687004506587982, 0.3086712062358856, 3.0092387199401855, 0.28930455446243286, -0.5869094133377075] [0.22707396745681763, -0.5492140054702759, 1.932798147201538, 0.02305196225643158, 1.2793140411376953, 0.07520000636577606, -1.366752028465271, -1.3530299663543701]
[0.04003715142607689, -0.22705452144145966, 0.3077255189418793, 3.008443593978882, 0.29269054532051086, -0.5871756076812744] [0.22707396745681763, -0.5492140054702759, 1.932798147201538, 0.02305196225643158, 1.2793140411376953, 0.07520000636577606, -1.3682861328125, -1.3530299663543701]
[0.03937597945332527, -0.22697564959526062, 0.3077690303325653, 3.0069081783294678, 0.29256123304367065, -0.5868801474571228] [0.22707396745681763, -0.5492140054702759, 1.932798147201538, 0.02305196225643158, 1.2793140411376953, 0.07520000636577606, -1.366752028465271, -1.3514959812164307]
[0.0390106663107872, -0.22703643143177032, 0.3076961934566498, 3.0073530673980713, 0.2926340103149414, -0.586829423904419] [0.22707396745681763, -0.5492140054702759, 1.9343321323394775, 0.024585962295532227, 1.2793140411376953, 0.9959999918937683, -1.366752028465271, -1.3530299663543701]
[0.03894363343715668, -0.22700069844722748, 0.30784669518470764, 3.0075840950012207, 0.29207998514175415, -0.5866378545761108] [0.22707396745681763, -0.5492140054702759, 1.932798147201538, 0.02305196225643158, 1.2793140411376953, 0.9959999918937683, -1.366752028465271, -1.3530299663543701]
[0.03894326090812683, -0.2271093875169754, 0.3076885938644409, 3.009528875350952, 0.29243358969688416, -0.5865262746810913] [0.22707396745681763, -0.5492140054702759, 1.932798147201538, 0.02305196225643158, 1.2793140411376953, 0.9959999918937683, -1.366752028465271, -1.3530299663543701]
[0.03897158056497574, -0.22706899046897888, 0.3076929748058319, 3.009676694869995, 0.2923663854598999, -0.5863138437271118] [0.22860796749591827, -0.5492140054702759, 1.9343321323394775, 0.02305196225643158, 1.2793140411376953, 0.996399998664856, -1.366752028465271, -1.3530299663543701]
[0.038932524621486664, -0.22709466516971588, 0.3076613247394562, 3.0081021785736084, 0.29247355461120605, -0.5865217447280884] [0.22707396745681763, -0.5492140054702759, 1.932798147201538, 0.02305196225643158, 1.2793140411376953, 0.996399998664856, -1.366752028465271, -1.3530299663543701]
[0.038967300206422806, -0.22712285816669464, 0.3075428307056427, 3.0084450244903564, 0.2927205562591553, -0.5863081216812134] [0.22707396745681763, -0.5492140054702759, 1.9343321323394775, 0.02305196225643158, 1.2793140411376953, 0.996399998664856, -1.366752028465271, -1.3514959812164307]
[0.038953039795160294, -0.22717033326625824, 0.307461678981781, 3.00838041305542, 0.2929980754852295, -0.5865023136138916] [0.22707396745681763, -0.5492140054702759, 1.9343321323394775, 0.02305196225643158, 1.2793140411376953, 0.9959999918937683, -1.366752028465271, -1.3530299663543701]
[0.03893247991800308, -0.2271932065486908, 0.3074440360069275, 3.008347988128662, 0.29306501150131226, -0.5866199135780334] [0.22860796749591827, -0.5492140054702759, 1.9343321323394775, 0.02305196225643158, 1.2793140411376953, 0.9959999918937683, -1.3682861328125, -1.3530299663543701]
[0.03890302777290344, -0.22719699144363403, 0.3074808716773987, 3.0082404613494873, 0.2929886281490326, -0.5867541432380676] [0.22707396745681763, -0.5492140054702759, 1.932798147201538, 0.02305196225643158, 1.2793140411376953, 0.996399998664856, -1.366752028465271, -1.3530299663543701]
[0.03895937651395798, -0.22715702652931213, 0.30750563740730286, 3.009622812271118, 0.2929726243019104, -0.5866215229034424] [0.22707396745681763, -0.5492140054702759, 1.932798147201538, 0.02305196225643158, 1.2793140411376953, 0.996399998664856, -1.3682861328125, -1.3530299663543701]
[0.0389302559196949, -0.22713853418827057, 0.30758970975875854, 3.0096309185028076, 0.29270660877227783, -0.5866184830665588] [0.22707396745681763, -0.5492140054702759, 1.932798147201538, 0.02305196225643158, 1.2793140411376953, 0.9959999918937683, -1.366752028465271, -1.3530299663543701]
[0.038938555866479874, -0.22714802622795105, 0.30753087997436523, 3.0083818435668945, 0.29278093576431274, -0.586469292640686] [0.22707396745681763, -0.5492140054702759, 1.932798147201538, 0.02305196225643158, 1.2793140411376953, 0.996399998664856, -1.3682861328125, -1.3530299663543701]
[0.03894362226128578, -0.2271786481142044, 0.3074578046798706, 3.008359670639038, 0.29301780462265015, -0.5865552425384521] [0.22707396745681763, -0.5492140054702759, 1.9343321323394775, 0.02305196225643158, 1.2793140411376953, 0.996399998664856, -1.3682861328125, -1.3530299663543701]
[0.0389457568526268, -0.22721265256404877, 0.30738183856010437, 3.0081686973571777, 0.29332461953163147, -0.586769700050354] [0.22707396745681763, -0.5492140054702759, 1.932798147201538, 0.024585962295532227, 1.2793140411376953, 0.996399998664856, -1.3682861328125, -1.3530299663543701]
