[0.018747610971331596, -0.2405204027891159, 0.3269435465335846, -2.9475791454315186, 0.14005298912525177, -0.6340768337249756] [0.30377396941185, -0.6090399622917175, 1.7395141124725342, 0.1841219663619995, 1.8560980558395386, 0.996399998664856, -1.3038580417633057, -1.299340009689331]
[0.01871725730597973, -0.24059945344924927, 0.32649052143096924, -2.9477555751800537, 0.1435016244649887, -0.6345107555389404] [0.30684196949005127, -0.6090399622917175, 1.7410480976104736, 0.18105396628379822, 1.857632040977478, 0.9959999918937683, -1.3115280866622925, -1.30240797996521]
[0.01882903091609478, -0.24058036506175995, 0.3226766586303711, -2.9614295959472656, 0.16295887529850006, -0.6370285153388977] [0.3267839550971985, -0.6075059771537781, 1.7395141124725342, 0.17951996624469757, 1.857632040977478, 0.9959999918937683, -1.325334072113037, -1.3146799802780151]
[0.0199798084795475, -0.23971371352672577, 0.31759217381477356, -2.9757261276245117, 0.18728089332580566, -0.6340834498405457] [0.3528619706630707, -0.5983020067214966, 1.7395141124725342, 0.17951996624469757, 1.857632040977478, 0.996399998664856, -1.3406740427017212, -1.3269519805908203]
[0.021591778844594955, -0.23909680545330048, 0.31069955229759216, -2.9964723587036133, 0.21971748769283295, -0.6342045664787292] [0.363599956035614, -0.5983020067214966, 1.7395141124725342, 0.17951996624469757, 1.859166145324707, 0.9959999918937683, -1.3406740427017212, -1.3269519805908203]
[0.02220408245921135, -0.23913930356502533, 0.3098156750202179, -2.9990768432617188, 0.22354799509048462, -0.6348158717155457] [0.363599956035614, -0.5983020067214966, 1.7395141124725342, 0.17951996624469757, 1.857632040977478, 0.9959999918937683, -1.3406740427017212, -1.3269519805908203]
[0.02258089929819107, -0.2391698956489563, 0.3090532422065735, -3.000854969024658, 0.22762151062488556, -0.6354040503501892] [0.363599956035614, -0.5983020067214966, 1.7410480976104736, 0.17951996624469757, 1.857632040977478, 0.9959999918937683, -1.3406740427017212, -1.3269519805908203]
[0.022769266739487648, -0.23913724720478058, 0.3090415298938751, -3.0004324913024902, 0.22706863284111023, -0.6357561349868774] [0.363599956035614, -0.5983020067214966, 1.7395141124725342, 0.17951996624469757, 1.857632040977478, 0.996399998664856, -1.3406740427017212, -1.3269519805908203]
[0.02285616472363472, -0.23910273611545563, 0.30865931510925293, -3.0027756690979004, 0.22875699400901794, -0.6353514790534973] [0.363599956035614, -0.5983020067214966, 1.7410480976104736, 0.17951996624469757, 1.857632040977478, 0.996399998664856, -1.3406740427017212, -1.3269519805908203]
[0.022961605340242386, -0.23911769688129425, 0.30885398387908936, -3.001882314682007, 0.22769540548324585, -0.6351370811462402] [0.363599956035614, -0.5983020067214966, 1.7395141124725342, 0.17951996624469757, 1.857632040977478, 0.9959999918937683, -1.3406740427017212, -1.3269519805908203]
[0.022879157215356827, -0.23913899064064026, 0.3085736334323883, -3.002908945083618, 0.22907936573028564, -0.6354555487632751] [0.363599956035614, -0.5983020067214966, 1.7395141124725342, 0.17951996624469757, 1.857632040977478, 0.996399998664856, -1.3406740427017212, -1.3269519805908203]
[0.022741708904504776, -0.23894110321998596, 0.3105451464653015, -2.9971492290496826, 0.21817602217197418, -0.6329363584518433] [0.35899797081947327, -0.5983020067214966, 1.7395141124725342, 0.18258796632289886, 1.857632040977478, 0.07479999959468842, -1.328402042388916, -1.3131459951400757]
[0.0222820695489645, -0.23881201446056366, 0.3120458126068115, -2.993393659591675, 0.2111537754535675, -0.6311100721359253] [0.355929970741272, -0.5983020067214966, 1.7364461421966553, 0.19946196675300598, 1.857632040977478, 0.07479999959468842, -1.3145960569381714, -1.2932039499282837]
[0.02149648405611515, -0.23814117908477783, 0.31948423385620117, -2.9960482120513916, 0.1664356291294098, -0.6213845014572144] [0.34212398529052734, -0.5983020067214966, 1.707300066947937, 0.20559796690940857, 1.8499621152877808, 0.07479999959468842, -1.2885180711746216, -1.2579219341278076]
[0.02654002606868744, -0.23671719431877136, 0.3242378830909729, -3.015458822250366, 0.14498049020767212, -0.6109328866004944] [0.34212398529052734, -0.5983020067214966, 1.6658821105957031, 0.20866596698760986, 1.8453600406646729, 0.07479999959468842, -1.2624400854110718, -1.2333779335021973]
[0.03178427368402481, -0.23424920439720154, 0.3299505114555359, -3.0812182426452637, 0.1189671978354454, -0.5926144123077393] [0.34212398529052734, -0.5983020067214966, 1.4894720315933228, 0.23167596757411957, 1.8453600406646729, 0.07479999959468842, -1.2378960847854614, -1.2072999477386475]
[0.04234476387500763, -0.20663444697856903, 0.35103729367256165, 2.7771201133728027, -0.046418748795986176, -0.3727405071258545] [0.34212398529052734, -0.5952339768409729, 1.0384761095046997, 0.5001260042190552, 1.8453600406646729, 0.07440000027418137, -1.2087500095367432, -1.1796879768371582]
[0.04351639002561569, -0.18095149099826813, 0.3628880977630615, 2.571200132369995, -0.14430446922779083, -0.162986621260643] [0.3375219702720642, -0.5952339768409729, 0.8160460591316223, 0.734827995300293, 1.8438260555267334, 0.07440000027418137, -1.1964781284332275, -1.170483946800232]
[0.04085607826709747, -0.15559928119182587, 0.36650052666664124, 2.405805826187134, -0.17878390848636627, 0.05013353377580643] [0.3375219702720642, -0.5921659469604492, 0.6503740549087524, 0.8820919990539551, 1.8407580852508545, 0.07440000027418137, -1.1857401132583618, -1.1582119464874268]
[0.03640009090304375, -0.1347825825214386, 0.3642965853214264, 2.2895216941833496, -0.16194814443588257, 0.22264523804187775] [0.33598798513412476, -0.561486005783081, 0.5721400380134583, 0.9327139854431152, 1.8177480697631836, 0.07440000027418137, -1.1704000234603882, -1.1398040056228638]
[0.034266937524080276, -0.12191732227802277, 0.3655630648136139, 2.262913703918457, -0.17400670051574707, 0.3005542457103729] [0.3344539701938629, -0.5077959895133972, 0.5675380229949951, 0.9373160004615784, 1.7962720394134521, 0.07479999959468842, -1.1519920825958252, -1.1198619604110718]
[0.03195340186357498, -0.10922147333621979, 0.36841899156570435, 2.2442586421966553, -0.19470921158790588, 0.36952900886535645] [0.32524996995925903, -0.4280279874801636, 0.5475960373878479, 0.9388499855995178, 1.780932068824768, 0.07479999959468842, -1.1320500373840332, -1.0999200344085693]
[0.028288887813687325, -0.08902573585510254, 0.3697200417518616, 2.2084004878997803, -0.20312336087226868, 0.4798567295074463] [0.31911396980285645, -0.31297796964645386, 0.5046440362930298, 0.9357819557189941, 1.7579220533370972, 0.07440000027418137, -1.1105740070343018, -1.078444004058838]
[0.020549368113279343, -0.05837954580783844, 0.37128347158432007, 2.18521785736084, -0.21216100454330444, 0.6460182070732117] [0.3114439845085144, -0.1411699652671814, 0.4662940502166748, 0.9173740148544312, 1.742582082748413, 0.07479999959468842, -1.0906320810317993, -1.0615699291229248]
[0.01227552816271782, -0.03552526980638504, 0.37243711948394775, 2.160869836807251, -0.21307598054409027, 0.7657170295715332] [0.30223995447158813, -0.006177961826324463, 0.4172060489654541, 0.9081699848175049, 1.7318440675735474, 0.07479999959468842, -1.0783600807189941, -1.0462299585342407]
[-0.0004237883258610964, -0.01451561413705349, 0.3733289837837219, 2.095700263977051, -0.20120713114738464, 0.8981273770332336] [0.2822979688644409, 0.08586204051971436, 0.35431206226348877, 0.9081699848175049, 1.727242112159729, 0.07440000027418137, -1.066088080406189, -1.032423973083496]
[-0.010000904090702534, -0.002599698258563876, 0.3733201324939728, 2.0193865299224854, -0.18078269064426422, 0.9795612692832947] [0.2684919834136963, 0.12881404161453247, 0.2898840308189392, 0.9081699848175049, 1.7149701118469238, 0.07479999959468842, -1.0538160800933838, -1.0216859579086304]
[-0.017221899703145027, 0.004016760271042585, 0.37081530690193176, 1.947995901107788, -0.1512119174003601, 1.0262387990951538] [0.26695796847343445, 0.15642604231834412, 0.2377280443906784, 0.9081699848175049, 1.6858240365982056, 0.07440000027418137, -1.0400100946426392, -1.0094139575958252]
[-0.024892812594771385, 0.01108966302126646, 0.36782118678092957, 1.865886926651001, -0.12280427664518356, 1.0750114917755127] [0.26695796847343445, 0.2116500437259674, 0.19017404317855835, 0.9081699848175049, 1.6382701396942139, 0.07440000027418137, -1.024670124053955, -0.9956079721450806]
[-0.032488640397787094, 0.0181499682366848, 0.3666045367717743, 1.8021668195724487, -0.10935057699680328, 1.1248817443847656] [0.2654239535331726, 0.243864044547081, 0.16102804243564606, 0.9097039699554443, 1.5845800638198853, 0.08560000360012054, -1.0200680494308472, -0.989471971988678]
[-0.03935752809047699, 0.02428889274597168, 0.3645656406879425, 1.7305208444595337, -0.09284330159425735, 1.16913902759552] [0.2654239535331726, 0.2730100452899933, 0.14108604192733765, 0.9081699848175049, 1.5677061080932617, 0.07440000027418137, -1.0154660940170288, -0.9848699569702148]
[-0.041876740753650665, 0.026354126632213593, 0.3636232316493988, 1.698378324508667, -0.08551483601331711, 1.1845976114273071] [0.2654239535331726, 0.29141804575920105, 0.12881404161453247, 0.9081699848175049, 1.5492980480194092, 0.07440000027418137, -1.0139321088790894, -0.9848699569702148]
[-0.04504425823688507, 0.02883327379822731, 0.36290431022644043, 1.6773192882537842, -0.0784495547413826, 1.2030771970748901] [0.2654239535331726, 0.3021560311317444, 0.12114404141902924, 0.9081699848175049, 1.5492980480194092, 0.07440000027418137, -1.0139321088790894, -0.9848699569702148]
[-0.045378923416137695, 0.028979357331991196, 0.36248037219047546, 1.672203779220581, -0.07498880475759506, 1.2050691843032837] [0.2654239535331726, 0.3067580461502075, 0.1165420413017273, 0.9097039699554443, 1.5492980480194092, 0.07440000027418137, -1.0139321088790894, -0.9848699569702148]
[-0.04692260921001434, 0.0305935125797987, 0.3618617057800293, 1.6772139072418213, -0.07289189100265503, 1.2169098854064941] [0.2715599536895752, 0.322098046541214, 0.1165420413017273, 0.9081699848175049, 1.5508320331573486, 0.07440000027418137, -1.0139321088790894, -0.9864040017127991]
[-0.046929873526096344, 0.03065488487482071, 0.3609651029109955, 1.685018539428711, -0.06954417377710342, 1.2167094945907593] [0.2776959538459778, 0.3251660466194153, 0.11194004118442535, 0.9097039699554443, 1.552366018295288, 0.07440000027418137, -1.0154660940170288, -0.9879379868507385]
[-0.04684124514460564, 0.03082425333559513, 0.35949698090553284, 1.679824948310852, -0.05884648114442825, 1.2178053855895996] [0.2776959538459778, 0.3251660466194153, 0.08586204051971436, 0.9081699848175049, 1.5324240922927856, 0.07440000027418137, -1.0185340642929077, -0.9910060167312622]
[-0.046561211347579956, 0.031223630532622337, 0.3547651469707489, 1.5801669359207153, -0.03143846243619919, 1.2205932140350342] [0.2792299687862396, 0.3251660466194153, 0.0643860399723053, 0.9097039699554443, 1.4664621353149414, 0.07440000027418137, -1.027738094329834, -1.0002100467681885]
[-0.05433904007077217, 0.031398706138134, 0.35269710421562195, 1.5826075077056885, -0.019446488469839096, 1.2195724248886108] [0.2776959538459778, 0.3251660466194153, 0.05978403985500336, 0.9097039699554443, 1.4664621353149414, 0.07440000027418137, -1.030806064605713, -1.0032780170440674]
[-0.05971037596464157, 0.03164881095290184, 0.35163697600364685, 1.5879099369049072, -0.014532574452459812, 1.2255576848983765] [0.2792299687862396, 0.33130204677581787, 0.05978403985500336, 0.9204419851303101, 1.4664621353149414, 0.07400000095367432, -1.030806064605713, -1.001744031906128]
[-0.06306174397468567, 0.03195330500602722, 0.35153403878211975, 1.5902509689331055, -0.015102130360901356, 1.2378383874893188] [0.2792299687862396, 0.33437004685401917, 0.05825003981590271, 0.9265779852867126, 1.4679961204528809, 0.07440000027418137, -1.0292720794677734, -1.001744031906128]
[-0.06392959505319595, 0.032032761722803116, 0.3513110876083374, 1.5900373458862305, -0.013382109813392162, 1.2381722927093506] [0.28076398372650146, 0.33437004685401917, 0.055182039737701416, 0.9265779852867126, 1.4664621353149414, 0.07440000027418137, -1.030806064605713, -1.001744031906128]
[-0.06448552012443542, 0.03205272927880287, 0.34851083159446716, 1.5986119508743286, -0.0010872915154322982, 1.238818645477295] [0.2945699691772461, 0.33437004685401917, 0.045978039503097534, 0.9265779852867126, 1.4679961204528809, 0.07440000027418137, -1.030806064605713, -1.0032780170440674]
[-0.06456504762172699, 0.032203078269958496, 0.3480081856250763, 1.6019821166992188, 0.0008668852387927473, 1.238328456878662] [0.29610395431518555, 0.33437004685401917, 0.04751203954219818, 0.9265779852867126, 1.4664621353149414, 0.07440000027418137, -1.0338740348815918, -1.0063459873199463]
[-0.06416124105453491, 0.03220345079898834, 0.34774643182754517, 1.6037070751190186, 0.0020060220267623663, 1.236555576324463] [0.29610395431518555, 0.33437004685401917, 0.04751203954219818, 0.9204419851303101, 1.4679961204528809, 0.07440000027418137, -1.0400100946426392, -1.0109479427337646]
[-0.06166291609406471, 0.03202013671398163, 0.34720906615257263, 1.608944296836853, 0.006023762281984091, 1.2227396965026855] [0.29610395431518555, 0.33437004685401917, 0.04751203954219818, 0.9112379550933838, 1.4664621353149414, 0.07440000027418137, -1.0553500652313232, -1.0293560028076172]
[-0.05951046943664551, 0.031822845339775085, 0.34718045592308044, 1.6098047494888306, 0.006813542451709509, 1.2196828126907349] [0.28383195400238037, 0.33130204677581787, 0.045978039503097534, 0.9081699848175049, 1.4664621353149414, 0.07440000027418137, -1.0737581253051758, -1.0477639436721802]
[-0.05692559853196144, 0.03179863467812538, 0.3465704023838043, 1.6169853210449219, 0.009439307264983654, 1.2184169292449951] [0.28076398372650146, 0.3297680616378784, 0.04751203954219818, 0.9066359996795654, 1.4664621353149414, 0.07440000027418137, -1.0860300064086914, -1.0615699291229248]
[-0.05435048043727875, 0.03177303448319435, 0.3455643653869629, 1.6291124820709229, 0.011881022714078426, 1.2187232971191406] [0.2746279835700989, 0.3297680616378784, 0.04751203954219818, 0.9066359996795654, 1.4664621353149414, 0.07440000027418137, -1.1029040813446045, -1.078444004058838]
[-0.0514586865901947, 0.03182362765073776, 0.34559130668640137, 1.6291916370391846, 0.014075757935643196, 1.217619776725769] [0.25928795337677, 0.3282340466976166, 0.04904603958129883, 0.905102014541626, 1.4664621353149414, 0.07440000027418137, -1.1182440519332886, -1.093783974647522]
[-0.047781895846128464, 0.03168122097849846, 0.3460683822631836, 1.6284756660461426, 0.013487324118614197, 1.216201901435852] [0.2393459677696228, 0.3251660466194153, 0.04751203954219818, 0.9035679697990417, 1.4541900157928467, 0.07440000027418137, -1.142788052558899, -1.1167939901351929]
[-0.04389951750636101, 0.031678568571805954, 0.3465549349784851, 1.607158899307251, 0.012760886922478676, 1.214660406112671] [0.2194039672613144, 0.3190300464630127, 0.04751203954219818, 0.9020339846611023, 1.4434521198272705, 0.07440000027418137, -1.158128023147583, -1.1336679458618164]
[-0.04066719859838486, 0.0315018966794014, 0.34699586033821106, 1.5853897333145142, 0.011586560867726803, 1.2133675813674927] [0.19792796671390533, 0.3098260462284088, 0.04751203954219818, 0.9035679697990417, 1.4189081192016602, 0.07440000027418137, -1.175002098083496, -1.14900803565979]
[-0.03696838766336441, 0.03087271749973297, 0.34690552949905396, 1.5698531866073608, 0.012052394449710846, 1.2088003158569336] [0.18105396628379822, 0.308292031288147, 0.04751203954219818, 0.9035679697990417, 1.4097040891647339, 0.07440000027418137, -1.2026140689849854, -1.1812219619750977]
[-0.031376659870147705, 0.030665220692753792, 0.34662652015686035, 1.5545746088027954, 0.012581895105540752, 1.2076292037963867] [0.15497596561908722, 0.3067580461502075, 0.04751203954219818, 0.9004999995231628, 1.3912960290908813, 0.07440000027418137, -1.2240900993347168, -1.1996300220489502]
[-0.027515603229403496, 0.03058643639087677, 0.3462660014629364, 1.544991135597229, 0.013973992317914963, 1.2032625675201416] [0.1381019651889801, 0.30522406101226807, 0.04751203954219818, 0.8928300142288208, 1.3851600885391235, 0.07440000027418137, -1.2378960847854614, -1.2119020223617554]
[-0.023712364956736565, 0.029835520312190056, 0.34555259346961975, 1.5461655855178833, 0.01719960942864418, 1.189627766609192] [0.12429595738649368, 0.3036900460720062, 0.04904603958129883, 0.8805580139160156, 1.3805580139160156, 0.07440000027418137, -1.2563040256500244, -1.228775978088379]
[-0.0194264966994524, 0.029311740770936012, 0.34518980979919434, 1.5436795949935913, 0.01797430031001568, 1.1790207624435425] [0.10895595699548721, 0.30062204599380493, 0.050580039620399475, 0.8774899840354919, 1.3805580139160156, 0.07440000027418137, -1.271644115447998, -1.2471840381622314]
[-0.015976352617144585, 0.029283246025443077, 0.34534624218940735, 1.5433307886123657, 0.017255807295441628, 1.1777201890945435] [0.0920819640159607, 0.30062204599380493, 0.050580039620399475, 0.8759559988975525, 1.3805580139160156, 0.07440000027418137, -1.2915860414505005, -1.264057993888855]
[-0.012262015603482723, 0.029063522815704346, 0.34475913643836975, 1.5477590560913086, 0.01728271320462227, 1.174473762512207] [0.08134396374225616, 0.2990880608558655, 0.055182039737701416, 0.8774899840354919, 1.3805580139160156, 0.07440000027418137, -1.313062071800232, -1.284000039100647]
[-0.008236661553382874, 0.028731821104884148, 0.3440017104148865, 1.5527050495147705, 0.017586426809430122, 1.1724727153778076] [0.05986796319484711, 0.29755404591560364, 0.055182039737701416, 0.8759559988975525, 1.3805580139160156, 0.07440000027418137, -1.325334072113037, -1.3008739948272705]
[-0.004390685353428125, 0.02836039662361145, 0.34356504678726196, 1.5528898239135742, 0.01817415840923786, 1.1697285175323486] [0.04299396276473999, 0.29448604583740234, 0.05825003981590271, 0.8759559988975525, 1.3790240287780762, 0.07440000027418137, -1.345276117324829, -1.3208160400390625]
[-0.0008238062728196383, 0.02818954549729824, 0.3436223268508911, 1.5599608421325684, 0.012478228658437729, 1.1685525178909302] [0.029187962412834167, 0.29448604583740234, 0.06592004001140594, 0.8759559988975525, 1.3790240287780762, 0.07440000027418137, -1.3575481176376343, -1.3346220254898071]
[0.0018756648059934378, 0.028114905580878258, 0.343111515045166, 1.5712440013885498, 0.009338075295090675, 1.167305827140808] [0.02305196225643158, 0.29448604583740234, 0.07205604016780853, 0.8744219541549683, 1.3790240287780762, 0.07440000027418137, -1.3621500730514526, -1.337689995765686]
[0.0030481372959911823, 0.02823326364159584, 0.3423164188861847, 1.5812022686004639, 0.009714577347040176, 1.1668367385864258] [0.02305196225643158, 0.29448604583740234, 0.07665804028511047, 0.8744219541549683, 1.3790240287780762, 0.07440000027418137, -1.3621500730514526, -1.337689995765686]
[0.004419463686645031, 0.027925893664360046, 0.3427618145942688, 1.593315601348877, 0.001599586452357471, 1.1631131172180176] [0.02305196225643158, 0.29448604583740234, 0.09353204071521759, 0.8744219541549683, 1.3790240287780762, 0.07440000027418137, -1.3621500730514526, -1.3392239809036255]
[0.0047418177127838135, 0.02787315845489502, 0.34361615777015686, 1.603150486946106, -0.006392378825694323, 1.1629420518875122] [0.02305196225643158, 0.29448604583740234, 0.09966804087162018, 0.8759559988975525, 1.3805580139160156, 0.07440000027418137, -1.3621500730514526, -1.337689995765686]
[0.0050862557254731655, 0.027735373005270958, 0.34405553340911865, 1.6076438426971436, -0.01065676100552082, 1.1605063676834106] [0.02305196225643158, 0.29448604583740234, 0.10427004098892212, 0.8744219541549683, 1.3805580139160156, 0.07440000027418137, -1.3621500730514526, -1.337689995765686]
[0.0052767046727240086, 0.027632899582386017, 0.3441237807273865, 1.6094164848327637, -0.01181728858500719, 1.1600077152252197] [0.024585962295532227, 0.2929520606994629, 0.10733804106712341, 0.8713539838790894, 1.3805580139160156, 0.07440000027418137, -1.363684058189392, -1.3392239809036255]
[0.006773866713047028, 0.026876410469412804, 0.3436414897441864, 1.609939455986023, -0.008936870843172073, 1.1465177536010742] [0.02305196225643158, 0.29141804575920105, 0.10580404102802277, 0.8422079682350159, 1.3805580139160156, 0.07440000027418137, -1.363684058189392, -1.340757966041565]
[0.013144702650606632, 0.024115141481161118, 0.3425132632255554, 1.6063164472579956, 0.0026870768051594496, 1.091162085533142] [0.01844996213912964, 0.2837480306625366, 0.10580404102802277, 0.788517951965332, 1.3790240287780762, 0.07440000027418137, -1.363684058189392, -1.3422919511795044]
[0.020591672509908676, 0.020204558968544006, 0.3423042893409729, 1.5916558504104614, 0.012054101563990116, 1.0236648321151733] [0.00771196186542511, 0.2791460454463959, 0.10733804106712341, 0.7302259802818298, 1.3698201179504395, 0.07440000027418137, -1.363684058189392, -1.3422919511795044]
[0.0258347075432539, 0.01741713285446167, 0.34254276752471924, 1.577366828918457, 0.016630344092845917, 0.9708377718925476] [4.1961669921875e-05, 0.2791460454463959, 0.10733804106712341, 0.676535964012146, 1.3682861328125, 0.07440000027418137, -1.3652180433273315, -1.3422919511795044]
[0.031039003282785416, 0.01454051025211811, 0.3419061303138733, 1.573459267616272, 0.025062287226319313, 0.9208367466926575] [-0.004560038447380066, 0.2791460454463959, 0.11040604114532471, 0.6289819478988647, 1.366752028465271, 0.07440000027418137, -1.3652180433273315, -1.3438260555267334]
[0.03481149300932884, 0.012083856388926506, 0.3416338264942169, 1.5816309452056885, 0.027124488726258278, 0.8817199468612671] [-0.004560038447380066, 0.2791460454463959, 0.12728004157543182, 0.5844959616661072, 1.3682861328125, 0.07440000027418137, -1.366752028465271, -1.3453600406646729]
[0.040630970150232315, 0.00803426280617714, 0.3412531912326813, 1.5989160537719727, 0.029606876894831657, 0.8235541582107544] [-0.004560038447380066, 0.2791460454463959, 0.139552041888237, 0.5415439605712891, 1.3682861328125, 0.07440000027418137, -1.366752028465271, -1.3453600406646729]
[0.04330477491021156, 0.006174945738166571, 0.34084761142730713, 1.6035867929458618, 0.03373854607343674, 0.7959831357002258] [-0.004560038447380066, 0.2791460454463959, 0.15182404220104218, 0.46330997347831726, 1.366752028465271, 0.07440000027418137, -1.366752028465271, -1.3453600406646729]
[0.051331210881471634, -0.0006654068711213768, 0.3401277959346771, 1.6225212812423706, 0.042914096266031265, 0.7034845352172852] [-0.006094038486480713, 0.2806800603866577, 0.2085820436477661, 0.3467259705066681, 1.366752028465271, 0.07440000027418137, -1.366752028465271, -1.3468940258026123]
[0.05903498828411102, -0.008834520354866982, 0.34047412872314453, 1.6736811399459839, 0.045566823333501816, 0.6086496710777283] [-0.006094038486480713, 0.28221404552459717, 0.2346600443124771, 0.33905595541000366, 1.366752028465271, 0.07440000027418137, -1.3682861328125, -1.3468940258026123]
[0.05839139223098755, -0.007063231896609068, 0.34025201201438904, 1.6790590286254883, 0.045963287353515625, 0.6175466179847717] [-0.006094038486480713, 0.2898840308189392, 0.2346600443124771, 0.33905595541000366, 1.3682861328125, 0.07440000027418137, -1.3682861328125, -1.3468940258026123]
[0.05831138417124748, -0.0068420469760894775, 0.340208500623703, 1.6811877489089966, 0.04595440626144409, 0.6190757751464844] [-0.006094038486480713, 0.2898840308189392, 0.2346600443124771, 0.3405899703502655, 1.366752028465271, 0.07440000027418137, -1.3682861328125, -1.3453600406646729]
[0.05836278945207596, -0.006841905415058136, 0.34022024273872375, 1.6811802387237549, 0.045676812529563904, 0.6189272999763489] [-0.006094038486480713, 0.2898840308189392, 0.23619404435157776, 0.3405899703502655, 1.3682861328125, 0.07440000027418137, -1.366752028465271, -1.3438260555267334]
[0.05793040618300438, -0.006263082381337881, 0.34038302302360535, 1.6813381910324097, 0.044803399592638016, 0.6234918236732483] [-0.00762803852558136, 0.29141804575920105, 0.23312604427337646, 0.3497939705848694, 1.366752028465271, 0.07440000027418137, -1.366752028465271, -1.340757966041565]
[0.0560639351606369, -0.004370559006929398, 0.3416499197483063, 1.6707348823547363, 0.03679744526743889, 0.6451355814933777] [-0.009162038564682007, 0.29141804575920105, 0.22699004411697388, 0.36513397097587585, 1.3682861328125, 0.07440000027418137, -1.363684058189392, -1.337689995765686]
[0.05528239533305168, -0.0038745112251490355, 0.3423057794570923, 1.6698583364486694, 0.0331525094807148, 0.6512621641159058] [-0.00762803852558136, 0.29141804575920105, 0.22699004411697388, 0.37126997113227844, 1.3682861328125, 0.07440000027418137, -1.3590821027755737, -1.3346220254898071]
[0.05463983863592148, -0.0037403209134936333, 0.3426700234413147, 1.6694368124008179, 0.0316569060087204, 0.6533613204956055] [-0.006094038486480713, 0.29141804575920105, 0.22545604407787323, 0.37433797121047974, 1.3698201179504395, 0.07440000027418137, -1.348344087600708, -1.322350025177002]
[0.056129395961761475, -0.0035210310015827417, 0.3435956537723541, 1.6677969694137573, 0.028530849143862724, 0.6565666794776917] [0.003109961748123169, 0.29141804575920105, 0.22392204403877258, 0.37433797121047974, 1.3698201179504395, 0.07440000027418137, -1.3360720872879028, -1.3085440397262573]
[0.06163187697529793, -0.0037503703497350216, 0.3451199531555176, 1.6597238779067993, 0.02423403039574623, 0.6548483967781067] [0.01231396198272705, 0.2898840308189392, 0.2147180438041687, 0.37433797121047974, 1.371354103088379, 0.07440000027418137, -1.3176640272140503, -1.2870680093765259]
[0.06300274282693863, -0.0035091221798211336, 0.3457726240158081, 1.6482315063476562, 0.025777187198400497, 0.6556467413902283] [0.030721962451934814, 0.2898840308189392, 0.2085820436477661, 0.37433797121047974, 1.3698201179504395, 0.07440000027418137, -1.2992560863494873, -1.2686599493026733]
[0.06188278645277023, -0.0037817577831447124, 0.34611746668815613, 1.644199013710022, 0.025631830096244812, 0.6543370485305786] [0.046061962842941284, 0.28835004568099976, 0.20551404356956482, 0.3758719563484192, 1.371354103088379, 0.07440000027418137, -1.2854501008987427, -1.2548539638519287]
[0.05924537777900696, -0.003710217773914337, 0.3467694818973541, 1.6382278203964233, 0.023373303934931755, 0.6574623584747314] [0.05679996311664581, 0.2868160605430603, 0.20091204345226288, 0.3835419714450836, 1.371354103088379, 0.07440000027418137, -1.2731781005859375, -1.2425819635391235]
[0.055716484785079956, -0.003254707669839263, 0.34722307324409485, 1.6311476230621338, 0.021453026682138443, 0.6655094027519226] [0.06907196342945099, 0.2837480306625366, 0.1947760432958603, 0.39121198654174805, 1.371354103088379, 0.07440000027418137, -1.2578380107879639, -1.228775978088379]
[0.05227029696106911, -0.0030951034277677536, 0.3476186692714691, 1.6253701448440552, 0.019181841984391212, 0.6703112721443176] [0.08287796378135681, 0.2837480306625366, 0.1886400431394577, 0.39734798669815063, 1.371354103088379, 0.07400000095367432, -1.2424980401992798, -1.2149699926376343]
[0.04880419746041298, -0.0028553891461342573, 0.3480781316757202, 1.6165627241134644, 0.016778158023953438, 0.6783508062362671] [0.09514996409416199, 0.2806800603866577, 0.18097004294395447, 0.4126879572868347, 1.371354103088379, 0.07400000095367432, -1.2302260398864746, -1.2011640071868896]
[0.04587366431951523, -0.002718008356168866, 0.3487895727157593, 1.6036144495010376, 0.012843897566199303, 0.6895850300788879] [0.10435395687818527, 0.26840806007385254, 0.1686980426311493, 0.4418339729309082, 1.371354103088379, 0.07440000027418137, -1.221022129058838, -1.1888920068740845]
[0.0415663905441761, -0.004173151683062315, 0.348985880613327, 1.5887043476104736, 0.009436297230422497, 0.7083240151405334] [0.1150919571518898, 0.23926204442977905, 0.15489204227924347, 0.48325198888778687, 1.371354103088379, 0.07440000027418137, -1.2072160243988037, -1.1766200065612793]
[0.038928285241127014, -0.006643089931458235, 0.34946930408477783, 1.5731950998306274, 0.006145427469164133, 0.7180071473121643] [0.12429595738649368, 0.21318404376506805, 0.1426200419664383, 0.526203989982605, 1.371354103088379, 0.07440000027418137, -1.198012113571167, -1.1689499616622925]
[0.03594287112355232, -0.00846143253147602, 0.3496939241886139, 1.5541398525238037, 0.005329212173819542, 0.7342973351478577] [0.13043196499347687, 0.17943604290485382, 0.12421204149723053, 0.572223961353302, 1.371354103088379, 0.07440000027418137, -1.1888080835342407, -1.1582119464874268]
[0.03294425830245018, -0.009784344583749771, 0.34964174032211304, 1.5412554740905762, 0.005524494219571352, 0.7534655928611755] [0.13656796514987946, 0.14875604212284088, 0.11194004118442535, 0.6167099475860596, 1.371354103088379, 0.07440000027418137, -1.1765360832214355, -1.14900803565979]
[0.03019426204264164, -0.012507922016084194, 0.3495021462440491, 1.5279536247253418, 0.005974717903882265, 0.761788547039032] [0.14577196538448334, 0.12421204149723053, 0.10120204091072083, 0.6504579782485962, 1.3728880882263184, 0.07400000095367432, -1.1657980680465698, -1.1352019309997559]
[0.019218318164348602, -0.013736803084611893, 0.3477398455142975, 1.5250986814498901, 0.015325741842389107, 0.7748488783836365] [0.15650996565818787, 0.09966804087162018, 0.09199804067611694, 0.6872739791870117, 1.371354103088379, 0.07440000027418137, -1.155060052871704, -1.1259980201721191]
[0.010092963464558125, -0.01563020423054695, 0.3470120131969452, 1.515697717666626, 0.019860217347741127, 0.801936149597168] [0.1611119657754898, 0.061318039894104004, 0.050580039620399475, 0.8253339529037476, 1.3728880882263184, 0.07440000027418137, -1.1504580974578857, -1.1198619604110718]
[-0.005542478058487177, -0.016219118610024452, 0.34534895420074463, 1.469021201133728, 0.04040662571787834, 0.9193155765533447] [0.15650996565818787, -0.01691596210002899, 0.013764038681983948, 0.9465199708938599, 1.3805580139160156, 0.07440000027418137, -1.1320500373840332, -1.1029880046844482]
[-0.008116532117128372, -0.022799311205744743, 0.3454422652721405, 1.4584118127822876, 0.047849882394075394, 0.8984462022781372] [0.1611119657754898, -0.06446996331214905, 0.001492038369178772, 0.9495880007743835, 1.3820921182632446, 0.07400000095367432, -1.1136420965194702, -1.0830459594726562]
[-0.003737908788025379, -0.027467945590615273, 0.3460055887699127, 1.4409149885177612, 0.04901571571826935, 0.8771273493766785] [0.17184996604919434, -0.09514996409416199, -0.010779961943626404, 0.9802680015563965, 1.3820921182632446, 0.07440000027418137, -1.0952340364456177, -1.0692399740219116]
[-0.0015689893625676632, -0.030484525486826897, 0.3470468819141388, 1.42208993434906, 0.047328777611255646, 0.8784977793693542] [0.17645196616649628, -0.12582996487617493, -0.021517962217330933, 1.0048120021820068, 1.3851600885391235, 0.07440000027418137, -1.0829620361328125, -1.055433988571167]
[-0.002179207280278206, -0.03378898650407791, 0.3470984697341919, 1.4111390113830566, 0.05264142155647278, 0.8754013776779175] [0.18105396628379822, -0.15497596561908722, -0.0368579626083374, 1.035491943359375, 1.3912960290908813, 0.07440000027418137, -1.0706900358200073, -1.0431619882583618]
[-0.005120025482028723, -0.03652891516685486, 0.3472030460834503, 1.3983280658721924, 0.057930540293455124, 0.8765658140182495] [0.1871899664402008, -0.17645196616649628, -0.046061962842941284, 1.0569679737091064, 1.3928301334381104, 0.07440000027418137, -1.0568840503692627, -1.0278220176696777]
[-0.008882440626621246, -0.037635937333106995, 0.34721988439559937, 1.3979350328445435, 0.059581056237220764, 0.8870555758476257] [0.1963939666748047, -0.19485996663570404, -0.05373196303844452, 1.0891820192337036, 1.405102014541626, 0.07440000027418137, -1.0400100946426392, -1.0109479427337646]
[-0.012721565552055836, -0.03847651556134224, 0.3468474745750427, 1.404104471206665, 0.06316129863262177, 0.8960903882980347] [0.20559796690940857, -0.20713196694850922, -0.05679996311664581, 1.109123945236206, 1.4143060445785522, 0.07440000027418137, -1.0262041091918945, -0.9986760020256042]
[-0.01691877655684948, -0.03886032477021217, 0.34710803627967834, 1.4081683158874512, 0.06439729034900665, 0.9110977649688721] [0.2101999670267105, -0.2194039672613144, -0.06753796339035034, 1.1444059610366821, 1.425044059753418, 0.07440000027418137, -1.010864019393921, -0.9848699569702148]
[-0.021139509975910187, -0.038870006799697876, 0.3472477197647095, 1.4090783596038818, 0.0685710534453392, 0.9257401823997498] [0.21480196714401245, -0.22860796749591827, -0.07674196362495422, 1.1612800359725952, 1.4388500452041626, 0.07600000500679016, -0.9970580339431763, -0.9725979566574097]
[-0.025083135813474655, -0.039105840027332306, 0.3473902642726898, 1.4141173362731934, 0.07103191316127777, 0.9373294115066528] [0.21786996722221375, -0.2393459677696228, -0.0859459638595581, 1.182755947113037, 1.4526560306549072, 0.07600000500679016, -0.9878540635108948, -0.9633939862251282]
[-0.028132561594247818, -0.04027347266674042, 0.34755939245224, 1.413546085357666, 0.07575767487287521, 0.9409551620483398] [0.21786996722221375, -0.25315195322036743, -0.09975196421146393, 1.1965620517730713, 1.463394045829773, 0.07600000500679016, -0.9740480780601501, -0.951121985912323]
[-0.03279499337077141, -0.041961368173360825, 0.34726637601852417, 1.4138998985290527, 0.08598276227712631, 0.946621835231781] [0.21786996722221375, -0.2715599536895752, -0.1181599572300911, 1.2257080078125, 1.480268120765686, 0.07600000500679016, -0.9571740627288818, -0.9342479705810547]
[-0.036420535296201706, -0.04343753308057785, 0.347280889749527, 1.4146058559417725, 0.09210221469402313, 0.9510148763656616] [0.2194039672613144, -0.2884339690208435, -0.1350339651107788, 1.2502520084381104, 1.498676061630249, 0.07600000500679016, -0.9403000473976135, -0.9173740148544312]
[-0.04045971482992172, -0.044053561985492706, 0.34711548686027527, 1.4119220972061157, 0.09990210831165314, 0.9576866030693054] [0.2194039672613144, -0.29610395431518555, -0.14883996546268463, 1.2655919790267944, 1.5078800916671753, 0.07600000500679016, -0.9280280470848083, -0.905102014541626]
[-0.04356896132230759, -0.0444583036005497, 0.34671157598495483, 1.4127362966537476, 0.10728967934846878, 0.9647805094718933] [0.2194039672613144, -0.30223995447158813, -0.1611119657754898, 1.2778639793395996, 1.52168607711792, 0.07600000500679016, -0.9172900915145874, -0.8928300142288208]
[-0.04618293046951294, -0.04476258158683777, 0.3468121886253357, 1.4120467901229858, 0.1107611283659935, 0.9655457139015198] [0.2194039672613144, -0.30377396941185, -0.17184996604919434, 1.284000039100647, 1.5324240922927856, 0.07600000500679016, -0.903484046459198, -0.8820919990539551]
[-0.04898206517100334, -0.044335611164569855, 0.3466843366622925, 1.4093890190124512, 0.11552067846059799, 0.9723696708679199] [0.2194039672613144, -0.30223995447158813, -0.18105396628379822, 1.2901359796524048, 1.5431621074676514, 0.07600000500679016, -0.8942800760269165, -0.8728879690170288]
[-0.05065055936574936, -0.044162943959236145, 0.34688833355903625, 1.4102146625518799, 0.11642631888389587, 0.975692868232727] [0.2194039672613144, -0.30223995447158813, -0.18565596640110016, 1.2962720394134521, 1.5492980480194092, 0.07600000500679016, -0.8896780610084534, -0.8682860136032104]
[-0.05291977897286415, -0.0437043160200119, 0.3472652733325958, 1.4128644466400146, 0.11620619148015976, 0.9836825728416443] [0.2194039672613144, -0.30223995447158813, -0.1871899664402008, 1.3100780248641968, 1.5585020780563354, 0.07600000500679016, -0.8866100311279297, -0.8667519688606262]
[-0.05563843250274658, -0.04271211102604866, 0.3475725054740906, 1.4222337007522583, 0.11661986261606216, 1.0030927658081055] [0.2194039672613144, -0.30223995447158813, -0.1871899664402008, 1.3238840103149414, 1.5661721229553223, 0.07600000500679016, -0.8866100311279297, -0.8667519688606262]
[-0.05622394382953644, -0.04252532869577408, 0.34773749113082886, 1.421900749206543, 0.11593837291002274, 1.0044032335281372] [0.2194039672613144, -0.30377396941185, -0.1871899664402008, 1.3238840103149414, 1.5661721229553223, 0.07600000500679016, -0.8881440758705139, -0.8682860136032104]
[-0.0561683252453804, -0.04271857067942619, 0.3477850556373596, 1.4217859506607056, 0.11574055999517441, 1.002873182296753] [0.2194039672613144, -0.30377396941185, -0.1871899664402008, 1.319282054901123, 1.5661721229553223, 0.07600000500679016, -0.8896780610084534, -0.8682860136032104]
[-0.05531191825866699, -0.04326537251472473, 0.34780141711235046, 1.4221051931381226, 0.11521033197641373, 0.995357096195221] [0.2194039672613144, -0.3053079843521118, -0.1871899664402008, 1.3131459951400757, 1.5661721229553223, 0.07600000500679016, -0.8973480463027954, -0.8759559988975525]
[-0.06380157917737961, -0.04282698407769203, 0.3474501073360443, 1.428869366645813, 0.1225423663854599, 0.9868669509887695] [0.2194039672613144, -0.3053079843521118, -0.18258796632289886, 1.2932039499282837, 1.5646381378173828, 0.07600000500679016, -0.91115403175354, -0.8912959694862366]
[-0.06502678245306015, -0.043359316885471344, 0.34734147787094116, 1.4335652589797974, 0.12621527910232544, 0.9704586863517761] [0.21786996722221375, -0.3053079843521118, -0.18105396628379822, 1.2901359796524048, 1.5646381378173828, 0.07600000500679016, -0.9249600768089294, -0.905102014541626]
[-0.0641365721821785, -0.04325798153877258, 0.3472588062286377, 1.4400122165679932, 0.128072589635849, 0.9656949043273926] [0.21173396706581116, -0.30684196949005127, -0.17798596620559692, 1.2855340242385864, 1.5615700483322144, 0.07600000500679016, -0.9418340921401978, -0.9219759702682495]
[-0.06210044026374817, -0.043333373963832855, 0.3472152650356293, 1.4433985948562622, 0.1301140934228897, 0.9619700908660889] [0.20713196694850922, -0.30684196949005127, -0.17491796612739563, 1.2747960090637207, 1.5615700483322144, 0.07600000500679016, -0.9571740627288818, -0.9373160004615784]
[-0.05804680660367012, -0.04411247745156288, 0.3464464247226715, 1.4549124240875244, 0.13399119675159454, 0.9516922831535339] [0.20099596679210663, -0.3083759546279907, -0.17184996604919434, 1.2686599493026733, 1.5615700483322144, 0.07600000500679016, -0.9740480780601501, -0.9541900157928467]
[-0.05466199666261673, -0.04464030638337135, 0.34622418880462646, 1.4622706174850464, 0.1358938366174698, 0.9435688257217407] [0.1933259665966034, -0.3114439845085144, -0.1703159660100937, 1.2563879489898682, 1.5615700483322144, 0.07600000500679016, -0.9909220933914185, -0.9695299863815308]
[-0.050833746790885925, -0.04630472883582115, 0.3461502492427826, 1.463241457939148, 0.13796541094779968, 0.9255804419517517] [0.1841219663619995, -0.3237159848213196, -0.1703159660100937, 1.2471840381622314, 1.5585020780563354, 0.07600000500679016, -1.0093300342559814, -0.9864040017127991]
[-0.046184416860342026, -0.04951632767915726, 0.3463515639305115, 1.4635534286499023, 0.1384509801864624, 0.8983745574951172] [0.17184996604919434, -0.3436579704284668, -0.1703159660100937, 1.2318439483642578, 1.556968092918396, 0.07600000500679016, -1.0262041091918945, -1.0048120021820068]
[-0.04052917659282684, -0.05341186374425888, 0.34585079550743103, 1.466855525970459, 0.14114409685134888, 0.8640129566192627] [0.16264596581459045, -0.3528619706630707, -0.1703159660100937, 1.2119020223617554, 1.5554341077804565, 0.07600000500679016, -1.0415440797805786, -1.020151972770691]
[-0.036080311983823776, -0.054635029286146164, 0.34591659903526306, 1.4688000679016113, 0.14164002239704132, 0.8462530970573425] [0.15037396550178528, -0.3528619706630707, -0.16878196597099304, 1.1996300220489502, 1.5554341077804565, 0.07600000500679016, -1.0706900358200073, -1.0492980480194092]
[-0.02957170642912388, -0.055934686213731766, 0.34618180990219116, 1.4696608781814575, 0.14199478924274445, 0.8289780616760254] [0.12736396491527557, -0.3528619706630707, -0.1672479659318924, 1.1781539916992188, 1.5554341077804565, 0.07600000500679016, -1.0921660661697388, -1.070773959159851]
[-0.02112167701125145, -0.057799000293016434, 0.34657031297683716, 1.4692811965942383, 0.14056694507598877, 0.7991741299629211] [0.10435395687818527, -0.3543959856033325, -0.16264596581459045, 1.152076005935669, 1.553900122642517, 0.07600000500679016, -1.1228461265563965, -1.1060559749603271]
[-0.01585506647825241, -0.058984145522117615, 0.34670478105545044, 1.471274971961975, 0.14061003923416138, 0.7857940196990967] [0.0859459638595581, -0.3543959856033325, -0.16264596581459045, 1.1367360353469849, 1.553900122642517, 0.07600000500679016, -1.1443220376968384, -1.1259980201721191]
[-0.010382860898971558, -0.06018580496311188, 0.3464692533016205, 1.4714893102645874, 0.14164341986179352, 0.7678545713424683] [0.06907196342945099, -0.3543959856033325, -0.16264596581459045, 1.1167939901351929, 1.553900122642517, 0.07600000500679016, -1.1657980680465698, -1.1459399461746216]
[-0.004889927804470062, -0.0617968924343586, 0.34659358859062195, 1.4706485271453857, 0.14085257053375244, 0.7494966983795166] [0.050663962960243225, -0.3543959856033325, -0.16264596581459045, 1.1029880046844482, 1.553900122642517, 0.07600000500679016, -1.1842060089111328, -1.1643480062484741]
[-2.4566807041992433e-05, -0.06314235180616379, 0.34610122442245483, 1.4721792936325073, 0.1428103744983673, 0.7343877553939819] [0.03225596249103546, -0.35899797081947327, -0.16264596581459045, 1.0876480340957642, 1.552366018295288, 0.07600000500679016, -1.2041480541229248, -1.1858240365982056]
[0.00522039458155632, -0.06541141867637634, 0.34641408920288086, 1.4678514003753662, 0.1409716010093689, 0.7113766074180603] [0.01231396198272705, -0.36513397097587585, -0.16264596581459045, 1.0692399740219116, 1.552366018295288, 0.07600000500679016, -1.2256240844726562, -1.2042319774627686]
[0.011164351366460323, -0.06812357902526855, 0.34626105427742004, 1.465592622756958, 0.14100125432014465, 0.6881190538406372] [-0.00762803852558136, -0.3728039860725403, -0.16264596581459045, 1.0631040334701538, 1.5508320331573486, 0.07600000500679016, -1.2440320253372192, -1.2257080078125]
[0.015065544284880161, -0.07014764845371246, 0.3456864356994629, 1.467850685119629, 0.14311622083187103, 0.6764543056488037] [-0.02757003903388977, -0.3927459716796875, -0.16264596581459045, 1.0631040334701538, 1.5508320331573486, 0.07600000500679016, -1.2655080556869507, -1.2471840381622314]
[0.019400764256715775, -0.07382619380950928, 0.34648388624191284, 1.464920997619629, 0.13839928805828094, 0.6546087265014648] [-0.045978039503097534, -0.4050179719924927, -0.16264596581459045, 1.0615699291229248, 1.5477640628814697, 0.07600000500679016, -1.2823820114135742, -1.2655919790267944]
[0.023104503750801086, -0.07539796084165573, 0.34618017077445984, 1.4607704877853394, 0.13849572837352753, 0.6456334590911865] [-0.06745404005050659, -0.4126879572868347, -0.16264596581459045, 1.0615699291229248, 1.5446960926055908, 0.07600000500679016, -1.3007900714874268, -1.282465934753418]
[0.02632223628461361, -0.07630672305822372, 0.3457590341567993, 1.4600389003753662, 0.13784541189670563, 0.6415119767189026] [-0.08279404044151306, -0.4157559871673584, -0.1611119657754898, 1.0615699291229248, 1.541628122329712, 0.07600000500679016, -1.3161300420761108, -1.299340009689331]
[0.029487598687410355, -0.07664160430431366, 0.3454451560974121, 1.4588478803634644, 0.13689717650413513, 0.6399595737457275] [-0.09966804087162018, -0.4157559871673584, -0.15957796573638916, 1.0539000034332275, 1.5400941371917725, 0.07600000500679016, -1.333004117012024, -1.317747950553894]
[0.03494106978178024, -0.07853293418884277, 0.3448757529258728, 1.459553599357605, 0.13466507196426392, 0.6176954507827759] [-0.11194004118442535, -0.4157559871673584, -0.15344196557998657, 1.0278220176696777, 1.5400941371917725, 0.07600000500679016, -1.345276117324829, -1.3300199508666992]
[0.03830692917108536, -0.08006051182746887, 0.34484466910362244, 1.46223783493042, 0.1305588185787201, 0.5997048020362854] [-0.11961004137992859, -0.4157559871673584, -0.14730596542358398, 1.0032780170440674, 1.5400941371917725, 0.07600000500679016, -1.3529460430145264, -1.337689995765686]
[0.04263489320874214, -0.08245319873094559, 0.3435201942920685, 1.4678640365600586, 0.1316070407629013, 0.5730135440826416] [-0.12114404141902924, -0.4157559871673584, -0.13963596522808075, 0.9695299863815308, 1.5400941371917725, 0.07600000500679016, -1.3560140132904053, -1.340757966041565]
[0.046000320464372635, -0.08538761734962463, 0.3433248698711395, 1.4708303213119507, 0.127654567360878, 0.5398350358009338] [-0.12114404141902924, -0.4157559871673584, -0.1350339651107788, 0.9388499855995178, 1.5400941371917725, 0.07600000500679016, -1.3560140132904053, -1.340757966041565]
[0.04848584532737732, -0.08825325965881348, 0.34333911538124084, 1.4728237390518188, 0.12418357282876968, 0.5097600817680359] [-0.11807604134082794, -0.4157559871673584, -0.12429595738649368, 0.9173740148544312, 1.5400941371917725, 0.07600000500679016, -1.3575481176376343, -1.3422919511795044]
[0.050242144614458084, -0.08996865153312683, 0.34354355931282043, 1.4839187860488892, 0.11708754301071167, 0.49219846725463867] [-0.11500804126262665, -0.41728997230529785, -0.11048995703458786, 0.9097039699554443, 1.5400941371917725, 0.07600000500679016, -1.3575481176376343, -1.3422919511795044]
[0.05056317523121834, -0.08998436480760574, 0.34503448009490967, 1.4946650266647339, 0.10397552698850632, 0.49149566888809204] [-0.11500804126262665, -0.41728997230529785, -0.0890139639377594, 0.9081699848175049, 1.5400941371917725, 0.07600000500679016, -1.3575481176376343, -1.3422919511795044]
[0.05092323198914528, -0.08978995680809021, 0.3484479486942291, 1.515214443206787, 0.07661591470241547, 0.49223554134368896] [-0.11807604134082794, -0.4188239574432373, -0.04299396276473999, 0.9081699848175049, 1.5400941371917725, 0.07600000500679016, -1.3575481176376343, -1.3422919511795044]
[0.05318586155772209, -0.09321358799934387, 0.3629690706729889, 1.6099201440811157, -0.04103944078087807, 0.4576900899410248] [-0.1165420413017273, -0.4188239574432373, 0.19631004333496094, 0.7900519967079163, 1.5400941371917725, 0.07600000500679016, -1.3575481176376343, -1.3422919511795044]
[0.06173543259501457, -0.11984743177890778, 0.3881278336048126, 1.8805001974105835, -0.23195160925388336, 0.2110358625650406] [-0.11961004137992859, -0.421891987323761, 0.5614020824432373, 0.5676219463348389, 1.5400941371917725, 0.07600000500679016, -1.3575481176376343, -1.3422919511795044]
[0.0626794770359993, -0.15636046230793, 0.3980759084224701, 2.2730889320373535, -0.293884813785553, -0.0929342731833458] [-0.10887204110622406, -0.44950395822525024, 1.0798940658569336, 0.3053079843521118, 1.5400941371917725, 0.07600000500679016, -1.3575481176376343, -1.3422919511795044]
[0.055747829377651215, -0.20102638006210327, 0.38575994968414307, 2.7740416526794434, -0.1523556262254715, -0.418323814868927] [-0.10580404102802277, -0.49859195947647095, 1.3422080278396606, 0.13656796514987946, 1.5400941371917725, 0.07600000500679016, -1.3575481176376343, -1.3422919511795044]
[0.051159512251615524, -0.2163977175951004, 0.3687099814414978, 2.978445529937744, -0.0018612851854413748, -0.5082657933235168] [-0.09506604075431824, -0.5216019749641418, 1.501744031906128, 0.035323962569236755, 1.541628122329712, 0.07600000500679016, -1.3560140132904053, -1.3422919511795044]
[0.047836583107709885, -0.22180870175361633, 0.3607633411884308, 3.0126209259033203, 0.04041241109371185, -0.5363190174102783] [-0.05364803969860077, -0.5430779457092285, 1.5170841217041016, 0.03378996253013611, 1.541628122329712, 0.07600000500679016, -1.3560140132904053, -1.3422919511795044]
[0.04693702235817909, -0.22285042703151703, 0.3530496656894684, 2.998260736465454, 0.07710514962673187, -0.5425350666046143] [-0.010696038603782654, -0.5446119904518127, 1.5262880325317383, 0.03378996253013611, 1.5431621074676514, 0.07600000500679016, -1.3560140132904053, -1.3422919511795044]
[0.046264879405498505, -0.2229631245136261, 0.3437032103538513, 2.982100009918213, 0.12150554358959198, -0.5451244711875916] [0.046061962842941284, -0.5446119904518127, 1.5324240922927856, 0.03378996253013611, 1.5431621074676514, 0.07600000500679016, -1.3560140132904053, -1.3422919511795044]
[0.045506689697504044, -0.22313058376312256, 0.3379591107368469, 2.9743547439575195, 0.14893651008605957, -0.5478574633598328] [0.07827596366405487, -0.5430779457092285, 1.5431621074676514, 0.03378996253013611, 1.5431621074676514, 0.07600000500679016, -1.3560140132904053, -1.3438260555267334]
[0.0445091687142849, -0.22302594780921936, 0.33017563819885254, 2.9607253074645996, 0.18613392114639282, -0.5506662130355835] [0.12276195734739304, -0.5430779457092285, 1.553900122642517, 0.03225596249103546, 1.5431621074676514, 0.07600000500679016, -1.3575481176376343, -1.3438260555267334]
[0.041839443147182465, -0.2231462299823761, 0.3175145089626312, 2.9355690479278564, 0.24718768894672394, -0.5590661764144897] [0.18872396647930145, -0.5430779457092285, 1.5646381378173828, 0.03225596249103546, 1.5431621074676514, 0.07600000500679016, -1.3560140132904053, -1.3438260555267334]
[0.040605198591947556, -0.22295939922332764, 0.3121001422405243, 2.9266436100006104, 0.27346089482307434, -0.5620425343513489] [0.21786996722221375, -0.5415439605712891, 1.5738420486450195, 0.03378996253013611, 1.5431621074676514, 0.07600000500679016, -1.3560140132904053, -1.3422919511795044]
[0.04023464396595955, -0.22297810018062592, 0.31077733635902405, 2.9254584312438965, 0.27992451190948486, -0.5631417036056519] [0.22400596737861633, -0.5400099754333496, 1.5738420486450195, 0.03378996253013611, 1.5431621074676514, 0.07600000500679016, -1.3560140132904053, -1.3422919511795044]
[0.04017488658428192, -0.22266578674316406, 0.30961382389068604, 2.9220714569091797, 0.2856764793395996, -0.5626194477081299] [0.22860796749591827, -0.5354079604148865, 1.5738420486450195, 0.03378996253013611, 1.541628122329712, 0.07600000500679016, -1.3575481176376343, -1.3422919511795044]
[0.041392434388399124, -0.22077159583568573, 0.3090657889842987, 2.925142288208008, 0.28810596466064453, -0.552070140838623] [0.22860796749591827, -0.5277379751205444, 1.5738420486450195, 0.03378996253013611, 1.5431621074676514, 0.07600000500679016, -1.3575481176376343, -1.3422919511795044]
[0.04154324159026146, -0.22049549221992493, 0.3089887499809265, 2.9252374172210693, 0.2885805368423462, -0.5508812665939331] [0.22860796749591827, -0.5292719602584839, 1.57230806350708, 0.03378996253013611, 1.5431621074676514, 0.07600000500679016, -1.3575481176376343, -1.3422919511795044]
[0.04136847332119942, -0.22081515192985535, 0.3089091181755066, 2.923415422439575, 0.28861168026924133, -0.5523858666419983] [0.22860796749591827, -0.5277379751205444, 1.5738420486450195, 0.03378996253013611, 1.5431621074676514, 0.07600000500679016, -1.3575481176376343, -1.3422919511795044]
[0.04136160388588905, -0.2208319902420044, 0.3089649975299835, 2.924866199493408, 0.28851044178009033, -0.5524718761444092] [0.22860796749591827, -0.5292719602584839, 1.5738420486450195, 0.03378996253013611, 1.5431621074676514, 0.07600000500679016, -1.3575481176376343, -1.3422919511795044]
[0.041340235620737076, -0.22088061273097992, 0.3089114725589752, 2.9249866008758545, 0.2886483371257782, -0.5525585412979126] [0.22860796749591827, -0.5292719602584839, 1.5738420486450195, 0.03378996253013611, 1.5431621074676514, 0.07600000500679016, -1.3575481176376343, -1.3422919511795044]
[0.04138435050845146, -0.22085388004779816, 0.30888035893440247, 2.923539638519287, 0.2887071669101715, -0.5524119734764099] [0.22860796749591827, -0.5292719602584839, 1.5738420486450195, 0.03378996253013611, 1.5431621074676514, 0.07600000500679016, -1.3575481176376343, -1.3422919511795044]
