[0.03434794023633003, -0.22805769741535187, 0.28319016098976135, -3.1331369876861572, 0.3588237166404724, -0.6054474711418152]
[0.034429870545864105, -0.22837087512016296, 0.28333741426467896, -3.131451368331909, 0.3565729558467865, -0.6065828204154968]
[0.03274667263031006, -0.22821106016635895, 0.2812656760215759, 3.1403775215148926, 0.3554776906967163, -0.6067058444023132]
[0.03337789326906204, -0.2275972217321396, 0.2823403477668762, 3.1242380142211914, 0.3451155722141266, -0.5998557209968567]
[0.03300097584724426, -0.22669717669487, 0.28173828125, 3.097115993499756, 0.3386484682559967, -0.5927112102508545]
[0.03367161005735397, -0.22583894431591034, 0.2823379933834076, 3.0784943103790283, 0.3325214087963104, -0.5844705700874329]
[0.03442661836743355, -0.22456569969654083, 0.2835507094860077, 3.054471254348755, 0.3197849988937378, -0.5715789198875427]
[0.03513994440436363, -0.22311173379421234, 0.2839541435241699, 3.0328290462493896, 0.31435415148735046, -0.5593091249465942]
[0.03589184209704399, -0.22186225652694702, 0.28521737456321716, 3.013885974884033, 0.30226072669029236, -0.5467155575752258]
[0.036015674471855164, -0.22061267495155334, 0.28603270649909973, 2.9966650009155273, 0.2913503348827362, -0.534687340259552]
[0.036318544298410416, -0.21924138069152832, 0.28670167922973633, 2.976327896118164, 0.2844187021255493, -0.5221352577209473]
[0.03721262887120247, -0.21754090487957, 0.28831425309181213, 2.958050489425659, 0.26943859457969666, -0.5060616731643677]
[0.03762071952223778, -0.21609610319137573, 0.2892329692840576, 2.939882755279541, 0.26051631569862366, -0.49281683564186096]
[0.03887173533439636, -0.21269021928310394, 0.2913615107536316, 2.9092254638671875, 0.2394411861896515, -0.4617159366607666]
[0.03894907236099243, -0.21239353716373444, 0.2913113534450531, 2.904451847076416, 0.24012967944145203, -0.4593205153942108]
[0.03944934904575348, -0.21068844199180603, 0.292598158121109, 2.8889589309692383, 0.22936584055423737, -0.4439358711242676]
[0.04103371500968933, -0.20694182813167572, 0.29508543014526367, 2.8588383197784424, 0.20740479230880737, -0.4111602306365967]
[0.04170883074402809, -0.2047470211982727, 0.2964332103729248, 2.832585334777832, 0.19593483209609985, -0.3925054967403412]
[0.04195120185613632, -0.20393890142440796, 0.2963726818561554, 2.8246068954467773, 0.19623485207557678, -0.3871886134147644]
[0.04353344440460205, -0.1992093026638031, 0.2980198860168457, 2.7844791412353516, 0.18033407628536224, -0.3497765362262726]
[0.04413618519902229, -0.19753797352313995, 0.29840099811553955, 2.783334732055664, 0.17654693126678467, -0.33924707770347595]
[0.044935233891010284, -0.19445832073688507, 0.2994774580001831, 2.7560887336730957, 0.16612860560417175, -0.3159642815589905]
[0.04716828092932701, -0.18719476461410522, 0.3003273606300354, 2.712614059448242, 0.15453331172466278, -0.2661781311035156]
[0.046962033957242966, -0.18709790706634521, 0.30072489380836487, 2.711860179901123, 0.15158884227275848, -0.2652536928653717]
[0.04812227934598923, -0.18239431083202362, 0.3016665577888489, 2.6845145225524902, 0.14196144044399261, -0.23277215659618378]
[0.049117572605609894, -0.1772860586643219, 0.3019522428512573, 2.6521217823028564, 0.13608402013778687, -0.19884203374385834]
[0.05058133229613304, -0.16920684278011322, 0.30406615138053894, 2.594367504119873, 0.11757553368806839, -0.1427401453256607]
[0.052376385778188705, -0.15901786088943481, 0.3034059703350067, 2.586108684539795, 0.11410964280366898, -0.08260585367679596]
[0.05249408259987831, -0.1580285280942917, 0.30368226766586304, 2.57096004486084, 0.114064522087574, -0.07503186166286469]
[0.05336601659655571, -0.15164557099342346, 0.306237131357193, 2.5542891025543213, 0.09419119358062744, -0.03270306810736656]
[0.05405639484524727, -0.14130795001983643, 0.3058757781982422, 2.5267271995544434, 0.09046333283185959, 0.029954349622130394]
[0.053475163877010345, -0.1355360746383667, 0.30522629618644714, 2.495638847351074, 0.09350121766328812, 0.06943950802087784]
[0.053469132632017136, -0.12255101650953293, 0.3072504699230194, 2.470839500427246, 0.07494266331195831, 0.15211932361125946]
[0.05277383327484131, -0.11912304162979126, 0.30683228373527527, 2.4567410945892334, 0.07738012075424194, 0.17676524817943573]
[0.05105205997824669, -0.10391300916671753, 0.3090516924858093, 2.431379556655884, 0.05782327055931091, 0.27498748898506165]
[0.050507280975580215, -0.10249046236276627, 0.30882027745246887, 2.4220597743988037, 0.06121731549501419, 0.28390347957611084]
[0.04815278947353363, -0.09007237106561661, 0.30899208784103394, 2.4161376953125, 0.053584806621074677, 0.35894671082496643]
[0.04636760428547859, -0.08512602746486664, 0.31268009543418884, 2.3788437843322754, 0.035472601652145386, 0.40170878171920776]
[0.0432182140648365, -0.07346312701702118, 0.3125673532485962, 2.371220350265503, 0.033324819058179855, 0.47184479236602783]
[0.04015621915459633, -0.06880685687065125, 0.31443530321121216, 2.3387701511383057, 0.02454644814133644, 0.5165780782699585]
[0.03571381792426109, -0.056887008249759674, 0.3148810565471649, 2.3297677040100098, 0.01849699765443802, 0.5935719013214111]
[0.031068725511431694, -0.05258072540163994, 0.3157142996788025, 2.293945550918579, 0.015022008679807186, 0.6384975910186768]
[0.025744643062353134, -0.04227064177393913, 0.3163909912109375, 2.280869722366333, 0.008801979944109917, 0.7105517983436584]
[0.022171106189489365, -0.038164567202329636, 0.3172627389431, 2.2482876777648926, 0.010463305748999119, 0.7540296316146851]
[0.01570824347436428, -0.028476737439632416, 0.31766802072525024, 2.234264612197876, 0.006665807217359543, 0.8295937180519104]
[0.011587023735046387, -0.025045927613973618, 0.3173788785934448, 2.2048397064208984, 0.01562785916030407, 0.8717524409294128]
[0.004538102075457573, -0.016457701101899147, 0.3190836012363434, 2.1923201084136963, 0.004019678104668856, 0.9412850141525269]
[-0.0005153632373549044, -0.013600816950201988, 0.31783026456832886, 2.1672616004943848, 0.018807534128427505, 0.9807563424110413]
[-0.00892875250428915, -0.0057662660256028175, 0.3198315501213074, 2.1423068046569824, 0.01176249235868454, 1.0597448348999023]
[-0.014002249576151371, -0.003137635998427868, 0.31929829716682434, 2.117816686630249, 0.023228179663419724, 1.1005266904830933]
[-0.021405547857284546, 0.0027543276082724333, 0.3207091987133026, 2.109443426132202, 0.018342062830924988, 1.1641206741333008]
[-0.02663251757621765, 0.00508663197979331, 0.3194948434829712, 2.095259189605713, 0.035374872386455536, 1.2050784826278687]
[-0.033570192754268646, 0.009333422407507896, 0.319857120513916, 2.080599546432495, 0.04086656495928764, 1.2604659795761108]
[-0.0390004888176918, 0.011934375390410423, 0.31978142261505127, 2.0682742595672607, 0.047916479408741, 1.3015403747558594]
[-0.04304298758506775, 0.013479807414114475, 0.319678395986557, 2.058842182159424, 0.060055579990148544, 1.3327347040176392]
[-0.04953312873840332, 0.01687972992658615, 0.3201603591442108, 2.0449047088623047, 0.06461787968873978, 1.3830722570419312]
[-0.05301390588283539, 0.0176378283649683, 0.3196229040622711, 2.039311647415161, 0.07329235225915909, 1.4062052965164185]
[-0.0572282113134861, 0.019422020763158798, 0.3187887668609619, 2.0382871627807617, 0.08414570242166519, 1.4365438222885132]
[-0.05852527543902397, 0.019352329894900322, 0.31887146830558777, 2.0324902534484863, 0.08693970739841461, 1.4423891305923462]
[-0.058813970535993576, 0.01939772628247738, 0.319002240896225, 2.0204384326934814, 0.09274978935718536, 1.443984866142273]
[-0.059347003698349, 0.019521577283740044, 0.3188667595386505, 2.0180418491363525, 0.09456131607294083, 1.446263074874878]
[-0.05954458937048912, 0.019495483487844467, 0.3187362551689148, 2.0168259143829346, 0.09572235494852066, 1.4466779232025146]
[-0.059515081346035004, 0.019483141601085663, 0.3187308609485626, 2.017186164855957, 0.09557551890611649, 1.4467424154281616]
[-0.05952015146613121, 0.0196834784001112, 0.31871193647384644, 2.0182278156280518, 0.09527722001075745, 1.4482835531234741]
[-0.05905262753367424, 0.019743507727980614, 0.3182331621646881, 2.022892475128174, 0.09630797803401947, 1.450697660446167]
[-0.0582292415201664, 0.01988481916487217, 0.3184545040130615, 2.0303127765655518, 0.09073732048273087, 1.450695276260376]
[-0.0564243383705616, 0.020137853920459747, 0.31825074553489685, 2.046693801879883, 0.08990240097045898, 1.4439765214920044]
[-0.05338351055979729, 0.020263902842998505, 0.31800729036331177, 2.056492328643799, 0.08781272917985916, 1.4286482334136963]
[-0.04933277517557144, 0.020271243527531624, 0.3174521028995514, 2.0661706924438477, 0.08817984163761139, 1.4041587114334106]
[-0.046124476939439774, 0.020019633695483208, 0.3171301782131195, 2.073927879333496, 0.08673562109470367, 1.3853261470794678]
[-0.04296565800905228, 0.01992940530180931, 0.3165820837020874, 2.083317518234253, 0.08637212961912155, 1.3670850992202759]
[-0.03929693251848221, 0.01966094598174095, 0.3158893585205078, 2.092027187347412, 0.08865390717983246, 1.3479562997817993]
[-0.0361478365957737, 0.01939522847533226, 0.31710612773895264, 2.0786876678466797, 0.08768776059150696, 1.3310537338256836]
[-0.03349157050251961, 0.01906946673989296, 0.31640851497650146, 2.080484628677368, 0.09206294268369675, 1.3145049810409546]
[-0.030620155856013298, 0.01851041428744793, 0.3156222701072693, 2.0858349800109863, 0.09477637708187103, 1.297278642654419]
[-0.028003914281725883, 0.01801636815071106, 0.31561002135276794, 2.0845444202423096, 0.0964307188987732, 1.2847049236297607]
[-0.024598650634288788, 0.017532143741846085, 0.31429120898246765, 2.090571641921997, 0.10248889774084091, 1.2667971849441528]
[-0.02027515508234501, 0.016829920932650566, 0.31489723920822144, 2.0811870098114014, 0.10474660247564316, 1.2463607788085938]
[-0.01783924177289009, 0.01664736494421959, 0.3131940960884094, 2.0895190238952637, 0.11262506991624832, 1.2374228239059448]
[-0.015670588240027428, 0.016345767304301262, 0.3121069371700287, 2.0938024520874023, 0.1173049733042717, 1.2256770133972168]
[-0.01097871083766222, 0.015629248693585396, 0.3128579258918762, 2.076694965362549, 0.12372291833162308, 1.1997822523117065]
[-0.009297427721321583, 0.015248040668666363, 0.3119833469390869, 2.0773541927337646, 0.1266237199306488, 1.1941920518875122]
[-0.006210616789758205, 0.014731506817042828, 0.3126496374607086, 2.0429651737213135, 0.1269441843032837, 1.1781119108200073]
[-0.0044815740548074245, 0.014397810213267803, 0.31146082282066345, 2.050464630126953, 0.13070149719715118, 1.1728415489196777]
[-0.000457945978268981, 0.0134231336414814, 0.3112388253211975, 2.0432329177856445, 0.13627855479717255, 1.1487857103347778]
[0.0006049579824320972, 0.013291529379785061, 0.31042584776878357, 2.046278715133667, 0.1385086625814438, 1.147979974746704]
[0.004492597188800573, 0.012252976186573505, 0.31037625670433044, 2.038515329360962, 0.14359533786773682, 1.125561237335205]
[0.006711027584969997, 0.01095651090145111, 0.3093257248401642, 2.039008378982544, 0.14660942554473877, 1.11443030834198]
[0.009795261546969414, 0.010238480754196644, 0.3088855743408203, 2.028550148010254, 0.15090779960155487, 1.0996984243392944]
[0.011325706727802753, 0.009974559769034386, 0.30794039368629456, 2.029876232147217, 0.154355987906456, 1.0941683053970337]
[0.015523849986493587, 0.008909717202186584, 0.30772432684898376, 2.018474817276001, 0.16155079007148743, 1.0670489072799683]
[0.01750842109322548, 0.00862415786832571, 0.3067745566368103, 2.011281728744507, 0.16533516347408295, 1.0580689907073975]
[0.019655222073197365, 0.008182703517377377, 0.3050985038280487, 2.0146729946136475, 0.1725732535123825, 1.0487357378005981]
[0.023743469268083572, 0.007286288775503635, 0.3062093257904053, 1.9771227836608887, 0.1732100546360016, 1.0243794918060303]
[0.02617986686527729, 0.00678067933768034, 0.3046374022960663, 1.9801640510559082, 0.1812664121389389, 1.0135269165039062]
[0.029384471476078033, 0.005824775900691748, 0.3042275011539459, 1.9771569967269897, 0.18497928977012634, 0.9949678182601929]
[0.03225863724946976, 0.004753530956804752, 0.3024662733078003, 1.9778610467910767, 0.19443576037883759, 0.9765394926071167]
[0.03556300327181816, 0.003695048624649644, 0.30300647020339966, 1.954246997833252, 0.1950131058692932, 0.9555224180221558]
[0.03946428745985031, 0.0024504356551915407, 0.3013863265514374, 1.9578745365142822, 0.20218439400196075, 0.9343335032463074]
[0.04315724968910217, 0.0008647096110507846, 0.3011063039302826, 1.946161150932312, 0.20637188851833344, 0.9078309535980225]
[0.04595325514674187, -0.0008064216235652566, 0.29929590225219727, 1.931336522102356, 0.21624241769313812, 0.8828153014183044]
[0.048845697194337845, -0.002202275674790144, 0.2985031306743622, 1.9241169691085815, 0.2228403240442276, 0.8568982481956482]
[0.05173013359308243, -0.0037535037845373154, 0.2989618480205536, 1.9123213291168213, 0.2243630290031433, 0.83298259973526]
[0.053616542369127274, -0.004523028619587421, 0.2974129915237427, 1.9067970514297485, 0.23284471035003662, 0.8171767592430115]
[0.05464200675487518, -0.004754399415105581, 0.2968090772628784, 1.9066224098205566, 0.23711331188678741, 0.8067904710769653]
[0.055588144809007645, -0.00556182349100709, 0.2962632477283478, 1.9040876626968384, 0.24113497138023376, 0.7949953079223633]
[0.055979594588279724, -0.006096936762332916, 0.2960464358329773, 1.9031916856765747, 0.24263131618499756, 0.7905624508857727]
[0.055581845343112946, -0.0058079673908650875, 0.29670238494873047, 1.9015154838562012, 0.2403046190738678, 0.7915810942649841]
[0.05451769381761551, -0.0058909147046506405, 0.2984456717967987, 1.8914636373519897, 0.23541958630084991, 0.7889258861541748]
[0.05278799310326576, -0.00598433893173933, 0.30013468861579895, 1.8759803771972656, 0.23127783834934235, 0.7885873317718506]
[0.050685860216617584, -0.00683241430670023, 0.30203163623809814, 1.8517616987228394, 0.2281668484210968, 0.7868070006370544]
[0.04798965901136398, -0.00841845478862524, 0.303832083940506, 1.8336701393127441, 0.22342205047607422, 0.7961096167564392]
[0.04502123221755028, -0.010693982243537903, 0.30533891916275024, 1.8171894550323486, 0.2202150672674179, 0.8023056983947754]
[0.04209550842642784, -0.011681060306727886, 0.3069394528865814, 1.805469036102295, 0.21558646857738495, 0.8095353841781616]
[0.03847509250044823, -0.01327579841017723, 0.3084219992160797, 1.7903856039047241, 0.2127174288034439, 0.8218676447868347]
[0.03507182002067566, -0.01457994244992733, 0.30930617451667786, 1.7770646810531616, 0.21263909339904785, 0.8329671025276184]
[0.0317557230591774, -0.015640370547771454, 0.31034359335899353, 1.7705442905426025, 0.21492454409599304, 0.8441793322563171]
[0.0288728978484869, -0.017821427434682846, 0.31143784523010254, 1.774643063545227, 0.21753324568271637, 0.8520908355712891]
[0.025417262688279152, -0.018722601234912872, 0.3119613826274872, 1.764335036277771, 0.22024989128112793, 0.8664830923080444]
[0.02053801156580448, -0.022955697029829025, 0.31134071946144104, 1.7953722476959229, 0.23292967677116394, 0.8652352690696716]
[0.015431822277605534, -0.023911163210868835, 0.31353098154067993, 1.7762961387634277, 0.22941260039806366, 0.8805445432662964]
[0.011240667663514614, -0.025664707645773888, 0.3161057233810425, 1.7572658061981201, 0.221621572971344, 0.8857215046882629]
[0.007618972100317478, -0.027574041858315468, 0.31733274459838867, 1.7448630332946777, 0.22054395079612732, 0.8922561407089233]
[0.0035985568538308144, -0.0298592671751976, 0.3183688819408417, 1.7350231409072876, 0.22252759337425232, 0.8987390398979187]
[-1.900055940495804e-05, -0.03190953657031059, 0.3186620771884918, 1.7249305248260498, 0.2262393683195114, 0.9027242660522461]
[-0.005693502724170685, -0.033016979694366455, 0.3164834678173065, 1.7412073612213135, 0.24616342782974243, 0.9232079982757568]
[-0.011833875440061092, -0.03393806144595146, 0.3150026500225067, 1.7553848028182983, 0.2636716365814209, 0.9490469694137573]
[-0.0171823650598526, -0.035262737423181534, 0.3136642873287201, 1.7655118703842163, 0.28028786182403564, 0.9666032195091248]
[-0.022931933403015137, -0.036318060010671616, 0.3113808035850525, 1.776344895362854, 0.30174094438552856, 0.9882991313934326]
[-0.027361245825886726, -0.03779394179582596, 0.31035348773002625, 1.8078147172927856, 0.3159618079662323, 0.9979826211929321]
[-0.03235228359699249, -0.03995290771126747, 0.30919116735458374, 1.8296579122543335, 0.3299647271633148, 1.0074872970581055]
[-0.037295181304216385, -0.04112523794174194, 0.30786266922950745, 1.843099594116211, 0.3434111773967743, 1.0204538106918335]
[-0.04318294674158096, -0.04227033257484436, 0.3069971799850464, 1.8507461547851562, 0.3546502888202667, 1.0401904582977295]
[-0.04795072600245476, -0.04441424086689949, 0.3066507577896118, 1.85385000705719, 0.36408111453056335, 1.0493745803833008]
[-0.05142323300242424, -0.04532919451594353, 0.30727753043174744, 1.8493192195892334, 0.3631163239479065, 1.056152582168579]
[-0.0557485967874527, -0.04612714797258377, 0.3059348464012146, 1.8612799644470215, 0.3749554753303528, 1.07086980342865]
[-0.058397404849529266, -0.04744494706392288, 0.3061913251876831, 1.8606245517730713, 0.37512511014938354, 1.074231505393982]
[-0.05875815078616142, -0.04815451800823212, 0.30629563331604004, 1.8540949821472168, 0.37664109468460083, 1.066040277481079]
[-0.05913547798991203, -0.0481131337583065, 0.3062419593334198, 1.8531404733657837, 0.3774704039096832, 1.0672811269760132]
[-0.058749645948410034, -0.049186188727617264, 0.3062646687030792, 1.852569818496704, 0.37801337242126465, 1.0594382286071777]
[-0.0580008439719677, -0.04889566823840141, 0.30570536851882935, 1.8604978322982788, 0.3813399076461792, 1.0654298067092896]
[-0.05700398609042168, -0.04896070435643196, 0.30516675114631653, 1.8687934875488281, 0.3849375545978546, 1.0698785781860352]
[-0.05532020702958107, -0.049100231379270554, 0.30499887466430664, 1.8744680881500244, 0.3876703679561615, 1.0719008445739746]
[-0.051801200956106186, -0.04932652786374092, 0.3049049377441406, 1.88113272190094, 0.3879847526550293, 1.0636857748031616]
[-0.04691767320036888, -0.050300054252147675, 0.30502668023109436, 1.878319263458252, 0.38681524991989136, 1.039141297340393]
[-0.04294184222817421, -0.050864771008491516, 0.3052361011505127, 1.8790708780288696, 0.3859655559062958, 1.026092529296875]
[-0.038182225078344345, -0.05169299617409706, 0.3053571283817291, 1.8758152723312378, 0.3854522705078125, 1.004480242729187]
[-0.03348720818758011, -0.0530482679605484, 0.3055013418197632, 1.8713845014572144, 0.3845265805721283, 0.9794031977653503]
[-0.03027682565152645, -0.053406260907649994, 0.3054904639720917, 1.8739302158355713, 0.3850201666355133, 0.9727972149848938]
[-0.025548098608851433, -0.0546867698431015, 0.30546605587005615, 1.8686577081680298, 0.3851318359375, 0.9459537267684937]
[-0.021727992221713066, -0.055600352585315704, 0.30567610263824463, 1.8655593395233154, 0.38386648893356323, 0.9301402568817139]
[-0.018300309777259827, -0.05599571391940117, 0.3059554398059845, 1.8634111881256104, 0.3826572000980377, 0.9189995527267456]
[-0.014398712664842606, -0.05718163400888443, 0.3059488534927368, 1.8602325916290283, 0.3827735483646393, 0.9001783132553101]
[-0.010694974102079868, -0.05783938989043236, 0.30617621541023254, 1.8568809032440186, 0.38145554065704346, 0.8857260346412659]
[-0.007194446865469217, -0.05865275859832764, 0.30611976981163025, 1.8552322387695312, 0.3811059594154358, 0.8718228936195374]
[-0.003439300460740924, -0.05986226722598076, 0.3062533736228943, 1.8514326810836792, 0.3799988627433777, 0.8541640043258667]
[0.00014234786794986576, -0.06052830442786217, 0.30609461665153503, 1.8495010137557983, 0.3799198865890503, 0.8402121067047119]
[0.00344814988784492, -0.06130839139223099, 0.30617985129356384, 1.8489218950271606, 0.37760019302368164, 0.8278377652168274]
[0.006205133628100157, -0.06230086088180542, 0.3061177432537079, 1.8445625305175781, 0.37779465317726135, 0.8117113709449768]
[0.008983489125967026, -0.06338219344615936, 0.3049192428588867, 1.8430449962615967, 0.3841671049594879, 0.7971832156181335]
[0.011894004419445992, -0.063844695687294, 0.3043859004974365, 1.8412365913391113, 0.3885168731212616, 0.7834053635597229]
[0.014657418243587017, -0.06491406261920929, 0.3038637340068817, 1.8422191143035889, 0.38847997784614563, 0.7700393199920654]
[0.018365347757935524, -0.06644454598426819, 0.30263233184814453, 1.8444021940231323, 0.39012643694877625, 0.7498611807823181]
[0.022304443642497063, -0.06818448752164841, 0.3024596869945526, 1.8406366109848022, 0.38886532187461853, 0.7275596857070923]
[0.025965651497244835, -0.0697627067565918, 0.302211731672287, 1.8412154912948608, 0.38458117842674255, 0.7091217041015625]
[0.030604343861341476, -0.07179095596075058, 0.3023795783519745, 1.8298276662826538, 0.3751826584339142, 0.6809954643249512]
[0.03526284545660019, -0.07441569864749908, 0.30210620164871216, 1.823936104774475, 0.36567994952201843, 0.6507940292358398]
[0.04146633669734001, -0.0793604850769043, 0.30248719453811646, 1.8221466541290283, 0.34935975074768066, 0.5991343855857849]
[0.04954399913549423, -0.08744437992572784, 0.30455273389816284, 1.837328314781189, 0.32011720538139343, 0.5198757648468018]
[0.0586385503411293, -0.09488051384687424, 0.30828985571861267, 1.879526972770691, 0.275124192237854, 0.4377448856830597]
[0.06621544808149338, -0.10521174222230911, 0.3120306134223938, 1.9238187074661255, 0.23590077459812164, 0.34377649426460266]
[0.0721343457698822, -0.118111252784729, 0.3162824213504791, 1.9797009229660034, 0.19690094888210297, 0.23907341063022614]
[0.07756835967302322, -0.1297747939825058, 0.31981736421585083, 2.0465104579925537, 0.16342628002166748, 0.1428990364074707]
[0.08112329244613647, -0.1427025943994522, 0.32221513986587524, 2.121634006500244, 0.14018134772777557, 0.04026535898447037]
[0.08028594404459, -0.1572047919034958, 0.32142287492752075, 2.1968274116516113, 0.13826802372932434, -0.05935670807957649]
[0.07881928980350494, -0.16775253415107727, 0.3164403438568115, 2.2715847492218018, 0.1625819206237793, -0.14083769917488098]
[0.07732537388801575, -0.17622223496437073, 0.3141884505748749, 2.3423914909362793, 0.17386126518249512, -0.20466256141662598]
[0.07562486827373505, -0.18197831511497498, 0.3107321262359619, 2.3982303142547607, 0.19357077777385712, -0.25168827176094055]
[0.07215294241905212, -0.18914122879505157, 0.3054184019565582, 2.4488601684570312, 0.22463130950927734, -0.3055250346660614]
[0.06984212249517441, -0.19331400096416473, 0.30143648386001587, 2.4937937259674072, 0.2488645762205124, -0.34126532077789307]
[0.06613163650035858, -0.20007649064064026, 0.2976659834384918, 2.52472186088562, 0.2753685712814331, -0.3916234076023102]
[0.06319553405046463, -0.2039179503917694, 0.2931555509567261, 2.561933755874634, 0.3036677837371826, -0.4252931773662567]
[0.06099744513630867, -0.2074284553527832, 0.2920902967453003, 2.5939559936523438, 0.3119982182979584, -0.4507783353328705]
[0.05834414064884186, -0.21102838218212128, 0.2909606397151947, 2.620938777923584, 0.3226590156555176, -0.47877752780914307]
[0.056288059800863266, -0.2136191725730896, 0.2898027002811432, 2.6535260677337646, 0.33336421847343445, -0.4996885061264038]
[0.054450638592243195, -0.21566733717918396, 0.28886738419532776, 2.6885085105895996, 0.34142640233039856, -0.5153462290763855]
[0.05216473713517189, -0.21788905560970306, 0.2877141237258911, 2.724196672439575, 0.35386380553245544, -0.5350449681282043]
[0.0499117486178875, -0.2197844386100769, 0.2867933213710785, 2.7583625316619873, 0.3641900420188904, -0.5513710975646973]
