[0.05590495839715004, -0.21994197368621826, 0.31381893157958984, 2.854959487915039, 0.25172117352485657, -0.5435365438461304]
[0.057539455592632294, -0.21740108728408813, 0.3179393410682678, 2.8016531467437744, 0.21866987645626068, -0.5264662504196167]
[0.06337380409240723, -0.20543095469474792, 0.3211871385574341, 2.738694429397583, 0.1865328997373581, -0.4552575647830963]
[0.0673084706068039, -0.19485700130462646, 0.3247945010662079, 2.698650360107422, 0.15463294088840485, -0.39425376057624817]
[0.07127787917852402, -0.1822226196527481, 0.32878538966178894, 2.6487345695495605, 0.11785674095153809, -0.3212760388851166]
[0.07329607754945755, -0.17102684080600739, 0.3324171006679535, 2.591048240661621, 0.08650542050600052, -0.2569688558578491]
[0.07535248249769211, -0.1582649052143097, 0.33528751134872437, 2.5366759300231934, 0.06011946126818657, -0.18517987430095673]
[0.07634001225233078, -0.1440092921257019, 0.3391411006450653, 2.4822254180908203, 0.026724278926849365, -0.10375822335481644]
[0.07610323280096054, -0.1315503567457199, 0.34190618991851807, 2.40873384475708, 0.0014639700530096889, -0.031122462823987007]
[0.07522457838058472, -0.11630655825138092, 0.3441079258918762, 2.349668264389038, -0.019347788766026497, 0.05571131408214569]
[0.07303595542907715, -0.1029169112443924, 0.3468998074531555, 2.297804355621338, -0.0426245778799057, 0.134100079536438]
[0.06980118900537491, -0.08924323320388794, 0.3494729995727539, 2.234896421432495, -0.063874252140522, 0.21796268224716187]
[0.06546105444431305, -0.0745415911078453, 0.35157841444015503, 2.1801817417144775, -0.0812283605337143, 0.3093695044517517]
[0.05992545187473297, -0.0611523799598217, 0.35313135385513306, 2.111924648284912, -0.09331487864255905, 0.3968386948108673]
[0.05318247526884079, -0.046778250485658646, 0.35418862104415894, 2.04927134513855, -0.10128957033157349, 0.49142369627952576]
[0.045306649059057236, -0.03312932699918747, 0.3549027144908905, 1.9867465496063232, -0.10563109070062637, 0.5880415439605713]
[0.03668661788105965, -0.020825520157814026, 0.35500434041023254, 1.9117627143859863, -0.10423844307661057, 0.6789021492004395]
[0.02738656848669052, -0.009066080674529076, 0.35494521260261536, 1.847091794013977, -0.10019061714410782, 0.7681276798248291]
[0.017249660566449165, 0.0012197240721434355, 0.3542685806751251, 1.7848423719406128, -0.09056974947452545, 0.8566284775733948]
[0.005232884548604488, 0.01246543601155281, 0.35339877009391785, 1.718993067741394, -0.07780646532773972, 0.9563843607902527]
[-0.004574647173285484, 0.018849706277251244, 0.35156163573265076, 1.6629290580749512, -0.05953344330191612, 1.0270153284072876]
[-0.013705052435398102, 0.0237590204924345, 0.3498454988002777, 1.6175202131271362, -0.042854733765125275, 1.0853856801986694]
[-0.02044372446835041, 0.02530580759048462, 0.3469972312450409, 1.582110047340393, -0.020085804164409637, 1.1200919151306152]
[-0.025539236143231392, 0.02628326416015625, 0.3452052175998688, 1.5471932888031006, -0.0017884632106870413, 1.1416934728622437]
[-0.03212783485651016, 0.02718684822320938, 0.3429870009422302, 1.5295977592468262, 0.009921986609697342, 1.1657440662384033]
[-0.037307094782590866, 0.027780456468462944, 0.343076229095459, 1.505671739578247, 0.01600966975092888, 1.1859225034713745]
[-0.04002615436911583, 0.02794383466243744, 0.3407748341560364, 1.5054516792297363, 0.026531344279646873, 1.186843991279602]
[-0.042703982442617416, 0.028184687718749046, 0.34221261739730835, 1.4912716150283813, 0.018649231642484665, 1.1890884637832642]
[-0.04447225108742714, 0.028160851448774338, 0.3418996036052704, 1.4933801889419556, 0.016758248209953308, 1.1893519163131714]
[-0.04448671266436577, 0.028068937361240387, 0.3434765338897705, 1.512366533279419, 0.0011595444520935416, 1.185256838798523]
[-0.04422144219279289, 0.02802461013197899, 0.3453131318092346, 1.5272927284240723, -0.014507084153592587, 1.1825593709945679]
[-0.043583452701568604, 0.027942324057221413, 0.3464023470878601, 1.5402709245681763, -0.025821330025792122, 1.1802126169204712]
[-0.04211163893342018, 0.027778003364801407, 0.3466965854167938, 1.5517889261245728, -0.0296477060765028, 1.1775007247924805]
[-0.040931858122348785, 0.02796805463731289, 0.34719938039779663, 1.565197229385376, -0.03652498498558998, 1.178424596786499]
[-0.03934900835156441, 0.027846643701195717, 0.34686189889907837, 1.5770572423934937, -0.03678864613175392, 1.1759055852890015]
[-0.03750870004296303, 0.02755751647055149, 0.34649965167045593, 1.5891830921173096, -0.03822097182273865, 1.1712387800216675]
[-0.03606602922081947, 0.027489149942994118, 0.34599214792251587, 1.599583625793457, -0.03723861277103424, 1.1689265966415405]
[-0.0349249541759491, 0.027801327407360077, 0.34543657302856445, 1.604413390159607, -0.0347931906580925, 1.1716396808624268]
[-0.03332739323377609, 0.027716198936104774, 0.34442755579948425, 1.6156480312347412, -0.03135831281542778, 1.1680551767349243]
[-0.03005841188132763, 0.027232486754655838, 0.34285351634025574, 1.6236801147460938, -0.021455181762576103, 1.153509259223938]
[-0.028746016323566437, 0.027110479772090912, 0.3435065448284149, 1.6208174228668213, -0.023952951654791832, 1.1527776718139648]
[-0.02754567377269268, 0.027047907933592796, 0.34273403882980347, 1.6292756795883179, -0.021674634888768196, 1.152811884880066]
[-0.025577250868082047, 0.027126377448439598, 0.34231090545654297, 1.6321065425872803, -0.0177638940513134, 1.1520717144012451]
[-0.025034449994564056, 0.027127698063850403, 0.3420172333717346, 1.6364381313323975, -0.0182101521641016, 1.1539536714553833]
[-0.023631278425455093, 0.02716534025967121, 0.3412642180919647, 1.641400694847107, -0.015249478630721569, 1.152574896812439]
[-0.02025594376027584, 0.027183381840586662, 0.3410836458206177, 1.6416113376617432, -0.008878475986421108, 1.145798921585083]
[-0.01878107711672783, 0.027305224910378456, 0.33985355496406555, 1.648177146911621, -0.0036170692183077335, 1.1453220844268799]
[-0.017195189371705055, 0.02731989324092865, 0.3391708433628082, 1.6552093029022217, -0.00019828825315926224, 1.1448640823364258]
[-0.015628809109330177, 0.027291564270853996, 0.34031787514686584, 1.6467689275741577, -0.00337472977116704, 1.1446194648742676]
[-0.014374880120158195, 0.02716134302318096, 0.33961915969848633, 1.652390956878662, -0.0013193185441195965, 1.1446263790130615]
[-0.01311380136758089, 0.02721417509019375, 0.3386790454387665, 1.6595160961151123, 0.0016433981945738196, 1.1449368000030518]
[-0.010777517221868038, 0.027156369760632515, 0.34242263436317444, 1.6353857517242432, -0.008832711726427078, 1.1436249017715454]
[-0.009382756426930428, 0.027079710736870766, 0.34133583307266235, 1.643335223197937, -0.005760629195719957, 1.1433522701263428]
[-0.008165037259459496, 0.02702474780380726, 0.34041115641593933, 1.6501340866088867, -0.0028251137118786573, 1.1432934999465942]
[-0.006795388180762529, 0.026816748082637787, 0.339776873588562, 1.6551587581634521, -0.0017898051301017404, 1.1430888175964355]
[-0.005199211649596691, 0.02698071300983429, 0.34067487716674805, 1.6495325565338135, -0.0036522832233458757, 1.1433459520339966]
[-0.0028598522767424583, 0.025729943066835403, 0.3392840027809143, 1.6554009914398193, 0.0009349117754027247, 1.135806679725647]
[-0.0013763202587142587, 0.025830574333667755, 0.3383079767227173, 1.660496473312378, 0.004111188463866711, 1.1360236406326294]
[0.0009507263312116265, 0.02585901878774166, 0.34206560254096985, 1.6346697807312012, -0.006405552849173546, 1.1366716623306274]
[0.00346859497949481, 0.02473793737590313, 0.3401471674442291, 1.623765230178833, 1.5331343092839234e-05, 1.1295371055603027]
[0.004964172840118408, 0.024636968970298767, 0.33842191100120544, 1.6293420791625977, 0.006051015108823776, 1.1300307512283325]
[0.007092309650033712, 0.02478688396513462, 0.34018877148628235, 1.6146467924118042, 0.002337879268452525, 1.1325825452804565]
[0.009632590226829052, 0.024039816111326218, 0.33820945024490356, 1.6217364072799683, 0.010051536373794079, 1.1269553899765015]
[0.01209371816366911, 0.023528367280960083, 0.3364109694957733, 1.6285042762756348, 0.016901524737477303, 1.1243160963058472]
[0.014168651774525642, 0.023117901757359505, 0.3341842591762543, 1.621972680091858, 0.02565111592411995, 1.1226394176483154]
[0.017572926357388496, 0.022506676614284515, 0.3368133306503296, 1.5928682088851929, 0.018845677375793457, 1.1185944080352783]
[0.019204959273338318, 0.02247178554534912, 0.33500492572784424, 1.6016201972961426, 0.024311548098921776, 1.1191024780273438]
[0.021351607516407967, 0.021755127236247063, 0.3331086337566376, 1.6096889972686768, 0.030627869069576263, 1.1151909828186035]
[0.023645147681236267, 0.02177511900663376, 0.3362278640270233, 1.5889651775360107, 0.02037806250154972, 1.1147466897964478]
[0.02484835684299469, 0.021660059690475464, 0.3352528214454651, 1.594393253326416, 0.022431472316384315, 1.1148831844329834]
[0.02930256351828575, 0.020035644993185997, 0.3327653408050537, 1.6022140979766846, 0.03472574055194855, 1.0855659246444702]
[0.030118633061647415, 0.019889719784259796, 0.33217576146125793, 1.6054575443267822, 0.03582634776830673, 1.0855854749679565]
[0.035086750984191895, 0.017847225069999695, 0.3298828601837158, 1.6088398694992065, 0.049708977341651917, 1.0475578308105469]
[0.03624187782406807, 0.0178257804363966, 0.33386489748954773, 1.5853757858276367, 0.036050617694854736, 1.046631932258606]
[0.038927119225263596, 0.01677682250738144, 0.3325701057910919, 1.5863361358642578, 0.04297642037272453, 1.0258492231369019]
[0.04095727950334549, 0.01577521488070488, 0.33232060074806213, 1.5935032367706299, 0.04243611916899681, 1.0096873044967651]
[0.04280862212181091, 0.014992712996900082, 0.33196428418159485, 1.5995196104049683, 0.04318973049521446, 0.9952791929244995]
[0.0451841801404953, 0.013830788433551788, 0.3317554295063019, 1.6064763069152832, 0.044721946120262146, 0.9732176661491394]
[0.04650123789906502, 0.013082938268780708, 0.3318113088607788, 1.6091252565383911, 0.04423940181732178, 0.9602883458137512]
[0.04897548258304596, 0.011828162707388401, 0.3314313292503357, 1.615347146987915, 0.04656779766082764, 0.9383704662322998]
[0.050279650837183, 0.010946246795356274, 0.3312106430530548, 1.6191519498825073, 0.047252196818590164, 0.9257088899612427]
[0.05345165356993675, 0.008940860629081726, 0.33064931631088257, 1.6268234252929688, 0.050616372376680374, 0.8960776925086975]
[0.053676798939704895, 0.008861714974045753, 0.3309168815612793, 1.6323333978652954, 0.04740530624985695, 0.8949239253997803]
[0.05733044818043709, 0.006435778923332691, 0.3300052285194397, 1.6378456354141235, 0.05478006228804588, 0.8599414825439453]
[0.05766751989722252, 0.006337488070130348, 0.3303085267543793, 1.6428909301757812, 0.052331507205963135, 0.8573669791221619]
[0.06078271567821503, 0.004043441731482744, 0.32940471172332764, 1.6479995250701904, 0.059117939323186874, 0.8242682218551636]
[0.061190810054540634, 0.003696400672197342, 0.32961568236351013, 1.655624270439148, 0.056535519659519196, 0.8214946985244751]
[0.06461161375045776, 0.0010165551211684942, 0.3285425305366516, 1.6586883068084717, 0.06550030410289764, 0.7853469252586365]
[0.06496544927358627, 0.0007605623686686158, 0.32860952615737915, 1.6656004190444946, 0.0628814697265625, 0.784172534942627]
[0.06833304464817047, -0.0022728429175913334, 0.3282056450843811, 1.668994665145874, 0.06894128769636154, 0.7462146878242493]
[0.06858543306589127, -0.0022605564445257187, 0.328498899936676, 1.6783117055892944, 0.06571516394615173, 0.7465304732322693]
[0.07091883569955826, -0.003863053862005472, 0.3275243937969208, 1.6826978921890259, 0.07361824810504913, 0.7195733189582825]
[0.07255206257104874, -0.005111905746161938, 0.3268624544143677, 1.6874754428863525, 0.0789908841252327, 0.7002339363098145]
[0.07309140264987946, -0.005399189889431, 0.3270021975040436, 1.6957451105117798, 0.07775821536779404, 0.6943715214729309]
[0.07479424774646759, -0.006120195146650076, 0.32619181275367737, 1.705215334892273, 0.08543355017900467, 0.6719931960105896]
[0.07646989077329636, -0.00741186598315835, 0.3254489004611969, 1.711596131324768, 0.09173066169023514, 0.6526812314987183]
[0.07629462331533432, -0.006101157516241074, 0.3255278766155243, 1.7195720672607422, 0.09243796765804291, 0.6510271430015564]
[0.07808941602706909, -0.007731038145720959, 0.3248056471347809, 1.728011965751648, 0.09966627508401871, 0.6271442770957947]
[0.0781698077917099, -0.008050178177654743, 0.3250783681869507, 1.7329282760620117, 0.09779375046491623, 0.6245515942573547]
[0.08002807199954987, -0.010072806850075722, 0.32404667139053345, 1.7383300065994263, 0.10906808823347092, 0.5942094922065735]
[0.0800236389040947, -0.010320385918021202, 0.32453653216362, 1.7412093877792358, 0.10722187161445618, 0.5920668840408325]
[0.07965242117643356, -0.010239207185804844, 0.325212687253952, 1.7444243431091309, 0.1041451171040535, 0.5914129018783569]
[0.08031297475099564, -0.011767172254621983, 0.3250853419303894, 1.7407548427581787, 0.10886462032794952, 0.5743043422698975]
[0.07910159975290298, -0.011985637247562408, 0.3270411193370819, 1.7367225885391235, 0.10175619274377823, 0.5722374320030212]
[0.07730001211166382, -0.011629217304289341, 0.3295644223690033, 1.732094168663025, 0.09244362264871597, 0.5731321573257446]
[0.07527231425046921, -0.011899984441697598, 0.3323154151439667, 1.7252488136291504, 0.0807274803519249, 0.5723307728767395]
[0.07228133827447891, -0.010076053440570831, 0.33572277426719666, 1.7304267883300781, 0.0647243857383728, 0.5887999534606934]
[0.06779054552316666, -0.0072656720876693726, 0.3390074372291565, 1.7118332386016846, 0.047090910375118256, 0.6204596161842346]
[0.06455713510513306, -0.005513989832252264, 0.34212252497673035, 1.709044337272644, 0.031023923307657242, 0.64012211561203]
[0.06052122637629509, -0.003028019331395626, 0.34434860944747925, 1.7025868892669678, 0.019064301624894142, 0.6685534715652466]
[0.05654056370258331, -0.0008266907534562051, 0.3454562723636627, 1.696329116821289, 0.011913158930838108, 0.6961002945899963]
[0.0531136691570282, 1.0990282135026064e-05, 0.3467140197753906, 1.6907156705856323, 0.005026308819651604, 0.7177101969718933]
[0.051924701780080795, -0.002763362368568778, 0.34672415256500244, 1.6842668056488037, 0.004269733093678951, 0.7165787220001221]
[0.0488540343940258, -0.002609963295981288, 0.3478201627731323, 1.6780463457107544, -0.0018741765525192022, 0.7348942160606384]
[0.046610478311777115, -0.004322047345340252, 0.34842854738235474, 1.6688498258590698, -0.005913662724196911, 0.7446708679199219]
[0.04419909045100212, -0.004611305892467499, 0.34939882159233093, 1.6605461835861206, -0.010281980037689209, 0.757411777973175]
[0.04220797121524811, -0.0065490431152284145, 0.3488311767578125, 1.6568905115127563, -0.009553230367600918, 0.7606791853904724]
[0.04011765867471695, -0.007578753866255283, 0.3498694598674774, 1.646117091178894, -0.014133778400719166, 0.7705747485160828]
[0.03742755204439163, -0.008041540160775185, 0.3481294810771942, 1.6511744260787964, -0.006723931059241295, 0.7837607860565186]
[0.03589478135108948, -0.010872194543480873, 0.34962567687034607, 1.6437511444091797, -0.013647357933223248, 0.7843742966651917]
[0.0330783948302269, -0.010824239812791348, 0.34949034452438354, 1.6422175168991089, -0.012029195204377174, 0.8003929257392883]
[0.031096654012799263, -0.011967678554356098, 0.34924623370170593, 1.6308658123016357, -0.008302945643663406, 0.8083771467208862]
[0.028762826696038246, -0.013991326093673706, 0.34835198521614075, 1.6281304359436035, -0.0032663391903042793, 0.8155948519706726]
[0.026362519711256027, -0.014329531230032444, 0.3490997552871704, 1.619930624961853, -0.005212200805544853, 0.8268184065818787]
[0.02376202680170536, -0.015404850244522095, 0.34844735264778137, 1.6166661977767944, -0.0008402735693380237, 0.8371586203575134]
[0.021661954000592232, -0.01757047511637211, 0.34840279817581177, 1.6089394092559814, 0.001240633660927415, 0.8399558067321777]
[0.018574858084321022, -0.01783580332994461, 0.3482613265514374, 1.6067432165145874, 0.0029161989223212004, 0.8561860918998718]
[0.016604050993919373, -0.01989913173019886, 0.34757131338119507, 1.6066246032714844, 0.008274625055491924, 0.8587145805358887]
[0.013523006811738014, -0.020793039351701736, 0.3470212519168854, 1.6020569801330566, 0.013914564624428749, 0.8719772100448608]
[0.010953080840408802, -0.022382250055670738, 0.3471657633781433, 1.5973044633865356, 0.016511809080839157, 0.8804589509963989]
[0.007628004997968674, -0.022915590554475784, 0.34606146812438965, 1.5942082405090332, 0.024040281772613525, 0.8937438726425171]
[0.004577131941914558, -0.023982634767889977, 0.34641045331954956, 1.5873786211013794, 0.027051061391830444, 0.9052049517631531]
[0.0014207958010956645, -0.025596385821700096, 0.34406065940856934, 1.5920369625091553, 0.04113942012190819, 0.9140776991844177]
[-0.0018179904436692595, -0.02717244252562523, 0.34478437900543213, 1.5880800485610962, 0.0422917902469635, 0.9232128262519836]
[-0.006261755712330341, -0.02801564894616604, 0.34267449378967285, 1.593499779701233, 0.0556829534471035, 0.9430752992630005]
[-0.010492130182683468, -0.029738854616880417, 0.3424181044101715, 1.596416711807251, 0.06417723000049591, 0.9581380486488342]
[-0.015254099853336811, -0.030329538509249687, 0.34040895104408264, 1.5997241735458374, 0.07889355719089508, 0.9793833494186401]
[-0.019528042525053024, -0.03298807516694069, 0.3400666117668152, 1.5938174724578857, 0.08488373458385468, 0.9873321056365967]
[-0.02305644564330578, -0.03442363440990448, 0.3387235999107361, 1.594501256942749, 0.09545355290174484, 0.9948273301124573]
[-0.026483204215765, -0.036706261336803436, 0.33832576870918274, 1.5911598205566406, 0.10282860696315765, 1.001656174659729]
[-0.03037562221288681, -0.037395525723695755, 0.3364320695400238, 1.5987415313720703, 0.11659189313650131, 1.0212780237197876]
[-0.031337447464466095, -0.041812676936388016, 0.33530139923095703, 1.602914571762085, 0.12766768038272858, 1.0084757804870605]
[-0.03371976315975189, -0.04175768047571182, 0.3345504701137543, 1.6072908639907837, 0.13554754853248596, 1.0258326530456543]
[-0.03329642489552498, -0.045484788715839386, 0.3332821726799011, 1.6104620695114136, 0.14753104746341705, 1.0097461938858032]
[-0.03204064816236496, -0.046318236738443375, 0.33232608437538147, 1.6200401782989502, 0.15475110709667206, 1.0072529315948486]
[-0.029816607013344765, -0.048417165875434875, 0.3310285806655884, 1.6280832290649414, 0.16138772666454315, 0.9954127669334412]
[-0.027338266372680664, -0.04828544706106186, 0.3291996419429779, 1.6409406661987305, 0.17446771264076233, 0.9961861371994019]
[-0.023516319692134857, -0.05208313837647438, 0.32753023505210876, 1.6516512632369995, 0.1863478422164917, 0.971297025680542]
[-0.02078278549015522, -0.05210377648472786, 0.3270108699798584, 1.6559460163116455, 0.1911468654870987, 0.9721977114677429]
[-0.018127907067537308, -0.05216902866959572, 0.32534104585647583, 1.6695687770843506, 0.19889779388904572, 0.974284291267395]
[-0.014663070440292358, -0.05347741022706032, 0.32586851716041565, 1.671774983406067, 0.196416437625885, 0.965431272983551]
[-0.010555670596659184, -0.053740281611680984, 0.32706257700920105, 1.6739027500152588, 0.1882697194814682, 0.956767201423645]
[-0.006755660753697157, -0.05506929010152817, 0.3256807029247284, 1.6854254007339478, 0.19169023633003235, 0.9412420988082886]
[-0.00015850730414967984, -0.05654371902346611, 0.3307410180568695, 1.663444995880127, 0.16681016981601715, 0.9099257588386536]
[0.0031492316629737616, -0.05727133899927139, 0.32880839705467224, 1.6746671199798584, 0.17432014644145966, 0.9010624289512634]
[0.0080424128100276, -0.06048186123371124, 0.33075523376464844, 1.669721007347107, 0.16249613463878632, 0.8729559183120728]
[0.013649968430399895, -0.0625343769788742, 0.3299669623374939, 1.680186152458191, 0.15894964337348938, 0.8445536494255066]
[0.017003068700432777, -0.06327017396688461, 0.3304154574871063, 1.6806479692459106, 0.15494094789028168, 0.8333903551101685]
[0.021138601005077362, -0.06514132022857666, 0.33046427369117737, 1.6827248334884644, 0.15112079679965973, 0.8143433332443237]
[0.02542460523545742, -0.06619678437709808, 0.3299441933631897, 1.6922667026519775, 0.1499876081943512, 0.7985214591026306]
[0.030322441831231117, -0.06827955693006516, 0.3323315382003784, 1.6851930618286133, 0.13424472510814667, 0.7745148539543152]
[0.034642986953258514, -0.0699085146188736, 0.33090755343437195, 1.6982929706573486, 0.1350974589586258, 0.7544041872024536]
[0.03981659561395645, -0.07196071743965149, 0.3358531594276428, 1.6861499547958374, 0.10664509236812592, 0.7290620803833008]
[0.04436047002673149, -0.07454077899456024, 0.3343207836151123, 1.6964905261993408, 0.10695315152406693, 0.7019908428192139]
[0.049180276691913605, -0.07681203633546829, 0.33425167202949524, 1.7117648124694824, 0.09633477032184601, 0.6763216257095337]
[0.05574452131986618, -0.08076281100511551, 0.33859676122665405, 1.712225317955017, 0.06540322303771973, 0.6302304267883301]
[0.062030646950006485, -0.08638101071119308, 0.34155264496803284, 1.734253168106079, 0.02759808674454689, 0.574520468711853]
[0.06937486678361893, -0.09695454686880112, 0.3447839319705963, 1.7685973644256592, -0.007027671206742525, 0.4801083505153656]
[0.07641562819480896, -0.10690250992774963, 0.3500991463661194, 1.8321648836135864, -0.05742163211107254, 0.38706669211387634]
[0.0835948958992958, -0.11985115706920624, 0.35349369049072266, 1.8995860815048218, -0.09262318909168243, 0.27091968059539795]
[0.08834835141897202, -0.13570047914981842, 0.3567747175693512, 2.0058834552764893, -0.1258094757795334, 0.14115343987941742]
[0.09105166792869568, -0.15279151499271393, 0.35981956124305725, 2.137608051300049, -0.14413674175739288, -0.0030050401110202074]
[0.0913986787199974, -0.16876943409442902, 0.35996943712234497, 2.280294418334961, -0.13736315071582794, -0.1378200799226761]
[0.0897512212395668, -0.18263939023017883, 0.3589931130409241, 2.421675682067871, -0.11423277109861374, -0.25149115920066833]
[0.08662924915552139, -0.19360633194446564, 0.3548569679260254, 2.544426918029785, -0.07021313160657883, -0.33800530433654785]
[0.08162307739257812, -0.2043117731809616, 0.35051339864730835, 2.6421525478363037, -0.02382986806333065, -0.4138878285884857]
[0.07819966971874237, -0.2095763236284256, 0.3433628976345062, 2.693446397781372, 0.03313405439257622, -0.4556243419647217]
[0.07552047818899155, -0.21272720396518707, 0.34083792567253113, 2.755526542663574, 0.05944528803229332, -0.47879019379615784]
[0.07317653298377991, -0.21463245153427124, 0.3383258879184723, 2.795417547225952, 0.08315446972846985, -0.4930552542209625]
[0.07082223892211914, -0.2160927951335907, 0.3351311683654785, 2.8268561363220215, 0.1090812236070633, -0.5044457912445068]
[0.0690656453371048, -0.21739590167999268, 0.3319772481918335, 2.8512613773345947, 0.1339675933122635, -0.5131759643554688]
[0.06719663739204407, -0.21812321245670319, 0.329680472612381, 2.872363805770874, 0.1535048931837082, -0.5195960402488708]
[0.06587652117013931, -0.2186950147151947, 0.32872650027275085, 2.893756628036499, 0.16305145621299744, -0.5237213373184204]
[0.0644615963101387, -0.2192268818616867, 0.3266298770904541, 2.909580945968628, 0.17702588438987732, -0.5274530649185181]
[0.06351692974567413, -0.2195291519165039, 0.3258495330810547, 2.9239444732666016, 0.18658965826034546, -0.5303957462310791]
[0.062011782079935074, -0.21970169246196747, 0.32397520542144775, 2.936798095703125, 0.20149248838424683, -0.53364497423172]
[0.061248697340488434, -0.22013042867183685, 0.32272282242774963, 2.9515833854675293, 0.20963890850543976, -0.535737931728363]
[0.06008416786789894, -0.2204551100730896, 0.32137513160705566, 2.961883544921875, 0.2200406789779663, -0.537643313407898]
[0.05935077369213104, -0.22056235373020172, 0.32072946429252625, 2.969712495803833, 0.22586892545223236, -0.5388257503509521]
[0.058269523084163666, -0.22070808708667755, 0.318959504365921, 2.9762518405914307, 0.23682095110416412, -0.5406888127326965]
[0.057319752871990204, -0.22102473676204681, 0.3188161253929138, 2.98899507522583, 0.2391384243965149, -0.5417302250862122]
[0.056391943246126175, -0.22099804878234863, 0.317502498626709, 2.9960315227508545, 0.24841424822807312, -0.5430375933647156]
[0.05551225692033768, -0.22131113708019257, 0.31639692187309265, 3.004817008972168, 0.25433290004730225, -0.5442030429840088]
[0.05475584790110588, -0.2214740365743637, 0.31588998436927795, 3.016353130340576, 0.25713860988616943, -0.545240044593811]
[0.053750649094581604, -0.22166016697883606, 0.31500113010406494, 3.0255048274993896, 0.2618715167045593, -0.5464916825294495]
[0.05316123366355896, -0.2216717004776001, 0.31497660279273987, 3.0309407711029053, 0.26222115755081177, -0.5469253063201904]
[0.05236756056547165, -0.22191637754440308, 0.3142225444316864, 3.0420169830322266, 0.2664307653903961, -0.5481961369514465]
[0.051413070410490036, -0.22201552987098694, 0.31392329931259155, 3.0486042499542236, 0.2680135667324066, -0.548709511756897]
[0.05064269155263901, -0.22214418649673462, 0.31380268931388855, 3.05997371673584, 0.2689862549304962, -0.549447238445282]
[0.04946339130401611, -0.22228878736495972, 0.3129707872867584, 3.067432403564453, 0.2732115685939789, -0.5508309006690979]
